1.348732e-05    -1.299043e-05    -5.953587e-06    -5.314317e-07    2.806078e-07    -2.821936e-06    1.019502e-05    7.974995e-06    -5.712344e-06    -3.788265e-06    -1.886515e-06    2.480164e-06    -3.471651e-06    -5.282927e-06    7.784282e-06
-1.299043e-05    3.68852e-05    1.25743e-06    -8.570541e-06    -5.425619e-06    9.678506e-06    -1.867328e-05    -1.258101e-05    1.010382e-05    7.193691e-06    -6.817353e-07    -1.710177e-06    1.562817e-06    1.889906e-06    -1.794707e-06
-5.953587e-06    1.25743e-06    4.497732e-05    -1.61474e-05    -8.8874e-06    8.81687e-06    -1.571687e-05    -2.114726e-05    3.682673e-06    1.263184e-05    4.356038e-06    -3.239683e-06    2.843399e-06    -6.442366e-07    -1.440788e-07
-5.314317e-07    -8.570541e-06    -1.61474e-05    1.763543e-05    3.727902e-06    -4.969371e-06    8.434492e-06    8.84205e-06    -3.006995e-06    -5.815568e-06    -5.179888e-07    3.241731e-06    -2.118709e-06    1.067012e-07    -4.34296e-06
2.806078e-07    -5.425619e-06    -8.8874e-06    3.727902e-06    9.178453e-06    -5.331982e-06    7.718009e-06    5.953036e-06    -3.826494e-06    -3.326302e-06    1.672981e-06    -2.440057e-06    3.437532e-07    2.601009e-06    -2.516455e-06
-2.821936e-06    9.678506e-06    8.81687e-06    -4.969371e-06    -5.331982e-06    1.370153e-05    -1.469475e-05    -6.722725e-06    5.136934e-06    4.534765e-06    -1.227289e-07    4.409006e-06    1.585168e-06    -4.292728e-06    -1.478986e-06
1.019502e-05    -1.867328e-05    -1.571687e-05    8.434492e-06    7.718009e-06    -1.469475e-05    4.248176e-05    9.523697e-06    -2.605871e-05    -7.320847e-06    -8.817073e-07    1.22951e-06    -6.056464e-06    -4.598397e-06    9.677549e-06
7.974995e-06    -1.258101e-05    -2.114726e-05    8.84205e-06    5.953036e-06    -6.722725e-06    9.523697e-06    3.45249e-05    -3.454174e-06    -1.359932e-05    -1.881328e-06    1.52358e-06    -3.042002e-06    -1.782061e-06    4.314202e-06
-5.712344e-06    1.010382e-05    3.682673e-06    -3.006995e-06    -3.826494e-06    5.136934e-06    -2.605871e-05    -3.454174e-06    2.824277e-05    1.979467e-07    -2.841205e-07    -1.517958e-06    2.600078e-06    3.43865e-06    -4.258852e-06
-3.788265e-06    7.193691e-06    1.263184e-05    -5.815568e-06    -3.326302e-06    4.534765e-06    -7.320847e-06    -1.359932e-05    1.979467e-07    1.156278e-05    1.067425e-06    1.933635e-07    2.748085e-06    4.242124e-07    -3.849444e-06
-1.886515e-06    -6.817353e-07    4.356038e-06    -5.179888e-07    1.672981e-06    -1.227289e-07    -8.817073e-07    -1.881328e-06    -2.841205e-07    1.067425e-06    4.388345e-06    -3.306989e-06    1.414802e-06    1.432495e-06    -2.279374e-06
2.480164e-06    -1.710177e-06    -3.239683e-06    3.241731e-06    -2.440057e-06    4.409006e-06    1.22951e-06    1.52358e-06    -1.517958e-06    1.933635e-07    -3.306989e-06    1.737629e-05    -1.747925e-06    -1.656885e-05    4.732096e-06
-3.471651e-06    1.562817e-06    2.843399e-06    -2.118709e-06    3.437532e-07    1.585168e-06    -6.056464e-06    -3.042002e-06    2.600078e-06    2.748085e-06    1.414802e-06    -1.747925e-06    1.524153e-05    4.04591e-06    -1.183994e-05
-5.282927e-06    1.889906e-06    -6.442366e-07    1.067012e-07    2.601009e-06    -4.292728e-06    -4.598397e-06    -1.782061e-06    3.43865e-06    4.242124e-07    1.432495e-06    -1.656885e-05    4.04591e-06    2.879327e-05    -1.730203e-05
7.784282e-06    -1.794707e-06    -1.440788e-07    -4.34296e-06    -2.516455e-06    -1.478986e-06    9.677549e-06    4.314202e-06    -4.258852e-06    -3.849444e-06    -2.279374e-06    4.732096e-06    -1.183994e-05    -1.730203e-05    2.566073e-05
