2.3341e-05    -1.2215e-05    -2.372402e-06    -1.803316e-06    -3.888673e-06    -8.634716e-07    8.629951e-06    -9.969261e-07    -8.733334e-06    1.002667e-06
-1.2215e-05    2.075145e-05    4.880158e-06    -6.581996e-06    -3.302117e-06    -8.510795e-07    -4.532055e-06    -1.749969e-06    4.928836e-06    2.384288e-07
-2.372402e-06    4.880158e-06    2.817455e-05    -1.078662e-06    -1.533863e-05    -6.40086e-07    8.108514e-07    -3.600063e-06    4.074533e-06    -3.039879e-06
-1.803316e-06    -6.581996e-06    -1.078662e-06    1.324602e-05    -4.406476e-06    -1.269207e-07    8.977097e-08    9.661027e-07    -1.004413e-07    5.470276e-07
-3.888673e-06    -3.302117e-06    -1.533863e-05    -4.406476e-06    2.309981e-05    2.344432e-06    -4.203808e-06    5.565446e-06    2.134766e-06    -3.729467e-06
-8.634716e-07    -8.510795e-07    -6.40086e-07    -1.269207e-07    2.344432e-06    4.388345e-06    -3.306989e-06    1.414802e-06    1.432495e-06    -2.279374e-06
8.629951e-06    -4.532055e-06    8.108514e-07    8.977097e-08    -4.203808e-06    -3.306989e-06    1.737629e-05    -1.747925e-06    -1.656885e-05    4.732096e-06
-9.969261e-07    -1.749969e-06    -3.600063e-06    9.661027e-07    5.565446e-06    1.414802e-06    -1.747925e-06    1.524153e-05    4.04591e-06    -1.183994e-05
-8.733334e-06    4.928836e-06    4.074533e-06    -1.004413e-07    2.134766e-06    1.432495e-06    -1.656885e-05    4.04591e-06    2.879327e-05    -1.730203e-05
1.002667e-06    2.384288e-07    -3.039879e-06    5.470276e-07    -3.729467e-06    -2.279374e-06    4.732096e-06    -1.183994e-05    -1.730203e-05    2.566073e-05
