2.912695e-05    -1.515249e-05    -6.23638e-06    -2.311671e-06    -4.645204e-07    -2.486333e-06    4.85291e-06    6.55748e-06    -2.872353e-06    -8.609205e-06    7.282442e-06    -8.088172e-06    -1.189343e-05    7.704233e-07    7.961582e-06    1.900432e-06    -8.492814e-07    1.247269e-05    -7.95083e-06    -2.208961e-06    2.463415e-06    -4.242511e-06    -9.708355e-06    8.294886e-07    6.848685e-06    1.348074e-06    1.469768e-06    4.279629e-06    -4.111199e-06    -1.083583e-06
-1.515249e-05    2.478492e-05    3.626963e-06    -8.109596e-06    -5.530563e-06    8.796473e-07    3.154145e-07    -3.215065e-06    1.473646e-07    4.823132e-06    -8.613349e-06    8.30253e-06    9.771125e-06    4.71358e-07    -5.432082e-06    -1.829552e-07    -3.74784e-06    -1.227137e-05    7.493197e-06    4.971536e-06    -6.393868e-06    9.018461e-06    8.558419e-06    -5.492895e-06    -4.744754e-06    -9.331901e-07    -4.218442e-06    -4.465391e-07    8.496116e-06    -4.431757e-06
-6.23638e-06    3.626963e-06    1.763613e-05    2.287932e-06    -4.49608e-06    1.132017e-06    4.070006e-08    -1.831834e-06    -9.793613e-07    5.493688e-06    -3.083334e-06    5.179472e-06    3.062695e-06    2.945365e-07    -4.313925e-06    3.677787e-07    1.628196e-06    -4.376608e-06    2.43871e-06    3.013363e-07    -1.066837e-06    2.587351e-06    3.929167e-06    1.707914e-06    -2.43521e-06    -9.787305e-07    -1.431823e-06    -3.362483e-06    2.224834e-07    3.795771e-06
-2.311671e-06    -8.109596e-06    2.287932e-06    1.373002e-05    -1.263122e-06    2.485775e-06    -4.435925e-06    -1.809578e-06    4.905913e-07    2.834063e-06    -1.085234e-06    1.048713e-06    1.283771e-06    1.50759e-07    -1.181241e-06    -1.958407e-06    3.38031e-06    2.690314e-06    -1.370447e-06    -9.237847e-07    1.088148e-06    -5.043032e-06    -9.210758e-07    5.803804e-06    3.70278e-07    7.706842e-07    -1.546844e-06    -4.253997e-07    3.956711e-07    1.221456e-06
-4.645204e-07    -5.530563e-06    -4.49608e-06    -1.263122e-06    1.378863e-05    7.463595e-07    -3.656886e-07    -7.741947e-07    1.000071e-06    -9.162762e-07    4.346282e-06    -4.132848e-06    -6.189027e-06    -1.574657e-06    5.314106e-06    -2.281991e-06    5.707768e-06    1.02146e-05    -5.08491e-06    -3.434055e-06    7.218541e-06    -7.834778e-06    -6.882488e-06    1.291277e-06    3.930362e-06    1.099514e-06    2.3903e-06    5.734182e-07    -4.458464e-06    9.631042e-07
-2.486333e-06    8.796473e-07    1.132017e-06    2.485775e-06    7.463595e-07    1.014931e-05    -8.251448e-06    -1.210603e-06    -7.393693e-07    2.859014e-06    -3.887733e-06    3.620154e-07    -1.088856e-06    9.33733e-07    3.122813e-06    -5.425592e-06    6.817354e-06    8.384313e-06    -4.133271e-06    -1.152147e-06    1.586747e-06    -6.937231e-06    -5.175161e-06    3.303247e-06    2.82351e-06    1.265732e-06    -4.294472e-06    2.100265e-06    3.827524e-06    -1.381748e-06
4.85291e-06    3.154145e-07    4.070006e-08    -4.435925e-06    -3.656886e-07    -8.251448e-06    2.182694e-05    -4.260427e-08    -1.086813e-05    -3.942554e-06    -4.44821e-07    2.228327e-06    -2.465332e-06    -1.271215e-06    1.014298e-07    7.090226e-06    -1.008377e-05    -4.245091e-06    2.076445e-06    3.1249e-06    -4.477197e-06    1.47079e-05    4.288825e-06    -1.036781e-05    -3.252519e-06    -3.427973e-07    1.835284e-06    -3.378034e-06    -4.84182e-06    5.59019e-06
6.55748e-06    -3.215065e-06    -1.831834e-06    -1.809578e-06    -7.741947e-07    -1.210603e-06    -4.260427e-08    2.208708e-05    -6.845649e-07    -1.043992e-05    6.899787e-08    -7.038194e-07    -2.039215e-06    2.86443e-06    -6.417709e-07    4.606411e-06    -5.857783e-06    -5.425519e-06    1.534895e-06    2.201218e-06    -1.848498e-06    3.406284e-06    6.622558e-06    -7.892428e-07    -2.224153e-06    -6.963122e-07    3.656051e-06    2.878075e-06    -5.667998e-06    4.710384e-07
-2.872353e-06    1.473646e-07    -9.793613e-07    4.905913e-07    1.000071e-06    -7.393693e-07    -1.086813e-05    -6.845649e-07    1.72111e-05    -1.05772e-06    5.28954e-06    -1.86075e-06    2.629362e-06    -1.295371e-06    -1.476778e-06    -1.730357e-06    4.47853e-06    -5.682886e-06    2.508973e-06    -2.147863e-06    4.415e-06    -8.293197e-06    6.497321e-07    6.32334e-06    5.508465e-07    -1.265093e-06    3.306375e-06    2.460661e-06    1.112452e-06    -6.291675e-06
-8.609205e-06    4.823132e-06    5.493688e-06    2.834063e-06    -9.162762e-07    2.859014e-06    -3.942554e-06    -1.043992e-05    -1.05772e-06    1.487681e-05    -3.630557e-06    3.821487e-06    3.052318e-06    -1.462641e-06    -4.262473e-07    -5.896006e-06    1.007804e-05    4.217574e-06    -8.54677e-07    -2.099612e-06    1.210581e-06    -4.280795e-06    -3.837939e-06    2.510895e-06    1.377154e-06    2.202812e-07    -3.795697e-06    -2.718212e-06    3.959152e-06    8.623718e-07
7.282442e-06    -8.613349e-06    -3.083334e-06    -1.085234e-06    4.346282e-06    -3.887733e-06    -4.44821e-07    6.899787e-08    5.28954e-06    -3.630557e-06    2.3341e-05    -1.2215e-05    -2.372402e-06    -1.803316e-06    -3.888673e-06    1.66778e-06    3.716188e-06    3.198244e-06    -1.731795e-06    -5.644773e-06    8.673212e-06    -8.458498e-06    -7.160478e-06    3.265545e-06    5.070772e-06    -8.634716e-07    8.629951e-06    -9.969261e-07    -8.733334e-06    1.002667e-06
-8.088172e-06    8.30253e-06    5.179472e-06    1.048713e-06    -4.132848e-06    3.620154e-07    2.228327e-06    -7.038194e-07    -1.86075e-06    3.821487e-06    -1.2215e-05    2.075145e-05    4.880158e-06    -6.581996e-06    -3.302117e-06    1.063759e-06    -1.456121e-06    -7.837746e-06    3.889751e-06    3.522818e-06    -5.207267e-06    8.02333e-06    9.102691e-06    -3.621772e-06    -4.299322e-06    -8.510795e-07    -4.532055e-06    -1.749969e-06    4.928836e-06    2.384288e-07
-1.189343e-05    9.771125e-06    3.062695e-06    1.283771e-06    -6.189027e-06    -1.088856e-06    -2.465332e-06    -2.039215e-06    2.629362e-06    3.052318e-06    -2.372402e-06    4.880158e-06    2.817455e-05    -1.078662e-06    -1.533863e-05    1.547183e-06    -6.897887e-06    -1.238495e-05    9.198665e-06    4.046028e-06    -5.238805e-06    7.472068e-06    1.076795e-05    -2.816385e-06    -5.194168e-06    -6.40086e-07    8.108514e-07    -3.600063e-06    4.074533e-06    -3.039879e-06
7.704233e-07    4.71358e-07    2.945365e-07    1.50759e-07    -1.574657e-06    9.33733e-07    -1.271215e-06    2.86443e-06    -1.295371e-06    -1.462641e-06    -1.803316e-06    -6.581996e-06    -1.078662e-06    1.324602e-05    -4.406476e-06    -1.660801e-07    -1.539883e-06    -4.862398e-07    1.983309e-07    5.552347e-07    -1.110998e-06    5.664933e-07    -3.337948e-07    1.925783e-06    -5.096453e-07    -1.269207e-07    8.977097e-08    9.661027e-07    -1.004413e-07    5.470276e-07
7.961582e-06    -5.432082e-06    -4.313925e-06    -1.181241e-06    5.314106e-06    3.122813e-06    1.014298e-07    -6.417709e-07    -1.476778e-06    -4.262473e-07    -3.888673e-06    -3.302117e-06    -1.533863e-05    -4.406476e-06    2.309981e-05    -4.167956e-06    5.955933e-06    1.246713e-05    -7.302031e-06    -1.636732e-06    2.735174e-06    -7.479977e-06    -9.411724e-06    4.352034e-07    5.162635e-06    2.344432e-06    -4.203808e-06    5.565446e-06    2.134766e-06    -3.729467e-06
1.900432e-06    -1.829552e-07    3.677787e-07    -1.958407e-06    -2.281991e-06    -5.425592e-06    7.090226e-06    4.606411e-06    -1.730357e-06    -5.896006e-06    1.66778e-06    1.063759e-06    1.547183e-06    -1.660801e-07    -4.167956e-06    1.348732e-05    -1.299043e-05    -5.953587e-06    -5.314317e-07    2.806078e-07    -2.821936e-06    1.019502e-05    7.974995e-06    -5.712344e-06    -3.788265e-06    -1.886515e-06    2.480164e-06    -3.471651e-06    -5.282927e-06    7.784282e-06
-8.492814e-07    -3.74784e-06    1.628196e-06    3.38031e-06    5.707768e-06    6.817354e-06    -1.008377e-05    -5.857783e-06    4.47853e-06    1.007804e-05    3.716188e-06    -1.456121e-06    -6.897887e-06    -1.539883e-06    5.955933e-06    -1.299043e-05    3.68852e-05    1.25743e-06    -8.570541e-06    -5.425619e-06    9.678506e-06    -1.867328e-05    -1.258101e-05    1.010382e-05    7.193691e-06    -6.817353e-07    -1.710177e-06    1.562817e-06    1.889906e-06    -1.794707e-06
1.247269e-05    -1.227137e-05    -4.376608e-06    2.690314e-06    1.02146e-05    8.384313e-06    -4.245091e-06    -5.425519e-06    -5.682886e-06    4.217574e-06    3.198244e-06    -7.837746e-06    -1.238495e-05    -4.862398e-07    1.246713e-05    -5.953587e-06    1.25743e-06    4.497732e-05    -1.61474e-05    -8.8874e-06    8.81687e-06    -1.571687e-05    -2.114726e-05    3.682673e-06    1.263184e-05    4.356038e-06    -3.239683e-06    2.843399e-06    -6.442366e-07    -1.440788e-07
-7.95083e-06    7.493197e-06    2.43871e-06    -1.370447e-06    -5.08491e-06    -4.133271e-06    2.076445e-06    1.534895e-06    2.508973e-06    -8.54677e-07    -1.731795e-06    3.889751e-06    9.198665e-06    1.983309e-07    -7.302031e-06    -5.314317e-07    -8.570541e-06    -1.61474e-05    1.763543e-05    3.727902e-06    -4.969371e-06    8.434492e-06    8.84205e-06    -3.006995e-06    -5.815568e-06    -5.179888e-07    3.241731e-06    -2.118709e-06    1.067012e-07    -4.34296e-06
-2.208961e-06    4.971536e-06    3.013363e-07    -9.237847e-07    -3.434055e-06    -1.152147e-06    3.1249e-06    2.201218e-06    -2.147863e-06    -2.099612e-06    -5.644773e-06    3.522818e-06    4.046028e-06    5.552347e-07    -1.636732e-06    2.806078e-07    -5.425619e-06    -8.8874e-06    3.727902e-06    9.178453e-06    -5.331982e-06    7.718009e-06    5.953036e-06    -3.826494e-06    -3.326302e-06    1.672981e-06    -2.440057e-06    3.437532e-07    2.601009e-06    -2.516455e-06
2.463415e-06    -6.393868e-06    -1.066837e-06    1.088148e-06    7.218541e-06    1.586747e-06    -4.477197e-06    -1.848498e-06    4.415e-06    1.210581e-06    8.673212e-06    -5.207267e-06    -5.238805e-06    -1.110998e-06    2.735174e-06    -2.821936e-06    9.678506e-06    8.81687e-06    -4.969371e-06    -5.331982e-06    1.370153e-05    -1.469475e-05    -6.722725e-06    5.136934e-06    4.534765e-06    -1.227289e-07    4.409006e-06    1.585168e-06    -4.292728e-06    -1.478986e-06
-4.242511e-06    9.018461e-06    2.587351e-06    -5.043032e-06    -7.834778e-06    -6.937231e-06    1.47079e-05    3.406284e-06    -8.293197e-06    -4.280795e-06    -8.458498e-06    8.02333e-06    7.472068e-06    5.664933e-07    -7.479977e-06    1.019502e-05    -1.867328e-05    -1.571687e-05    8.434492e-06    7.718009e-06    -1.469475e-05    4.248176e-05    9.523697e-06    -2.605871e-05    -7.320847e-06    -8.817073e-07    1.22951e-06    -6.056464e-06    -4.598397e-06    9.677549e-06
-9.708355e-06    8.558419e-06    3.929167e-06    -9.210758e-07    -6.882488e-06    -5.175161e-06    4.288825e-06    6.622558e-06    6.497321e-07    -3.837939e-06    -7.160478e-06    9.102691e-06    1.076795e-05    -3.337948e-07    -9.411724e-06    7.974995e-06    -1.258101e-05    -2.114726e-05    8.84205e-06    5.953036e-06    -6.722725e-06    9.523697e-06    3.45249e-05    -3.454174e-06    -1.359932e-05    -1.881328e-06    1.52358e-06    -3.042002e-06    -1.782061e-06    4.314202e-06
8.294886e-07    -5.492895e-06    1.707914e-06    5.803804e-06    1.291277e-06    3.303247e-06    -1.036781e-05    -7.892428e-07    6.32334e-06    2.510895e-06    3.265545e-06    -3.621772e-06    -2.816385e-06    1.925783e-06    4.352034e-07    -5.712344e-06    1.010382e-05    3.682673e-06    -3.006995e-06    -3.826494e-06    5.136934e-06    -2.605871e-05    -3.454174e-06    2.824277e-05    1.979467e-07    -2.841205e-07    -1.517958e-06    2.600078e-06    3.43865e-06    -4.258852e-06
6.848685e-06    -4.744754e-06    -2.43521e-06    3.70278e-07    3.930362e-06    2.82351e-06    -3.252519e-06    -2.224153e-06    5.508465e-07    1.377154e-06    5.070772e-06    -4.299322e-06    -5.194168e-06    -5.096453e-07    5.162635e-06    -3.788265e-06    7.193691e-06    1.263184e-05    -5.815568e-06    -3.326302e-06    4.534765e-06    -7.320847e-06    -1.359932e-05    1.979467e-07    1.156278e-05    1.067425e-06    1.933635e-07    2.748085e-06    4.242124e-07    -3.849444e-06
1.348074e-06    -9.331901e-07    -9.787305e-07    7.706842e-07    1.099514e-06    1.265732e-06    -3.427973e-07    -6.963122e-07    -1.265093e-06    2.202812e-07    -8.634716e-07    -8.510795e-07    -6.40086e-07    -1.269207e-07    2.344432e-06    -1.886515e-06    -6.817353e-07    4.356038e-06    -5.179888e-07    1.672981e-06    -1.227289e-07    -8.817073e-07    -1.881328e-06    -2.841205e-07    1.067425e-06    4.388345e-06    -3.306989e-06    1.414802e-06    1.432495e-06    -2.279374e-06
1.469768e-06    -4.218442e-06    -1.431823e-06    -1.546844e-06    2.3903e-06    -4.294472e-06    1.835284e-06    3.656051e-06    3.306375e-06    -3.795697e-06    8.629951e-06    -4.532055e-06    8.108514e-07    8.977097e-08    -4.203808e-06    2.480164e-06    -1.710177e-06    -3.239683e-06    3.241731e-06    -2.440057e-06    4.409006e-06    1.22951e-06    1.52358e-06    -1.517958e-06    1.933635e-07    -3.306989e-06    1.737629e-05    -1.747925e-06    -1.656885e-05    4.732096e-06
4.279629e-06    -4.465391e-07    -3.362483e-06    -4.253997e-07    5.734182e-07    2.100265e-06    -3.378034e-06    2.878075e-06    2.460661e-06    -2.718212e-06    -9.969261e-07    -1.749969e-06    -3.600063e-06    9.661027e-07    5.565446e-06    -3.471651e-06    1.562817e-06    2.843399e-06    -2.118709e-06    3.437532e-07    1.585168e-06    -6.056464e-06    -3.042002e-06    2.600078e-06    2.748085e-06    1.414802e-06    -1.747925e-06    1.524153e-05    4.04591e-06    -1.183994e-05
-4.111199e-06    8.496116e-06    2.224834e-07    3.956711e-07    -4.458464e-06    3.827524e-06    -4.84182e-06    -5.667998e-06    1.112452e-06    3.959152e-06    -8.733334e-06    4.928836e-06    4.074533e-06    -1.004413e-07    2.134766e-06    -5.282927e-06    1.889906e-06    -6.442366e-07    1.067012e-07    2.601009e-06    -4.292728e-06    -4.598397e-06    -1.782061e-06    3.43865e-06    4.242124e-07    1.432495e-06    -1.656885e-05    4.04591e-06    2.879327e-05    -1.730203e-05
-1.083583e-06    -4.431757e-06    3.795771e-06    1.221456e-06    9.631042e-07    -1.381748e-06    5.59019e-06    4.710384e-07    -6.291675e-06    8.623718e-07    1.002667e-06    2.384288e-07    -3.039879e-06    5.470276e-07    -3.729467e-06    7.784282e-06    -1.794707e-06    -1.440788e-07    -4.34296e-06    -2.516455e-06    -1.478986e-06    9.677549e-06    4.314202e-06    -4.258852e-06    -3.849444e-06    -2.279374e-06    4.732096e-06    -1.183994e-05    -1.730203e-05    2.566073e-05
