1.540072e-06    4.203011e-08    -9.845987e-07    -8.415882e-08    1.218942e-07    -3.749639e-08    -2.061162e-08    -1.315577e-08    2.257428e-08    6.28871e-08    1.173895e-07    -1.20285e-07    -1.961733e-07    1.125952e-07    7.259949e-08    2.402228e-08    -5.469867e-10    1.994275e-09    -3.472183e-09    -1.561402e-08    1.357397e-07    -6.155043e-08    -5.610744e-08    9.06504e-08    -4.000778e-08
4.203011e-08    1.409758e-06    -2.469949e-07    -9.085959e-07    2.757342e-07    -3.995631e-08    -2.048867e-08    1.155789e-08    1.887359e-08    1.941868e-08    -1.550962e-07    -3.527424e-08    -3.750556e-09    -9.83903e-08    1.139473e-07    -2.183501e-08    -1.720243e-08    2.687699e-08    -2.895336e-10    -2.608264e-08    -9.438938e-09    -1.049188e-07    -1.147112e-07    -1.257508e-08    7.473837e-08
-9.845987e-07    -2.469949e-07    1.424396e-06    9.399913e-08    -5.746941e-07    4.003881e-08    -1.290631e-08    -2.187667e-08    5.543081e-09    -2.76858e-08    -6.851272e-08    -1.390461e-08    -8.136277e-09    -1.414368e-07    1.028561e-07    -6.74583e-09    -4.902534e-09    1.061319e-08    1.325501e-08    1.072591e-08    2.244983e-10    -1.285536e-07    -1.300191e-07    -3.682296e-08    1.314421e-07
-8.415882e-08    -9.085959e-07    9.399913e-08    1.510507e-06    -6.59625e-07    6.003308e-08    2.087379e-08    -2.533295e-08    -4.925901e-08    -1.404696e-08    1.281991e-07    -1.411775e-07    -1.485478e-07    8.720668e-08    5.062234e-08    -9.546249e-09    -8.689577e-10    2.624736e-09    2.588154e-08    9.869811e-09    1.339615e-07    -9.269349e-08    -1.10547e-07    1.024888e-07    8.996525e-09
1.218942e-07    2.757342e-07    -5.746941e-07    -6.59625e-07    1.366875e-06    1.587904e-09    2.072681e-08    2.704318e-08    -1.494102e-08    -7.804026e-08    -4.979239e-09    1.677534e-07    1.711976e-07    -1.104511e-08    -1.692401e-07    -3.636265e-08    -2.272879e-08    -5.894915e-09    1.668766e-08    4.480865e-08    -1.038474e-07    1.942836e-07    2.049461e-07    -5.607173e-08    -1.242373e-07
-3.749639e-08    -3.995631e-08    4.003881e-08    6.003308e-08    1.587904e-09    1.50224e-06    8.840528e-08    -8.956167e-07    -7.148572e-08    1.182897e-09    1.639156e-08    1.912041e-09    -6.433842e-09    -1.180359e-08    -2.83095e-08    8.871103e-08    -1.839315e-07    -1.327402e-07    1.613722e-07    3.328668e-08    1.718106e-07    -1.113544e-07    -1.65862e-07    1.470186e-07    5.782949e-09
-2.061162e-08    -2.048867e-08    -1.290631e-08    2.087379e-08    2.072681e-08    8.840528e-08    1.435959e-06    -2.204547e-07    -9.522975e-07    2.322514e-07    1.920209e-08    1.794587e-08    1.12622e-08    -1.063513e-08    -5.681913e-08    -1.169738e-07    -2.387308e-08    -3.82189e-08    -1.22691e-07    1.691727e-07    1.316304e-08    -1.317557e-07    -9.652038e-08    -8.87873e-09    7.693068e-08
-1.315577e-08    1.155789e-08    -2.187667e-08    -2.533295e-08    2.704318e-08    -8.956167e-07    -2.204547e-07    1.417768e-06    -1.869782e-09    -5.391077e-07    -9.632135e-09    3.614805e-08    -2.822599e-09    -2.484402e-08    4.335204e-08    -9.578659e-08    -2.842143e-09    -2.796104e-08    -1.434028e-07    1.617501e-07    -2.358303e-08    -1.087736e-07    -9.235236e-08    -5.311295e-08    8.61519e-08
2.257428e-08    1.887359e-08    5.543081e-09    -4.925901e-08    -1.494102e-08    -7.148572e-08    -9.522975e-07    -1.869782e-09    1.52686e-06    -6.059923e-07    -1.104576e-08    -8.766069e-09    -1.621352e-08    2.828188e-08    2.97108e-08    7.766186e-08    -1.739836e-07    -1.096378e-07    1.477808e-07    2.381711e-08    1.079942e-07    -4.270217e-08    -1.205548e-07    8.199732e-08    9.618024e-09
6.28871e-08    1.941868e-08    -2.76858e-08    -1.404696e-08    -7.804026e-08    1.182897e-09    2.322514e-07    -5.391077e-07    -6.059923e-07    1.410909e-06    -3.874423e-08    -5.017495e-08    8.676214e-09    5.891813e-08    4.762461e-09    5.245786e-08    2.334474e-07    1.218519e-07    -5.272468e-08    -1.686586e-07    -1.406029e-07    2.179174e-07    2.447462e-07    -7.898173e-08    -8.399259e-08
1.173895e-07    -1.550962e-07    -6.851272e-08    1.281991e-07    -4.979239e-09    1.639156e-08    1.920209e-08    -9.632135e-09    -1.104576e-08    -3.874423e-08    1.500904e-06    -6.792759e-08    -9.316614e-07    -1.044795e-07    6.552873e-08    -1.375774e-08    -8.330242e-09    2.435101e-08    2.154657e-08    -1.146489e-08    1.173019e-07    -4.183607e-08    -1.053627e-07    7.38768e-08    -8.449017e-09
-1.20285e-07    -3.527424e-08    -1.390461e-08    -1.411775e-07    1.677534e-07    1.912041e-09    1.794587e-08    3.614805e-08    -8.766069e-09    -5.017495e-08    -6.792759e-08    1.449781e-06    -8.824959e-08    -8.700961e-07    1.157145e-07    3.458758e-08    2.263874e-08    -3.034415e-08    -3.778267e-08    2.039535e-08    3.599947e-08    -1.387078e-07    -1.478046e-07    1.811794e-08    8.085147e-08
-1.961733e-07    -3.750556e-09    -8.136277e-09    -1.485478e-07    1.711976e-07    -6.433842e-09    1.12622e-08    -2.822599e-09    -1.621352e-08    8.676214e-09    -9.316614e-07    -8.824959e-08    1.473615e-06    1.564405e-08    -5.819284e-07    3.61132e-10    1.043012e-08    4.953116e-10    1.571142e-08    -1.021924e-08    -2.502383e-09    -1.200241e-07    -1.050108e-07    1.378414e-08    9.117898e-08
1.125952e-07    -9.83903e-08    -1.414368e-07    8.720668e-08    -1.104511e-08    -1.180359e-08    -1.063513e-08    -2.484402e-08    2.828188e-08    5.891813e-08    -1.044795e-07    -8.700961e-07    1.564405e-08    1.490392e-06    -5.003959e-07    -7.817479e-09    9.012371e-09    6.240369e-09    2.871126e-09    -2.331862e-08    1.150006e-07    -6.370031e-08    -5.934919e-08    7.820103e-08    -2.909004e-08
7.259949e-08    1.139473e-07    1.028561e-07    5.062234e-08    -1.692401e-07    -2.83095e-08    -5.681913e-08    4.335204e-08    2.97108e-08    4.762461e-09    6.552873e-08    1.157145e-07    -5.819284e-07    -5.003959e-07    1.359764e-06    3.019051e-08    -2.663166e-09    -1.215724e-08    -3.615318e-08    8.231307e-10    -1.285942e-07    1.611132e-07    1.984583e-07    -8.366487e-08    -6.83564e-08
2.402228e-08    -2.183501e-08    -6.74583e-09    -9.546249e-09    -3.636265e-08    8.871103e-08    -1.169738e-07    -9.578659e-08    7.766186e-08    5.245786e-08    -1.375774e-08    3.458758e-08    3.61132e-10    -7.817479e-09    3.019051e-08    1.500574e-06    4.060326e-09    -8.85666e-07    -1.309846e-07    -8.964745e-09    1.141553e-07    -5.367508e-08    -8.615266e-08    1.104317e-07    -4.319297e-09
-5.469867e-10    -1.720243e-08    -4.902534e-09    -8.689577e-10    -2.272879e-08    -1.839315e-07    -2.387308e-08    -2.842143e-09    -1.739836e-07    2.334474e-07    -8.330242e-09    2.263874e-08    1.043012e-08    9.012371e-09    -2.663166e-09    4.060326e-09    1.464712e-06    -7.617568e-08    -9.30747e-07    1.01137e-07    2.8811e-08    -1.06037e-07    -8.966978e-08    -1.545858e-08    5.827037e-08
1.994275e-09    2.687699e-08    1.061319e-08    2.624736e-09    -5.894915e-09    -1.327402e-07    -3.82189e-08    -2.796104e-08    -1.096378e-07    1.218519e-07    2.435101e-08    -3.034415e-08    4.953116e-10    6.240369e-09    -1.215724e-08    -8.85666e-07    -7.617568e-08    1.446102e-06    -1.553817e-08    -5.505019e-07    2.561841e-08    -1.211111e-07    -1.374748e-07    -3.767441e-08    8.011263e-08
-3.472183e-09    -2.895336e-10    1.325501e-08    2.588154e-08    1.668766e-08    1.613722e-07    -1.22691e-07    -1.434028e-07    1.477808e-07    -5.272468e-08    2.154657e-08    -3.778267e-08    1.571142e-08    2.871126e-09    -3.615318e-08    -1.309846e-07    -9.30747e-07    -1.553817e-08    1.496615e-06    -4.839208e-07    1.056417e-07    -6.086915e-08    -1.166384e-07    9.016767e-08    1.036768e-08
-1.561402e-08    -2.608264e-08    1.072591e-08    9.869811e-09    4.480865e-08    3.328668e-08    1.691727e-07    1.617501e-07    2.381711e-08    -1.686586e-07    -1.146489e-08    2.039535e-08    -1.021924e-08    -2.331862e-08    8.231307e-10    -8.964745e-09    1.01137e-07    -5.505019e-07    -4.839208e-07    1.388061e-06    -1.403379e-07    1.741156e-07    2.281485e-07    -6.379719e-08    -7.692246e-08
1.357397e-07    -9.438938e-09    2.244983e-10    1.339615e-07    -1.038474e-07    1.718106e-07    1.316304e-08    -2.358303e-08    1.079942e-07    -1.406029e-07    1.173019e-07    3.599947e-08    -2.502383e-09    1.150006e-07    -1.285942e-07    1.141553e-07    2.8811e-08    2.561841e-08    1.056417e-07    -1.403379e-07    1.367607e-06    -3.399759e-07    -6.355789e-07    1.187194e-07    -1.167139e-07
-6.155043e-08    -1.049188e-07    -1.285536e-07    -9.269349e-08    1.942836e-07    -1.113544e-07    -1.317557e-07    -1.087736e-07    -4.270217e-08    2.179174e-07    -4.183607e-08    -1.387078e-07    -1.200241e-07    -6.370031e-08    1.611132e-07    -5.367508e-08    -1.06037e-07    -1.211111e-07    -6.086915e-08    1.741156e-07    -3.399759e-07    1.754976e-06    8.989151e-08    -7.144456e-07    -6.704824e-08
-5.610744e-08    -1.147112e-07    -1.300191e-07    -1.10547e-07    2.049461e-07    -1.65862e-07    -9.652038e-08    -9.235236e-08    -1.205548e-07    2.447462e-07    -1.053627e-07    -1.478046e-07    -1.050108e-07    -5.934919e-08    1.984583e-07    -8.615266e-08    -8.966978e-08    -1.374748e-07    -1.166384e-07    2.281485e-07    -6.355789e-07    8.989151e-08    1.706385e-06    -2.692439e-07    -7.773005e-07
9.06504e-08    -1.257508e-08    -3.682296e-08    1.024888e-07    -5.607173e-08    1.470186e-07    -8.87873e-09    -5.311295e-08    8.199732e-08    -7.898173e-08    7.38768e-08    1.811794e-08    1.378414e-08    7.820103e-08    -8.366487e-08    1.104317e-07    -1.545858e-08    -3.767441e-08    9.016767e-08    -6.379719e-08    1.187194e-07    -7.144456e-07    -2.692439e-07    1.419714e-06    -4.286468e-07
-4.000778e-08    7.473837e-08    1.314421e-07    8.996525e-09    -1.242373e-07    5.782949e-09    7.693068e-08    8.61519e-08    9.618024e-09    -8.399259e-08    -8.449017e-09    8.085147e-08    9.117898e-08    -2.909004e-08    -6.83564e-08    -4.319297e-09    5.827037e-08    8.011263e-08    1.036768e-08    -7.692246e-08    -1.167139e-07    -6.704824e-08    -7.773005e-07    -4.286468e-07    1.454712e-06
