1.540072e-06    4.203011e-08    -9.845987e-07    -8.415882e-08    1.218942e-07    2.402228e-08    -5.469867e-10    1.994275e-09    -3.472183e-09    -1.561402e-08
4.203011e-08    1.409758e-06    -2.469949e-07    -9.085959e-07    2.757342e-07    -2.183501e-08    -1.720243e-08    2.687699e-08    -2.895336e-10    -2.608264e-08
-9.845987e-07    -2.469949e-07    1.424396e-06    9.399913e-08    -5.746941e-07    -6.74583e-09    -4.902534e-09    1.061319e-08    1.325501e-08    1.072591e-08
-8.415882e-08    -9.085959e-07    9.399913e-08    1.510507e-06    -6.59625e-07    -9.546249e-09    -8.689577e-10    2.624736e-09    2.588154e-08    9.869811e-09
1.218942e-07    2.757342e-07    -5.746941e-07    -6.59625e-07    1.366875e-06    -3.636265e-08    -2.272879e-08    -5.894915e-09    1.668766e-08    4.480865e-08
2.402228e-08    -2.183501e-08    -6.74583e-09    -9.546249e-09    -3.636265e-08    1.500574e-06    4.060326e-09    -8.85666e-07    -1.309846e-07    -8.964745e-09
-5.469867e-10    -1.720243e-08    -4.902534e-09    -8.689577e-10    -2.272879e-08    4.060326e-09    1.464712e-06    -7.617568e-08    -9.30747e-07    1.01137e-07
1.994275e-09    2.687699e-08    1.061319e-08    2.624736e-09    -5.894915e-09    -8.85666e-07    -7.617568e-08    1.446102e-06    -1.553817e-08    -5.505019e-07
-3.472183e-09    -2.895336e-10    1.325501e-08    2.588154e-08    1.668766e-08    -1.309846e-07    -9.30747e-07    -1.553817e-08    1.496615e-06    -4.839208e-07
-1.561402e-08    -2.608264e-08    1.072591e-08    9.869811e-09    4.480865e-08    -8.964745e-09    1.01137e-07    -5.505019e-07    -4.839208e-07    1.388061e-06
