1.540072e-06    4.203011e-08    -9.845987e-07    -8.415882e-08    1.218942e-07    -3.749639e-08    -2.061162e-08    -1.315577e-08    2.257428e-08    6.28871e-08    1.173895e-07    -1.20285e-07    -1.961733e-07    1.125952e-07    7.259949e-08    -1.240622e-08    2.562838e-08    1.041773e-08    -2.110513e-08    2.607341e-08
4.203011e-08    1.409758e-06    -2.469949e-07    -9.085959e-07    2.757342e-07    -3.995631e-08    -2.048867e-08    1.155789e-08    1.887359e-08    1.941868e-08    -1.550962e-07    -3.527424e-08    -3.750556e-09    -9.83903e-08    1.139473e-07    -3.627236e-09    3.805718e-09    2.054386e-08    -1.584067e-09    3.92486e-09
-9.845987e-07    -2.469949e-07    1.424396e-06    9.399913e-08    -5.746941e-07    4.003881e-08    -1.290631e-08    -2.187667e-08    5.543081e-09    -2.76858e-08    -6.851272e-08    -1.390461e-08    -8.136277e-09    -1.414368e-07    1.028561e-07    -1.213512e-08    -2.420443e-08    -1.286499e-08    -3.371961e-09    4.961468e-09
-8.415882e-08    -9.085959e-07    9.399913e-08    1.510507e-06    -6.59625e-07    6.003308e-08    2.087379e-08    -2.533295e-08    -4.925901e-08    -1.404696e-08    1.281991e-07    -1.411775e-07    -1.485478e-07    8.720668e-08    5.062234e-08    3.569227e-09    3.47149e-09    -1.402354e-08    -6.664496e-09    7.169761e-09
1.218942e-07    2.757342e-07    -5.746941e-07    -6.59625e-07    1.366875e-06    1.587904e-09    2.072681e-08    2.704318e-08    -1.494102e-08    -7.804026e-08    -4.979239e-09    1.677534e-07    1.711976e-07    -1.104511e-08    -1.692401e-07    2.284454e-08    2.12237e-08    7.566286e-09    1.544534e-08    -2.012203e-08
-3.749639e-08    -3.995631e-08    4.003881e-08    6.003308e-08    1.587904e-09    1.50224e-06    8.840528e-08    -8.956167e-07    -7.148572e-08    1.182897e-09    1.639156e-08    1.912041e-09    -6.433842e-09    -1.180359e-08    -2.83095e-08    5.920285e-08    5.608572e-09    -3.017396e-08    -1.60147e-09    1.75388e-08
-2.061162e-08    -2.048867e-08    -1.290631e-08    2.087379e-08    2.072681e-08    8.840528e-08    1.435959e-06    -2.204547e-07    -9.522975e-07    2.322514e-07    1.920209e-08    1.794587e-08    1.12622e-08    -1.063513e-08    -5.681913e-08    1.822884e-09    1.879597e-08    -2.637671e-08    -1.351032e-08    2.460219e-08
-1.315577e-08    1.155789e-08    -2.187667e-08    -2.533295e-08    2.704318e-08    -8.956167e-07    -2.204547e-07    1.417768e-06    -1.869782e-09    -5.391077e-07    -9.632135e-09    3.614805e-08    -2.822599e-09    -2.484402e-08    4.335204e-08    -5.002275e-08    -2.488132e-08    3.04871e-08    5.062763e-09    -8.911563e-09
2.257428e-08    1.887359e-08    5.543081e-09    -4.925901e-08    -1.494102e-08    -7.148572e-08    -9.522975e-07    -1.869782e-09    1.52686e-06    -6.059923e-07    -1.104576e-08    -8.766069e-09    -1.621352e-08    2.828188e-08    2.97108e-08    2.02192e-09    3.420194e-09    4.611599e-09    -2.604262e-08    2.710984e-08
6.28871e-08    1.941868e-08    -2.76858e-08    -1.404696e-08    -7.804026e-08    1.182897e-09    2.322514e-07    -5.391077e-07    -6.059923e-07    1.410909e-06    -3.874423e-08    -5.017495e-08    8.676214e-09    5.891813e-08    4.762461e-09    2.533759e-08    -3.707861e-08    6.478424e-09    5.058241e-08    -5.196964e-08
1.173895e-07    -1.550962e-07    -6.851272e-08    1.281991e-07    -4.979239e-09    1.639156e-08    1.920209e-08    -9.632135e-09    -1.104576e-08    -3.874423e-08    1.500904e-06    -6.792759e-08    -9.316614e-07    -1.044795e-07    6.552873e-08    -4.43033e-08    -2.759965e-08    3.052272e-08    9.019242e-09    1.294338e-08
-1.20285e-07    -3.527424e-08    -1.390461e-08    -1.411775e-07    1.677534e-07    1.912041e-09    1.794587e-08    3.614805e-08    -8.766069e-09    -5.017495e-08    -6.792759e-08    1.449781e-06    -8.824959e-08    -8.700961e-07    1.157145e-07    6.113621e-09    -7.05503e-09    -2.112856e-08    2.419832e-08    3.367453e-08
-1.961733e-07    -3.750556e-09    -8.136277e-09    -1.485478e-07    1.711976e-07    -6.433842e-09    1.12622e-08    -2.822599e-09    -1.621352e-08    8.676214e-09    -9.316614e-07    -8.824959e-08    1.473615e-06    1.564405e-08    -5.819284e-07    2.310939e-08    -1.172502e-08    -3.278726e-08    1.99263e-08    2.046106e-08
1.125952e-07    -9.83903e-08    -1.414368e-07    8.720668e-08    -1.104511e-08    -1.180359e-08    -1.063513e-08    -2.484402e-08    2.828188e-08    5.891813e-08    -1.044795e-07    -8.700961e-07    1.564405e-08    1.490392e-06    -5.003959e-07    -1.153635e-08    -4.434004e-09    7.49131e-09    6.352825e-09    1.381059e-08
7.259949e-08    1.139473e-07    1.028561e-07    5.062234e-08    -1.692401e-07    -2.83095e-08    -5.681913e-08    4.335204e-08    2.97108e-08    4.762461e-09    6.552873e-08    1.157145e-07    -5.819284e-07    -5.003959e-07    1.359764e-06    1.958745e-09    1.823753e-08    1.716575e-08    -2.456708e-08    -5.391149e-08
-1.240622e-08    -3.627236e-09    -1.213512e-08    3.569227e-09    2.284454e-08    5.920285e-08    1.822884e-09    -5.002275e-08    2.02192e-09    2.533759e-08    -4.43033e-08    6.113621e-09    2.310939e-08    -1.153635e-08    1.958745e-09    1.444516e-06    -1.939162e-07    -9.293725e-07    1.499415e-07    5.878618e-08
2.562838e-08    3.805718e-09    -2.420443e-08    3.47149e-09    2.12237e-08    5.608572e-09    1.879597e-08    -2.488132e-08    3.420194e-09    -3.707861e-08    -2.759965e-08    -7.05503e-09    -1.172502e-08    -4.434004e-09    1.823753e-08    -1.939162e-07    1.465682e-06    4.995097e-08    -9.667921e-07    3.112e-07
1.041773e-08    2.054386e-08    -1.286499e-08    -1.402354e-08    7.566286e-09    -3.017396e-08    -2.637671e-08    3.04871e-08    4.611599e-09    6.478424e-09    3.052272e-08    -2.112856e-08    -3.278726e-08    7.49131e-09    1.716575e-08    -9.293725e-07    4.995097e-08    1.456154e-06    2.002684e-08    -6.826053e-07
-2.110513e-08    -1.584067e-09    -3.371961e-09    -6.664496e-09    1.544534e-08    -1.60147e-09    -1.351032e-08    5.062763e-09    -2.604262e-08    5.058241e-08    9.019242e-09    2.419832e-08    1.99263e-08    6.352825e-09    -2.456708e-08    1.499415e-07    -9.667921e-07    2.002684e-08    1.5434e-06    -8.089421e-07
2.607341e-08    3.92486e-09    4.961468e-09    7.169761e-09    -2.012203e-08    1.75388e-08    2.460219e-08    -8.911563e-09    2.710984e-08    -5.196964e-08    1.294338e-08    3.367453e-08    2.046106e-08    1.381059e-08    -5.391149e-08    5.878618e-08    3.112e-07    -6.826053e-07    -8.089421e-07    1.387049e-06
