1.508915e-06    -4.163723e-09    -1.015196e-06    -1.498986e-07    3.214666e-08    2.327809e-08    6.575961e-10    2.074181e-09    5.548453e-08    -5.554495e-08
-4.163723e-09    1.44204e-06    -7.630112e-08    -8.281394e-07    1.405873e-07    1.813707e-08    2.159813e-08    -1.446618e-08    1.601725e-08    -2.019995e-08
-1.015196e-06    -7.630112e-08    1.461503e-06    4.31616e-08    -4.556048e-07    -1.940585e-08    -1.127094e-08    1.922632e-08    -2.834174e-08    1.004164e-09
-1.498986e-07    -8.281394e-07    4.31616e-08    1.479273e-06    -5.360425e-07    -9.995562e-10    -2.194318e-08    2.497445e-09    -3.350087e-08    3.37341e-08
3.214666e-08    1.405873e-07    -4.556048e-07    -5.360425e-07    1.271812e-06    -1.805927e-08    1.345918e-08    -2.03135e-09    1.478801e-09    3.58665e-08
2.327809e-08    1.813707e-08    -1.940585e-08    -9.995562e-10    -1.805927e-08    1.540072e-06    4.203011e-08    -9.845987e-07    -8.415882e-08    1.218942e-07
6.575961e-10    2.159813e-08    -1.127094e-08    -2.194318e-08    1.345918e-08    4.203011e-08    1.409758e-06    -2.469949e-07    -9.085959e-07    2.757342e-07
2.074181e-09    -1.446618e-08    1.922632e-08    2.497445e-09    -2.03135e-09    -9.845987e-07    -2.469949e-07    1.424396e-06    9.399913e-08    -5.746941e-07
5.548453e-08    1.601725e-08    -2.834174e-08    -3.350087e-08    1.478801e-09    -8.415882e-08    -9.085959e-07    9.399913e-08    1.510507e-06    -6.59625e-07
-5.554495e-08    -2.019995e-08    1.004164e-09    3.37341e-08    3.58665e-08    1.218942e-07    2.757342e-07    -5.746941e-07    -6.59625e-07    1.366875e-06
