1.540072e-06    4.203011e-08    -9.845987e-07    -8.415882e-08    1.218942e-07    -3.749639e-08    -2.061162e-08    -1.315577e-08    2.257428e-08    6.28871e-08    1.173895e-07    -1.20285e-07    -1.961733e-07    1.125952e-07    7.259949e-08    2.402228e-08    -5.469867e-10    1.994275e-09    -3.472183e-09    -1.561402e-08    1.680402e-07    -1.238796e-07    -1.511846e-07    1.412813e-07    6.17869e-09
4.203011e-08    1.409758e-06    -2.469949e-07    -9.085959e-07    2.757342e-07    -3.995631e-08    -2.048867e-08    1.155789e-08    1.887359e-08    1.941868e-08    -1.550962e-07    -3.527424e-08    -3.750556e-09    -9.83903e-08    1.139473e-07    -2.183501e-08    -1.720243e-08    2.687699e-08    -2.895336e-10    -2.608264e-08    -1.144923e-07    -5.153287e-08    -4.119011e-08    -8.164171e-08    1.435627e-07
-9.845987e-07    -2.469949e-07    1.424396e-06    9.399913e-08    -5.746941e-07    4.003881e-08    -1.290631e-08    -2.187667e-08    5.543081e-09    -2.76858e-08    -6.851272e-08    -1.390461e-08    -8.136277e-09    -1.414368e-07    1.028561e-07    -6.74583e-09    -4.902534e-09    1.061319e-08    1.325501e-08    1.072591e-08    -9.747069e-08    -7.931856e-08    -4.01239e-08    -5.706632e-08    1.228522e-07
-8.415882e-08    -9.085959e-07    9.399913e-08    1.510507e-06    -6.59625e-07    6.003308e-08    2.087379e-08    -2.533295e-08    -4.925901e-08    -1.404696e-08    1.281991e-07    -1.411775e-07    -1.485478e-07    8.720668e-08    5.062234e-08    -9.546249e-09    -8.689577e-10    2.624736e-09    2.588154e-08    9.869811e-09    1.595101e-07    -1.632799e-07    -1.544117e-07    1.195294e-07    1.852981e-08
1.218942e-07    2.757342e-07    -5.746941e-07    -6.59625e-07    1.366875e-06    1.587904e-09    2.072681e-08    2.704318e-08    -1.494102e-08    -7.804026e-08    -4.979239e-09    1.677534e-07    1.711976e-07    -1.104511e-08    -1.692401e-07    -3.636265e-08    -2.272879e-08    -5.894915e-09    1.668766e-08    4.480865e-08    -5.486266e-08    1.994638e-07    1.796626e-07    -4.184756e-08    -1.506561e-07
-3.749639e-08    -3.995631e-08    4.003881e-08    6.003308e-08    1.587904e-09    1.50224e-06    8.840528e-08    -8.956167e-07    -7.148572e-08    1.182897e-09    1.639156e-08    1.912041e-09    -6.433842e-09    -1.180359e-08    -2.83095e-08    8.871103e-08    -1.839315e-07    -1.327402e-07    1.613722e-07    3.328668e-08    1.453274e-07    -1.785595e-07    -1.547656e-07    1.593354e-07    1.050873e-08
-2.061162e-08    -2.048867e-08    -1.290631e-08    2.087379e-08    2.072681e-08    8.840528e-08    1.435959e-06    -2.204547e-07    -9.522975e-07    2.322514e-07    1.920209e-08    1.794587e-08    1.12622e-08    -1.063513e-08    -5.681913e-08    -1.169738e-07    -2.387308e-08    -3.82189e-08    -1.22691e-07    1.691727e-07    -6.701383e-08    -7.45791e-08    -7.964312e-08    -6.763613e-08    1.36001e-07
-1.315577e-08    1.155789e-08    -2.187667e-08    -2.533295e-08    2.704318e-08    -8.956167e-07    -2.204547e-07    1.417768e-06    -1.869782e-09    -5.391077e-07    -9.632135e-09    3.614805e-08    -2.822599e-09    -2.484402e-08    4.335204e-08    -9.578659e-08    -2.842143e-09    -2.796104e-08    -1.434028e-07    1.617501e-07    -1.101603e-07    -3.804501e-08    -4.320632e-08    -1.011032e-07    1.411551e-07
2.257428e-08    1.887359e-08    5.543081e-09    -4.925901e-08    -1.494102e-08    -7.148572e-08    -9.522975e-07    -1.869782e-09    1.52686e-06    -6.059923e-07    -1.104576e-08    -8.766069e-09    -1.621352e-08    2.828188e-08    2.97108e-08    7.766186e-08    -1.739836e-07    -1.096378e-07    1.477808e-07    2.381711e-08    1.353426e-07    -1.316904e-07    -1.148748e-07    1.233153e-07    -5.806338e-09
6.28871e-08    1.941868e-08    -2.76858e-08    -1.404696e-08    -7.804026e-08    1.182897e-09    2.322514e-07    -5.391077e-07    -6.059923e-07    1.410909e-06    -3.874423e-08    -5.017495e-08    8.676214e-09    5.891813e-08    4.762461e-09    5.245786e-08    2.334474e-07    1.218519e-07    -5.272468e-08    -1.686586e-07    -4.648625e-08    2.289154e-07    1.70639e-07    -6.244591e-08    -1.322297e-07
1.173895e-07    -1.550962e-07    -6.851272e-08    1.281991e-07    -4.979239e-09    1.639156e-08    1.920209e-08    -9.632135e-09    -1.104576e-08    -3.874423e-08    1.500904e-06    -6.792759e-08    -9.316614e-07    -1.044795e-07    6.552873e-08    -1.375774e-08    -8.330242e-09    2.435101e-08    2.154657e-08    -1.146489e-08    9.17961e-08    -6.885444e-08    -3.232667e-08    9.09213e-08    -3.560941e-08
-1.20285e-07    -3.527424e-08    -1.390461e-08    -1.411775e-07    1.677534e-07    1.912041e-09    1.794587e-08    3.614805e-08    -8.766069e-09    -5.017495e-08    -6.792759e-08    1.449781e-06    -8.824959e-08    -8.700961e-07    1.157145e-07    3.458758e-08    2.263874e-08    -3.034415e-08    -3.778267e-08    2.039535e-08    -8.644824e-08    1.215517e-07    1.443707e-07    -4.279873e-08    -5.594201e-08
-1.961733e-07    -3.750556e-09    -8.136277e-09    -1.485478e-07    1.711976e-07    -6.433842e-09    1.12622e-08    -2.822599e-09    -1.621352e-08    8.676214e-09    -9.316614e-07    -8.824959e-08    1.473615e-06    1.564405e-08    -5.819284e-07    3.61132e-10    1.043012e-08    4.953116e-10    1.571142e-08    -1.021924e-08    -7.638642e-08    1.937026e-07    1.361784e-07    -1.240959e-07    -6.457779e-08
1.125952e-07    -9.83903e-08    -1.414368e-07    8.720668e-08    -1.104511e-08    -1.180359e-08    -1.063513e-08    -2.484402e-08    2.828188e-08    5.891813e-08    -1.044795e-07    -8.700961e-07    1.564405e-08    1.490392e-06    -5.003959e-07    -7.817479e-09    9.012371e-09    6.240369e-09    2.871126e-09    -2.331862e-08    8.764664e-08    7.791556e-10    -4.375218e-08    3.537125e-08    -3.356112e-08
7.259949e-08    1.139473e-07    1.028561e-07    5.062234e-08    -1.692401e-07    -2.83095e-08    -5.681913e-08    4.335204e-08    2.97108e-08    4.762461e-09    6.552873e-08    1.157145e-07    -5.819284e-07    -5.003959e-07    1.359764e-06    3.019051e-08    -2.663166e-09    -1.215724e-08    -3.615318e-08    8.231307e-10    -1.119526e-08    -1.293961e-07    -9.057235e-08    3.703462e-08    9.329342e-08
2.402228e-08    -2.183501e-08    -6.74583e-09    -9.546249e-09    -3.636265e-08    8.871103e-08    -1.169738e-07    -9.578659e-08    7.766186e-08    5.245786e-08    -1.375774e-08    3.458758e-08    3.61132e-10    -7.817479e-09    3.019051e-08    1.500574e-06    4.060326e-09    -8.85666e-07    -1.309846e-07    -8.964745e-09    6.600863e-08    -1.160567e-08    -2.899319e-08    4.699213e-08    -3.989923e-08
-5.469867e-10    -1.720243e-08    -4.902534e-09    -8.689577e-10    -2.272879e-08    -1.839315e-07    -2.387308e-08    -2.842143e-09    -1.739836e-07    2.334474e-07    -8.330242e-09    2.263874e-08    1.043012e-08    9.012371e-09    -2.663166e-09    4.060326e-09    1.464712e-06    -7.617568e-08    -9.30747e-07    1.01137e-07    -9.504658e-08    1.510706e-07    1.78928e-07    -7.36174e-08    -8.984299e-08
1.994275e-09    2.687699e-08    1.061319e-08    2.624736e-09    -5.894915e-09    -1.327402e-07    -3.82189e-08    -2.796104e-08    -1.096378e-07    1.218519e-07    2.435101e-08    -3.034415e-08    4.953116e-10    6.240369e-09    -1.215724e-08    -8.85666e-07    -7.617568e-08    1.446102e-06    -1.553817e-08    -5.505019e-07    -6.499978e-08    1.506516e-07    1.433067e-07    -6.339879e-08    -6.04488e-08
-3.472183e-09    -2.895336e-10    1.325501e-08    2.588154e-08    1.668766e-08    1.613722e-07    -1.22691e-07    -1.434028e-07    1.477808e-07    -5.272468e-08    2.154657e-08    -3.778267e-08    1.571142e-08    2.871126e-09    -3.615318e-08    -1.309846e-07    -9.30747e-07    -1.553817e-08    1.496615e-06    -4.839208e-07    1.124106e-07    -4.946969e-08    -5.809694e-08    7.713387e-08    -4.330785e-08
-1.561402e-08    -2.608264e-08    1.072591e-08    9.869811e-09    4.480865e-08    3.328668e-08    1.691727e-07    1.617501e-07    2.381711e-08    -1.686586e-07    -1.146489e-08    2.039535e-08    -1.021924e-08    -2.331862e-08    8.231307e-10    -8.964745e-09    1.01137e-07    -5.505019e-07    -4.839208e-07    1.388061e-06    -2.085129e-08    -1.444249e-07    -1.10468e-07    -8.977581e-09    1.227171e-07
1.680402e-07    -1.144923e-07    -9.747069e-08    1.595101e-07    -5.486266e-08    1.453274e-07    -6.701383e-08    -1.101603e-07    1.353426e-07    -4.648625e-08    9.17961e-08    -8.644824e-08    -7.638642e-08    8.764664e-08    -1.119526e-08    6.600863e-08    -9.504658e-08    -6.499978e-08    1.124106e-07    -2.085129e-08    1.524268e-06    4.071538e-08    -9.663342e-07    1.71821e-08    -4.28011e-08
-1.238796e-07    -5.153287e-08    -7.931856e-08    -1.632799e-07    1.994638e-07    -1.785595e-07    -7.45791e-08    -3.804501e-08    -1.316904e-07    2.289154e-07    -6.885444e-08    1.215517e-07    1.937026e-07    7.791556e-10    -1.293961e-07    -1.160567e-08    1.510706e-07    1.506516e-07    -4.946969e-08    -1.444249e-07    4.071538e-08    1.535696e-06    -4.457601e-09    -9.856275e-07    1.236277e-07
-1.511846e-07    -4.119011e-08    -4.01239e-08    -1.544117e-07    1.796626e-07    -1.547656e-07    -7.964312e-08    -4.320632e-08    -1.148748e-07    1.70639e-07    -3.232667e-08    1.443707e-07    1.361784e-07    -4.375218e-08    -9.057235e-08    -2.899319e-08    1.78928e-07    1.433067e-07    -5.809694e-08    -1.10468e-07    -9.663342e-07    -4.457601e-09    1.49287e-06    2.70754e-08    -6.639486e-07
1.412813e-07    -8.164171e-08    -5.706632e-08    1.195294e-07    -4.184756e-08    1.593354e-07    -6.763613e-08    -1.011032e-07    1.233153e-07    -6.244591e-08    9.09213e-08    -4.279873e-08    -1.240959e-07    3.537125e-08    3.703462e-08    4.699213e-08    -7.36174e-08    -6.339879e-08    7.713387e-08    -8.977581e-09    1.71821e-08    -9.856275e-07    2.70754e-08    1.505614e-06    -5.797934e-07
6.17869e-09    1.435627e-07    1.228522e-07    1.852981e-08    -1.506561e-07    1.050873e-08    1.36001e-07    1.411551e-07    -5.806338e-09    -1.322297e-07    -3.560941e-08    -5.594201e-08    -6.457779e-08    -3.356112e-08    9.329342e-08    -3.989923e-08    -8.984299e-08    -6.04488e-08    -4.330785e-08    1.227171e-07    -4.28011e-08    1.236277e-07    -6.639486e-07    -5.797934e-07    1.400004e-06
