1    -0.1750601    -0.4248295    0.2174913    0.002515153    -0.03238841    0.04783724    -0.02160848    -0.001132487    0.004781861    0.007737359    -0.0496647    0.03343609    0.1082092    -0.09720418
-0.1750601    1    -0.01491714    -0.6222392    0.2333305    -0.01114538    -0.056802    0.04319913    0.04859191    -0.01306501    -0.04952563    0.07152838    0.0610728    -0.02311315    -0.08404258
-0.4248295    -0.01491714    1    0.05952327    -0.5232977    -0.02410398    -0.02140263    0.002887439    -0.02615133    0.04397876    -0.01840606    0.05351053    0.06291157    -0.03478856    -0.01951604
0.2174913    -0.6222392    0.05952327    1    -0.5990358    -0.004350109    0.04695518    0.007053844    -0.04386999    -0.0358891    -0.00589075    0.02116704    0.02304788    -0.01029791    0.003824369
0.002515153    0.2333305    -0.5232977    -0.5990358    1    0.02357466    -0.006217423    0.004515984    0.02179571    -0.03559496    0.03597718    -0.07128305    -0.07965728    0.02026767    0.06539621
-0.03238841    -0.01114538    -0.02410398    -0.004350109    0.02357466    1    -0.1946423    -0.4709472    0.235111    -0.02529814    -0.003253133    -0.009992194    -0.0006106038    0.02774732    -0.00179487
0.04783724    -0.056802    -0.02140263    0.04695518    -0.006217423    -0.1946423    1    0.005353657    -0.6506694    0.2672641    -0.051045    0.08802882    0.04717612    -0.04326889    -0.0269349
-0.02160848    0.04319913    0.002887439    0.007053844    0.004515984    -0.4709472    0.005353657    1    0.06514224    -0.5083593    -0.02099735    0.09939648    0.06635002    -0.01830727    -0.08478977
-0.001132487    0.04859191    -0.02615133    -0.04386999    0.02179571    0.235111    -0.6506694    0.06514224    1    -0.6078586    0.03723318    -0.04572196    0.01875071    0.06778943    -0.05689477
0.004781861    -0.01306501    0.04397876    -0.0358891    -0.03559496    -0.02529814    0.2672641    -0.5083593    -0.6078586    1    0.001573076    -0.01440425    -0.06931756    -0.05824296    0.09940462
0.007737359    -0.04952563    -0.01840606    -0.00589075    0.03597718    -0.003253133    -0.051045    -0.02099735    0.03723318    0.001573076    1    -0.09296697    -0.5872855    0.1205512    -0.008874198
-0.0496647    0.07152838    0.05351053    0.02116704    -0.07128305    -0.009992194    0.08802882    0.09939648    -0.04572196    -0.01440425    -0.09296697    1    -0.2674181    -0.5953015    0.2580198
0.03343609    0.0610728    0.06291157    0.02304788    -0.07965728    -0.0006106038    0.04717612    0.06635002    0.01875071    -0.06931756    -0.5872855    -0.2674181    1    -0.09069658    -0.3813491
0.1082092    -0.02311315    -0.03478856    -0.01029791    0.02026767    0.02774732    -0.04326889    -0.01830727    0.06778943    -0.05824296    0.1205512    -0.5953015    -0.09069658    1    -0.4833
-0.09720418    -0.08404258    -0.01951604    0.003824369    0.06539621    -0.00179487    -0.0269349    -0.08478977    -0.05689477    0.09940462    -0.008874198    0.2580198    -0.3813491    -0.4833    1
