1    -0.1750601    -0.4248295    0.2174913    0.002515153    0.08290553    0.1420132    -0.1258927    0.1366638    -0.05172256
-0.1750601    1    -0.01491714    -0.6222392    0.2333305    -0.3353101    0.2167543    0.1456674    -0.3199835    0.06876775
-0.4248295    -0.01491714    1    0.05952327    -0.5232977    -0.270278    0.006946083    0.3412862    -0.2258945    -0.1337849
0.2174913    -0.6222392    0.05952327    1    -0.5990358    0.07819892    -0.02426068    0.03566689    0.2725577    -0.2255056
0.002515153    0.2333305    -0.5232977    -0.5990358    1    0.1260706    -0.06727067    -0.2627192    0.03812875    0.3118254
0.08290553    -0.3353101    -0.270278    0.07819892    0.1260706    1    -0.218888    -0.3308694    0.08306893    -0.09162578
0.1420132    0.2167543    0.006946083    -0.02426068    -0.06727067    -0.218888    1    -0.5246829    -0.383431    0.2626359
-0.1258927    0.1456674    0.3412862    0.03566689    -0.2627192    -0.3308694    -0.5246829    1    -0.1363358    -0.5814342
0.1366638    -0.3199835    -0.2258945    0.2725577    0.03812875    0.08306893    -0.383431    -0.1363358    1    -0.08966739
-0.05172256    0.06876775    -0.1337849    -0.2255056    0.3118254    -0.09162578    0.2626359    -0.5814342    -0.08966739    1
