1    -0.1750601    -0.4248295    0.2174913    0.002515153    -0.03868388    0.02683497    0.02435256    -0.03779789    0.01498125
-0.1750601    1    -0.01491714    -0.6222392    0.2333305    0.02570057    0.005629873    -0.02206836    0.0267326    -0.01257761
-0.4248295    -0.01491714    1    0.05952327    -0.5232977    0.05941823    -0.02345454    -0.03673244    -0.0009793452    0.0164058
0.2174913    -0.6222392    0.05952327    1    -0.5990358    0.01295194    -0.007756155    -0.01507274    -0.04536799    0.0123655
0.002515153    0.2333305    -0.5232977    -0.5990358    1    0.01103227    0.02341695    -0.00105645    0.003877634    -0.02687516
-0.03868388    0.02570057    0.05941823    0.01295194    0.01103227    1    0.05016715    -0.7652618    -0.2164396    0.2527462
0.02683497    0.005629873    -0.02345454    -0.007756155    0.02341695    0.05016715    1    0.07725506    -0.7808682    0.1179414
0.02435256    -0.02206836    -0.03673244    -0.01507274    -0.00105645    -0.7652618    0.07725506    1    0.210168    -0.6410685
-0.03779789    0.0267326    -0.0009793452    -0.04536799    0.003877634    -0.2164396    -0.7808682    0.210168    1    -0.5415401
0.01498125    -0.01257761    0.0164058    0.0123655    -0.02687516    0.2527462    0.1179414    -0.6410685    -0.5415401    1
