1    -0.1750601    -0.4248295    0.2174913    0.002515153    -0.03238841    0.04783724    -0.02160848    -0.001132487    0.004781861    0.04901338    0.03777627    -0.004170395    -0.02228881    -0.02847023
-0.1750601    1    -0.01491714    -0.6222392    0.2333305    -0.01114538    -0.056802    0.04319913    0.04859191    -0.01306501    -0.07638673    0.04287444    0.07752935    -0.0354916    -0.03312849
-0.4248295    -0.01491714    1    0.05952327    -0.5232977    -0.02410398    -0.02140263    0.002887439    -0.02615133    0.04397876    -0.02816364    0.07149433    0.05057256    -0.048711    -0.007703355
0.2174913    -0.6222392    0.05952327    1    -0.5990358    -0.004350109    0.04695518    0.007053844    -0.04386999    -0.0358891    0.0374761    0.01309802    0.003958793    -0.0008711112    -0.02311995
0.002515153    0.2333305    -0.5232977    -0.5990358    1    0.02357466    -0.006217423    0.004515984    0.02179571    -0.03559496    0.01021374    -0.07437749    -0.04490543    0.04902425    0.003974
-0.03238841    -0.01114538    -0.02410398    -0.004350109    0.02357466    1    -0.1946423    -0.4709472    0.235111    -0.02529814    -0.002023299    0.00764351    0.02170665    0.03386528    -0.0341711
0.04783724    -0.056802    -0.02140263    0.04695518    -0.006217423    -0.1946423    1    0.005353657    -0.6506694    0.2672641    -0.0753247    -0.01936059    0.1058499    0.01495575    -0.03634186
-0.02160848    0.04319913    0.002887439    0.007053844    0.004515984    -0.4709472    0.005353657    1    0.06514224    -0.5083593    -0.08187566    0.1260964    0.0744444    -0.08229582    -0.05025464
-0.001132487    0.04859191    -0.02615133    -0.04386999    0.02179571    0.235111    -0.6506694    0.06514224    1    -0.6078586    0.09051334    0.07639208    -0.07679546    -0.02277395    -0.01224867
0.004781861    -0.01306501    0.04397876    -0.0358891    -0.03559496    -0.02529814    0.2672641    -0.5083593    -0.6078586    1    -0.009418949    -0.115067    -0.03035186    0.02420408    0.05798563
0.04901338    -0.07638673    -0.02816364    0.0374761    0.01021374    -0.002023299    -0.0753247    -0.08187566    0.09051334    -0.009418949    1    -0.006012193    -0.5898456    0.08617625    -0.07295721
0.03777627    0.04287444    0.07149433    0.01309802    -0.07437749    0.00764351    -0.01936059    0.1260964    0.07639208    -0.115067    -0.006012193    1    -0.2592951    -0.5895032    0.2392751
-0.004170395    0.07752935    0.05057256    0.003958793    -0.04490543    0.02170665    0.1058499    0.0744444    -0.07679546    -0.03035186    -0.5898456    -0.2592951    1    -0.006376612    -0.4396046
-0.02228881    -0.0354916    -0.048711    -0.0008711112    0.04902425    0.03386528    0.01495575    -0.08229582    -0.02277395    0.02420408    0.08617625    -0.5895032    -0.006376612    1    -0.4237378
-0.02847023    -0.03312849    -0.007703355    -0.02311995    0.003974    -0.0341711    -0.03634186    -0.05025464    -0.01224867    0.05798563    -0.07295721    0.2392751    -0.4396046    -0.4237378    1
