1    -0.1750601    -0.4248295    0.2174913    0.002515153    -0.03238841    0.04783724    -0.02160848    -0.001132487    0.004781861    0.1062739    -0.04173183    -0.06669368    0.0707084    0.03126267    0.08045247    -0.07690611    -0.0909989    0.07327928    0.03840799    0.06960626    -0.05946263    0.01124724    0.06525906    -0.0422528    -0.03868388    0.02683497    0.02435256    -0.03779789    0.01498125    -0.02241952    0.02945679    0.008760102    -0.02560259    0.02023621    -0.0324485    0.03713678    -0.01089743    -0.0252368    0.02411072
-0.1750601    1    -0.01491714    -0.6222392    0.2333305    -0.01114538    -0.056802    0.04319913    0.04859191    -0.01306501    -0.01884409    0.02837125    -0.05689195    -0.01663733    0.04394241    -0.03606889    -0.04560146    -0.0428654    -0.03354765    0.1364674    0.05904949    -0.003635176    -0.07226143    0.02426811    0.06971675    0.02570057    0.005629873    -0.02206836    0.0267326    -0.01257761    0.05364091    -0.01631893    -0.03769026    0.0274596    -0.001477796    0.06517634    -0.02067189    -0.0349201    0.02311271    -0.007536412
-0.4248295    -0.01491714    1    0.05952327    -0.5232977    -0.02410398    -0.02140263    0.002887439    -0.02615133    0.04397876    0.0492766    -0.06421367    -0.03536227    0.01248344    0.06460526    -0.02822615    -0.0611769    -0.0250126    -0.02210743    0.1312862    -0.03717377    -0.0524544    -0.01608579    0.07371991    0.07790413    0.05941823    -0.02345454    -0.03673244    -0.0009793452    0.0164058    0.02445593    -0.02934515    -0.0160448    0.03610256    0.01897256    0.07469758    -0.07160698    -0.04301916    0.03843172    -0.007932219
0.2174913    -0.6222392    0.05952327    1    -0.5990358    -0.004350109    0.04695518    0.007053844    -0.04386999    -0.0358891    0.1399626    -0.08823668    -0.08628976    0.1332735    0.0390444    0.119538    -0.1185249    -0.09677928    0.1441567    -0.03057524    0.03295568    -0.03238618    -0.03195911    0.05777876    0.04540745    0.01295194    -0.007756155    -0.01507274    -0.04536799    0.0123655    -0.02507977    -0.005862087    -0.00900583    -0.01177597    0.05591542    -0.01060321    0.00331427    -0.004962427    -0.03767499    0.01569491
0.002515153    0.2333305    -0.5232977    -0.5990358    1    0.02357466    -0.006217423    0.004515984    0.02179571    -0.03559496    -0.171295    0.116167    0.1020139    -0.1270012    -0.03871811    -0.0827866    0.1297842    0.129556    -0.07433294    -0.1390769    -0.05598918    0.07469587    0.06070256    -0.1086727    -0.1021506    0.01103227    0.02341695    -0.00105645    0.003877634    -0.02687516    -0.01221327    -0.01065451    0.02797767    0.007083841    -0.0721387    -0.0139021    0.006085149    0.01554656    0.001828074    -0.0170674
-0.03238841    -0.01114538    -0.02410398    -0.004350109    0.02357466    1    -0.1946423    -0.4709472    0.235111    -0.02529814    0.08580155    -0.05242631    -0.007107087    0.01171587    0.01553355    0.1125817    -0.08291987    -0.0868434    0.1033577    -0.01966699    0.04370249    -0.02391211    -0.02552311    0.04000411    0.01861263    -0.05441887    0.03259111    0.042098    -0.01144002    0.01634724    -0.02306903    -0.02257848    -0.00329915    0.01303041    -0.000340857    -0.05806814    -0.01905838    0.03358171    0.01492308    0.01209968
0.04783724    -0.056802    -0.02140263    0.04695518    -0.006217423    -0.1946423    1    0.005353657    -0.6506694    0.2672641    -0.0895111    -0.03176213    0.03980186    -0.02105809    0.09505249    -0.05889785    -0.00170725    -0.01437208    -0.06253377    0.1102095    0.02430503    -0.06125764    -0.01451888    0.02676009    0.06309214    0.04852323    -0.04285439    0.004806626    0.01411818    -0.07562327    0.005602549    -0.03680413    0.0319904    0.0575555    -0.04738499    0.04425848    -0.0529086    0.01351094    0.04822084    -0.08463976
-0.02160848    0.04319913    0.002887439    0.007053844    0.004515984    -0.4709472    0.005353657    1    0.06514224    -0.5083593    0.04746799    -0.0488372    -0.09953043    0.0787147    0.094424    -0.006737235    -0.0705223    -0.09045187    -0.01487817    0.1719383    0.05158124    -0.0245993    -0.06011067    0.01643522    0.0675262    0.004058885    -0.009180644    -0.03947601    -0.03934062    0.04766085    0.04527836    0.01276498    -0.01115731    -0.03657144    0.03227499    -0.01245327    0.03746201    0.001815271    -0.07141561    0.04733052
-0.001132487    0.04859191    -0.02615133    -0.04386999    0.02179571    0.235111    -0.6506694    0.06514224    1    -0.6078586    0.1789869    -0.07188884    -0.08701485    0.116042    -0.03253994    0.1557245    -0.128178    -0.1220098    0.1055599    0.01355246    0.04406171    -0.03355917    -0.03772896    0.08385934    0.003023485    -0.06069623    0.03151801    0.03092303    -0.04632147    0.05767631    0.03839176    0.008092684    -0.05395704    -0.02746769    0.04783365    -0.03970691    0.02975632    0.01790455    -0.05704641    0.04815327
0.004781861    -0.01306501    0.04397876    -0.0358891    -0.03559496    -0.02529814    0.2672641    -0.5083593    -0.6078586    1    -0.1952854    0.1296703    0.1450552    -0.1804671    -0.05279449    -0.1497256    0.1351196    0.1929388    -0.05353459    -0.1540285    -0.06877164    0.03305229    0.08397911    -0.07236744    -0.0665572    0.03167666    0.02441669    0.004928975    0.02656286    -0.09268848    -0.03858226    -0.004696596    0.03972183    0.01929935    -0.03458975    0.04737169    -0.02647088    -0.03644412    0.05826634    -0.06837055
0.1062739    -0.01884409    0.0492766    0.1399626    -0.171295    0.08580155    -0.0895111    0.04746799    0.1789869    -0.1952854    1    -0.3425514    -0.24755    0.1688995    0.007790085    0.01798854    -0.04065403    -0.06900619    -0.01741116    0.1195293    -0.07208635    0.1296411    0.0257668    -0.06267589    -0.06859719    -0.1767803    -0.06666218    0.1860952    0.1281455    -0.04795744    -0.1095937    -0.08567724    0.08364404    0.1766143    -0.03620868    -0.1263499    -0.07152569    0.1316732    0.1212015    -0.037562
-0.04173183    0.02837125    -0.06421367    -0.08823668    0.116167    -0.05242631    -0.03176213    -0.0488372    -0.07188884    0.1296703    -0.3425514    1    -0.6241456    -0.2792986    0.1218277    0.005185252    0.01868814    -0.001572928    0.01406794    -0.04648981    -0.01221896    -0.09842613    0.05058382    0.03587219    0.01075131    0.0457438    0.02730782    -0.02652208    -0.009126031    0.04985198    0.01319556    0.03898592    0.01077077    -0.01010976    0.04019231    0.002706932    0.02306117    0.00103875    -0.007419912    0.03841537
-0.06669368    -0.05689195    -0.03536227    -0.08628976    0.1020139    -0.007107087    0.03980186    -0.09953043    -0.08701485    0.1450552    -0.24755    -0.6241456    1    -0.2963397    -0.2330515    -0.02866228    0.03544331    0.07095481    -0.02415809    -0.0327292    0.1405388    -0.0142625    -0.1410526    0.04865965    0.06522706    -0.03524317    -0.001486236    0.04598123    0.02887792    -0.1117265    -0.04213796    0.02540923    0.06320094    -0.03363117    -0.0943907    -0.04358652    0.031866    0.05279601    -0.001865628    -0.08638982
0.0707084    -0.01663733    0.01248344    0.1332735    -0.1270012    0.01171587    -0.02105809    0.0787147    0.116042    -0.1804671    0.1688995    -0.2792986    -0.2963397    1    -0.3314129    0.0201038    -0.04794656    -0.1023507    0.02010253    0.1208491    -0.01920492    0.0355328    0.05907627    -0.03329079    -0.07680343    0.1556508    0.1312641    -0.06975276    -0.125634    -0.06005435    0.1578264    0.07053546    -0.1094114    -0.06955907    -0.0482123    0.1993922    0.08101921    -0.1072662    -0.07815568    -0.06487866
0.03126267    0.04394241    0.06460526    0.0390444    -0.03871811    0.01553355    0.09505249    0.094424    -0.03253994    -0.05279449    0.007790085    0.1218277    -0.2330515    -0.3314129    1    0.01720538    0.0003217162    0.03269436    0.003594638    -0.08398854    -0.1315544    0.0147975    0.05810587    -0.009235673    0.02932604    -0.05886408    -0.1385741    -0.03817062    0.003018188    0.03084064    -0.06123957    -0.1298765    0.009222717    0.02912565    -0.04626603    -0.04278369    -0.1147302    -0.008738951    0.003373388    -0.0197679
0.08045247    -0.03606889    -0.02822615    0.119538    -0.0827866    0.1125817    -0.05889785    -0.006737235    0.1557245    -0.1497256    0.01798854    0.005185252    -0.02866228    0.0201038    0.01720538    1    0.0416845    -0.7534453    -0.07856249    0.08736875    0.0316579    -0.05171671    -0.008127827    0.06716212    0.0193786    0.05358964    -0.09566903    0.01407236    0.07424532    -0.05939981    0.01315789    0.03447173    0.02969894    -0.004472645    -0.03402248    0.06491292    -0.08783711    0.01703698    0.05084744    -0.05346482
-0.07690611    -0.04560146    -0.0611769    -0.1185249    0.1297842    -0.08291987    -0.00170725    -0.0705223    -0.128178    0.1351196    -0.04065403    0.01868814    0.03544331    -0.04794656    0.0003217162    0.0416845    1    -0.220745    -0.7680268    0.1760315    -0.1051961    0.02387862    0.05185905    -0.07125035    0.03913429    -0.01551211    0.003946173    -0.08642587    -0.105248    0.1961661    -0.04715567    -0.006231137    0.02947198    -0.001007373    -0.001916083    -0.005501604    0.004635608    -0.02617324    -0.05303656    0.09271849
-0.0909989    -0.0428654    -0.0250126    -0.09677928    0.129556    -0.0868434    -0.01437208    -0.09045187    -0.1220098    0.1929388    -0.06900619    -0.001572928    0.07095481    -0.1023507    0.03269436    -0.7534453    -0.220745    1    0.05457984    -0.4539195    -0.05979963    0.08516478    0.01064528    -0.1203532    0.001821103    -0.06272539    -0.01194206    -0.09389979    -0.03887333    0.1568439    -0.03665424    0.01839079    0.01929632    -0.02737088    0.00246218    -0.09215185    0.05982941    -0.01852999    -0.05101991    0.09314656
0.07327928    -0.03354765    -0.02210743    0.1441567    -0.07433294    0.1033577    -0.06253377    -0.01487817    0.1055599    -0.05353459    -0.01741116    0.01406794    -0.02415809    0.02010253    0.003594638    -0.07856249    -0.7680268    0.05457984    1    -0.3206691    0.05208402    0.01437357    -0.04227616    0.02363694    -0.02765765    0.03157683    -0.06082448    0.0227204    0.1370287    -0.1426721    0.06079203    0.03150306    -0.01032573    -0.0155718    -0.02803601    0.022386    -0.02876085    0.01044916    0.0817403    -0.09150593
0.03840799    0.1364674    0.1312862    -0.03057524    -0.1390769    -0.01966699    0.1102095    0.1719383    0.01355246    -0.1540285    0.1195293    -0.04648981    -0.0327292    0.1208491    -0.08398854    0.08736875    0.1760315    -0.4539195    -0.3206691    1    0.09880376    -0.1022697    -0.000121861    0.1156254    -0.03573489    0.01528098    0.1717524    0.1637211    -0.06162261    -0.1827065    0.01131843    -0.05666096    -0.04880353    0.03874425    0.03262475    0.03363894    0.05936517    0.03737423    -0.04236998    -0.06246687
0.06960626    0.05904949    -0.03717377    0.03295568    -0.05598918    0.04370249    0.02430503    0.05158124    0.04406171    -0.06877164    -0.07208635    -0.01221896    0.1405388    -0.01920492    -0.1315544    0.0316579    -0.1051961    -0.05979963    0.05208402    0.09880376    1    0.1802937    -0.5691702    -0.2002636    -0.1141258    -0.03518199    0.04406992    0.08748384    -0.006565689    -0.09400843    0.002072449    0.07737635    0.06396886    -0.02752499    -0.07243562    -0.1603644    0.01298608    0.1604654    0.08648642    -0.03671642
-0.05946263    -0.003635176    -0.0524544    -0.03238618    0.07469587    -0.02391211    -0.06125764    -0.0245993    -0.03355917    0.03305229    0.1296411    -0.09842613    -0.0142625    0.0355328    0.0147975    -0.05171671    0.02387862    0.08516478    0.01437357    -0.1022697    0.1802937    1    -0.712963    -0.5634511    0.2419349    -0.004117329    -0.05887365    0.02810096    0.07208845    -0.01944009    -0.007546856    -0.01243617    0.01225864    0.02522846    -0.01440876    -0.02048981    -0.04206599    -0.01845305    0.05780439    0.1025666
0.01124724    -0.07226143    -0.01608579    -0.03195911    0.06070256    -0.02552311    -0.01451888    -0.06011067    -0.03772896    0.08397911    0.0257668    0.05058382    -0.1410526    0.05907627    0.05810587    -0.008127827    0.05185905    0.01064528    -0.04227616    -0.000121861    -0.5691702    -0.712963    1    0.1600804    -0.4300399    0.004094961    0.08498085    -0.01357486    -0.04992367    0.03569054    0.03160495    0.02645571    -0.03095185    -0.005834921    0.01190503    0.04503312    0.06082599    -0.01556947    -0.04923939    -0.05356981
0.06525906    0.02426811    0.07371991    0.05777876    -0.1086727    0.04000411    0.02676009    0.01643522    0.08385934    -0.07236744    -0.06267589    0.03587219    0.04865965    -0.03329079    -0.009235673    0.06716212    -0.07125035    -0.1203532    0.02363694    0.1156254    -0.2002636    -0.5634511    0.1600804    1    -0.04550196    0.04088292    0.03016526    -0.01105948    -0.05378308    -0.03262829    -0.01894724    -0.01822931    0.04700578    0.01852502    -0.0371248    0.1436854    0.03978726    -0.04075165    -0.09282286    -0.1352477
-0.0422528    0.06971675    0.07790413    0.04540745    -0.1021506    0.01861263    0.06309214    0.0675262    0.003023485    -0.0665572    -0.06859719    0.01075131    0.06522706    -0.07680343    0.02932604    0.0193786    0.03913429    0.001821103    -0.02765765    -0.03573489    -0.1141258    0.2419349    -0.4300399    -0.04550196    1    -0.01434644    -0.1607475    -0.08457745    0.04869665    0.08412436    -0.04841896    -0.1168799    -0.03812896    0.007186327    0.08302554    -0.04299442    -0.1391635    -0.0326559    0.01498628    -0.005949784
-0.03868388    0.02570057    0.05941823    0.01295194    0.01103227    -0.05441887    0.04852323    0.004058885    -0.06069623    0.03167666    -0.1767803    0.0457438    -0.03524317    0.1556508    -0.05886408    0.05358964    -0.01551211    -0.06272539    0.03157683    0.01528098    -0.03518199    -0.004117329    0.004094961    0.04088292    -0.01434644    1    0.05016715    -0.7652618    -0.2164396    0.2527462    0.09293558    -0.04479658    -0.06658394    0.008783134    0.03758904    0.5959399    0.008867918    -0.4352198    -0.1327181    0.1665932
0.02683497    0.005629873    -0.02345454    -0.007756155    0.02341695    0.03259111    -0.04285439    -0.009180644    0.03151801    0.02441669    -0.06666218    0.02730782    -0.001486236    0.1312641    -0.1385741    -0.09566903    0.003946173    -0.01194206    -0.06082448    0.1717524    0.04406992    -0.05887365    0.08498085    0.03016526    -0.1607475    0.05016715    1    0.07725506    -0.7808682    0.1179414    0.008163831    0.05353282    0.05082531    -0.01102475    -0.07750115    0.03727942    0.5768487    0.003365721    -0.4236526    0.06463427
0.02435256    -0.02206836    -0.03673244    -0.01507274    -0.00105645    0.042098    0.004806626    -0.03947601    0.03092303    0.004928975    0.1860952    -0.02652208    0.04598123    -0.06975276    -0.03817062    0.01407236    -0.08642587    -0.09389979    0.0227204    0.1637211    0.08748384    0.02810096    -0.01357486    -0.01105948    -0.08457745    -0.7652618    0.07725506    1    0.210168    -0.6410685    -0.0330146    0.0576957    0.07353514    0.03507434    -0.1227615    -0.4368008    0.05310049    0.5855373    0.1218832    -0.4151067
-0.03779789    0.0267326    -0.0009793452    -0.04536799    0.003877634    -0.01144002    0.01411818    -0.03934062    -0.04632147    0.02656286    0.1281455    -0.009126031    0.02887792    -0.125634    0.003018188    0.07424532    -0.105248    -0.03887333    0.1370287    -0.06162261    -0.006565689    0.07208845    -0.04992367    -0.05378308    0.04869665    -0.2164396    -0.7808682    0.210168    1    -0.5415401    0.00979504    0.01938877    -0.01888935    -0.00858777    0.01606729    -0.1096388    -0.43125    0.1203527    0.5588632    -0.3183744
0.01498125    -0.01257761    0.0164058    0.0123655    -0.02687516    0.01634724    -0.07562327    0.04766085    0.05767631    -0.09268848    -0.04795744    0.04985198    -0.1117265    -0.06005435    0.03084064    -0.05939981    0.1961661    0.1568439    -0.1426721    -0.1827065    -0.09400843    -0.01944009    0.03569054    -0.03262829    0.08412436    0.2527462    0.1179414    -0.6410685    -0.5415401    1    -0.0401096    -0.08124945    -0.04597078    0.002510157    0.1348547    0.08022032    0.03772683    -0.3454525    -0.2947401    0.6483583
-0.02241952    0.05364091    0.02445593    -0.02507977    -0.01221327    -0.02306903    0.005602549    0.04527836    0.03839176    -0.03858226    -0.1095937    0.01319556    -0.04213796    0.1578264    -0.06123957    0.01315789    -0.04715567    -0.03665424    0.06079203    0.01131843    0.002072449    -0.007546856    0.03160495    -0.01894724    -0.04841896    0.09293558    0.008163831    -0.0330146    0.00979504    -0.0401096    1    -0.07105915    -0.7590877    -0.01713896    0.1621592    0.4901566    -0.06330202    -0.3104338    0.04517631    0.01507915
0.02945679    -0.01631893    -0.02934515    -0.005862087    -0.01065451    -0.02257848    -0.03680413    0.01276498    0.008092684    -0.004696596    -0.08567724    0.03898592    0.02540923    0.07053546    -0.1298765    0.03447173    -0.006231137    0.01839079    0.03150306    -0.05666096    0.07737635    -0.01243617    0.02645571    -0.01822931    -0.1168799    -0.04479658    0.05353282    0.0576957    0.01938877    -0.08124945    -0.07105915    1    0.1470227    -0.7767391    0.1245049    -0.05950677    0.4975764    0.05829945    -0.3400704    0.05433921
0.008760102    -0.03769026    -0.0160448    -0.00900583    0.02797767    -0.00329915    0.0319904    -0.01115731    -0.05395704    0.03972183    0.08364404    0.01077077    0.06320094    -0.1094114    0.009222717    0.02969894    0.02947198    0.01929632    -0.01032573    -0.04880353    0.06396886    0.01225864    -0.03095185    0.04700578    -0.03812896    -0.06658394    0.05082531    0.07353514    -0.01888935    -0.04597078    -0.7590877    0.1470227    1    0.002426858    -0.537623    -0.3778434    0.1453115    0.4654506    -0.08348665    -0.2108781
-0.02560259    0.0274596    0.03610256    -0.01177597    0.007083841    0.01303041    0.0575555    -0.03657144    -0.02746769    0.01929935    0.1766143    -0.01010976    -0.03363117    -0.06955907    0.02912565    -0.004472645    -0.001007373    -0.02737088    -0.0155718    0.03874425    -0.02752499    0.02522846    -0.005834921    0.01852502    0.007186327    0.008783134    -0.01102475    0.03507434    -0.00858777    0.002510157    -0.01713896    -0.7767391    0.002426858    1    -0.5020596    0.02734744    -0.3955663    0.03704601    0.4580118    -0.2645729
0.02023621    -0.001477796    0.01897256    0.05591542    -0.0721387    -0.000340857    -0.04738499    0.03227499    0.04783365    -0.03458975    -0.03620868    0.04019231    -0.0943907    -0.0482123    -0.04626603    -0.03402248    -0.001916083    0.00246218    -0.02803601    0.03262475    -0.07243562    -0.01440876    0.01190503    -0.0371248    0.08302554    0.03758904    -0.07750115    -0.1227615    0.01606729    0.1348547    0.1621592    0.1245049    -0.537623    -0.5020596    1    0.06724454    0.007292789    -0.3149082    -0.1906506    0.4838275
-0.0324485    0.06517634    0.07469758    -0.01060321    -0.0139021    -0.05806814    0.04425848    -0.01245327    -0.03970691    0.04737169    -0.1263499    0.002706932    -0.04358652    0.1993922    -0.04278369    0.06491292    -0.005501604    -0.09215185    0.022386    0.03363894    -0.1603644    -0.02048981    0.04503312    0.1436854    -0.04299442    0.5959399    0.03727942    -0.4368008    -0.1096388    0.08022032    0.4901566    -0.05950677    -0.3778434    0.02734744    0.06724454    1    -0.07100112    -0.728322    -0.04729772    0.1596486
0.03713678    -0.02067189    -0.07160698    0.00331427    0.006085149    -0.01905838    -0.0529086    0.03746201    0.02975632    -0.02647088    -0.07152569    0.02306117    0.031866    0.08101921    -0.1147302    -0.08783711    0.004635608    0.05982941    -0.02876085    0.05936517    0.01298608    -0.04206599    0.06082599    0.03978726    -0.1391635    0.008867918    0.5768487    0.05310049    -0.43125    0.03772683    -0.06330202    0.4975764    0.1453115    -0.3955663    0.007292789    -0.07100112    1    0.0881019    -0.7726396    0.1730508
-0.01089743    -0.0349201    -0.04301916    -0.004962427    0.01554656    0.03358171    0.01351094    0.001815271    0.01790455    -0.03644412    0.1316732    0.00103875    0.05279601    -0.1072662    -0.008738951    0.01703698    -0.02617324    -0.01852999    0.01044916    0.03737423    0.1604654    -0.01845305    -0.01556947    -0.04075165    -0.0326559    -0.4352198    0.003365721    0.5855373    0.1203527    -0.3454525    -0.3104338    0.05829945    0.4654506    0.03704601    -0.3149082    -0.728322    0.0881019    1    0.04617607    -0.5515985
-0.0252368    0.02311271    0.03843172    -0.03767499    0.001828074    0.01492308    0.04822084    -0.07141561    -0.05704641    0.05826634    0.1212015    -0.007419912    -0.001865628    -0.07815568    0.003373388    0.05084744    -0.05303656    -0.05101991    0.0817403    -0.04236998    0.08648642    0.05780439    -0.04923939    -0.09282286    0.01498628    -0.1327181    -0.4236526    0.1218832    0.5588632    -0.2947401    0.04517631    -0.3400704    -0.08348665    0.4580118    -0.1906506    -0.04729772    -0.7726396    0.04617607    1    -0.5459898
0.02411072    -0.007536412    -0.007932219    0.01569491    -0.0170674    0.01209968    -0.08463976    0.04733052    0.04815327    -0.06837055    -0.037562    0.03841537    -0.08638982    -0.06487866    -0.0197679    -0.05346482    0.09271849    0.09314656    -0.09150593    -0.06246687    -0.03671642    0.1025666    -0.05356981    -0.1352477    -0.005949784    0.1665932    0.06463427    -0.4151067    -0.3183744    0.6483583    0.01507915    0.05433921    -0.2108781    -0.2645729    0.4838275    0.1596486    0.1730508    -0.5515985    -0.5459898    1
