1    -0.1750601    -0.4248295    0.2174913    0.002515153    -0.03238841    0.04783724    -0.02160848    -0.001132487    0.004781861    0.01689402    -0.007827286    0.04156598    0.008776501    -0.0205498    0.08045247    -0.07690611    -0.0909989    0.07327928    0.03840799    -0.03868388    0.02683497    0.02435256    -0.03779789    0.01498125
-0.1750601    1    -0.01491714    -0.6222392    0.2333305    -0.01114538    -0.056802    0.04319913    0.04859191    -0.01306501    -0.04408736    0.03763997    0.08218417    -0.06613515    -0.01940526    -0.03606889    -0.04560146    -0.0428654    -0.03354765    0.1364674    0.02570057    0.005629873    -0.02206836    0.0267326    -0.01257761
-0.4248295    -0.01491714    1    0.05952327    -0.5232977    -0.02410398    -0.02140263    0.002887439    -0.02615133    0.04397876    -0.08279902    0.02124634    0.09939839    0.008893872    -0.06331844    -0.02822615    -0.0611769    -0.0250126    -0.02210743    0.1312862    0.05941823    -0.02345454    -0.03673244    -0.0009793452    0.0164058
0.2174913    -0.6222392    0.05952327    1    -0.5990358    -0.004350109    0.04695518    0.007053844    -0.04386999    -0.0358891    0.003469206    0.009919372    0.006749883    0.03282896    -0.03321681    0.119538    -0.1185249    -0.09677928    0.1441567    -0.03057524    0.01295194    -0.007756155    -0.01507274    -0.04536799    0.0123655
0.002515153    0.2333305    -0.5232977    -0.5990358    1    0.02357466    -0.006217423    0.004515984    0.02179571    -0.03559496    0.09331798    0.001268893    -0.1189013    -0.03742274    0.04900445    -0.0827866    0.1297842    0.129556    -0.07433294    -0.1390769    0.01103227    0.02341695    -0.00105645    0.003877634    -0.02687516
-0.03238841    -0.01114538    -0.02410398    -0.004350109    0.02357466    1    -0.1946423    -0.4709472    0.235111    -0.02529814    0.01215092    0.02744832    0.001489062    0.01955558    -0.02809272    0.1125817    -0.08291987    -0.0868434    0.1033577    -0.01966699    -0.05441887    0.03259111    0.042098    -0.01144002    0.01634724
0.04783724    -0.056802    -0.02140263    0.04695518    -0.006217423    -0.1946423    1    0.005353657    -0.6506694    0.2672641    -0.007567942    0.06293068    0.02211944    -0.05201462    -0.01847086    -0.05889785    -0.00170725    -0.01437208    -0.06253377    0.1102095    0.04852323    -0.04285439    0.004806626    0.01411818    -0.07562327
-0.02160848    0.04319913    0.002887439    0.007053844    0.004515984    -0.4709472    0.005353657    1    0.06514224    -0.5083593    -0.06726309    0.09942476    0.101867    -0.09660469    -0.04082691    -0.006737235    -0.0705223    -0.09045187    -0.01487817    0.1719383    0.004058885    -0.009180644    -0.03947601    -0.03934062    0.04766085
-0.001132487    0.04859191    -0.02615133    -0.04386999    0.02179571    0.235111    -0.6506694    0.06514224    1    -0.6078586    0.02897244    -0.02056982    0.02207482    0.03593319    -0.05619152    0.1557245    -0.128178    -0.1220098    0.1055599    0.01355246    -0.06069623    0.03151801    0.03092303    -0.04632147    0.05767631
0.004781861    -0.01306501    0.04397876    -0.0358891    -0.03559496    -0.02529814    0.2672641    -0.5083593    -0.6078586    1    -0.01613452    -0.07280861    -0.07414618    0.0332482    0.09921452    -0.1497256    0.1351196    0.1929388    -0.05353459    -0.1540285    0.03167666    0.02441669    0.004928975    0.02656286    -0.09268848
0.01689402    -0.04408736    -0.08279902    0.003469206    0.09331798    0.01215092    -0.007567942    -0.06726309    0.02897244    -0.01613452    1    0.002486199    -0.6084731    0.05587275    -0.03522792    0.1088512    -0.06644037    -0.1028358    0.05544688    0.03159115    -0.002494613    0.1473763    0.07965342    -0.05909678    -0.1031635
-0.007827286    0.03763997    0.02124634    0.009919372    0.001268893    0.02744832    0.06293068    0.09942476    -0.02056982    -0.07280861    0.002486199    1    -0.2610428    -0.5998652    0.2709889    -0.05057511    -0.003926934    0.02484109    -0.02241865    0.04915013    -0.01219274    0.003850291    0.008210433    0.02755608    0.001810504
0.04156598    0.08218417    0.09939839    0.006749883    -0.1189013    0.001489062    0.02211944    0.101867    0.02207482    -0.07414618    -0.6084731    -0.2610428    1    0.02869043    -0.4800809    -0.09915214    0.04044227    0.03009792    -0.06964021    0.09857411    0.02284956    -0.0518164    -0.04664825    -0.0009187674    0.07461777
0.008776501    -0.06613515    0.008893872    0.03282896    -0.03742274    0.01955558    -0.05201462    -0.09660469    0.03593319    0.0332482    0.05587275    -0.5998652    0.02869043    1    -0.3962035    0.09346618    -0.008937186    -0.08943497    0.03692319    -0.02995317    0.01919973    0.006986546    0.03169457    -0.02355308    -0.02725899
-0.0205498    -0.01940526    -0.06331844    -0.03321681    0.04900445    -0.02809272    -0.01847086    -0.04082691    -0.05619152    0.09921452    -0.03522792    0.2709889    -0.4800809    -0.3962035    1    -0.04439478    -0.002613666    0.09712877    0.03962462    -0.1025498    -0.04528239    -0.02101901    -0.01250928    0.01996117    0.005007388
0.08045247    -0.03606889    -0.02822615    0.119538    -0.0827866    0.1125817    -0.05889785    -0.006737235    0.1557245    -0.1497256    0.1088512    -0.05057511    -0.09915214    0.09346618    -0.04439478    1    0.0416845    -0.7534453    -0.07856249    0.08736875    0.05358964    -0.09566903    0.01407236    0.07424532    -0.05939981
-0.07690611    -0.04560146    -0.0611769    -0.1185249    0.1297842    -0.08291987    -0.00170725    -0.0705223    -0.128178    0.1351196    -0.06644037    -0.003926934    0.04044227    -0.008937186    -0.002613666    0.0416845    1    -0.220745    -0.7680268    0.1760315    -0.01551211    0.003946173    -0.08642587    -0.105248    0.1961661
-0.0909989    -0.0428654    -0.0250126    -0.09677928    0.129556    -0.0868434    -0.01437208    -0.09045187    -0.1220098    0.1929388    -0.1028358    0.02484109    0.03009792    -0.08943497    0.09712877    -0.7534453    -0.220745    1    0.05457984    -0.4539195    -0.06272539    -0.01194206    -0.09389979    -0.03887333    0.1568439
0.07327928    -0.03354765    -0.02210743    0.1441567    -0.07433294    0.1033577    -0.06253377    -0.01487817    0.1055599    -0.05353459    0.05544688    -0.02241865    -0.06964021    0.03692319    0.03962462    -0.07856249    -0.7680268    0.05457984    1    -0.3206691    0.03157683    -0.06082448    0.0227204    0.1370287    -0.1426721
0.03840799    0.1364674    0.1312862    -0.03057524    -0.1390769    -0.01966699    0.1102095    0.1719383    0.01355246    -0.1540285    0.03159115    0.04915013    0.09857411    -0.02995317    -0.1025498    0.08736875    0.1760315    -0.4539195    -0.3206691    1    0.01528098    0.1717524    0.1637211    -0.06162261    -0.1827065
-0.03868388    0.02570057    0.05941823    0.01295194    0.01103227    -0.05441887    0.04852323    0.004058885    -0.06069623    0.03167666    -0.002494613    -0.01219274    0.02284956    0.01919973    -0.04528239    0.05358964    -0.01551211    -0.06272539    0.03157683    0.01528098    1    0.05016715    -0.7652618    -0.2164396    0.2527462
0.02683497    0.005629873    -0.02345454    -0.007756155    0.02341695    0.03259111    -0.04285439    -0.009180644    0.03151801    0.02441669    0.1473763    0.003850291    -0.0518164    0.006986546    -0.02101901    -0.09566903    0.003946173    -0.01194206    -0.06082448    0.1717524    0.05016715    1    0.07725506    -0.7808682    0.1179414
0.02435256    -0.02206836    -0.03673244    -0.01507274    -0.00105645    0.042098    0.004806626    -0.03947601    0.03092303    0.004928975    0.07965342    0.008210433    -0.04664825    0.03169457    -0.01250928    0.01407236    -0.08642587    -0.09389979    0.0227204    0.1637211    -0.7652618    0.07725506    1    0.210168    -0.6410685
-0.03779789    0.0267326    -0.0009793452    -0.04536799    0.003877634    -0.01144002    0.01411818    -0.03934062    -0.04632147    0.02656286    -0.05909678    0.02755608    -0.0009187674    -0.02355308    0.01996117    0.07424532    -0.105248    -0.03887333    0.1370287    -0.06162261    -0.2164396    -0.7808682    0.210168    1    -0.5415401
0.01498125    -0.01257761    0.0164058    0.0123655    -0.02687516    0.01634724    -0.07562327    0.04766085    0.05767631    -0.09268848    -0.1031635    0.001810504    0.07461777    -0.02725899    0.005007388    -0.05939981    0.1961661    0.1568439    -0.1426721    -0.1827065    0.2527462    0.1179414    -0.6410685    -0.5415401    1
