1    -0.1750601    -0.4248295    0.2174913    0.002515153    -0.03238841    0.04783724    -0.02160848    -0.001132487    0.004781861    0.1079122    -0.1208308    -0.1016283    0.02446583    0.01695501    -0.03868388    0.02683497    0.02435256    -0.03779789    0.01498125
-0.1750601    1    -0.01491714    -0.6222392    0.2333305    -0.01114538    -0.056802    0.04319913    0.04859191    -0.01306501    -0.1610701    -0.05555202    0.06741579    -0.01584294    0.07706995    0.02570057    0.005629873    -0.02206836    0.0267326    -0.01257761
-0.4248295    -0.01491714    1    0.05952327    -0.5232977    -0.02410398    -0.02140263    0.002887439    -0.02615133    0.04397876    -0.1389593    -0.03479942    -0.02128682    -0.001143197    0.1773051    0.05941823    -0.02345454    -0.03673244    -0.0009793452    0.0164058
0.2174913    -0.6222392    0.05952327    1    -0.5990358    -0.004350109    0.04695518    0.007053844    -0.04386999    -0.0358891    0.1374584    -0.1120579    -0.1576606    0.03290222    0.0470667    0.01295194    -0.007756155    -0.01507274    -0.04536799    0.0123655
0.002515153    0.2333305    -0.5232977    -0.5990358    1    0.02357466    -0.006217423    0.004515984    0.02179571    -0.03559496    0.007183483    0.1960142    0.132439    -0.05088529    -0.1721358    0.01103227    0.02341695    -0.00105645    0.003877634    -0.02687516
-0.03238841    -0.01114538    -0.02410398    -0.004350109    0.02357466    1    -0.1946423    -0.4709472    0.235111    -0.02529814    0.04999516    0.06208021    -0.01995253    -0.06661765    -0.0323891    -0.05441887    0.03259111    0.042098    -0.01144002    0.01634724
0.04783724    -0.056802    -0.02140263    0.04695518    -0.006217423    -0.1946423    1    0.005353657    -0.6506694    0.2672641    -0.01674512    -0.01851354    0.03069296    -0.02914187    0.00799477    0.04852323    -0.04285439    0.004806626    0.01411818    -0.07562327
-0.02160848    0.04319913    0.002887439    0.007053844    0.004515984    -0.4709472    0.005353657    1    0.06514224    -0.5083593    -0.02042022    0.01288188    0.01544832    -0.007161473    0.0140519    0.004058885    -0.009180644    -0.03947601    -0.03934062    0.04766085
-0.001132487    0.04859191    -0.02615133    -0.04386999    0.02179571    0.235111    -0.6506694    0.06514224    1    -0.6078586    0.006334508    0.01858058    -0.0336703    0.001419121    0.03690263    -0.06069623    0.03151801    0.03092303    -0.04632147    0.05767631
0.004781861    -0.01306501    0.04397876    -0.0358891    -0.03559496    -0.02529814    0.2672641    -0.5083593    -0.6078586    1    -0.03704632    -0.06396964    0.01999468    0.05012336    0.00133042    0.03167666    0.02441669    0.004928975    0.02656286    -0.09268848
0.1079122    -0.1610701    -0.1389593    0.1374584    0.007183483    0.04999516    -0.01674512    -0.02042022    0.006334508    -0.03704632    1    -0.0653515    -0.7025817    -0.07246449    -0.03990777    -0.05735186    -0.03068268    0.03731908    0.0339948    -0.01774125
-0.1208308    -0.05555202    -0.03479942    -0.1120579    0.1960142    0.06208021    -0.01851354    0.01288188    0.01858058    -0.06396964    -0.0653515    1    -0.05452125    -0.5470611    0.1192943    -0.02122781    -0.03761231    0.01279158    0.04081183    0.01646836
-0.1016283    0.06741579    -0.02128682    -0.1576606    0.132439    -0.01995253    0.03069296    0.01544832    -0.0336703    0.01999468    -0.7025817    -0.05452125    1    0.01906412    -0.3010253    -0.007419551    0.04277517    0.002508647    -0.02401571    0.04124434
0.02446583    -0.01584294    -0.001143197    0.03290222    -0.05088529    -0.06661765    -0.02914187    -0.007161473    0.001419121    0.05012336    -0.07246449    -0.5470611    0.01906412    1    -0.3474456    0.03306556    0.0692363    0.003159733    -0.07714675    0.03158206
0.01695501    0.07706995    0.1773051    0.0470667    -0.1721358    -0.0323891    0.00799477    0.0140519    0.03690263    0.00133042    -0.03990777    0.1192943    -0.3010253    -0.3474456    1    -0.008806754    -0.03036565    0.009668594    0.0296788    -0.06149167
-0.03868388    0.02570057    0.05941823    0.01295194    0.01103227    -0.05441887    0.04852323    0.004058885    -0.06069623    0.03167666    -0.05735186    -0.02122781    -0.007419551    0.03306556    -0.008806754    1    0.05016715    -0.7652618    -0.2164396    0.2527462
0.02683497    0.005629873    -0.02345454    -0.007756155    0.02341695    0.03259111    -0.04285439    -0.009180644    0.03151801    0.02441669    -0.03068268    -0.03761231    0.04277517    0.0692363    -0.03036565    0.05016715    1    0.07725506    -0.7808682    0.1179414
0.02435256    -0.02206836    -0.03673244    -0.01507274    -0.00105645    0.042098    0.004806626    -0.03947601    0.03092303    0.004928975    0.03731908    0.01279158    0.002508647    0.003159733    0.009668594    -0.7652618    0.07725506    1    0.210168    -0.6410685
-0.03779789    0.0267326    -0.0009793452    -0.04536799    0.003877634    -0.01144002    0.01411818    -0.03934062    -0.04632147    0.02656286    0.0339948    0.04081183    -0.02401571    -0.07714675    0.0296788    -0.2164396    -0.7808682    0.210168    1    -0.5415401
0.01498125    -0.01257761    0.0164058    0.0123655    -0.02687516    0.01634724    -0.07562327    0.04766085    0.05767631    -0.09268848    -0.01774125    0.01646836    0.04124434    0.03158206    -0.06149167    0.2527462    0.1179414    -0.6410685    -0.5415401    1
