1    -0.1750601    -0.4248295    0.2174913    0.002515153    -0.03238841    0.04783724    -0.02160848    -0.001132487    0.004781861    -0.03868388    0.02683497    0.02435256    -0.03779789    0.01498125    -0.04251166    0.05005263    0.04100327    -0.01299162    -0.01067735
-0.1750601    1    -0.01491714    -0.6222392    0.2333305    -0.01114538    -0.056802    0.04319913    0.04859191    -0.01306501    0.02570057    0.005629873    -0.02206836    0.0267326    -0.01257761    -0.003238345    0.007062447    0.02551063    -0.01840964    -0.02913901
-0.4248295    -0.01491714    1    0.05952327    -0.5232977    -0.02410398    -0.02140263    0.002887439    -0.02615133    0.04397876    0.05941823    -0.02345454    -0.03673244    -0.0009793452    0.0164058    -0.01238674    -0.01166035    0.02923344    0.0418471    -0.03793907
0.2174913    -0.6222392    0.05952327    1    -0.5990358    -0.004350109    0.04695518    0.007053844    -0.04386999    -0.0358891    0.01295194    -0.007756155    -0.01507274    -0.04536799    0.0123655    -0.0541893    0.04775318    0.04810176    0.002899973    0.003584582
0.002515153    0.2333305    -0.5232977    -0.5990358    1    0.02357466    -0.006217423    0.004515984    0.02179571    -0.03559496    0.01103227    0.02341695    -0.00105645    0.003877634    -0.02687516    0.09143708    -0.03079676    -0.08937305    -0.02632274    0.02316852
-0.03238841    -0.01114538    -0.02410398    -0.004350109    0.02357466    1    -0.1946423    -0.4709472    0.235111    -0.02529814    -0.05441887    0.03259111    0.042098    -0.01144002    0.01634724    0.02004144    0.04273592    -0.05215318    -0.07045713    0.07017869
0.04783724    -0.056802    -0.02140263    0.04695518    -0.006217423    -0.1946423    1    0.005353657    -0.6506694    0.2672641    0.04852323    -0.04285439    0.004806626    0.01411818    -0.07562327    -0.06996184    0.001719751    0.06293339    0.006851533    0.01176129
-0.02160848    0.04319913    0.002887439    0.007053844    0.004515984    -0.4709472    0.005353657    1    0.06514224    -0.5083593    0.004058885    -0.009180644    -0.03947601    -0.03934062    0.04766085    -0.02423889    -0.00824435    0.05413134    0.01702322    -0.01448483
-0.001132487    0.04859191    -0.02615133    -0.04386999    0.02179571    0.235111    -0.6506694    0.06514224    1    -0.6078586    -0.06069623    0.03151801    0.03092303    -0.04632147    0.05767631    0.05296283    0.04351211    -0.03167337    -0.01256975    -0.02858256
0.004781861    -0.01306501    0.04397876    -0.0358891    -0.03559496    -0.02529814    0.2672641    -0.5083593    -0.6078586    1    0.03167666    0.02441669    0.004928975    0.02656286    -0.09268848    0.009636278    -0.04555553    -0.03912217    0.01518262    0.03027273
-0.03868388    0.02570057    0.05941823    0.01295194    0.01103227    -0.05441887    0.04852323    0.004058885    -0.06069623    0.03167666    1    0.05016715    -0.7652618    -0.2164396    0.2527462    -0.06744878    -0.06528374    0.0610014    0.09847936    -0.04109018
0.02683497    0.005629873    -0.02345454    -0.007756155    0.02341695    0.03259111    -0.04285439    -0.009180644    0.03151801    0.02441669    0.05016715    1    0.07725506    -0.7808682    0.1179414    -0.06224125    0.0773126    0.1233002    -0.01906659    -0.05702872
0.02435256    -0.02206836    -0.03673244    -0.01507274    -0.00105645    0.042098    0.004806626    -0.03947601    0.03092303    0.004928975    -0.7652618    0.07725506    1    0.210168    -0.6410685    0.08847438    0.1177397    -0.02743997    -0.06673486    -0.008507817
-0.03779789    0.0267326    -0.0009793452    -0.04536799    0.003877634    -0.01144002    0.01411818    -0.03934062    -0.04632147    0.02656286    -0.2164396    -0.7808682    0.210168    1    -0.5415401    0.114721    0.007375884    -0.09873641    -0.02684394    0.01511229
0.01498125    -0.01257761    0.0164058    0.0123655    -0.02687516    0.01634724    -0.07562327    0.04766085    0.05767631    -0.09268848    0.2527462    0.1179414    -0.6410685    -0.5415401    1    -0.0916817    -0.1155987    0.0184697    0.02839411    -0.01388123
-0.04251166    -0.003238345    -0.01238674    -0.0541893    0.09143708    0.02004144    -0.06996184    -0.02423889    0.05296283    0.009636278    -0.06744878    -0.06224125    0.08847438    0.114721    -0.0916817    1    0.2292549    -0.7925327    -0.3398313    0.2443113
0.05005263    0.007062447    -0.01166035    0.04775318    -0.03079676    0.04273592    0.001719751    -0.00824435    0.04351211    -0.04555553    -0.06528374    0.0773126    0.1177397    0.007375884    -0.1155987    0.2292549    1    0.0582692    -0.7753216    0.1000554
0.04100327    0.02551063    0.02923344    0.04810176    -0.08937305    -0.05215318    0.06293339    0.05413134    -0.03167337    -0.03912217    0.0610014    0.1233002    -0.02743997    -0.09873641    0.0184697    -0.7925327    0.0582692    1    0.2852451    -0.6086443
-0.01299162    -0.01840964    0.0418471    0.002899973    -0.02632274    -0.07045713    0.006851533    0.01702322    -0.01256975    0.01518262    0.09847936    -0.01906659    -0.06673486    -0.02684394    0.02839411    -0.3398313    -0.7753216    0.2852451    1    -0.503745
-0.01067735    -0.02913901    -0.03793907    0.003584582    0.02316852    0.07017869    0.01176129    -0.01448483    -0.02858256    0.03027273    -0.04109018    -0.05702872    -0.008507817    0.01511229    -0.01388123    0.2443113    0.1000554    -0.6086443    -0.503745    1
