4.083067e-06    -7.209514e-07    -2.108591e-06    1.132269e-06    -8.348474e-07    -5.726287e-07    1.996684e-06    2.649773e-06    -1.488728e-06    -1.950216e-06    5.23361e-06    -5.427893e-07    -4.425588e-06    -1.419471e-06    1.710863e-06    5.874067e-07    -2.923946e-06    -2.332267e-06    3.138033e-07    2.063818e-06    3.989158e-07    2.079932e-06    1.134973e-06    -1.880515e-07    -1.482194e-06
-7.209514e-07    3.225865e-06    1.042384e-06    -2.33534e-06    -4.072581e-07    8.467265e-07    -2.538635e-06    -1.687101e-06    1.519183e-06    1.286852e-06    -1.816816e-06    -9.326756e-07    -9.479916e-10    9.847562e-08    1.062597e-06    1.470062e-07    2.196151e-06    9.92426e-07    -8.980676e-07    -1.168983e-06    2.669429e-07    -4.908744e-07    -8.196691e-07    4.248384e-07    9.217587e-08
-2.108591e-06    1.042384e-06    5.821202e-06    -1.991838e-08    -3.365409e-06    -1.168902e-07    -2.659381e-06    -5.385399e-07    1.797612e-06    7.729208e-07    -1.079892e-06    -5.975031e-07    -2.853341e-06    -3.35429e-08    1.663661e-06    -1.151038e-06    2.429427e-07    1.686035e-06    -3.625149e-07    -4.094751e-07    -6.493725e-07    1.28175e-06    8.500238e-07    -8.688429e-07    2.063513e-07
1.132269e-06    -2.33534e-06    -1.991838e-08    5.180488e-06    -2.360911e-06    -1.30996e-06    3.293685e-06    2.394416e-06    -1.405498e-06    -2.305098e-06    6.349011e-06    -2.659301e-07    -6.026785e-06    -7.015769e-07    -8.851137e-08    -1.35887e-07    -5.211858e-06    -2.242527e-06    1.971859e-06    2.529834e-06    -1.496635e-06    2.830372e-06    3.86963e-06    -1.259048e-06    -1.623778e-06
-8.348474e-07    -4.072581e-07    -3.365409e-06    -2.360911e-06    5.410115e-06    2.109686e-07    2.554016e-07    -8.139803e-07    -4.963299e-07    1.080232e-06    -4.72792e-06    1.219974e-06    8.070492e-06    8.997979e-07    -2.420486e-06    7.283437e-08    3.073589e-06    1.113299e-06    -5.588887e-07    -1.600636e-06    6.390754e-07    -2.772524e-06    -2.658945e-06    7.232111e-07    1.726133e-06
-5.726287e-07    8.467265e-07    -1.168902e-07    -1.30996e-06    2.109686e-07    6.083899e-06    -3.527483e-06    -7.850096e-06    1.566626e-06    1.638805e-06    -4.138178e-06    -2.22699e-07    2.884709e-06    1.367002e-06    2.069428e-06    8.880671e-08    5.304457e-06    3.527155e-06    -1.030758e-06    -3.711859e-06    1.489742e-06    -4.447464e-06    -3.852404e-06    1.849999e-06    2.040563e-06
1.996684e-06    -2.538635e-06    -2.659381e-06    3.293685e-06    2.554016e-07    -3.527483e-06    9.916049e-06    1.608575e-06    -2.440016e-06    -1.727434e-06    6.85995e-06    6.433923e-07    -4.12112e-06    -2.089221e-06    -1.109013e-06    2.403355e-07    -6.904975e-06    -3.725066e-06    3.293888e-06    3.259576e-06    -1.821063e-06    2.94123e-06    4.599769e-06    -9.494627e-07    -2.491912e-06
2.649773e-06    -1.687101e-06    -5.385399e-07    2.394416e-06    -8.139803e-07    -7.850096e-06    1.608575e-06    2.279692e-05    -6.019564e-06    -8.131292e-06    1.117078e-05    -1.82148e-09    -8.955276e-06    -2.493992e-06    -2.77953e-06    1.589045e-06    -9.663921e-06    -9.914409e-06    3.330697e-07    8.866462e-06    -7.714244e-07    8.706045e-06    5.474616e-06    -3.352726e-06    -3.976115e-06
-1.488728e-06    1.519183e-06    1.797612e-06    -1.405498e-06    -4.963299e-07    1.566626e-06    -2.440016e-06    -6.019564e-06    4.554526e-06    2.284657e-06    -4.150546e-06    -2.933629e-07    1.774773e-06    9.062196e-07    1.123519e-06    -3.764334e-07    2.970194e-06    2.915847e-06    -2.405236e-08    -2.737383e-06    -1.503238e-07    -2.242396e-06    -1.309532e-06    6.646321e-07    1.226246e-06
-1.950216e-06    1.286852e-06    7.729208e-07    -2.305098e-06    1.080232e-06    1.638805e-06    -1.727434e-06    -8.131292e-06    2.284657e-06    5.33751e-06    -7.017373e-06    -2.809066e-07    6.482162e-06    1.357899e-06    -7.753171e-08    -9.893636e-07    5.10199e-06    4.744499e-06    -1.026962e-06    -3.892444e-06    4.155663e-07    -3.204587e-06    -2.871145e-06    1.188979e-06    1.902602e-06
5.23361e-06    -1.816816e-06    -1.079892e-06    6.349011e-06    -4.72792e-06    -4.138178e-06    6.85995e-06    1.117078e-05    -4.150546e-06    -7.017373e-06    2.099947e-05    -1.563036e-06    -1.996824e-05    -3.849787e-06    9.066406e-07    1.705017e-06    -1.261612e-05    -1.01299e-05    3.473892e-06    8.502964e-06    -1.915827e-06    8.169696e-06    8.585404e-06    -2.358294e-06    -5.962992e-06
-5.427893e-07    -9.326756e-07    -5.975031e-07    -2.659301e-07    1.219974e-06    -2.22699e-07    6.433923e-07    -1.82148e-09    -2.933629e-07    -2.809066e-07    -1.563036e-06    3.944773e-06    1.726005e-06    -1.224903e-06    -5.151496e-09    -5.76188e-07    1.94823e-07    4.246097e-07    -1.92464e-08    -1.749657e-08    -1.757547e-07    -9.146213e-07    -2.567402e-07    -1.186071e-07    8.74739e-07
-4.425588e-06    -9.479916e-10    -2.853341e-06    -6.026785e-06    8.070492e-06    2.884709e-06    -4.12112e-06    -8.955276e-06    1.774773e-06    6.482162e-06    -1.996824e-05    1.726005e-06    2.530594e-05    3.793932e-06    -5.008966e-06    -1.718152e-06    1.246317e-05    9.393567e-06    -3.55525e-06    -7.930669e-06    2.015129e-06    -8.544173e-06    -9.284498e-06    1.971477e-06    6.680036e-06
-1.419471e-06    9.847562e-08    -3.35429e-08    -7.015769e-07    8.997979e-07    1.367002e-06    -2.089221e-06    -2.493992e-06    9.062196e-07    1.357899e-06    -3.849787e-06    -1.224903e-06    3.793932e-06    4.580484e-06    -2.293531e-06    2.683672e-07    1.727079e-06    1.25134e-06    4.246874e-07    -1.6145e-06    4.56492e-07    -2.137908e-06    -1.509713e-06    7.178243e-07    7.863061e-07
1.710863e-06    1.062597e-06    1.663661e-06    -8.851137e-08    -2.420486e-06    2.069428e-06    -1.109013e-06    -2.77953e-06    1.123519e-06    -7.753171e-08    9.066406e-07    -5.151496e-09    -5.008966e-06    -2.293531e-06    8.364997e-06    -4.514669e-07    8.065746e-07    1.490814e-06    -9.32691e-07    -7.090243e-07    1.043598e-06    4.450642e-07    -8.968178e-07    6.710809e-07    -2.216547e-07
5.874067e-07    1.470062e-07    -1.151038e-06    -1.35887e-07    7.283437e-08    8.880671e-08    2.403355e-07    1.589045e-06    -3.764334e-07    -9.893636e-07    1.705017e-06    -5.76188e-07    -1.718152e-06    2.683672e-07    -4.514669e-07    3.542222e-06    -1.019945e-06    -3.484572e-06    4.533619e-07    8.609967e-07    3.56985e-07    -2.54519e-07    3.272968e-07    1.002341e-06    -1.347019e-06
-2.923946e-06    2.196151e-06    2.429427e-07    -5.211858e-06    3.073589e-06    5.304457e-06    -6.904975e-06    -9.663921e-06    2.970194e-06    5.10199e-06    -1.261612e-05    1.94823e-07    1.246317e-05    1.727079e-06    8.065746e-07    -1.019945e-06    1.376126e-05    7.27163e-06    -5.312984e-06    -6.64568e-06    2.463635e-06    -7.074454e-06    -8.214413e-06    2.156731e-06    5.236181e-06
-2.332267e-06    9.92426e-07    1.686035e-06    -2.242527e-06    1.113299e-06    3.527155e-06    -3.725066e-06    -9.914409e-06    2.915847e-06    4.744499e-06    -1.01299e-05    4.246097e-07    9.393567e-06    1.25134e-06    1.490814e-06    -3.484572e-06    7.27163e-06    9.840838e-06    -2.098703e-06    -6.409223e-06    7.951821e-07    -4.368877e-06    -4.926651e-06    7.94792e-07    4.207716e-06
3.138033e-07    -8.980676e-07    -3.625149e-07    1.971859e-06    -5.588887e-07    -1.030758e-06    3.293888e-06    3.330697e-07    -2.405236e-08    -1.026962e-06    3.473892e-06    -1.92464e-08    -3.55525e-06    4.246874e-07    -9.32691e-07    4.533619e-07    -5.312984e-06    -2.098703e-06    4.494634e-06    9.966772e-07    -1.284476e-06    1.157076e-06    3.130173e-06    -3.023326e-07    -1.862962e-06
2.063818e-06    -1.168983e-06    -4.094751e-07    2.529834e-06    -1.600636e-06    -3.711859e-06    3.259576e-06    8.866462e-06    -2.737383e-06    -3.892444e-06    8.502964e-06    -1.749657e-08    -7.930669e-06    -1.6145e-06    -7.090243e-07    8.609967e-07    -6.64568e-06    -6.409223e-06    9.966772e-07    6.422314e-06    -1.000296e-06    4.87925e-06    4.534244e-06    -1.630617e-06    -3.076304e-06
3.989158e-07    2.669429e-07    -6.493725e-07    -1.496635e-06    6.390754e-07    1.489742e-06    -1.821063e-06    -7.714244e-07    -1.503238e-07    4.155663e-07    -1.915827e-06    -1.757547e-07    2.015129e-06    4.56492e-07    1.043598e-06    3.56985e-07    2.463635e-06    7.951821e-07    -1.284476e-06    -1.000296e-06    3.084688e-06    -1.453245e-06    -3.664578e-06    1.030621e-06    8.550283e-07
2.079932e-06    -4.908744e-07    1.28175e-06    2.830372e-06    -2.772524e-06    -4.447464e-06    2.94123e-06    8.706045e-06    -2.242396e-06    -3.204587e-06    8.169696e-06    -9.146213e-07    -8.544173e-06    -2.137908e-06    4.450642e-07    -2.54519e-07    -7.074454e-06    -4.368877e-06    1.157076e-06    4.87925e-06    -1.453245e-06    7.948872e-06    4.720644e-06    -3.334925e-06    -2.589876e-06
1.134973e-06    -8.196691e-07    8.500238e-07    3.86963e-06    -2.658945e-06    -3.852404e-06    4.599769e-06    5.474616e-06    -1.309532e-06    -2.871145e-06    8.585404e-06    -2.567402e-07    -9.284498e-06    -1.509713e-06    -8.968178e-07    3.272968e-07    -8.214413e-06    -4.926651e-06    3.130173e-06    4.534244e-06    -3.664578e-06    4.720644e-06    8.373818e-06    -1.932707e-06    -4.201023e-06
-1.880515e-07    4.248384e-07    -8.688429e-07    -1.259048e-06    7.232111e-07    1.849999e-06    -9.494627e-07    -3.352726e-06    6.646321e-07    1.188979e-06    -2.358294e-06    -1.186071e-07    1.971477e-06    7.178243e-07    6.710809e-07    1.002341e-06    2.156731e-06    7.94792e-07    -3.023326e-07    -1.630617e-06    1.030621e-06    -3.334925e-06    -1.932707e-06    3.151918e-06    -3.574882e-07
-1.482194e-06    9.217587e-08    2.063513e-07    -1.623778e-06    1.726133e-06    2.040563e-06    -2.491912e-06    -3.976115e-06    1.226246e-06    1.902602e-06    -5.962992e-06    8.74739e-07    6.680036e-06    7.863061e-07    -2.216547e-07    -1.347019e-06    5.236181e-06    4.207716e-06    -1.862962e-06    -3.076304e-06    8.550283e-07    -2.589876e-06    -4.201023e-06    -3.574882e-07    4.389343e-06
