5.206065e-06    -3.781262e-06    -5.183583e-06    2.147384e-06    8.908594e-07    -1.169107e-06    2.106795e-06    3.648046e-06    -6.1772e-07    -2.026296e-06
-3.781262e-06    1.295298e-05    5.32707e-06    -6.291279e-06    -2.286183e-06    1.456781e-06    -7.020999e-06    -5.670611e-06    2.539096e-06    3.133493e-06
-5.183583e-06    5.32707e-06    8.002449e-06    -2.992026e-06    -3.020549e-06    1.681418e-06    -3.889349e-06    -5.014458e-06    1.239954e-06    2.974032e-06
2.147384e-06    -6.291279e-06    -2.992026e-06    4.501522e-06    5.118659e-07    -7.934617e-07    3.340198e-06    2.791002e-06    -1.34878e-06    -1.435267e-06
8.908594e-07    -2.286183e-06    -3.020549e-06    5.118659e-07    3.083442e-06    -6.612309e-07    2.038638e-06    1.969338e-06    -4.617952e-07    -1.388022e-06
-1.169107e-06    1.456781e-06    1.681418e-06    -7.934617e-07    -6.612309e-07    3.084688e-06    -1.453245e-06    -3.664578e-06    1.030621e-06    8.550283e-07
2.106795e-06    -7.020999e-06    -3.889349e-06    3.340198e-06    2.038638e-06    -1.453245e-06    7.948872e-06    4.720644e-06    -3.334925e-06    -2.589876e-06
3.648046e-06    -5.670611e-06    -5.014458e-06    2.791002e-06    1.969338e-06    -3.664578e-06    4.720644e-06    8.373818e-06    -1.932707e-06    -4.201023e-06
-6.1772e-07    2.539096e-06    1.239954e-06    -1.34878e-06    -4.617952e-07    1.030621e-06    -3.334925e-06    -1.932707e-06    3.151918e-06    -3.574882e-07
-2.026296e-06    3.133493e-06    2.974032e-06    -1.435267e-06    -1.388022e-06    8.550283e-07    -2.589876e-06    -4.201023e-06    -3.574882e-07    4.389343e-06
