1    -0.1946423    -0.4709472    0.235111    -0.02529814    -0.08566339    0.02077572    0.02551791    0.03708786    0.00229714    0.09385781    -0.08776051    -0.1242036    0.03258501    0.0502754    -0.003253133    -0.009992194    -0.0006106038    0.02774732    -0.00179487    0.1088741    -0.01626059    -0.01010083    0.1996969    -0.1365402    0.04370249    -0.02391211    -0.02552311    0.04000411    0.01861263
-0.1946423    1    0.005353657    -0.6506694    0.2672641    0.02729262    -0.003498174    0.01101164    0.002570376    -0.05719703    -0.1390567    0.05639625    0.068539    -0.1577087    0.1101471    -0.051045    0.08802882    0.04717612    -0.04326889    -0.0269349    -0.213883    0.1165317    0.1612505    -0.3023777    -0.0212985    0.02430503    -0.06125764    -0.01451888    0.02676009    0.06309214
-0.4709472    0.005353657    1    0.06514224    -0.5083593    0.03900224    0.02140272    -0.01039284    -0.07307121    0.03432822    -0.1177488    -0.0588366    -0.038929    -0.06430305    0.1876393    -0.02099735    0.09939648    0.06635002    -0.01830727    -0.08478977    -0.3184229    0.1978664    0.145679    -0.2752073    0.0177524    0.05158124    -0.0245993    -0.06011067    0.01643522    0.0675262
0.235111    -0.6506694    0.06514224    1    -0.6078586    -0.01128964    0.04635509    -0.002379128    -0.02643029    0.001209666    0.1166931    -0.1987784    -0.2100947    0.158768    0.09811559    0.03723318    -0.04572196    0.01875071    0.06778943    -0.05689477    0.09428401    0.03656819    -0.01238183    0.1392694    -0.1407181    0.04406171    -0.03355917    -0.03772896    0.08385934    0.003023485
-0.02529814    0.2672641    -0.5083593    -0.6078586    1    -0.002921072    -0.01608019    0.01543202    0.03704312    -0.04123738    -0.04899594    0.2044164    0.2562508    -0.05158134    -0.2554506    0.001573076    -0.01440425    -0.06931756    -0.05824296    0.09940462    0.1680931    -0.1575324    -0.1373992    0.07695245    0.1232077    -0.06877164    0.03305229    0.08397911    -0.07236744    -0.0665572
-0.08566339    0.02729262    0.03900224    -0.01128964    -0.002921072    1    -0.06409369    -0.6033327    -0.117936    0.005767962    0.04265604    0.004742313    0.009519133    0.002767773    0.008198226    0.07832183    -0.001543651    -0.04515409    0.01661505    -0.08180572    0.03429875    -0.01396156    -0.02885074    0.03179051    0.006011757    0.01610019    -0.06951527    0.01076136    0.09534299    -0.01308736
0.02077572    -0.003498174    0.02140272    0.04635509    -0.01608019    -0.06409369    1    -0.09900662    -0.5676348    0.03544622    0.009865752    0.00773829    -0.03855447    -0.001142512    0.01262869    -0.03149223    0.07929445    0.0214283    -0.0427591    0.01179005    -0.007977805    -0.03524182    -0.04403263    0.03592792    0.07853744    0.09035622    0.0005434782    -0.09284294    -0.03065628    0.05221953
0.02551791    0.01101164    -0.01039284    -0.002379128    0.01543202    -0.6033327    -0.09900662    1    -0.06336199    -0.3576137    -0.01322964    -0.0236998    0.004687712    0.00139574    0.01667518    0.0299431    0.01729769    0.03479909    -0.0405237    0.009483895    0.02853252    -0.04462672    -0.02654742    -0.006549141    0.06075839    -0.008745422    -0.0367233    -0.004724281    0.02556267    0.0508789
0.03708786    0.002570376    -0.07307121    -0.02643029    0.03704312    -0.117936    -0.5676348    -0.06336199    1    -0.2964738    0.002449875    0.03121991    0.007652858    -0.02627162    -0.0603438    -0.03964216    -0.007947096    0.01918804    0.02502245    -0.001094818    0.117298    -0.06275031    -0.05011422    0.08153118    -0.008344854    0.07562052    -0.005852118    -0.0299171    -0.007934935    -0.00913873
0.00229714    -0.05719703    0.03432822    0.001209666    -0.04123738    0.005767962    0.03544622    -0.3576137    -0.2964738    1    -0.01248673    0.02960454    -0.0002696748    -0.05114572    -0.06488314    -0.04002131    -0.09305515    -0.02538079    0.07569078    0.1250716    -0.08889926    0.1088325    0.07643279    -0.101774    -0.07603585    -0.1073837    0.07627857    0.08079149    -0.08159052    -0.03085781
0.09385781    -0.1390567    -0.1177488    0.1166931    -0.04899594    0.04265604    0.009865752    -0.01322964    0.002449875    -0.01248673    1    -0.06179415    -0.5939001    -0.1180336    0.02355674    0.05167966    -0.1152897    0.02066657    0.09069551    -0.05447833    0.1389514    -0.07622373    -0.01234681    0.06220939    -0.03429451    0.08197752    -0.001425257    -0.03697838    0.03881304    -0.05002561
-0.08776051    0.05639625    -0.0588366    -0.1987784    0.2044164    0.004742313    0.00773829    -0.0236998    0.03121991    0.02960454    -0.06179415    1    -0.1008464    -0.6099681    0.04573424    -0.09588906    0.06631092    0.06696303    -0.05048789    0.03211869    0.01998462    0.002208098    -0.06512863    -0.006803569    0.05613285    0.001560001    -0.07429014    0.02348987    -0.01501669    0.07973867
-0.1242036    0.068539    -0.038929    -0.2100947    0.2562508    0.009519133    -0.03855447    0.004687712    0.007652858    -0.0002696748    -0.5939001    -0.1008464    1    -0.06423964    -0.3811407    -0.03325535    0.1240084    -0.02484923    -0.04320801    -0.007768238    -0.03104105    -0.004586906    -0.0329702    -0.02977939    0.0571621    0.01210735    -0.02341492    -0.03505125    0.02170153    0.03176039
0.03258501    -0.1577087    -0.06430305    0.158768    -0.05158134    0.002767773    -0.001142512    0.00139574    -0.02627162    -0.05114572    -0.1180336    -0.6099681    -0.06423964    1    -0.2719001    0.05996405    0.01692201    -0.01928402    -0.02647303    -0.03397779    0.03452722    -0.01647255    -0.03479468    0.09096843    0.03264919    0.02191401    -0.0185645    -0.04593798    0.1056719    0.0109211
0.0502754    0.1101471    0.1876393    0.09811559    -0.2554506    0.008198226    0.01262869    0.01667518    -0.0603438    -0.06488314    0.02355674    0.04573424    -0.3811407    -0.2719001    1    0.05134978    -0.07520341    -0.03895309    -0.0006839066    0.001843406    -0.1070169    0.0745826    0.08113778    -0.07358305    -0.05988684    -0.09784893    0.06749055    0.06676996    -0.0523314    -0.06221906
-0.003253133    -0.051045    -0.02099735    0.03723318    0.001573076    0.07832183    -0.03149223    0.0299431    -0.03964216    -0.04002131    0.05167966    -0.09588906    -0.03325535    0.05996405    0.05134978    1    -0.09296697    -0.5872855    0.1205512    -0.008874198    -0.05986906    -0.03557438    0.01385454    -0.006368595    0.05900022    0.02976092    0.01818533    0.009618376    0.06954611    -0.1375378
-0.009992194    0.08802882    0.09939648    -0.04572196    -0.01440425    -0.001543651    0.07929445    0.01729769    -0.007947096    -0.09305515    -0.1152897    0.06631092    0.1240084    0.01692201    -0.07520341    -0.09296697    1    -0.2674181    -0.5953015    0.2580198    -0.0935748    0.08469843    -0.02022624    -0.0450756    0.0638189    0.06570928    -0.1070775    -0.0735188    0.08245047    0.1196483
-0.0006106038    0.04717612    0.06635002    0.01875071    -0.06931756    -0.04515409    0.0214283    0.03479909    0.01918804    -0.02538079    0.02066657    0.06696303    -0.02484923    -0.01928402    -0.03895309    -0.5872855    -0.2674181    1    -0.09069658    -0.3813491    -0.01116847    0.02349779    0.03049585    -0.06177808    -0.02088897    0.04360853    -0.1083042    -0.02654665    0.06765148    0.11326
0.02774732    -0.04326889    -0.01830727    0.06778943    -0.05824296    0.01661505    -0.0427591    -0.0405237    0.02502245    0.07569078    0.09069551    -0.05048789    -0.04320801    -0.02647303    -0.0006839066    0.1205512    -0.5953015    -0.09069658    1    -0.4833    -0.01105784    -0.01309842    0.05024548    -0.03154062    -0.05945728    0.04685137    0.05194265    -0.01272133    0.05252365    -0.08485076
-0.00179487    -0.0269349    -0.08478977    -0.05689477    0.09940462    -0.08180572    0.01179005    0.009483895    -0.001094818    0.1250716    -0.05447833    0.03211869    -0.007768238    -0.03397779    0.001843406    -0.008874198    0.2580198    -0.3813491    -0.4833    1    0.08071587    -0.0472729    -0.05392933    0.1129901    -0.0001739217    -0.1389066    0.1009307    0.0697749    -0.1891751    0.004837892
0.1088741    -0.213883    -0.3184229    0.09428401    0.1680931    0.03429875    -0.007977805    0.02853252    0.117298    -0.08889926    0.1389514    0.01998462    -0.03104105    0.03452722    -0.1070169    -0.05986906    -0.0935748    -0.01116847    -0.01105784    0.08071587    1    -0.04959194    -0.3653458    -0.1231477    -0.235414    -0.02862622    0.008955436    0.09073879    -0.06501339    -0.09447889
-0.01626059    0.1165317    0.1978664    0.03656819    -0.1575324    -0.01396156    -0.03524182    -0.04462672    -0.06275031    0.1088325    -0.07622373    0.002208098    -0.004586906    -0.01647255    0.0745826    -0.03557438    0.08469843    0.02349779    -0.01309842    -0.0472729    -0.04959194    1    -0.6263962    -0.3809867    0.2643759    0.09542287    -0.05329368    -0.0703135    0.04889042    0.07020334
-0.01010083    0.1612505    0.145679    -0.01238183    -0.1373992    -0.02885074    -0.04403263    -0.02654742    -0.05011422    0.07643279    -0.01234681    -0.06512863    -0.0329702    -0.03479468    0.08113778    0.01385454    -0.02022624    0.03049585    0.05024548    -0.05392933    -0.3653458    -0.6263962    1    -0.04479658    -0.5652813    0.04048802    -0.03210165    -0.04785495    0.07808669    0.03893889
0.1996969    -0.3023777    -0.2752073    0.1392694    0.07695245    0.03179051    0.03592792    -0.006549141    0.08153118    -0.101774    0.06220939    -0.006803569    -0.02977939    0.09096843    -0.07358305    -0.006368595    -0.0450756    -0.06177808    -0.03154062    0.1129901    -0.1231477    -0.3809867    -0.04479658    1    0.1156272    -0.08727965    0.05419702    0.07491683    -0.05713886    -0.08470179
-0.1365402    -0.0212985    0.0177524    -0.1407181    0.1232077    0.006011757    0.07853744    0.06075839    -0.008344854    -0.07603585    -0.03429451    0.05613285    0.0571621    0.03264919    -0.05988684    0.05900022    0.0638189    -0.02088897    -0.05945728    -0.0001739217    -0.235414    0.2643759    -0.5652813    0.1156272    1    -0.08042156    0.05047742    0.02358717    -0.09094592    0.01972786
0.04370249    0.02430503    0.05158124    0.04406171    -0.06877164    0.01610019    0.09035622    -0.008745422    0.07562052    -0.1073837    0.08197752    0.001560001    0.01210735    0.02191401    -0.09784893    0.02976092    0.06570928    0.04360853    0.04685137    -0.1389066    -0.02862622    0.09542287    0.04048802    -0.08727965    -0.08042156    1    0.1802937    -0.5691702    -0.2002636    -0.1141258
-0.02391211    -0.06125764    -0.0245993    -0.03355917    0.03305229    -0.06951527    0.0005434782    -0.0367233    -0.005852118    0.07627857    -0.001425257    -0.07429014    -0.02341492    -0.0185645    0.06749055    0.01818533    -0.1070775    -0.1083042    0.05194265    0.1009307    0.008955436    -0.05329368    -0.03210165    0.05419702    0.05047742    0.1802937    1    -0.712963    -0.5634511    0.2419349
-0.02552311    -0.01451888    -0.06011067    -0.03772896    0.08397911    0.01076136    -0.09284294    -0.004724281    -0.0299171    0.08079149    -0.03697838    0.02348987    -0.03505125    -0.04593798    0.06676996    0.009618376    -0.0735188    -0.02654665    -0.01272133    0.0697749    0.09073879    -0.0703135    -0.04785495    0.07491683    0.02358717    -0.5691702    -0.712963    1    0.1600804    -0.4300399
0.04000411    0.02676009    0.01643522    0.08385934    -0.07236744    0.09534299    -0.03065628    0.02556267    -0.007934935    -0.08159052    0.03881304    -0.01501669    0.02170153    0.1056719    -0.0523314    0.06954611    0.08245047    0.06765148    0.05252365    -0.1891751    -0.06501339    0.04889042    0.07808669    -0.05713886    -0.09094592    -0.2002636    -0.5634511    0.1600804    1    -0.04550196
0.01861263    0.06309214    0.0675262    0.003023485    -0.0665572    -0.01308736    0.05221953    0.0508789    -0.00913873    -0.03085781    -0.05002561    0.07973867    0.03176039    0.0109211    -0.06221906    -0.1375378    0.1196483    0.11326    -0.08485076    0.004837892    -0.09447889    0.07020334    0.03893889    -0.08470179    0.01972786    -0.1141258    0.2419349    -0.4300399    -0.04550196    1
