1    -0.06409369    -0.6033327    -0.117936    0.005767962    0.04265604    0.004742313    0.009519133    0.002767773    0.008198226    0.06124003    -0.004975886    0.00216637    -0.02080567    -0.02078486
-0.06409369    1    -0.09900662    -0.5676348    0.03544622    0.009865752    0.00773829    -0.03855447    -0.001142512    0.01262869    -0.01100121    0.1041608    -0.0009595986    -0.1127315    0.02554956
-0.6033327    -0.09900662    1    -0.06336199    -0.3576137    -0.01322964    -0.0236998    0.004687712    0.00139574    0.01667518    -0.05032743    -0.00231357    0.01824987    0.01980006    -0.01560331
-0.117936    -0.5676348    -0.06336199    1    -0.2964738    0.002449875    0.03121991    0.007652858    -0.02627162    -0.0603438    -0.0109816    -0.0555954    0.0238241    0.1033672    -0.02626105
0.005767962    0.03544622    -0.3576137    -0.2964738    1    -0.01248673    0.02960454    -0.0002696748    -0.05114572    -0.06488314    -0.01121498    -0.01178102    -0.02742519    0.001820849    0.0838025
0.04265604    0.009865752    -0.01322964    0.002449875    -0.01248673    1    -0.06179415    -0.5939001    -0.1180336    0.02355674    0.03610254    0.01131451    -0.04178259    -0.008150463    0.04661538
0.004742313    0.00773829    -0.0236998    0.03121991    0.02960454    -0.06179415    1    -0.1008464    -0.6099681    0.04573424    -0.02531463    0.07570713    0.01476408    -0.03211015    0.04110965
0.009519133    -0.03855447    0.004687712    0.007652858    -0.0002696748    -0.5939001    -0.1008464    1    -0.06423964    -0.3811407    -0.0202647    -0.001576762    0.09236514    -0.009030537    -0.09586047
0.002767773    -0.001142512    0.00139574    -0.02627162    -0.05114572    -0.1180336    -0.6099681    -0.06423964    1    -0.2719001    -0.04188984    -0.05924339    0.05400944    0.06415677    -0.06991402
0.008198226    0.01262869    0.01667518    -0.0603438    -0.06488314    0.02355674    0.04573424    -0.3811407    -0.2719001    1    0.02695512    -0.003786138    -0.09103144    0.002360046    0.131639
0.06124003    -0.01100121    -0.05032743    -0.0109816    -0.01121498    0.03610254    -0.02531463    -0.0202647    -0.04188984    0.02695512    1    0.08307113    -0.7420018    -0.008477842    0.04639755
-0.004975886    0.1041608    -0.00231357    -0.0555954    -0.01178102    0.01131451    0.07570713    -0.001576762    -0.05924339    -0.003786138    0.08307113    1    -0.2725877    -0.7281742    0.2765941
0.00216637    -0.0009595986    0.01824987    0.0238241    -0.02742519    -0.04178259    0.01476408    0.09236514    0.05400944    -0.09103144    -0.7420018    -0.2725877    1    0.04992343    -0.4475786
-0.02080567    -0.1127315    0.01980006    0.1033672    0.001820849    -0.008150463    -0.03211015    -0.009030537    0.06415677    0.002360046    -0.008477842    -0.7281742    0.04992343    1    -0.415051
-0.02078486    0.02554956    -0.01560331    -0.02626105    0.0838025    0.04661538    0.04110965    -0.09586047    -0.06991402    0.131639    0.04639755    0.2765941    -0.4475786    -0.415051    1
