1    -0.06409369    -0.6033327    -0.117936    0.005767962    0.04265604    0.004742313    0.009519133    0.002767773    0.008198226    0.007598915    0.01456095    -0.01459661    -0.003319771    -0.01710018
-0.06409369    1    -0.09900662    -0.5676348    0.03544622    0.009865752    0.00773829    -0.03855447    -0.001142512    0.01262869    0.01692247    0.02917717    0.008233981    -0.06900505    0.001992819
-0.6033327    -0.09900662    1    -0.06336199    -0.3576137    -0.01322964    -0.0236998    0.004687712    0.00139574    0.01667518    -0.01084667    -0.009885302    0.05640804    -0.00089148    -0.05603712
-0.117936    -0.5676348    -0.06336199    1    -0.2964738    0.002449875    0.03121991    0.007652858    -0.02627162    -0.0603438    -0.03714263    -0.02476232    -0.003573712    0.03269481    0.007849347
0.005767962    0.03544622    -0.3576137    -0.2964738    1    -0.01248673    0.02960454    -0.0002696748    -0.05114572    -0.06488314    0.05275606    0.01668235    -0.07406812    -0.0006279842    0.08257611
0.04265604    0.009865752    -0.01322964    0.002449875    -0.01248673    1    -0.06179415    -0.5939001    -0.1180336    0.02355674    0.007482569    0.01891509    -0.01843323    0.01437767    -0.006697406
0.004742313    0.00773829    -0.0236998    0.03121991    0.02960454    -0.06179415    1    -0.1008464    -0.6099681    0.04573424    0.03406298    0.01750032    0.002225363    -0.008353258    -0.0243514
0.009519133    -0.03855447    0.004687712    0.007652858    -0.0002696748    -0.5939001    -0.1008464    1    -0.06423964    -0.3811407    -0.02401794    0.01400013    0.01876383    -0.00799936    -0.02047109
0.002767773    -0.001142512    0.00139574    -0.02627162    -0.05114572    -0.1180336    -0.6099681    -0.06423964    1    -0.2719001    -0.04783721    -0.009089499    0.03052655    -0.00520894    -0.02782029
0.008198226    0.01262869    0.01667518    -0.0603438    -0.06488314    0.02355674    0.04573424    -0.3811407    -0.2719001    1    0.02183823    -0.002681004    0.003168661    -7.183558e-05    0.01412672
0.007598915    0.01692247    -0.01084667    -0.03714263    0.05275606    0.007482569    0.03406298    -0.02401794    -0.04783721    0.02183823    1    -0.07105915    -0.7590877    -0.01713896    0.1621592
0.01456095    0.02917717    -0.009885302    -0.02476232    0.01668235    0.01891509    0.01750032    0.01400013    -0.009089499    -0.002681004    -0.07105915    1    0.1470227    -0.7767391    0.1245049
-0.01459661    0.008233981    0.05640804    -0.003573712    -0.07406812    -0.01843323    0.002225363    0.01876383    0.03052655    0.003168661    -0.7590877    0.1470227    1    0.002426858    -0.537623
-0.003319771    -0.06900505    -0.00089148    0.03269481    -0.0006279842    0.01437767    -0.008353258    -0.00799936    -0.00520894    -7.183558e-05    -0.01713896    -0.7767391    0.002426858    1    -0.5020596
-0.01710018    0.001992819    -0.05603712    0.007849347    0.08257611    -0.006697406    -0.0243514    -0.02047109    -0.02782029    0.01412672    0.1621592    0.1245049    -0.537623    -0.5020596    1
