1    -0.06409369    -0.6033327    -0.117936    0.005767962    0.04265604    0.004742313    0.009519133    0.002767773    0.008198226    0.07832183    -0.001543651    -0.04515409    0.01661505    -0.08180572    -0.02250176    0.01587454    0.02393126    -0.01888183    0.03645
-0.06409369    1    -0.09900662    -0.5676348    0.03544622    0.009865752    0.00773829    -0.03855447    -0.001142512    0.01262869    -0.03149223    0.07929445    0.0214283    -0.0427591    0.01179005    -0.03746975    0.03675218    0.01029787    -0.01799916    0.02044175
-0.6033327    -0.09900662    1    -0.06336199    -0.3576137    -0.01322964    -0.0236998    0.004687712    0.00139574    0.01667518    0.0299431    0.01729769    0.03479909    -0.0405237    0.009483895    -0.001972195    -0.04271607    0.03486935    0.08047891    -0.07520727
-0.117936    -0.5676348    -0.06336199    1    -0.2964738    0.002449875    0.03121991    0.007652858    -0.02627162    -0.0603438    -0.03964216    -0.007947096    0.01918804    0.02502245    -0.001094818    0.0122577    -0.02619333    -0.001349864    -0.004806057    0.03549004
0.005767962    0.03544622    -0.3576137    -0.2964738    1    -0.01248673    0.02960454    -0.0002696748    -0.05114572    -0.06488314    -0.04002131    -0.09305515    -0.02538079    0.07569078    0.1250716    0.02793176    0.01605795    -0.04636856    -0.02977209    -0.007754299
0.04265604    0.009865752    -0.01322964    0.002449875    -0.01248673    1    -0.06179415    -0.5939001    -0.1180336    0.02355674    0.05167966    -0.1152897    0.02066657    0.09069551    -0.05447833    -0.04035273    0.0431109    0.07112415    -0.02322071    -0.04646692
0.004742313    0.00773829    -0.0236998    0.03121991    0.02960454    -0.06179415    1    -0.1008464    -0.6099681    0.04573424    -0.09588906    0.06631092    0.06696303    -0.05048789    0.03211869    0.04956068    -0.05752618    -0.01767491    0.07328264    -0.0597043
0.009519133    -0.03855447    0.004687712    0.007652858    -0.0002696748    -0.5939001    -0.1008464    1    -0.06423964    -0.3811407    -0.03325535    0.1240084    -0.02484923    -0.04320801    -0.007768238    0.003278509    0.0249634    -0.01292407    -0.001454679    0.0291588
0.002767773    -0.001142512    0.00139574    -0.02627162    -0.05114572    -0.1180336    -0.6099681    -0.06423964    1    -0.2719001    0.05996405    0.01692201    -0.01928402    -0.02647303    -0.03397779    0.009487315    -0.008269734    -0.01730028    -0.01782193    0.05507071
0.008198226    0.01262869    0.01667518    -0.0603438    -0.06488314    0.02355674    0.04573424    -0.3811407    -0.2719001    1    0.05134978    -0.07520341    -0.03895309    -0.0006839066    0.001843406    -0.02001439    -0.02539951    -0.01385478    0.001364644    2.791224e-05
0.07832183    -0.03149223    0.0299431    -0.03964216    -0.04002131    0.05167966    -0.09588906    -0.03325535    0.05996405    0.05134978    1    -0.09296697    -0.5872855    0.1205512    -0.008874198    -0.0230327    0.04382166    0.007039563    -0.01722156    0.02898905
-0.001543651    0.07929445    0.01729769    -0.007947096    -0.09305515    -0.1152897    0.06631092    0.1240084    0.01692201    -0.07520341    -0.09296697    1    -0.2674181    -0.5953015    0.2580198    0.0002750232    -0.0293273    0.006297461    0.03043274    -0.03518806
-0.04515409    0.0214283    0.03479909    0.01918804    -0.02538079    0.02066657    0.06696303    -0.02484923    -0.01928402    -0.03895309    -0.5872855    -0.2674181    1    -0.09069658    -0.3813491    0.003161911    -0.009085525    0.06250807    0.01240716    -0.0775968
0.01661505    -0.0427591    -0.0405237    0.02502245    0.07569078    0.09069551    -0.05048789    -0.04320801    -0.02647303    -0.0006839066    0.1205512    -0.5953015    -0.09069658    1    -0.4833    0.0254669    0.08001129    0.01650687    -0.05122752    0.00526952
-0.08180572    0.01179005    0.009483895    -0.001094818    0.1250716    -0.05447833    0.03211869    -0.007768238    -0.03397779    0.001843406    -0.008874198    0.2580198    -0.3813491    -0.4833    1    -0.01701656    -0.05960014    -0.06681116    0.02994303    0.03462136
-0.02250176    -0.03746975    -0.001972195    0.0122577    0.02793176    -0.04035273    0.04956068    0.003278509    0.009487315    -0.02001439    -0.0230327    0.0002750232    0.003161911    0.0254669    -0.01701656    1    -0.2296069    -0.743259    0.1712309    0.09838464
0.01587454    0.03675218    -0.04271607    -0.02619333    0.01605795    0.0431109    -0.05752618    0.0249634    -0.008269734    -0.02539951    0.04382166    -0.0293273    -0.009085525    0.08001129    -0.05960014    -0.2296069    1    0.1247282    -0.7481843    0.2853823
0.02393126    0.01029787    0.03486935    -0.001349864    -0.04636856    0.07112415    -0.01767491    -0.01292407    -0.01730028    -0.01385478    0.007039563    0.006297461    0.06250807    0.01650687    -0.06681116    -0.743259    0.1247282    1    -0.1546872    -0.4145793
-0.01888183    -0.01799916    0.08047891    -0.004806057    -0.02977209    -0.02322071    0.07328264    -0.001454679    -0.01782193    0.001364644    -0.01722156    0.03043274    0.01240716    -0.05122752    0.02994303    0.1712309    -0.7481843    -0.1546872    1    -0.613247
0.03645    0.02044175    -0.07520727    0.03549004    -0.007754299    -0.04646692    -0.0597043    0.0291588    0.05507071    2.791224e-05    0.02898905    -0.03518806    -0.0775968    0.00526952    0.03462136    0.09838464    0.2853823    -0.4145793    -0.613247    1
