1    -0.06409369    -0.6033327    -0.117936    0.005767962    0.04843194    -0.01957106    -0.02747747    0.02529899    0.003684517
-0.06409369    1    -0.09900662    -0.5676348    0.03544622    0.0573867    -0.06832908    -0.01568841    -0.01892123    0.07607413
-0.6033327    -0.09900662    1    -0.06336199    -0.3576137    0.003734577    -0.04983977    -0.03398431    0.02861582    0.06303425
-0.117936    -0.5676348    -0.06336199    1    -0.2964738    0.09387393    -0.04064565    -0.08973677    0.1115495    -0.006582809
0.005767962    0.03544622    -0.3576137    -0.2964738    1    -0.1140779    0.1330583    0.08068067    -0.1034987    -0.04228813
0.04843194    0.0573867    0.003734577    0.09387393    -0.1140779    1    -0.218888    -0.3308694    0.08306893    -0.09162578
-0.01957106    -0.06832908    -0.04983977    -0.04064565    0.1330583    -0.218888    1    -0.5246829    -0.383431    0.2626359
-0.02747747    -0.01568841    -0.03398431    -0.08973677    0.08068067    -0.3308694    -0.5246829    1    -0.1363358    -0.5814342
0.02529899    -0.01892123    0.02861582    0.1115495    -0.1034987    0.08306893    -0.383431    -0.1363358    1    -0.08966739
0.003684517    0.07607413    0.06303425    -0.006582809    -0.04228813    -0.09162578    0.2626359    -0.5814342    -0.08966739    1
