1    -0.1946423    -0.4709472    0.235111    -0.02529814    -0.08566339    0.02077572    0.02551791    0.03708786    0.00229714    0.09385781    -0.08776051    -0.1242036    0.03258501    0.0502754    -0.003253133    -0.009992194    -0.0006106038    0.02774732    -0.00179487    0.04370249    -0.02391211    -0.02552311    0.04000411    0.01861263    -0.05530581    0.03106159    0.01862329    -0.04770912    0.04559721
-0.1946423    1    0.005353657    -0.6506694    0.2672641    0.02729262    -0.003498174    0.01101164    0.002570376    -0.05719703    -0.1390567    0.05639625    0.068539    -0.1577087    0.1101471    -0.051045    0.08802882    0.04717612    -0.04326889    -0.0269349    0.02430503    -0.06125764    -0.01451888    0.02676009    0.06309214    0.04454455    0.009760175    -0.0260663    -0.006234613    -0.006249333
-0.4709472    0.005353657    1    0.06514224    -0.5083593    0.03900224    0.02140272    -0.01039284    -0.07307121    0.03432822    -0.1177488    -0.0588366    -0.038929    -0.06430305    0.1876393    -0.02099735    0.09939648    0.06635002    -0.01830727    -0.08478977    0.05158124    -0.0245993    -0.06011067    0.01643522    0.0675262    -0.03053283    -0.01860645    -0.01648239    -0.009131654    0.06613822
0.235111    -0.6506694    0.06514224    1    -0.6078586    -0.01128964    0.04635509    -0.002379128    -0.02643029    0.001209666    0.1166931    -0.1987784    -0.2100947    0.158768    0.09811559    0.03723318    -0.04572196    0.01875071    0.06778943    -0.05689477    0.04406171    -0.03355917    -0.03772896    0.08385934    0.003023485    -0.08799272    -0.0273008    0.04163505    0.02087093    0.02538953
-0.02529814    0.2672641    -0.5083593    -0.6078586    1    -0.002921072    -0.01608019    0.01543202    0.03704312    -0.04123738    -0.04899594    0.2044164    0.2562508    -0.05158134    -0.2554506    0.001573076    -0.01440425    -0.06931756    -0.05824296    0.09940462    -0.06877164    0.03305229    0.08397911    -0.07236744    -0.0665572    0.1035325    0.008838367    -0.03268025    0.01508887    -0.08402855
-0.08566339    0.02729262    0.03900224    -0.01128964    -0.002921072    1    -0.06409369    -0.6033327    -0.117936    0.005767962    0.04265604    0.004742313    0.009519133    0.002767773    0.008198226    0.07832183    -0.001543651    -0.04515409    0.01661505    -0.08180572    0.01610019    -0.06951527    0.01076136    0.09534299    -0.01308736    0.01612176    -0.0433726    0.02382867    0.01360433    -0.05420181
0.02077572    -0.003498174    0.02140272    0.04635509    -0.01608019    -0.06409369    1    -0.09900662    -0.5676348    0.03544622    0.009865752    0.00773829    -0.03855447    -0.001142512    0.01262869    -0.03149223    0.07929445    0.0214283    -0.0427591    0.01179005    0.09035622    0.0005434782    -0.09284294    -0.03065628    0.05221953    -0.01443897    0.05490531    0.0502575    -0.02716747    -0.07018385
0.02551791    0.01101164    -0.01039284    -0.002379128    0.01543202    -0.6033327    -0.09900662    1    -0.06336199    -0.3576137    -0.01322964    -0.0236998    0.004687712    0.00139574    0.01667518    0.0299431    0.01729769    0.03479909    -0.0405237    0.009483895    -0.008745422    -0.0367233    -0.004724281    0.02556267    0.0508789    -0.001979101    0.01073591    -0.004929634    -0.002707075    -0.01963873
0.03708786    0.002570376    -0.07307121    -0.02643029    0.03704312    -0.117936    -0.5676348    -0.06336199    1    -0.2964738    0.002449875    0.03121991    0.007652858    -0.02627162    -0.0603438    -0.03964216    -0.007947096    0.01918804    0.02502245    -0.001094818    0.07562052    -0.005852118    -0.0299171    -0.007934935    -0.00913873    0.01313018    0.01682462    -0.03802799    0.002339762    0.02653575
0.00229714    -0.05719703    0.03432822    0.001209666    -0.04123738    0.005767962    0.03544622    -0.3576137    -0.2964738    1    -0.01248673    0.02960454    -0.0002696748    -0.05114572    -0.06488314    -0.04002131    -0.09305515    -0.02538079    0.07569078    0.1250716    -0.1073837    0.07627857    0.08079149    -0.08159052    -0.03085781    -0.02807461    0.00432905    -0.001323624    -0.01984359    0.07829489
0.09385781    -0.1390567    -0.1177488    0.1166931    -0.04899594    0.04265604    0.009865752    -0.01322964    0.002449875    -0.01248673    1    -0.06179415    -0.5939001    -0.1180336    0.02355674    0.05167966    -0.1152897    0.02066657    0.09069551    -0.05447833    0.08197752    -0.001425257    -0.03697838    0.03881304    -0.05002561    0.01854611    0.005297183    0.0219915    0.0173269    -0.03285733
-0.08776051    0.05639625    -0.0588366    -0.1987784    0.2044164    0.004742313    0.00773829    -0.0236998    0.03121991    0.02960454    -0.06179415    1    -0.1008464    -0.6099681    0.04573424    -0.09588906    0.06631092    0.06696303    -0.05048789    0.03211869    0.001560001    -0.07429014    0.02348987    -0.01501669    0.07973867    -0.002614951    -0.00929395    0.0224152    0.02177802    -0.03157225
-0.1242036    0.068539    -0.038929    -0.2100947    0.2562508    0.009519133    -0.03855447    0.004687712    0.007652858    -0.0002696748    -0.5939001    -0.1008464    1    -0.06423964    -0.3811407    -0.03325535    0.1240084    -0.02484923    -0.04320801    -0.007768238    0.01210735    -0.02341492    -0.03505125    0.02170153    0.03176039    0.0652032    0.04019806    -0.05157132    -0.03945106    -0.006742461
0.03258501    -0.1577087    -0.06430305    0.158768    -0.05158134    0.002767773    -0.001142512    0.00139574    -0.02627162    -0.05114572    -0.1180336    -0.6099681    -0.06423964    1    -0.2719001    0.05996405    0.01692201    -0.01928402    -0.02647303    -0.03397779    0.02191401    -0.0185645    -0.04593798    0.1056719    0.0109211    -0.01356076    -0.01408342    -0.001648254    -0.02174571    0.008882761
0.0502754    0.1101471    0.1876393    0.09811559    -0.2554506    0.008198226    0.01262869    0.01667518    -0.0603438    -0.06488314    0.02355674    0.04573424    -0.3811407    -0.2719001    1    0.05134978    -0.07520341    -0.03895309    -0.0006839066    0.001843406    -0.09784893    0.06749055    0.06676996    -0.0523314    -0.06221906    -0.003534009    -0.03321144    -0.009644147    0.02721563    0.02534564
-0.003253133    -0.051045    -0.02099735    0.03723318    0.001573076    0.07832183    -0.03149223    0.0299431    -0.03964216    -0.04002131    0.05167966    -0.09588906    -0.03325535    0.05996405    0.05134978    1    -0.09296697    -0.5872855    0.1205512    -0.008874198    0.02976092    0.01818533    0.009618376    0.06954611    -0.1375378    0.0004210706    -0.0316081    -0.02481247    0.01447521    0.02371828
-0.009992194    0.08802882    0.09939648    -0.04572196    -0.01440425    -0.001543651    0.07929445    0.01729769    -0.007947096    -0.09305515    -0.1152897    0.06631092    0.1240084    0.01692201    -0.07520341    -0.09296697    1    -0.2674181    -0.5953015    0.2580198    0.06570928    -0.1070775    -0.0735188    0.08245047    0.1196483    0.0004624759    0.01620884    -0.001890446    -0.03129001    0.007181377
-0.0006106038    0.04717612    0.06635002    0.01875071    -0.06931756    -0.04515409    0.0214283    0.03479909    0.01918804    -0.02538079    0.02066657    0.06696303    -0.02484923    -0.01928402    -0.03895309    -0.5872855    -0.2674181    1    -0.09069658    -0.3813491    0.04360853    -0.1083042    -0.02654665    0.06765148    0.11326    -0.0183472    -0.04880209    -0.02835648    -0.02339707    0.073176
0.02774732    -0.04326889    -0.01830727    0.06778943    -0.05824296    0.01661505    -0.0427591    -0.0405237    0.02502245    0.07569078    0.09069551    -0.05048789    -0.04320801    -0.02647303    -0.0006839066    0.1205512    -0.5953015    -0.09069658    1    -0.4833    0.04685137    0.05194265    -0.01272133    0.05252365    -0.08485076    0.0350196    0.01336944    -0.06862458    -0.02903631    0.07838037
-0.00179487    -0.0269349    -0.08478977    -0.05689477    0.09940462    -0.08180572    0.01179005    0.009483895    -0.001094818    0.1250716    -0.05447833    0.03211869    -0.007768238    -0.03397779    0.001843406    -0.008874198    0.2580198    -0.3813491    -0.4833    1    -0.1389066    0.1009307    0.0697749    -0.1891751    0.004837892    -0.0517112    0.09033886    0.1191054    0.02105516    -0.1208245
0.04370249    0.02430503    0.05158124    0.04406171    -0.06877164    0.01610019    0.09035622    -0.008745422    0.07562052    -0.1073837    0.08197752    0.001560001    0.01210735    0.02191401    -0.09784893    0.02976092    0.06570928    0.04360853    0.04685137    -0.1389066    1    0.1802937    -0.5691702    -0.2002636    -0.1141258    -0.01208567    -0.02668576    0.0001617797    0.02610866    -0.02029107
-0.02391211    -0.06125764    -0.0245993    -0.03355917    0.03305229    -0.06951527    0.0005434782    -0.0367233    -0.005852118    0.07627857    -0.001425257    -0.07429014    -0.02341492    -0.0185645    0.06749055    0.01818533    -0.1070775    -0.1083042    0.05194265    0.1009307    0.1802937    1    -0.712963    -0.5634511    0.2419349    -0.01119243    -0.04156331    -0.02516022    0.03703088    0.0412303
-0.02552311    -0.01451888    -0.06011067    -0.03772896    0.08397911    0.01076136    -0.09284294    -0.004724281    -0.0299171    0.08079149    -0.03697838    0.02348987    -0.03505125    -0.04593798    0.06676996    0.009618376    -0.0735188    -0.02654665    -0.01272133    0.0697749    -0.5691702    -0.712963    1    0.1600804    -0.4300399    -0.009065506    0.01454034    0.02087814    -0.01980436    0.004362229
0.04000411    0.02676009    0.01643522    0.08385934    -0.07236744    0.09534299    -0.03065628    0.02556267    -0.007934935    -0.08159052    0.03881304    -0.01501669    0.02170153    0.1056719    -0.0523314    0.06954611    0.08245047    0.06765148    0.05252365    -0.1891751    -0.2002636    -0.5634511    0.1600804    1    -0.04550196    0.03814015    -0.007876866    -0.03037526    -0.02934425    0.01279368
0.01861263    0.06309214    0.0675262    0.003023485    -0.0665572    -0.01308736    0.05221953    0.0508789    -0.00913873    -0.03085781    -0.05002561    0.07973867    0.03176039    0.0109211    -0.06221906    -0.1375378    0.1196483    0.11326    -0.08485076    0.004837892    -0.1141258    0.2419349    -0.4300399    -0.04550196    1    0.02645736    0.01562241    -0.01784102    0.005640727    -0.03305465
-0.05530581    0.04454455    -0.03053283    -0.08799272    0.1035325    0.01612176    -0.01443897    -0.001979101    0.01313018    -0.02807461    0.01854611    -0.002614951    0.0652032    -0.01356076    -0.003534009    0.0004210706    0.0004624759    -0.0183472    0.0350196    -0.0517112    -0.01208567    -0.01119243    -0.009065506    0.03814015    0.02645736    1    -0.01208665    -0.7751805    -0.07643994    0.1642374
0.03106159    0.009760175    -0.01860645    -0.0273008    0.008838367    -0.0433726    0.05490531    0.01073591    0.01682462    0.00432905    0.005297183    -0.00929395    0.04019806    -0.01408342    -0.03321144    -0.0316081    0.01620884    -0.04880209    0.01336944    0.09033886    -0.02668576    -0.04156331    0.01454034    -0.007876866    0.01562241    -0.01208665    1    0.1663351    -0.7695498    0.07538156
0.01862329    -0.0260663    -0.01648239    0.04163505    -0.03268025    0.02382867    0.0502575    -0.004929634    -0.03802799    -0.001323624    0.0219915    0.0224152    -0.05157132    -0.001648254    -0.009644147    -0.02481247    -0.001890446    -0.02835648    -0.06862458    0.1191054    0.0001617797    -0.02516022    0.02087814    -0.03037526    -0.01784102    -0.7751805    0.1663351    1    0.03349777    -0.5361289
-0.04770912    -0.006234613    -0.009131654    0.02087093    0.01508887    0.01360433    -0.02716747    -0.002707075    0.002339762    -0.01984359    0.0173269    0.02177802    -0.03945106    -0.02174571    0.02721563    0.01447521    -0.03129001    -0.02339707    -0.02903631    0.02105516    0.02610866    0.03703088    -0.01980436    -0.02934425    0.005640727    -0.07643994    -0.7695498    0.03349777    1    -0.4759833
0.04559721    -0.006249333    0.06613822    0.02538953    -0.08402855    -0.05420181    -0.07018385    -0.01963873    0.02653575    0.07829489    -0.03285733    -0.03157225    -0.006742461    0.008882761    0.02534564    0.02371828    0.007181377    0.073176    0.07838037    -0.1208245    -0.02029107    0.0412303    0.004362229    0.01279368    -0.03305465    0.1642374    0.07538156    -0.5361289    -0.4759833    1
