1    -0.06409369    -0.6033327    -0.117936    0.005767962    0.04265604    0.004742313    0.009519133    0.002767773    0.008198226    0.004912869    -0.02372919    -0.01944006    0.02564671    -0.005627487    0.07832183    -0.001543651    -0.04515409    0.01661505    -0.08180572
-0.06409369    1    -0.09900662    -0.5676348    0.03544622    0.009865752    0.00773829    -0.03855447    -0.001142512    0.01262869    -0.04350291    -0.004177662    0.09391179    0.01177709    -0.08812059    -0.03149223    0.07929445    0.0214283    -0.0427591    0.01179005
-0.6033327    -0.09900662    1    -0.06336199    -0.3576137    -0.01322964    -0.0236998    0.004687712    0.00139574    0.01667518    0.005152301    0.07123273    0.008917819    -0.04820343    -0.0311183    0.0299431    0.01729769    0.03479909    -0.0405237    0.009483895
-0.117936    -0.5676348    -0.06336199    1    -0.2964738    0.002449875    0.03121991    0.007652858    -0.02627162    -0.0603438    0.01527309    0.03310413    -0.02823734    0.002585586    0.0247469    -0.03964216    -0.007947096    0.01918804    0.02502245    -0.001094818
0.005767962    0.03544622    -0.3576137    -0.2964738    1    -0.01248673    0.02960454    -0.0002696748    -0.05114572    -0.06488314    0.01485464    -0.08676033    -0.02104514    0.04509317    0.03677732    -0.04002131    -0.09305515    -0.02538079    0.07569078    0.1250716
0.04265604    0.009865752    -0.01322964    0.002449875    -0.01248673    1    -0.06179415    -0.5939001    -0.1180336    0.02355674    0.02158268    -0.007019248    -0.0387266    0.03016881    -0.0154851    0.05167966    -0.1152897    0.02066657    0.09069551    -0.05447833
0.004742313    0.00773829    -0.0236998    0.03121991    0.02960454    -0.06179415    1    -0.1008464    -0.6099681    0.04573424    -0.0471    0.02816566    0.06474895    -0.03748152    0.02328071    -0.09588906    0.06631092    0.06696303    -0.05048789    0.03211869
0.009519133    -0.03855447    0.004687712    0.007652858    -0.0002696748    -0.5939001    -0.1008464    1    -0.06423964    -0.3811407    -0.04286127    0.03409386    0.04611969    -0.02327391    -0.01175242    -0.03325535    0.1240084    -0.02484923    -0.04320801    -0.007768238
0.002767773    -0.001142512    0.00139574    -0.02627162    -0.05114572    -0.1180336    -0.6099681    -0.06423964    1    -0.2719001    0.03643369    0.008530019    -0.02352048    0.007661468    -0.04851676    0.05996405    0.01692201    -0.01928402    -0.02647303    -0.03397779
0.008198226    0.01262869    0.01667518    -0.0603438    -0.06488314    0.02355674    0.04573424    -0.3811407    -0.2719001    1    -0.0003821191    -0.02212775    -0.01864193    -0.01558589    0.02796451    0.05134978    -0.07520341    -0.03895309    -0.0006839066    0.001843406
0.004912869    -0.04350291    0.005152301    0.01527309    0.01485464    0.02158268    -0.0471    -0.04286127    0.03643369    -0.0003821191    1    0.0416845    -0.7534453    -0.07856249    0.08736875    0.08627751    -0.04781298    -0.05241944    0.1224326    -0.09535699
-0.02372919    -0.004177662    0.07123273    0.03310413    -0.08676033    -0.007019248    0.02816566    0.03409386    0.008530019    -0.02212775    0.0416845    1    -0.220745    -0.7680268    0.1760315    -0.08185093    0.02024578    -0.01105522    -0.089933    0.07608428
-0.01944006    0.09391179    0.008917819    -0.02823734    -0.02104514    -0.0387266    0.06474895    0.04611969    -0.02352048    -0.01864193    -0.7534453    -0.220745    1    0.05457984    -0.4539195    -0.059366    0.01174614    0.004214773    -0.1153916    0.1266135
0.02564671    0.01177709    -0.04820343    0.002585586    0.04509317    0.03016881    -0.03748152    -0.02327391    0.007661468    -0.01558589    -0.07856249    -0.7680268    0.05457984    1    -0.3206691    0.110468    -0.06954608    -0.03846287    0.09141676    -0.01120699
-0.005627487    -0.08812059    -0.0311183    0.0247469    0.03677732    -0.0154851    0.02328071    -0.01175242    -0.04851676    0.02796451    0.08736875    0.1760315    -0.4539195    -0.3206691    1    -0.05440636    0.08040617    0.0695934    0.006832698    -0.09534136
0.07832183    -0.03149223    0.0299431    -0.03964216    -0.04002131    0.05167966    -0.09588906    -0.03325535    0.05996405    0.05134978    0.08627751    -0.08185093    -0.059366    0.110468    -0.05440636    1    -0.09296697    -0.5872855    0.1205512    -0.008874198
-0.001543651    0.07929445    0.01729769    -0.007947096    -0.09305515    -0.1152897    0.06631092    0.1240084    0.01692201    -0.07520341    -0.04781298    0.02024578    0.01174614    -0.06954608    0.08040617    -0.09296697    1    -0.2674181    -0.5953015    0.2580198
-0.04515409    0.0214283    0.03479909    0.01918804    -0.02538079    0.02066657    0.06696303    -0.02484923    -0.01928402    -0.03895309    -0.05241944    -0.01105522    0.004214773    -0.03846287    0.0695934    -0.5872855    -0.2674181    1    -0.09069658    -0.3813491
0.01661505    -0.0427591    -0.0405237    0.02502245    0.07569078    0.09069551    -0.05048789    -0.04320801    -0.02647303    -0.0006839066    0.1224326    -0.089933    -0.1153916    0.09141676    0.006832698    0.1205512    -0.5953015    -0.09069658    1    -0.4833
-0.08180572    0.01179005    0.009483895    -0.001094818    0.1250716    -0.05447833    0.03211869    -0.007768238    -0.03397779    0.001843406    -0.09535699    0.07608428    0.1266135    -0.01120699    -0.09534136    -0.008874198    0.2580198    -0.3813491    -0.4833    1
