1    -0.06409369    -0.6033327    -0.117936    0.005767962    -0.02250176    0.01587454    0.02393126    -0.01888183    0.03645
-0.06409369    1    -0.09900662    -0.5676348    0.03544622    -0.03746975    0.03675218    0.01029787    -0.01799916    0.02044175
-0.6033327    -0.09900662    1    -0.06336199    -0.3576137    -0.001972195    -0.04271607    0.03486935    0.08047891    -0.07520727
-0.117936    -0.5676348    -0.06336199    1    -0.2964738    0.0122577    -0.02619333    -0.001349864    -0.004806057    0.03549004
0.005767962    0.03544622    -0.3576137    -0.2964738    1    0.02793176    0.01605795    -0.04636856    -0.02977209    -0.007754299
-0.02250176    -0.03746975    -0.001972195    0.0122577    0.02793176    1    -0.2296069    -0.743259    0.1712309    0.09838464
0.01587454    0.03675218    -0.04271607    -0.02619333    0.01605795    -0.2296069    1    0.1247282    -0.7481843    0.2853823
0.02393126    0.01029787    0.03486935    -0.001349864    -0.04636856    -0.743259    0.1247282    1    -0.1546872    -0.4145793
-0.01888183    -0.01799916    0.08047891    -0.004806057    -0.02977209    0.1712309    -0.7481843    -0.1546872    1    -0.613247
0.03645    0.02044175    -0.07520727    0.03549004    -0.007754299    0.09838464    0.2853823    -0.4145793    -0.613247    1
