1    -0.1946423    -0.4709472    0.235111    -0.02529814    -0.08566339    0.02077572    0.02551791    0.03708786    0.00229714    0.09385781    -0.08776051    -0.1242036    0.03258501    0.0502754
-0.1946423    1    0.005353657    -0.6506694    0.2672641    0.02729262    -0.003498174    0.01101164    0.002570376    -0.05719703    -0.1390567    0.05639625    0.068539    -0.1577087    0.1101471
-0.4709472    0.005353657    1    0.06514224    -0.5083593    0.03900224    0.02140272    -0.01039284    -0.07307121    0.03432822    -0.1177488    -0.0588366    -0.038929    -0.06430305    0.1876393
0.235111    -0.6506694    0.06514224    1    -0.6078586    -0.01128964    0.04635509    -0.002379128    -0.02643029    0.001209666    0.1166931    -0.1987784    -0.2100947    0.158768    0.09811559
-0.02529814    0.2672641    -0.5083593    -0.6078586    1    -0.002921072    -0.01608019    0.01543202    0.03704312    -0.04123738    -0.04899594    0.2044164    0.2562508    -0.05158134    -0.2554506
-0.08566339    0.02729262    0.03900224    -0.01128964    -0.002921072    1    -0.06409369    -0.6033327    -0.117936    0.005767962    0.04265604    0.004742313    0.009519133    0.002767773    0.008198226
0.02077572    -0.003498174    0.02140272    0.04635509    -0.01608019    -0.06409369    1    -0.09900662    -0.5676348    0.03544622    0.009865752    0.00773829    -0.03855447    -0.001142512    0.01262869
0.02551791    0.01101164    -0.01039284    -0.002379128    0.01543202    -0.6033327    -0.09900662    1    -0.06336199    -0.3576137    -0.01322964    -0.0236998    0.004687712    0.00139574    0.01667518
0.03708786    0.002570376    -0.07307121    -0.02643029    0.03704312    -0.117936    -0.5676348    -0.06336199    1    -0.2964738    0.002449875    0.03121991    0.007652858    -0.02627162    -0.0603438
0.00229714    -0.05719703    0.03432822    0.001209666    -0.04123738    0.005767962    0.03544622    -0.3576137    -0.2964738    1    -0.01248673    0.02960454    -0.0002696748    -0.05114572    -0.06488314
0.09385781    -0.1390567    -0.1177488    0.1166931    -0.04899594    0.04265604    0.009865752    -0.01322964    0.002449875    -0.01248673    1    -0.06179415    -0.5939001    -0.1180336    0.02355674
-0.08776051    0.05639625    -0.0588366    -0.1987784    0.2044164    0.004742313    0.00773829    -0.0236998    0.03121991    0.02960454    -0.06179415    1    -0.1008464    -0.6099681    0.04573424
-0.1242036    0.068539    -0.038929    -0.2100947    0.2562508    0.009519133    -0.03855447    0.004687712    0.007652858    -0.0002696748    -0.5939001    -0.1008464    1    -0.06423964    -0.3811407
0.03258501    -0.1577087    -0.06430305    0.158768    -0.05158134    0.002767773    -0.001142512    0.00139574    -0.02627162    -0.05114572    -0.1180336    -0.6099681    -0.06423964    1    -0.2719001
0.0502754    0.1101471    0.1876393    0.09811559    -0.2554506    0.008198226    0.01262869    0.01667518    -0.0603438    -0.06488314    0.02355674    0.04573424    -0.3811407    -0.2719001    1
