1    -0.06409369    -0.6033327    -0.117936    0.005767962    0.04265604    0.004742313    0.009519133    0.002767773    0.008198226    -0.003667107    0.01434533    0.02196922    0.01293101    -0.05925186
-0.06409369    1    -0.09900662    -0.5676348    0.03544622    0.009865752    0.00773829    -0.03855447    -0.001142512    0.01262869    0.01871929    -0.05181283    -0.05050695    0.04179945    0.002959576
-0.6033327    -0.09900662    1    -0.06336199    -0.3576137    -0.01322964    -0.0236998    0.004687712    0.00139574    0.01667518    0.03143309    -0.0316137    -0.01585068    0.02629431    -0.0393443
-0.117936    -0.5676348    -0.06336199    1    -0.2964738    0.002449875    0.03121991    0.007652858    -0.02627162    -0.0603438    -0.02343289    0.06052918    0.03467632    -0.06485584    0.01284983
0.005767962    0.03544622    -0.3576137    -0.2964738    1    -0.01248673    0.02960454    -0.0002696748    -0.05114572    -0.06488314    -0.008418857    0.00471083    -0.01117648    0.0101948    0.04207786
0.04265604    0.009865752    -0.01322964    0.002449875    -0.01248673    1    -0.06179415    -0.5939001    -0.1180336    0.02355674    -0.03065267    -0.01769961    0.05009034    0.0559951    -0.06036414
0.004742313    0.00773829    -0.0236998    0.03121991    0.02960454    -0.06179415    1    -0.1008464    -0.6099681    0.04573424    0.0311435    0.02083692    -0.01284636    5.780415e-05    -0.009904912
0.009519133    -0.03855447    0.004687712    0.007652858    -0.0002696748    -0.5939001    -0.1008464    1    -0.06423964    -0.3811407    0.02020352    0.04184439    -0.005928774    -0.01366671    -0.04291455
0.002767773    -0.001142512    0.00139574    -0.02627162    -0.05114572    -0.1180336    -0.6099681    -0.06423964    1    -0.2719001    -0.03616802    0.003565345    0.0312197    -0.02646607    0.004106452
0.008198226    0.01262869    0.01667518    -0.0603438    -0.06488314    0.02355674    0.04573424    -0.3811407    -0.2719001    1    0.006714172    -0.0517316    -0.02779441    0.009652567    0.05573689
-0.003667107    0.01871929    0.03143309    -0.02343289    -0.008418857    -0.03065267    0.0311435    0.02020352    -0.03616802    0.006714172    1    0.05016715    -0.7652618    -0.2164396    0.2527462
0.01434533    -0.05181283    -0.0316137    0.06052918    0.00471083    -0.01769961    0.02083692    0.04184439    0.003565345    -0.0517316    0.05016715    1    0.07725506    -0.7808682    0.1179414
0.02196922    -0.05050695    -0.01585068    0.03467632    -0.01117648    0.05009034    -0.01284636    -0.005928774    0.0312197    -0.02779441    -0.7652618    0.07725506    1    0.210168    -0.6410685
0.01293101    0.04179945    0.02629431    -0.06485584    0.0101948    0.0559951    5.780415e-05    -0.01366671    -0.02646607    0.009652567    -0.2164396    -0.7808682    0.210168    1    -0.5415401
-0.05925186    0.002959576    -0.0393443    0.01284983    0.04207786    -0.06036414    -0.009904912    -0.04291455    0.004106452    0.05573689    0.2527462    0.1179414    -0.6410685    -0.5415401    1
