1    -0.06409369    -0.6033327    -0.117936    0.005767962    -0.003667107    0.01434533    0.02196922    0.01293101    -0.05925186
-0.06409369    1    -0.09900662    -0.5676348    0.03544622    0.01871929    -0.05181283    -0.05050695    0.04179945    0.002959576
-0.6033327    -0.09900662    1    -0.06336199    -0.3576137    0.03143309    -0.0316137    -0.01585068    0.02629431    -0.0393443
-0.117936    -0.5676348    -0.06336199    1    -0.2964738    -0.02343289    0.06052918    0.03467632    -0.06485584    0.01284983
0.005767962    0.03544622    -0.3576137    -0.2964738    1    -0.008418857    0.00471083    -0.01117648    0.0101948    0.04207786
-0.003667107    0.01871929    0.03143309    -0.02343289    -0.008418857    1    0.05016715    -0.7652618    -0.2164396    0.2527462
0.01434533    -0.05181283    -0.0316137    0.06052918    0.00471083    0.05016715    1    0.07725506    -0.7808682    0.1179414
0.02196922    -0.05050695    -0.01585068    0.03467632    -0.01117648    -0.7652618    0.07725506    1    0.210168    -0.6410685
0.01293101    0.04179945    0.02629431    -0.06485584    0.0101948    -0.2164396    -0.7808682    0.210168    1    -0.5415401
-0.05925186    0.002959576    -0.0393443    0.01284983    0.04207786    0.2527462    0.1179414    -0.6410685    -0.5415401    1
