1    -0.06409369    -0.6033327    -0.117936    0.005767962    0.07528157    -0.05717756    -0.01027071    0.04660172    -0.03122617
-0.06409369    1    -0.09900662    -0.5676348    0.03544622    0.01469773    -0.03027661    -0.06975475    0.05468785    0.1215033
-0.6033327    -0.09900662    1    -0.06336199    -0.3576137    0.01801939    -0.01991905    -0.02466597    -0.0008445505    0.05731621
-0.117936    -0.5676348    -0.06336199    1    -0.2964738    0.05440848    -0.02268755    -0.01978409    0.01962171    -0.02471152
0.005767962    0.03544622    -0.3576137    -0.2964738    1    -0.1149766    0.09323799    0.08222961    -0.0937733    -0.07162653
0.07528157    0.01469773    0.01801939    0.05440848    -0.1149766    1    0.009148284    -0.5227716    -0.02662411    -0.09164891
-0.05717756    -0.03027661    -0.01991905    -0.02268755    0.09323799    0.009148284    1    -0.6390093    -0.4031495    0.1813855
-0.01027071    -0.06975475    -0.02466597    -0.01978409    0.08222961    -0.5227716    -0.6390093    1    -0.06712646    -0.3321347
0.04660172    0.05468785    -0.0008445505    0.01962171    -0.0937733    -0.02662411    -0.4031495    -0.06712646    1    -0.130076
-0.03122617    0.1215033    0.05731621    -0.02471152    -0.07162653    -0.09164891    0.1813855    -0.3321347    -0.130076    1
