1    -0.1750601    -0.4248295    0.2174913    0.002515153    0.07395104    -0.1131871    -0.1369199    0.07386933    0.07649416
-0.1750601    1    -0.01491714    -0.6222392    0.2333305    -0.07732744    0.01778574    0.01058778    -0.1651793    0.08876159
-0.4248295    -0.01491714    1    0.05952327    -0.5232977    -0.1276178    -0.08015054    -0.01464825    -0.09411968    0.2261081
0.2174913    -0.6222392    0.05952327    1    -0.5990358    0.08927624    -0.1740325    -0.180289    0.1381758    0.09513753
0.002515153    0.2333305    -0.5232977    -0.5990358    1    -0.0001732517    0.1783414    0.2074047    -0.02316448    -0.2377356
0.07395104    -0.07732744    -0.1276178    0.08927624    -0.0001732517    1    -0.06409369    -0.6033327    -0.117936    0.005767962
-0.1131871    0.01778574    -0.08015054    -0.1740325    0.1783414    -0.06409369    1    -0.09900662    -0.5676348    0.03544622
-0.1369199    0.01058778    -0.01464825    -0.180289    0.2074047    -0.6033327    -0.09900662    1    -0.06336199    -0.3576137
0.07386933    -0.1651793    -0.09411968    0.1381758    -0.02316448    -0.117936    -0.5676348    -0.06336199    1    -0.2964738
0.07649416    0.08876159    0.2261081    0.09513753    -0.2377356    0.005767962    0.03544622    -0.3576137    -0.2964738    1
