1    -0.1750601    -0.4248295    0.2174913    0.002515153    -0.03238841    0.04783724    -0.02160848    -0.001132487    0.004781861    0.07395104    -0.1131871    -0.1369199    0.07386933    0.07649416    -0.02704097    0.02649808    -0.01492897    -0.02350755    0.01867777    0.01689402    -0.007827286    0.04156598    0.008776501    -0.0205498    0.007737359    -0.0496647    0.03343609    0.1082092    -0.09720418    0.06960626    -0.05946263    0.01124724    0.06525906    -0.0422528
-0.1750601    1    -0.01491714    -0.6222392    0.2333305    -0.01114538    -0.056802    0.04319913    0.04859191    -0.01306501    -0.07732744    0.01778574    0.01058778    -0.1651793    0.08876159    -0.03742454    0.05308068    0.02446545    -0.01794528    0.007860983    -0.04408736    0.03763997    0.08218417    -0.06613515    -0.01940526    -0.04952563    0.07152838    0.0610728    -0.02311315    -0.08404258    0.05904949    -0.003635176    -0.07226143    0.02426811    0.06971675
-0.4248295    -0.01491714    1    0.05952327    -0.5232977    -0.02410398    -0.02140263    0.002887439    -0.02615133    0.04397876    -0.1276178    -0.08015054    -0.01464825    -0.09411968    0.2261081    -0.02309141    -0.02516572    0.05528584    0.06182433    -0.06535056    -0.08279902    0.02124634    0.09939839    0.008893872    -0.06331844    -0.01840606    0.05351053    0.06291157    -0.03478856    -0.01951604    -0.03717377    -0.0524544    -0.01608579    0.07371991    0.07790413
0.2174913    -0.6222392    0.05952327    1    -0.5990358    -0.004350109    0.04695518    0.007053844    -0.04386999    -0.0358891    0.08927624    -0.1740325    -0.180289    0.1381758    0.09513753    0.007989553    -0.03876592    -0.01755944    0.02966799    0.01332508    0.003469206    0.009919372    0.006749883    0.03282896    -0.03321681    -0.00589075    0.02116704    0.02304788    -0.01029791    0.003824369    0.03295568    -0.03238618    -0.03195911    0.05777876    0.04540745
0.002515153    0.2333305    -0.5232977    -0.5990358    1    0.02357466    -0.006217423    0.004515984    0.02179571    -0.03559496    -0.0001732517    0.1783414    0.2074047    -0.02316448    -0.2377356    0.01251816    0.03036345    -0.04140801    -0.0420534    0.05631704    0.09331798    0.001268893    -0.1189013    -0.03742274    0.04900445    0.03597718    -0.07128305    -0.07965728    0.02026767    0.06539621    -0.05598918    0.07469587    0.06070256    -0.1086727    -0.1021506
-0.03238841    -0.01114538    -0.02410398    -0.004350109    0.02357466    1    -0.1946423    -0.4709472    0.235111    -0.02529814    -0.08566339    0.02077572    0.02551791    0.03708786    0.00229714    0.09385781    -0.08776051    -0.1242036    0.03258501    0.0502754    0.01215092    0.02744832    0.001489062    0.01955558    -0.02809272    -0.003253133    -0.009992194    -0.0006106038    0.02774732    -0.00179487    0.04370249    -0.02391211    -0.02552311    0.04000411    0.01861263
0.04783724    -0.056802    -0.02140263    0.04695518    -0.006217423    -0.1946423    1    0.005353657    -0.6506694    0.2672641    0.02729262    -0.003498174    0.01101164    0.002570376    -0.05719703    -0.1390567    0.05639625    0.068539    -0.1577087    0.1101471    -0.007567942    0.06293068    0.02211944    -0.05201462    -0.01847086    -0.051045    0.08802882    0.04717612    -0.04326889    -0.0269349    0.02430503    -0.06125764    -0.01451888    0.02676009    0.06309214
-0.02160848    0.04319913    0.002887439    0.007053844    0.004515984    -0.4709472    0.005353657    1    0.06514224    -0.5083593    0.03900224    0.02140272    -0.01039284    -0.07307121    0.03432822    -0.1177488    -0.0588366    -0.038929    -0.06430305    0.1876393    -0.06726309    0.09942476    0.101867    -0.09660469    -0.04082691    -0.02099735    0.09939648    0.06635002    -0.01830727    -0.08478977    0.05158124    -0.0245993    -0.06011067    0.01643522    0.0675262
-0.001132487    0.04859191    -0.02615133    -0.04386999    0.02179571    0.235111    -0.6506694    0.06514224    1    -0.6078586    -0.01128964    0.04635509    -0.002379128    -0.02643029    0.001209666    0.1166931    -0.1987784    -0.2100947    0.158768    0.09811559    0.02897244    -0.02056982    0.02207482    0.03593319    -0.05619152    0.03723318    -0.04572196    0.01875071    0.06778943    -0.05689477    0.04406171    -0.03355917    -0.03772896    0.08385934    0.003023485
0.004781861    -0.01306501    0.04397876    -0.0358891    -0.03559496    -0.02529814    0.2672641    -0.5083593    -0.6078586    1    -0.002921072    -0.01608019    0.01543202    0.03704312    -0.04123738    -0.04899594    0.2044164    0.2562508    -0.05158134    -0.2554506    -0.01613452    -0.07280861    -0.07414618    0.0332482    0.09921452    0.001573076    -0.01440425    -0.06931756    -0.05824296    0.09940462    -0.06877164    0.03305229    0.08397911    -0.07236744    -0.0665572
0.07395104    -0.07732744    -0.1276178    0.08927624    -0.0001732517    -0.08566339    0.02729262    0.03900224    -0.01128964    -0.002921072    1    -0.06409369    -0.6033327    -0.117936    0.005767962    0.04265604    0.004742313    0.009519133    0.002767773    0.008198226    0.1177741    -0.03671037    -0.1002466    0.07016904    0.03273156    0.07832183    -0.001543651    -0.04515409    0.01661505    -0.08180572    0.01610019    -0.06951527    0.01076136    0.09534299    -0.01308736
-0.1131871    0.01778574    -0.08015054    -0.1740325    0.1783414    0.02077572    -0.003498174    0.02140272    0.04635509    -0.01608019    -0.06409369    1    -0.09900662    -0.5676348    0.03544622    0.009865752    0.00773829    -0.03855447    -0.001142512    0.01262869    -0.07891265    -0.05656397    -0.006043824    -0.05039992    0.1052325    -0.03149223    0.07929445    0.0214283    -0.0427591    0.01179005    0.09035622    0.0005434782    -0.09284294    -0.03065628    0.05221953
-0.1369199    0.01058778    -0.01464825    -0.180289    0.2074047    0.02551791    0.01101164    -0.01039284    -0.002379128    0.01543202    -0.6033327    -0.09900662    1    -0.06336199    -0.3576137    -0.01322964    -0.0236998    0.004687712    0.00139574    0.01667518    -0.06866305    -0.0289117    -0.04409661    -0.06215578    0.09294894    0.0299431    0.01729769    0.03479909    -0.0405237    0.009483895    -0.008745422    -0.0367233    -0.004724281    0.02556267    0.0508789
0.07386933    -0.1651793    -0.09411968    0.1381758    -0.02316448    0.03708786    0.002570376    -0.07307121    -0.02643029    0.03704312    -0.117936    -0.5676348    -0.06336199    1    -0.2964738    0.002449875    0.03121991    0.007652858    -0.02627162    -0.0603438    0.12856    -0.05235684    -0.1048421    0.07198006    -0.01696595    -0.03964216    -0.007947096    0.01918804    0.02502245    -0.001094818    0.07562052    -0.005852118    -0.0299171    -0.007934935    -0.00913873
0.07649416    0.08876159    0.2261081    0.09513753    -0.2377356    0.00229714    -0.05719703    0.03432822    0.001209666    -0.04123738    0.005767962    0.03544622    -0.3576137    -0.2964738    1    -0.01248673    0.02960454    -0.0002696748    -0.05114572    -0.06488314    -0.05055374    0.1031687    0.1735462    -0.03267858    -0.118603    -0.04002131    -0.09305515    -0.02538079    0.07569078    0.1250716    -0.1073837    0.07627857    0.08079149    -0.08159052    -0.03085781
-0.02704097    -0.03742454    -0.02309141    0.007989553    0.01251816    0.09385781    -0.1390567    -0.1177488    0.1166931    -0.04899594    0.04265604    0.009865752    -0.01322964    0.002449875    -0.01248673    1    -0.06179415    -0.5939001    -0.1180336    0.02355674    0.1346409    -0.0959808    -0.1152543    0.1536712    -0.04056245    0.05167966    -0.1152897    0.02066657    0.09069551    -0.05447833    0.08197752    -0.001425257    -0.03697838    0.03881304    -0.05002561
0.02649808    0.05308068    -0.02516572    -0.03876592    0.03036345    -0.08776051    0.05639625    -0.0588366    -0.1987784    0.2044164    0.004742313    0.00773829    -0.0236998    0.03121991    0.02960454    -0.06179415    1    -0.1008464    -0.6099681    0.04573424    -0.02973766    -0.03796035    -0.04657636    -0.1149377    0.1441106    -0.09588906    0.06631092    0.06696303    -0.05048789    0.03211869    0.001560001    -0.07429014    0.02348987    -0.01501669    0.07973867
-0.01492897    0.02446545    0.05528584    -0.01755944    -0.04140801    -0.1242036    0.068539    -0.038929    -0.2100947    0.2562508    0.009519133    -0.03855447    0.004687712    0.007652858    -0.0002696748    -0.5939001    -0.1008464    1    -0.06423964    -0.3811407    -0.1137064    -0.04030266    -0.02418527    -0.07823854    0.1311809    -0.03325535    0.1240084    -0.02484923    -0.04320801    -0.007768238    0.01210735    -0.02341492    -0.03505125    0.02170153    0.03176039
-0.02350755    -0.01794528    0.06182433    0.02966799    -0.0420534    0.03258501    -0.1577087    -0.06430305    0.158768    -0.05158134    0.002767773    -0.001142512    0.00139574    -0.02627162    -0.05114572    -0.1180336    -0.6099681    -0.06423964    1    -0.2719001    0.08024534    -0.08699944    -0.04061098    0.1525324    -0.06874055    0.05996405    0.01692201    -0.01928402    -0.02647303    -0.03397779    0.02191401    -0.0185645    -0.04593798    0.1056719    0.0109211
0.01867777    0.007860983    -0.06535056    0.01332508    0.05631704    0.0502754    0.1101471    0.1876393    0.09811559    -0.2554506    0.008198226    0.01262869    0.01667518    -0.0603438    -0.06488314    0.02355674    0.04573424    -0.3811407    -0.2719001    1    -0.05607654    0.1839513    0.1528062    -0.07115589    -0.1054066    0.05134978    -0.07520341    -0.03895309    -0.0006839066    0.001843406    -0.09784893    0.06749055    0.06676996    -0.0523314    -0.06221906
0.01689402    -0.04408736    -0.08279902    0.003469206    0.09331798    0.01215092    -0.007567942    -0.06726309    0.02897244    -0.01613452    0.1177741    -0.07891265    -0.06866305    0.12856    -0.05055374    0.1346409    -0.02973766    -0.1137064    0.08024534    -0.05607654    1    0.002486199    -0.6084731    0.05587275    -0.03522792    0.118534    -0.06763387    -0.1165317    0.06329067    0.02329751    0.01594462    0.02042783    -0.01847228    0.02094347    -0.02424602
-0.007827286    0.03763997    0.02124634    0.009919372    0.001268893    0.02744832    0.06293068    0.09942476    -0.02056982    -0.07280861    -0.03671037    -0.05656397    -0.0289117    -0.05235684    0.1031687    -0.0959808    -0.03796035    -0.04030266    -0.08699944    0.1839513    0.002486199    1    -0.2610428    -0.5998652    0.2709889    -0.04068063    0.0385303    -0.03882541    -0.09661622    0.1084896    -0.1062123    0.06204149    0.0582886    -0.1076767    0.01662779
0.04156598    0.08218417    0.09939839    0.006749883    -0.1189013    0.001489062    0.02211944    0.101867    0.02207482    -0.07414618    -0.1002466    -0.006043824    -0.04409661    -0.1048421    0.1735462    -0.1152543    -0.04657636    -0.02418527    -0.04061098    0.1528062    -0.6084731    -0.2610428    1    0.02869043    -0.4800809    -0.1027279    -0.0139711    0.04670473    -0.03906479    0.06852279    -0.06799667    0.03434319    0.02334767    -0.0748681    0.03048375
0.008776501    -0.06613515    0.008893872    0.03282896    -0.03742274    0.01955558    -0.05201462    -0.09660469    0.03593319    0.0332482    0.07016904    -0.05039992    -0.06215578    0.07198006    -0.03267858    0.1536712    -0.1149377    -0.07823854    0.1525324    -0.07115589    0.05587275    -0.5998652    0.02869043    1    -0.3962035    0.07971616    -0.08075808    -0.06775    0.09827519    -0.05132883    -0.03272617    -0.02841551    0.01181701    0.05539545    0.004998971
-0.0205498    -0.01940526    -0.06331844    -0.03321681    0.04900445    -0.02809272    -0.01847086    -0.04082691    -0.05619152    0.09921452    0.03273156    0.1052325    0.09294894    -0.01696595    -0.118603    -0.04056245    0.1441106    0.1311809    -0.06874055    -0.1054066    -0.03522792    0.2709889    -0.4800809    -0.3962035    1    -0.01176067    0.08430235    0.0765952    -0.03306862    -0.07544567    0.09086385    -0.04481681    -0.0270837    0.04514848    -0.006758461
0.007737359    -0.04952563    -0.01840606    -0.00589075    0.03597718    -0.003253133    -0.051045    -0.02099735    0.03723318    0.001573076    0.07832183    -0.03149223    0.0299431    -0.03964216    -0.04002131    0.05167966    -0.09588906    -0.03325535    0.05996405    0.05134978    0.118534    -0.04068063    -0.1027279    0.07971616    -0.01176067    1    -0.09296697    -0.5872855    0.1205512    -0.008874198    0.02976092    0.01818533    0.009618376    0.06954611    -0.1375378
-0.0496647    0.07152838    0.05351053    0.02116704    -0.07128305    -0.009992194    0.08802882    0.09939648    -0.04572196    -0.01440425    -0.001543651    0.07929445    0.01729769    -0.007947096    -0.09305515    -0.1152897    0.06631092    0.1240084    0.01692201    -0.07520341    -0.06763387    0.0385303    -0.0139711    -0.08075808    0.08430235    -0.09296697    1    -0.2674181    -0.5953015    0.2580198    0.06570928    -0.1070775    -0.0735188    0.08245047    0.1196483
0.03343609    0.0610728    0.06291157    0.02304788    -0.07965728    -0.0006106038    0.04717612    0.06635002    0.01875071    -0.06931756    -0.04515409    0.0214283    0.03479909    0.01918804    -0.02538079    0.02066657    0.06696303    -0.02484923    -0.01928402    -0.03895309    -0.1165317    -0.03882541    0.04670473    -0.06775    0.0765952    -0.5872855    -0.2674181    1    -0.09069658    -0.3813491    0.04360853    -0.1083042    -0.02654665    0.06765148    0.11326
0.1082092    -0.02311315    -0.03478856    -0.01029791    0.02026767    0.02774732    -0.04326889    -0.01830727    0.06778943    -0.05824296    0.01661505    -0.0427591    -0.0405237    0.02502245    0.07569078    0.09069551    -0.05048789    -0.04320801    -0.02647303    -0.0006839066    0.06329067    -0.09661622    -0.03906479    0.09827519    -0.03306862    0.1205512    -0.5953015    -0.09069658    1    -0.4833    0.04685137    0.05194265    -0.01272133    0.05252365    -0.08485076
-0.09720418    -0.08404258    -0.01951604    0.003824369    0.06539621    -0.00179487    -0.0269349    -0.08478977    -0.05689477    0.09940462    -0.08180572    0.01179005    0.009483895    -0.001094818    0.1250716    -0.05447833    0.03211869    -0.007768238    -0.03397779    0.001843406    0.02329751    0.1084896    0.06852279    -0.05132883    -0.07544567    -0.008874198    0.2580198    -0.3813491    -0.4833    1    -0.1389066    0.1009307    0.0697749    -0.1891751    0.004837892
0.06960626    0.05904949    -0.03717377    0.03295568    -0.05598918    0.04370249    0.02430503    0.05158124    0.04406171    -0.06877164    0.01610019    0.09035622    -0.008745422    0.07562052    -0.1073837    0.08197752    0.001560001    0.01210735    0.02191401    -0.09784893    0.01594462    -0.1062123    -0.06799667    -0.03272617    0.09086385    0.02976092    0.06570928    0.04360853    0.04685137    -0.1389066    1    0.1802937    -0.5691702    -0.2002636    -0.1141258
-0.05946263    -0.003635176    -0.0524544    -0.03238618    0.07469587    -0.02391211    -0.06125764    -0.0245993    -0.03355917    0.03305229    -0.06951527    0.0005434782    -0.0367233    -0.005852118    0.07627857    -0.001425257    -0.07429014    -0.02341492    -0.0185645    0.06749055    0.02042783    0.06204149    0.03434319    -0.02841551    -0.04481681    0.01818533    -0.1070775    -0.1083042    0.05194265    0.1009307    0.1802937    1    -0.712963    -0.5634511    0.2419349
0.01124724    -0.07226143    -0.01608579    -0.03195911    0.06070256    -0.02552311    -0.01451888    -0.06011067    -0.03772896    0.08397911    0.01076136    -0.09284294    -0.004724281    -0.0299171    0.08079149    -0.03697838    0.02348987    -0.03505125    -0.04593798    0.06676996    -0.01847228    0.0582886    0.02334767    0.01181701    -0.0270837    0.009618376    -0.0735188    -0.02654665    -0.01272133    0.0697749    -0.5691702    -0.712963    1    0.1600804    -0.4300399
0.06525906    0.02426811    0.07371991    0.05777876    -0.1086727    0.04000411    0.02676009    0.01643522    0.08385934    -0.07236744    0.09534299    -0.03065628    0.02556267    -0.007934935    -0.08159052    0.03881304    -0.01501669    0.02170153    0.1056719    -0.0523314    0.02094347    -0.1076767    -0.0748681    0.05539545    0.04514848    0.06954611    0.08245047    0.06765148    0.05252365    -0.1891751    -0.2002636    -0.5634511    0.1600804    1    -0.04550196
-0.0422528    0.06971675    0.07790413    0.04540745    -0.1021506    0.01861263    0.06309214    0.0675262    0.003023485    -0.0665572    -0.01308736    0.05221953    0.0508789    -0.00913873    -0.03085781    -0.05002561    0.07973867    0.03176039    0.0109211    -0.06221906    -0.02424602    0.01662779    0.03048375    0.004998971    -0.006758461    -0.1375378    0.1196483    0.11326    -0.08485076    0.004837892    -0.1141258    0.2419349    -0.4300399    -0.04550196    1
