1    -0.06409369    -0.6033327    -0.117936    0.005767962    0.04265604    0.004742313    0.009519133    0.002767773    0.008198226    0.07832183    -0.001543651    -0.04515409    0.01661505    -0.08180572    0.086679    -0.1073651    -0.0530472    0.1225789    -0.03729752
-0.06409369    1    -0.09900662    -0.5676348    0.03544622    0.009865752    0.00773829    -0.03855447    -0.001142512    0.01262869    -0.03149223    0.07929445    0.0214283    -0.0427591    0.01179005    -0.01340588    0.04069093    -0.08041511    -0.09213415    0.1444982
-0.6033327    -0.09900662    1    -0.06336199    -0.3576137    -0.01322964    -0.0236998    0.004687712    0.00139574    0.01667518    0.0299431    0.01729769    0.03479909    -0.0405237    0.009483895    -0.07965904    -0.04672542    -0.008948183    -0.0481617    0.07084145
-0.117936    -0.5676348    -0.06336199    1    -0.2964738    0.002449875    0.03121991    0.007652858    -0.02627162    -0.0603438    -0.03964216    -0.007947096    0.01918804    0.02502245    -0.001094818    0.08441838    -0.09547573    -0.07445427    0.110877    -0.01220747
0.005767962    0.03544622    -0.3576137    -0.2964738    1    -0.01248673    0.02960454    -0.0002696748    -0.05114572    -0.06488314    -0.04002131    -0.09305515    -0.02538079    0.07569078    0.1250716    -0.07331352    0.1322175    0.1676938    -0.05381029    -0.103825
0.04265604    0.009865752    -0.01322964    0.002449875    -0.01248673    1    -0.06179415    -0.5939001    -0.1180336    0.02355674    0.05167966    -0.1152897    0.02066657    0.09069551    -0.05447833    0.09474035    -0.06824193    -0.09719736    0.1274754    -0.01997089
0.004742313    0.00773829    -0.0236998    0.03121991    0.02960454    -0.06179415    1    -0.1008464    -0.6099681    0.04573424    -0.09588906    0.06631092    0.06696303    -0.05048789    0.03211869    -0.04711942    -0.05451032    -0.04683407    -0.01539406    0.1071265
0.009519133    -0.03855447    0.004687712    0.007652858    -0.0002696748    -0.5939001    -0.1008464    1    -0.06423964    -0.3811407    -0.03325535    0.1240084    -0.02484923    -0.04320801    -0.007768238    -0.05659164    -0.0563964    -0.01039279    -0.09910959    0.1248003
0.002767773    -0.001142512    0.00139574    -0.02627162    -0.05114572    -0.1180336    -0.6099681    -0.06423964    1    -0.2719001    0.05996405    0.01692201    -0.01928402    -0.02647303    -0.03397779    0.08574595    -0.03356787    -0.05658801    0.0349892    -0.01108007
0.008198226    0.01262869    0.01667518    -0.0603438    -0.06488314    0.02355674    0.04573424    -0.3811407    -0.2719001    1    0.05134978    -0.07520341    -0.03895309    -0.0006839066    0.001843406    -0.03886945    0.1492613    0.1241304    -0.01119945    -0.1720405
0.07832183    -0.03149223    0.0299431    -0.03964216    -0.04002131    0.05167966    -0.09588906    -0.03325535    0.05996405    0.05134978    1    -0.09296697    -0.5872855    0.1205512    -0.008874198    0.0601607    -0.06206367    -0.04486553    0.05276873    -0.03846274
-0.001543651    0.07929445    0.01729769    -0.007947096    -0.09305515    -0.1152897    0.06631092    0.1240084    0.01692201    -0.07520341    -0.09296697    1    -0.2674181    -0.5953015    0.2580198    -0.05421645    0.03358152    -0.04410616    -0.1203146    0.137242
-0.04515409    0.0214283    0.03479909    0.01918804    -0.02538079    0.02066657    0.06696303    -0.02484923    -0.01928402    -0.03895309    -0.5872855    -0.2674181    1    -0.09069658    -0.3813491    -0.06120527    0.02570639    0.01884041    -0.07135334    0.05905911
0.01661505    -0.0427591    -0.0405237    0.02502245    0.07569078    0.09069551    -0.05048789    -0.04320801    -0.02647303    -0.0006839066    0.1205512    -0.5953015    -0.09069658    1    -0.4833    0.05980227    -0.1046151    -0.03850002    0.1447832    -0.03533021
-0.08180572    0.01179005    0.009483895    -0.001094818    0.1250716    -0.05447833    0.03211869    -0.007768238    -0.03397779    0.001843406    -0.008874198    0.2580198    -0.3813491    -0.4833    1    -0.02686748    0.05088851    0.1037121    -0.0002381203    -0.08177203
0.086679    -0.01340588    -0.07965904    0.08441838    -0.07331352    0.09474035    -0.04711942    -0.05659164    0.08574595    -0.03886945    0.0601607    -0.05421645    -0.06120527    0.05980227    -0.02686748    1    0.1817067    -0.7009072    -0.08989701    0.03300119
-0.1073651    0.04069093    -0.04672542    -0.09547573    0.1322175    -0.06824193    -0.05451032    -0.0563964    -0.03356787    0.1492613    -0.06206367    0.03358152    0.02570639    -0.1046151    0.05088851    0.1817067    1    -0.3427951    -0.6935129    0.2865004
-0.0530472    -0.08041511    -0.008948183    -0.07445427    0.1676938    -0.09719736    -0.04683407    -0.01039279    -0.05658801    0.1241304    -0.04486553    -0.04410616    0.01884041    -0.03850002    0.1037121    -0.7009072    -0.3427951    1    0.168816    -0.5352536
0.1225789    -0.09213415    -0.0481617    0.110877    -0.05381029    0.1274754    -0.01539406    -0.09910959    0.0349892    -0.01119945    0.05276873    -0.1203146    -0.07135334    0.1447832    -0.0002381203    -0.08989701    -0.6935129    0.168816    1    -0.3929891
-0.03729752    0.1444982    0.07084145    -0.01220747    -0.103825    -0.01997089    0.1071265    0.1248003    -0.01108007    -0.1720405    -0.03846274    0.137242    0.05905911    -0.03533021    -0.08177203    0.03300119    0.2865004    -0.5352536    -0.3929891    1
