1    -0.06409369    -0.6033327    -0.117936    0.005767962    0.04265604    0.004742313    0.009519133    0.002767773    0.008198226    0.1177741    -0.03671037    -0.1002466    0.07016904    0.03273156
-0.06409369    1    -0.09900662    -0.5676348    0.03544622    0.009865752    0.00773829    -0.03855447    -0.001142512    0.01262869    -0.07891265    -0.05656397    -0.006043824    -0.05039992    0.1052325
-0.6033327    -0.09900662    1    -0.06336199    -0.3576137    -0.01322964    -0.0236998    0.004687712    0.00139574    0.01667518    -0.06866305    -0.0289117    -0.04409661    -0.06215578    0.09294894
-0.117936    -0.5676348    -0.06336199    1    -0.2964738    0.002449875    0.03121991    0.007652858    -0.02627162    -0.0603438    0.12856    -0.05235684    -0.1048421    0.07198006    -0.01696595
0.005767962    0.03544622    -0.3576137    -0.2964738    1    -0.01248673    0.02960454    -0.0002696748    -0.05114572    -0.06488314    -0.05055374    0.1031687    0.1735462    -0.03267858    -0.118603
0.04265604    0.009865752    -0.01322964    0.002449875    -0.01248673    1    -0.06179415    -0.5939001    -0.1180336    0.02355674    0.1346409    -0.0959808    -0.1152543    0.1536712    -0.04056245
0.004742313    0.00773829    -0.0236998    0.03121991    0.02960454    -0.06179415    1    -0.1008464    -0.6099681    0.04573424    -0.02973766    -0.03796035    -0.04657636    -0.1149377    0.1441106
0.009519133    -0.03855447    0.004687712    0.007652858    -0.0002696748    -0.5939001    -0.1008464    1    -0.06423964    -0.3811407    -0.1137064    -0.04030266    -0.02418527    -0.07823854    0.1311809
0.002767773    -0.001142512    0.00139574    -0.02627162    -0.05114572    -0.1180336    -0.6099681    -0.06423964    1    -0.2719001    0.08024534    -0.08699944    -0.04061098    0.1525324    -0.06874055
0.008198226    0.01262869    0.01667518    -0.0603438    -0.06488314    0.02355674    0.04573424    -0.3811407    -0.2719001    1    -0.05607654    0.1839513    0.1528062    -0.07115589    -0.1054066
0.1177741    -0.07891265    -0.06866305    0.12856    -0.05055374    0.1346409    -0.02973766    -0.1137064    0.08024534    -0.05607654    1    0.002486199    -0.6084731    0.05587275    -0.03522792
-0.03671037    -0.05656397    -0.0289117    -0.05235684    0.1031687    -0.0959808    -0.03796035    -0.04030266    -0.08699944    0.1839513    0.002486199    1    -0.2610428    -0.5998652    0.2709889
-0.1002466    -0.006043824    -0.04409661    -0.1048421    0.1735462    -0.1152543    -0.04657636    -0.02418527    -0.04061098    0.1528062    -0.6084731    -0.2610428    1    0.02869043    -0.4800809
0.07016904    -0.05039992    -0.06215578    0.07198006    -0.03267858    0.1536712    -0.1149377    -0.07823854    0.1525324    -0.07115589    0.05587275    -0.5998652    0.02869043    1    -0.3962035
0.03273156    0.1052325    0.09294894    -0.01696595    -0.118603    -0.04056245    0.1441106    0.1311809    -0.06874055    -0.1054066    -0.03522792    0.2709889    -0.4800809    -0.3962035    1
