1    -0.1946423    -0.4709472    0.235111    -0.02529814    -0.08566339    0.02077572    0.02551791    0.03708786    0.00229714    0.09385781    -0.08776051    -0.1242036    0.03258501    0.0502754    0.1125817    -0.08291987    -0.0868434    0.1033577    -0.01966699    -0.003253133    -0.009992194    -0.0006106038    0.02774732    -0.00179487    0.04370249    -0.02391211    -0.02552311    0.04000411    0.01861263
-0.1946423    1    0.005353657    -0.6506694    0.2672641    0.02729262    -0.003498174    0.01101164    0.002570376    -0.05719703    -0.1390567    0.05639625    0.068539    -0.1577087    0.1101471    -0.05889785    -0.00170725    -0.01437208    -0.06253377    0.1102095    -0.051045    0.08802882    0.04717612    -0.04326889    -0.0269349    0.02430503    -0.06125764    -0.01451888    0.02676009    0.06309214
-0.4709472    0.005353657    1    0.06514224    -0.5083593    0.03900224    0.02140272    -0.01039284    -0.07307121    0.03432822    -0.1177488    -0.0588366    -0.038929    -0.06430305    0.1876393    -0.006737235    -0.0705223    -0.09045187    -0.01487817    0.1719383    -0.02099735    0.09939648    0.06635002    -0.01830727    -0.08478977    0.05158124    -0.0245993    -0.06011067    0.01643522    0.0675262
0.235111    -0.6506694    0.06514224    1    -0.6078586    -0.01128964    0.04635509    -0.002379128    -0.02643029    0.001209666    0.1166931    -0.1987784    -0.2100947    0.158768    0.09811559    0.1557245    -0.128178    -0.1220098    0.1055599    0.01355246    0.03723318    -0.04572196    0.01875071    0.06778943    -0.05689477    0.04406171    -0.03355917    -0.03772896    0.08385934    0.003023485
-0.02529814    0.2672641    -0.5083593    -0.6078586    1    -0.002921072    -0.01608019    0.01543202    0.03704312    -0.04123738    -0.04899594    0.2044164    0.2562508    -0.05158134    -0.2554506    -0.1497256    0.1351196    0.1929388    -0.05353459    -0.1540285    0.001573076    -0.01440425    -0.06931756    -0.05824296    0.09940462    -0.06877164    0.03305229    0.08397911    -0.07236744    -0.0665572
-0.08566339    0.02729262    0.03900224    -0.01128964    -0.002921072    1    -0.06409369    -0.6033327    -0.117936    0.005767962    0.04265604    0.004742313    0.009519133    0.002767773    0.008198226    0.004912869    -0.02372919    -0.01944006    0.02564671    -0.005627487    0.07832183    -0.001543651    -0.04515409    0.01661505    -0.08180572    0.01610019    -0.06951527    0.01076136    0.09534299    -0.01308736
0.02077572    -0.003498174    0.02140272    0.04635509    -0.01608019    -0.06409369    1    -0.09900662    -0.5676348    0.03544622    0.009865752    0.00773829    -0.03855447    -0.001142512    0.01262869    -0.04350291    -0.004177662    0.09391179    0.01177709    -0.08812059    -0.03149223    0.07929445    0.0214283    -0.0427591    0.01179005    0.09035622    0.0005434782    -0.09284294    -0.03065628    0.05221953
0.02551791    0.01101164    -0.01039284    -0.002379128    0.01543202    -0.6033327    -0.09900662    1    -0.06336199    -0.3576137    -0.01322964    -0.0236998    0.004687712    0.00139574    0.01667518    0.005152301    0.07123273    0.008917819    -0.04820343    -0.0311183    0.0299431    0.01729769    0.03479909    -0.0405237    0.009483895    -0.008745422    -0.0367233    -0.004724281    0.02556267    0.0508789
0.03708786    0.002570376    -0.07307121    -0.02643029    0.03704312    -0.117936    -0.5676348    -0.06336199    1    -0.2964738    0.002449875    0.03121991    0.007652858    -0.02627162    -0.0603438    0.01527309    0.03310413    -0.02823734    0.002585586    0.0247469    -0.03964216    -0.007947096    0.01918804    0.02502245    -0.001094818    0.07562052    -0.005852118    -0.0299171    -0.007934935    -0.00913873
0.00229714    -0.05719703    0.03432822    0.001209666    -0.04123738    0.005767962    0.03544622    -0.3576137    -0.2964738    1    -0.01248673    0.02960454    -0.0002696748    -0.05114572    -0.06488314    0.01485464    -0.08676033    -0.02104514    0.04509317    0.03677732    -0.04002131    -0.09305515    -0.02538079    0.07569078    0.1250716    -0.1073837    0.07627857    0.08079149    -0.08159052    -0.03085781
0.09385781    -0.1390567    -0.1177488    0.1166931    -0.04899594    0.04265604    0.009865752    -0.01322964    0.002449875    -0.01248673    1    -0.06179415    -0.5939001    -0.1180336    0.02355674    0.02158268    -0.007019248    -0.0387266    0.03016881    -0.0154851    0.05167966    -0.1152897    0.02066657    0.09069551    -0.05447833    0.08197752    -0.001425257    -0.03697838    0.03881304    -0.05002561
-0.08776051    0.05639625    -0.0588366    -0.1987784    0.2044164    0.004742313    0.00773829    -0.0236998    0.03121991    0.02960454    -0.06179415    1    -0.1008464    -0.6099681    0.04573424    -0.0471    0.02816566    0.06474895    -0.03748152    0.02328071    -0.09588906    0.06631092    0.06696303    -0.05048789    0.03211869    0.001560001    -0.07429014    0.02348987    -0.01501669    0.07973867
-0.1242036    0.068539    -0.038929    -0.2100947    0.2562508    0.009519133    -0.03855447    0.004687712    0.007652858    -0.0002696748    -0.5939001    -0.1008464    1    -0.06423964    -0.3811407    -0.04286127    0.03409386    0.04611969    -0.02327391    -0.01175242    -0.03325535    0.1240084    -0.02484923    -0.04320801    -0.007768238    0.01210735    -0.02341492    -0.03505125    0.02170153    0.03176039
0.03258501    -0.1577087    -0.06430305    0.158768    -0.05158134    0.002767773    -0.001142512    0.00139574    -0.02627162    -0.05114572    -0.1180336    -0.6099681    -0.06423964    1    -0.2719001    0.03643369    0.008530019    -0.02352048    0.007661468    -0.04851676    0.05996405    0.01692201    -0.01928402    -0.02647303    -0.03397779    0.02191401    -0.0185645    -0.04593798    0.1056719    0.0109211
0.0502754    0.1101471    0.1876393    0.09811559    -0.2554506    0.008198226    0.01262869    0.01667518    -0.0603438    -0.06488314    0.02355674    0.04573424    -0.3811407    -0.2719001    1    -0.0003821191    -0.02212775    -0.01864193    -0.01558589    0.02796451    0.05134978    -0.07520341    -0.03895309    -0.0006839066    0.001843406    -0.09784893    0.06749055    0.06676996    -0.0523314    -0.06221906
0.1125817    -0.05889785    -0.006737235    0.1557245    -0.1497256    0.004912869    -0.04350291    0.005152301    0.01527309    0.01485464    0.02158268    -0.0471    -0.04286127    0.03643369    -0.0003821191    1    0.0416845    -0.7534453    -0.07856249    0.08736875    0.08627751    -0.04781298    -0.05241944    0.1224326    -0.09535699    0.0316579    -0.05171671    -0.008127827    0.06716212    0.0193786
-0.08291987    -0.00170725    -0.0705223    -0.128178    0.1351196    -0.02372919    -0.004177662    0.07123273    0.03310413    -0.08676033    -0.007019248    0.02816566    0.03409386    0.008530019    -0.02212775    0.0416845    1    -0.220745    -0.7680268    0.1760315    -0.08185093    0.02024578    -0.01105522    -0.089933    0.07608428    -0.1051961    0.02387862    0.05185905    -0.07125035    0.03913429
-0.0868434    -0.01437208    -0.09045187    -0.1220098    0.1929388    -0.01944006    0.09391179    0.008917819    -0.02823734    -0.02104514    -0.0387266    0.06474895    0.04611969    -0.02352048    -0.01864193    -0.7534453    -0.220745    1    0.05457984    -0.4539195    -0.059366    0.01174614    0.004214773    -0.1153916    0.1266135    -0.05979963    0.08516478    0.01064528    -0.1203532    0.001821103
0.1033577    -0.06253377    -0.01487817    0.1055599    -0.05353459    0.02564671    0.01177709    -0.04820343    0.002585586    0.04509317    0.03016881    -0.03748152    -0.02327391    0.007661468    -0.01558589    -0.07856249    -0.7680268    0.05457984    1    -0.3206691    0.110468    -0.06954608    -0.03846287    0.09141676    -0.01120699    0.05208402    0.01437357    -0.04227616    0.02363694    -0.02765765
-0.01966699    0.1102095    0.1719383    0.01355246    -0.1540285    -0.005627487    -0.08812059    -0.0311183    0.0247469    0.03677732    -0.0154851    0.02328071    -0.01175242    -0.04851676    0.02796451    0.08736875    0.1760315    -0.4539195    -0.3206691    1    -0.05440636    0.08040617    0.0695934    0.006832698    -0.09534136    0.09880376    -0.1022697    -0.000121861    0.1156254    -0.03573489
-0.003253133    -0.051045    -0.02099735    0.03723318    0.001573076    0.07832183    -0.03149223    0.0299431    -0.03964216    -0.04002131    0.05167966    -0.09588906    -0.03325535    0.05996405    0.05134978    0.08627751    -0.08185093    -0.059366    0.110468    -0.05440636    1    -0.09296697    -0.5872855    0.1205512    -0.008874198    0.02976092    0.01818533    0.009618376    0.06954611    -0.1375378
-0.009992194    0.08802882    0.09939648    -0.04572196    -0.01440425    -0.001543651    0.07929445    0.01729769    -0.007947096    -0.09305515    -0.1152897    0.06631092    0.1240084    0.01692201    -0.07520341    -0.04781298    0.02024578    0.01174614    -0.06954608    0.08040617    -0.09296697    1    -0.2674181    -0.5953015    0.2580198    0.06570928    -0.1070775    -0.0735188    0.08245047    0.1196483
-0.0006106038    0.04717612    0.06635002    0.01875071    -0.06931756    -0.04515409    0.0214283    0.03479909    0.01918804    -0.02538079    0.02066657    0.06696303    -0.02484923    -0.01928402    -0.03895309    -0.05241944    -0.01105522    0.004214773    -0.03846287    0.0695934    -0.5872855    -0.2674181    1    -0.09069658    -0.3813491    0.04360853    -0.1083042    -0.02654665    0.06765148    0.11326
0.02774732    -0.04326889    -0.01830727    0.06778943    -0.05824296    0.01661505    -0.0427591    -0.0405237    0.02502245    0.07569078    0.09069551    -0.05048789    -0.04320801    -0.02647303    -0.0006839066    0.1224326    -0.089933    -0.1153916    0.09141676    0.006832698    0.1205512    -0.5953015    -0.09069658    1    -0.4833    0.04685137    0.05194265    -0.01272133    0.05252365    -0.08485076
-0.00179487    -0.0269349    -0.08478977    -0.05689477    0.09940462    -0.08180572    0.01179005    0.009483895    -0.001094818    0.1250716    -0.05447833    0.03211869    -0.007768238    -0.03397779    0.001843406    -0.09535699    0.07608428    0.1266135    -0.01120699    -0.09534136    -0.008874198    0.2580198    -0.3813491    -0.4833    1    -0.1389066    0.1009307    0.0697749    -0.1891751    0.004837892
0.04370249    0.02430503    0.05158124    0.04406171    -0.06877164    0.01610019    0.09035622    -0.008745422    0.07562052    -0.1073837    0.08197752    0.001560001    0.01210735    0.02191401    -0.09784893    0.0316579    -0.1051961    -0.05979963    0.05208402    0.09880376    0.02976092    0.06570928    0.04360853    0.04685137    -0.1389066    1    0.1802937    -0.5691702    -0.2002636    -0.1141258
-0.02391211    -0.06125764    -0.0245993    -0.03355917    0.03305229    -0.06951527    0.0005434782    -0.0367233    -0.005852118    0.07627857    -0.001425257    -0.07429014    -0.02341492    -0.0185645    0.06749055    -0.05171671    0.02387862    0.08516478    0.01437357    -0.1022697    0.01818533    -0.1070775    -0.1083042    0.05194265    0.1009307    0.1802937    1    -0.712963    -0.5634511    0.2419349
-0.02552311    -0.01451888    -0.06011067    -0.03772896    0.08397911    0.01076136    -0.09284294    -0.004724281    -0.0299171    0.08079149    -0.03697838    0.02348987    -0.03505125    -0.04593798    0.06676996    -0.008127827    0.05185905    0.01064528    -0.04227616    -0.000121861    0.009618376    -0.0735188    -0.02654665    -0.01272133    0.0697749    -0.5691702    -0.712963    1    0.1600804    -0.4300399
0.04000411    0.02676009    0.01643522    0.08385934    -0.07236744    0.09534299    -0.03065628    0.02556267    -0.007934935    -0.08159052    0.03881304    -0.01501669    0.02170153    0.1056719    -0.0523314    0.06716212    -0.07125035    -0.1203532    0.02363694    0.1156254    0.06954611    0.08245047    0.06765148    0.05252365    -0.1891751    -0.2002636    -0.5634511    0.1600804    1    -0.04550196
0.01861263    0.06309214    0.0675262    0.003023485    -0.0665572    -0.01308736    0.05221953    0.0508789    -0.00913873    -0.03085781    -0.05002561    0.07973867    0.03176039    0.0109211    -0.06221906    0.0193786    0.03913429    0.001821103    -0.02765765    -0.03573489    -0.1375378    0.1196483    0.11326    -0.08485076    0.004837892    -0.1141258    0.2419349    -0.4300399    -0.04550196    1
