1    -0.05330177    -0.7076816    -0.05428078    -0.0042453    -0.03260079    0.04732671    0.01778713    -0.05149739    0.0435914    0.09337979    -0.1401505    -0.1160857    0.1043552    0.06404415    0.09440415    -0.1294106    -0.07099762    0.1520771    -0.06209975
-0.05330177    1    -0.07540401    -0.5736487    0.1523894    -0.0765811    0.03770422    0.02687694    -0.009595471    0.02003757    -0.1199486    0.01008388    0.04499226    -0.08215949    0.07351005    -0.1071896    -0.02518382    0.01446428    -0.1225303    0.1791303
-0.7076816    -0.07540401    1    0.02279707    -0.3127617    0.0293918    -0.05910624    -0.03413501    0.05623993    0.01685803    -0.09275608    0.04707542    -0.004244288    -0.1078054    0.08441666    -0.0540998    0.008856851    -0.02043141    -0.09480753    0.12104
-0.05428078    -0.5736487    0.02279707    1    -0.3869901    0.02373267    -0.05732573    0.02646388    0.03542455    -0.07071895    0.1005112    -0.1439108    -0.1376963    0.08783474    0.0649689    0.1925161    -0.1147462    -0.1067729    0.1238888    -0.06865889
-0.0042453    0.1523894    -0.3127617    -0.3869901    1    -0.005918094    0.03424026    0.01210992    -0.03345085    -0.02709558    -0.01542669    0.0973309    0.1291996    0.01012248    -0.1592304    -0.07844199    0.1801148    0.1072767    -0.07988907    -0.08571779
-0.03260079    -0.0765811    0.0293918    0.02373267    -0.005918094    1    -0.06409369    -0.6033327    -0.117936    0.005767962    0.04265604    0.004742313    0.009519133    0.002767773    0.008198226    0.07832183    -0.001543651    -0.04515409    0.01661505    -0.08180572
0.04732671    0.03770422    -0.05910624    -0.05732573    0.03424026    -0.06409369    1    -0.09900662    -0.5676348    0.03544622    0.009865752    0.00773829    -0.03855447    -0.001142512    0.01262869    -0.03149223    0.07929445    0.0214283    -0.0427591    0.01179005
0.01778713    0.02687694    -0.03413501    0.02646388    0.01210992    -0.6033327    -0.09900662    1    -0.06336199    -0.3576137    -0.01322964    -0.0236998    0.004687712    0.00139574    0.01667518    0.0299431    0.01729769    0.03479909    -0.0405237    0.009483895
-0.05149739    -0.009595471    0.05623993    0.03542455    -0.03345085    -0.117936    -0.5676348    -0.06336199    1    -0.2964738    0.002449875    0.03121991    0.007652858    -0.02627162    -0.0603438    -0.03964216    -0.007947096    0.01918804    0.02502245    -0.001094818
0.0435914    0.02003757    0.01685803    -0.07071895    -0.02709558    0.005767962    0.03544622    -0.3576137    -0.2964738    1    -0.01248673    0.02960454    -0.0002696748    -0.05114572    -0.06488314    -0.04002131    -0.09305515    -0.02538079    0.07569078    0.1250716
0.09337979    -0.1199486    -0.09275608    0.1005112    -0.01542669    0.04265604    0.009865752    -0.01322964    0.002449875    -0.01248673    1    -0.06179415    -0.5939001    -0.1180336    0.02355674    0.05167966    -0.1152897    0.02066657    0.09069551    -0.05447833
-0.1401505    0.01008388    0.04707542    -0.1439108    0.0973309    0.004742313    0.00773829    -0.0236998    0.03121991    0.02960454    -0.06179415    1    -0.1008464    -0.6099681    0.04573424    -0.09588906    0.06631092    0.06696303    -0.05048789    0.03211869
-0.1160857    0.04499226    -0.004244288    -0.1376963    0.1291996    0.009519133    -0.03855447    0.004687712    0.007652858    -0.0002696748    -0.5939001    -0.1008464    1    -0.06423964    -0.3811407    -0.03325535    0.1240084    -0.02484923    -0.04320801    -0.007768238
0.1043552    -0.08215949    -0.1078054    0.08783474    0.01012248    0.002767773    -0.001142512    0.00139574    -0.02627162    -0.05114572    -0.1180336    -0.6099681    -0.06423964    1    -0.2719001    0.05996405    0.01692201    -0.01928402    -0.02647303    -0.03397779
0.06404415    0.07351005    0.08441666    0.0649689    -0.1592304    0.008198226    0.01262869    0.01667518    -0.0603438    -0.06488314    0.02355674    0.04573424    -0.3811407    -0.2719001    1    0.05134978    -0.07520341    -0.03895309    -0.0006839066    0.001843406
0.09440415    -0.1071896    -0.0540998    0.1925161    -0.07844199    0.07832183    -0.03149223    0.0299431    -0.03964216    -0.04002131    0.05167966    -0.09588906    -0.03325535    0.05996405    0.05134978    1    -0.09296697    -0.5872855    0.1205512    -0.008874198
-0.1294106    -0.02518382    0.008856851    -0.1147462    0.1801148    -0.001543651    0.07929445    0.01729769    -0.007947096    -0.09305515    -0.1152897    0.06631092    0.1240084    0.01692201    -0.07520341    -0.09296697    1    -0.2674181    -0.5953015    0.2580198
-0.07099762    0.01446428    -0.02043141    -0.1067729    0.1072767    -0.04515409    0.0214283    0.03479909    0.01918804    -0.02538079    0.02066657    0.06696303    -0.02484923    -0.01928402    -0.03895309    -0.5872855    -0.2674181    1    -0.09069658    -0.3813491
0.1520771    -0.1225303    -0.09480753    0.1238888    -0.07988907    0.01661505    -0.0427591    -0.0405237    0.02502245    0.07569078    0.09069551    -0.05048789    -0.04320801    -0.02647303    -0.0006839066    0.1205512    -0.5953015    -0.09069658    1    -0.4833
-0.06209975    0.1791303    0.12104    -0.06865889    -0.08571779    -0.08180572    0.01179005    0.009483895    -0.001094818    0.1250716    -0.05447833    0.03211869    -0.007768238    -0.03397779    0.001843406    -0.008874198    0.2580198    -0.3813491    -0.4833    1
