1    -0.04959194    -0.3653458    -0.1231477    -0.235414    -0.01040112    0.06133382    0.01911049    0.01675741    -0.06221591
-0.04959194    1    -0.6263962    -0.3809867    0.2643759    -0.01894117    0.006198445    0.07756309    -0.008251203    -0.05519194
-0.3653458    -0.6263962    1    -0.04479658    -0.5652813    0.05545266    0.005284587    -0.02549082    -0.004592954    0.01060062
-0.1231477    -0.3809867    -0.04479658    1    0.1156272    -0.000464846    0.07262736    -0.02296771    -0.08316854    0.07031703
-0.235414    0.2643759    -0.5652813    0.1156272    1    -0.05747459    -0.1235436    -0.007489111    0.04218325    0.04934349
-0.01040112    -0.01894117    0.05545266    -0.000464846    -0.05747459    1    -0.1376514    -0.6676179    0.09997202    0.0203232
0.06133382    0.006198445    0.005284587    0.07262736    -0.1235436    -0.1376514    1    0.03542279    -0.676552    0.1943159
0.01911049    0.07756309    -0.02549082    -0.02296771    -0.007489111    -0.6676179    0.03542279    1    -0.05155417    -0.452103
0.01675741    -0.008251203    -0.004592954    -0.08316854    0.04218325    0.09997202    -0.676552    -0.05155417    1    -0.5967933
-0.06221591    -0.05519194    0.01060062    0.07031703    0.04934349    0.0203232    0.1943159    -0.452103    -0.5967933    1
