1    0.02409479    -0.5540134    0.007876378    0.0002197257    0.01330362    -0.06953857    -0.001862658    0.1032177    0.0183194    0.04850747    -0.02405206    -0.04053494    0.05479234    0.04152263    -0.05165273    -0.0109453    0.03787385    0.01497851    0.02757054    -0.03917557    -0.01255331    0.01794111    -0.008399999    0.03986975    -0.02254841    -0.0003931387    0.003168792    -0.02378233    0.04388652
0.02409479    1    -0.07524301    -0.5866202    0.1660791    0.05978934    -0.06687721    -0.02883673    0.03037828    -0.004291966    0.03356648    -0.04989783    -0.03060623    0.04858045    0.05224999    0.01036526    -0.05142762    -0.002471616    0.002258897    -0.009387342    0.0002130543    -0.0163368    0.01306881    -0.0004348643    -0.02077575    5.571004e-05    -0.05983796    0.008045654    0.04308305    -0.024182
-0.5540134    -0.07524301    1    -0.01726578    -0.3431392    0.07639088    0.008861873    -0.07665862    -0.06186195    0.07882485    0.02698905    -0.02991661    -0.03154467    -0.009852505    0.06700979    0.05209871    0.007701425    -0.03157911    -0.02880807    -0.01818132    0.02818088    -0.003055411    0.004131278    -0.008536292    -0.02293051    -0.01049385    -0.01099746    0.02220994    -0.03795854    0.02219328
0.007876378    -0.5866202    -0.01726578    1    -0.4829047    0.02500128    -0.02469529    -0.01928466    0.0630122    0.0386074    0.03270326    -0.01550893    -0.02766402    0.04613303    -0.009643151    -0.0559794    0.03284542    0.02223687    -0.03800422    0.05031363    -0.04365422    0.02066689    0.02866152    -0.03444436    0.03250671    -0.03095036    0.0626854    -0.0174325    -0.05520915    0.04700352
0.0002197257    0.1660791    -0.3431392    -0.4829047    1    -0.1187062    0.02571971    0.09987888    -0.03747734    -0.114179    -0.07711059    0.04943582    0.06917097    -0.0688792    -0.06649137    -0.01781685    0.00212986    0.01885178    0.04654033    -0.03285333    0.01138386    -3.571469e-05    -0.0229782    0.02762598    0.003655492    0.03868073    -0.006114126    -0.01105012    0.04315339    -0.02387041
0.01330362    0.05978934    0.07639088    0.02500128    -0.1187062    1    0.009148284    -0.5227716    -0.02662411    -0.09164891    0.4204961    -0.2341166    -0.2264663    0.4998609    -0.0821902    0.1386391    0.08816061    -0.03314759    -0.1297317    -0.1288084    0.005091197    0.02243629    0.05565761    0.01011421    -0.1166541    -0.100262    -0.05876979    0.1153365    0.08746204    -0.01207187
-0.06953857    -0.06687721    0.008861873    -0.02469529    0.02571971    0.009148284    1    -0.6390093    -0.4031495    0.1813855    -0.2274046    0.1175345    0.1908151    -0.1545485    -0.1289595    -0.0195929    0.02779592    0.07049557    0.02577592    -0.1272831    0.02871934    0.009693684    -0.03261973    0.03209977    -0.02410192    -0.00643592    0.007629718    -0.04101519    -0.002514353    0.101324
-0.001862658    -0.02883673    -0.07665862    -0.01928466    0.09987888    -0.5227716    -0.6390093    1    -0.06712646    -0.3321347    -0.2122947    0.1960092    0.1364153    -0.2960502    -0.07907293    0.02174639    0.003933316    -0.06161711    -0.003440981    0.1605904    0.0007899139    0.009874467    -0.008705152    -0.02039757    0.07858117    0.008517349    0.02727629    0.02599453    0.01829302    -0.0881724
0.1032177    0.03037828    -0.06186195    0.0630122    -0.03747734    -0.02662411    -0.4031495    -0.06712646    1    -0.130076    0.45942    -0.200229    -0.2124393    0.3807536    -0.0990365    -0.1525124    -0.01174401    0.1347067    0.07572466    -0.02105252    -0.02708129    0.03772605    0.07853927    -0.01878144    -0.07378712    0.1530265    0.0912724    -0.0306517    -0.1043167    -0.1119837
0.0183194    -0.004291966    0.07882485    0.0386074    -0.114179    -0.09164891    0.1813855    -0.3321347    -0.130076    1    -0.1253436    -0.116752    -0.07265703    -0.0724626    0.4619384    -0.01962446    -0.08758819    -0.1067967    0.02100698    0.1683764    -0.00673613    -0.0844615    -0.07383136    0.01516558    0.05537724    -0.01698752    -0.09226233    -0.04700224    -0.01030879    -0.02343041
0.04850747    0.03356648    0.02698905    0.03270326    -0.07711059    0.4204961    -0.2274046    -0.2122947    0.45942    -0.1253436    1    0.1802937    -0.5691702    -0.2002636    -0.1141258    -0.03518199    0.04406992    0.08748384    -0.006565689    -0.09400843    -0.1603644    0.01298608    0.1604654    0.08648642    -0.03671642    0.02973779    0.05498523    0.07407697    -0.01060514    -0.09392598
-0.02405206    -0.04989783    -0.02991661    -0.01550893    0.04943582    -0.2341166    0.1175345    0.1960092    -0.200229    -0.116752    0.1802937    1    -0.712963    -0.5634511    0.2419349    -0.004117329    -0.05887365    0.02810096    0.07208845    -0.01944009    -0.02048981    -0.04206599    -0.01845305    0.05780439    0.1025666    -0.00674628    0.01408197    0.04352533    0.03240485    -0.03614079
-0.04053494    -0.03060623    -0.03154467    -0.02766402    0.06917097    -0.2264663    0.1908151    0.1364153    -0.2124393    -0.07265703    -0.5691702    -0.712963    1    0.1600804    -0.4300399    0.004094961    0.08498085    -0.01357486    -0.04992367    0.03569054    0.04503312    0.06082599    -0.01556947    -0.04923939    -0.05356981    0.008916974    0.02095433    -0.05981778    -0.02081737    0.05972902
0.05479234    0.04858045    -0.009852505    0.04613303    -0.0688792    0.4998609    -0.1545485    -0.2960502    0.3807536    -0.0724626    -0.2002636    -0.5634511    0.1600804    1    -0.04550196    0.04088292    0.03016526    -0.01105948    -0.05378308    -0.03262829    0.1436854    0.03978726    -0.04075165    -0.09282286    -0.1352477    0.006911928    -0.03437708    0.01492334    0.008254262    -0.02685137
0.04152263    0.05224999    0.06700979    -0.009643151    -0.06649137    -0.0821902    -0.1289595    -0.07907293    -0.0990365    0.4619384    -0.1141258    0.2419349    -0.4300399    -0.04550196    1    -0.01434644    -0.1607475    -0.08457745    0.04869665    0.08412436    -0.04299442    -0.1391635    -0.0326559    0.01498628    -0.005949784    -0.05358654    -0.09921473    -0.02379207    -0.006139206    0.05736875
-0.05165273    0.01036526    0.05209871    -0.0559794    -0.01781685    0.1386391    -0.0195929    0.02174639    -0.1525124    -0.01962446    -0.03518199    -0.004117329    0.004094961    0.04088292    -0.01434644    1    0.05016715    -0.7652618    -0.2164396    0.2527462    0.5959399    0.008867918    -0.4352198    -0.1327181    0.1665932    0.1757093    -0.01902461    -0.08365833    -0.06035079    0.02954738
-0.0109453    -0.05142762    0.007701425    0.03284542    0.00212986    0.08816061    0.02779592    0.003933316    -0.01174401    -0.08758819    0.04406992    -0.05887365    0.08498085    0.03016526    -0.1607475    0.05016715    1    0.07725506    -0.7808682    0.1179414    0.03727942    0.5768487    0.003365721    -0.4236526    0.06463427    0.04511379    0.1572304    -0.01627114    -0.09815471    -0.01748515
0.03787385    -0.002471616    -0.03157911    0.02223687    0.01885178    -0.03314759    0.07049557    -0.06161711    0.1347067    -0.1067967    0.08748384    0.02810096    -0.01357486    -0.01105948    -0.08457745    -0.7652618    0.07725506    1    0.210168    -0.6410685    -0.4368008    0.05310049    0.5855373    0.1218832    -0.4151067    -0.1032741    0.05570676    0.1396427    0.0561913    -0.1408994
0.01497851    0.002258897    -0.02880807    -0.03800422    0.04654033    -0.1297317    0.02577592    -0.003440981    0.07572466    0.02100698    -0.006565689    0.07208845    -0.04992367    -0.05378308    0.04869665    -0.2164396    -0.7808682    0.210168    1    -0.5415401    -0.1096388    -0.43125    0.1203527    0.5588632    -0.3183744    -0.02245147    -0.0877916    0.04534361    0.128129    -0.06091721
0.02757054    -0.009387342    -0.01818132    0.05031363    -0.03285333    -0.1288084    -0.1272831    0.1605904    -0.02105252    0.1683764    -0.09400843    -0.01944009    0.03569054    -0.03262829    0.08412436    0.2527462    0.1179414    -0.6410685    -0.5415401    1    0.08022032    0.03772683    -0.3454525    -0.2947401    0.6483583    -0.06040446    -0.04292855    -0.09685357    -0.04914318    0.253015
-0.03917557    0.0002130543    0.02818088    -0.04365422    0.01138386    0.005091197    0.02871934    0.0007899139    -0.02708129    -0.00673613    -0.1603644    -0.02048981    0.04503312    0.1436854    -0.04299442    0.5959399    0.03727942    -0.4368008    -0.1096388    0.08022032    1    -0.07100112    -0.728322    -0.04729772    0.1596486    0.5977577    -0.08046202    -0.3984988    0.0001008383    0.04818253
-0.01255331    -0.0163368    -0.003055411    0.02066689    -3.571469e-05    0.02243629    0.009693684    0.009874467    0.03772605    -0.0844615    0.01298608    -0.04206599    0.06082599    0.03978726    -0.1391635    0.008867918    0.5768487    0.05310049    -0.43125    0.03772683    -0.07100112    1    0.0881019    -0.7726396    0.1730508    -0.02102613    0.5589629    0.01665341    -0.4008157    0.09564381
0.01794111    0.01306881    0.004131278    0.02866152    -0.0229782    0.05565761    -0.03261973    -0.008705152    0.07853927    -0.07383136    0.1604654    -0.01845305    -0.01556947    -0.04075165    -0.0326559    -0.4352198    0.003365721    0.5855373    0.1203527    -0.3454525    -0.728322    0.0881019    1    0.04617607    -0.5515985    -0.4168925    0.06428404    0.5812836    0.01412991    -0.3068639
-0.008399999    -0.0004348643    -0.008536292    -0.03444436    0.02762598    0.01011421    0.03209977    -0.02039757    -0.01878144    0.01516558    0.08648642    0.05780439    -0.04923939    -0.09282286    0.01498628    -0.1327181    -0.4236526    0.1218832    0.5588632    -0.2947401    -0.04729772    -0.7726396    0.04617607    1    -0.5459898    0.007878584    -0.412785    0.01791493    0.5618735    -0.3169163
0.03986975    -0.02077575    -0.02293051    0.03250671    0.003655492    -0.1166541    -0.02410192    0.07858117    -0.07378712    0.05537724    -0.03671642    0.1025666    -0.05356981    -0.1352477    -0.005949784    0.1665932    0.06463427    -0.4151067    -0.3183744    0.6483583    0.1596486    0.1730508    -0.5515985    -0.5459898    1    0.0122435    0.08702397    -0.3026942    -0.3122294    0.6186472
-0.02254841    5.571004e-05    -0.01049385    -0.03095036    0.03868073    -0.100262    -0.00643592    0.008517349    0.1530265    -0.01698752    0.02973779    -0.00674628    0.008916974    0.006911928    -0.05358654    0.1757093    0.04511379    -0.1032741    -0.02245147    -0.06040446    0.5977577    -0.02102613    -0.4168925    0.007878584    0.0122435    1    -0.1376514    -0.6676179    0.09997202    0.0203232
-0.0003931387    -0.05983796    -0.01099746    0.0626854    -0.006114126    -0.05876979    0.007629718    0.02727629    0.0912724    -0.09226233    0.05498523    0.01408197    0.02095433    -0.03437708    -0.09921473    -0.01902461    0.1572304    0.05570676    -0.0877916    -0.04292855    -0.08046202    0.5589629    0.06428404    -0.412785    0.08702397    -0.1376514    1    0.03542279    -0.676552    0.1943159
0.003168792    0.008045654    0.02220994    -0.0174325    -0.01105012    0.1153365    -0.04101519    0.02599453    -0.0306517    -0.04700224    0.07407697    0.04352533    -0.05981778    0.01492334    -0.02379207    -0.08365833    -0.01627114    0.1396427    0.04534361    -0.09685357    -0.3984988    0.01665341    0.5812836    0.01791493    -0.3026942    -0.6676179    0.03542279    1    -0.05155417    -0.452103
-0.02378233    0.04308305    -0.03795854    -0.05520915    0.04315339    0.08746204    -0.002514353    0.01829302    -0.1043167    -0.01030879    -0.01060514    0.03240485    -0.02081737    0.008254262    -0.006139206    -0.06035079    -0.09815471    0.0561913    0.128129    -0.04914318    0.0001008383    -0.4008157    0.01412991    0.5618735    -0.3122294    0.09997202    -0.676552    -0.05155417    1    -0.5967933
0.04388652    -0.024182    0.02219328    0.04700352    -0.02387041    -0.01207187    0.101324    -0.0881724    -0.1119837    -0.02343041    -0.09392598    -0.03614079    0.05972902    -0.02685137    0.05736875    0.02954738    -0.01748515    -0.1408994    -0.06091721    0.253015    0.04818253    0.09564381    -0.3068639    -0.3169163    0.6186472    0.0203232    0.1943159    -0.452103    -0.5967933    1
