1    -0.05330177    -0.7076816    -0.05428078    -0.0042453    0.1205809    -0.0195571    -0.03430588    0.1832693    -0.1758772    0.08878861    -0.01884682    -0.0562046    0.0542777    -0.02178732    0.02010826    -0.00341883    -0.007563397    0.02434797    -0.05161357    0.03953787    0.01803296    -0.03444617    -0.00245133    0.01230655
-0.05330177    1    -0.07540401    -0.5736487    0.1523894    -0.2967546    0.1836645    0.1326629    -0.2475724    0.03799511    -0.01361854    0.005656384    -0.04410005    0.01842059    0.0200206    -0.009369042    0.0348537    0.03434354    -0.01661679    -0.02906479    0.04427399    -0.02454241    -0.06456931    0.01969453    0.02887436
-0.7076816    -0.07540401    1    0.02279707    -0.3127617    -0.2400843    0.1107482    0.1600784    -0.270639    0.008548179    0.0109562    -0.02203385    -0.04005337    0.01756891    0.05742907    -0.02308982    0.03430622    0.03251574    -0.01840765    0.01127326    -0.03807851    -0.0233246    0.01719042    -0.005266336    0.03917351
-0.05428078    -0.5736487    0.02279707    1    -0.3869901    0.155387    -0.05601919    -0.01083686    0.1295691    -0.1747252    0.1181875    -0.05167475    -0.0246916    0.01408683    0.05936459    -0.009771631    0.01030431    0.009900006    0.01105346    0.007396431    -0.04755737    0.009178364    0.0478331    -0.002207048    -0.002304873
-0.0042453    0.1523894    -0.3127617    -0.3869901    1    0.09288183    -0.1325013    -0.07781408    0.06533048    0.1569593    -0.104417    0.09152064    0.03042259    -0.04195618    -0.06146077    0.01473018    -0.05273937    -0.05578277    0.005060433    0.01916317    -0.0001597905    -0.04925163    -0.0207082    0.05939772    -0.05770238
0.1205809    -0.2967546    -0.2400843    0.155387    0.09288183    1    0.009148284    -0.5227716    -0.02662411    -0.09164891    -0.07882301    0.007646385    0.1192401    -0.0343122    -0.09016064    0.03516326    -0.0736607    -0.09286372    0.009222585    0.06892707    -0.100262    -0.05876979    0.1153365    0.08746204    -0.01207187
-0.0195571    0.1836645    0.1107482    -0.05601919    -0.1325013    0.009148284    1    -0.6390093    -0.4031495    0.1813855    0.0363528    -0.06141078    -0.02327589    0.02080157    0.04933726    0.01072083    -0.0190577    -0.03371766    -0.02416454    0.03808288    -0.00643592    0.007629718    -0.04101519    -0.002514353    0.101324
-0.03430588    0.1326629    0.1600784    -0.01083686    -0.07781408    -0.5227716    -0.6390093    1    -0.06712646    -0.3321347    0.13328    0.008431393    -0.1470135    0.08302932    0.03029962    -0.05773052    0.04677782    0.08727584    0.01561111    -0.04863121    0.008517349    0.02727629    0.02599453    0.01829302    -0.0881724
0.1832693    -0.2475724    -0.270639    0.1295691    0.06533048    -0.02662411    -0.4031495    -0.06712646    1    -0.130076    -0.07388538    0.01882861    0.09124265    -0.02663602    -0.06094702    0.04500068    -0.03100721    -0.05463955    -0.0003248221    0.01787668    0.1530265    0.0912724    -0.0306517    -0.1043167    -0.1119837
-0.1758772    0.03799511    0.008548179    -0.1747252    0.1569593    -0.09164891    0.1813855    -0.3321347    -0.130076    1    -0.1542298    0.04494515    0.1098803    -0.1195906    0.002665364    -0.02445379    0.07231441    0.06902858    -0.03180805    -0.05570177    -0.01698752    -0.09226233    -0.04700224    -0.01030879    -0.02343041
0.08878861    -0.01361854    0.0109562    0.1181875    -0.104417    -0.07882301    0.0363528    0.13328    -0.07388538    -0.1542298    1    -0.3425514    -0.24755    0.1688995    0.007790085    0.02901511    -0.005855489    -0.03062845    -0.009909169    0.01139331    -0.08447945    -0.07770937    0.05651413    0.1102664    0.02200722
-0.01884682    0.005656384    -0.02203385    -0.05167475    0.09152064    0.007646385    -0.06141078    0.008431393    0.01882861    0.04494515    -0.3425514    1    -0.6241456    -0.2792986    0.1218277    -0.02392559    -0.04965056    0.01132815    0.03570315    -0.003304345    -0.01779192    0.02507684    0.01382804    0.01303361    0.01928556
-0.0562046    -0.04410005    -0.04005337    -0.0246916    0.03042259    0.1192401    -0.02327589    -0.1470135    0.09124265    0.1098803    -0.24755    -0.6241456    1    -0.2963397    -0.2330515    0.002630206    -0.03693125    -0.02631473    0.01795838    0.009025377    -0.01887102    0.02595673    0.07922218    0.0074203    -0.1310156
0.0542777    0.01842059    0.01756891    0.01408683    -0.04195618    -0.0343122    0.02080157    0.08302932    -0.02663602    -0.1195906    0.1688995    -0.2792986    -0.2963397    1    -0.3314129    0.02855622    0.04183903    -0.0376764    -0.0668836    0.05776846    0.2354998    0.07558538    -0.1578722    -0.08792805    -0.01408765
-0.02178732    0.0200206    0.05742907    0.05936459    -0.06146077    -0.09016064    0.04933726    0.03029962    -0.06094702    0.002665364    0.007790085    0.1218277    -0.2330515    -0.3314129    1    -0.02732812    0.08717869    0.08234134    -0.003210931    -0.06594606    -0.1188029    -0.1060314    0.02790666    -0.02140475    -0.006324006
0.02010826    -0.009369042    -0.02308982    -0.009771631    0.01473018    0.03516326    0.01072083    -0.05773052    0.04500068    -0.02445379    0.02901511    -0.02392559    0.002630206    0.02855622    -0.02732812    1    0.1113    -0.7716235    -0.2948739    0.2616917    0.1896235    0.05061179    -0.1184294    -0.0748676    0.04929889
-0.00341883    0.0348537    0.03430622    0.01030431    -0.05273937    -0.0736607    -0.0190577    0.04677782    -0.03100721    0.07231441    -0.005855489    -0.04965056    -0.03693125    0.04183903    0.08717869    0.1113    1    0.1167179    -0.7951628    0.1122501    0.02308711    0.1659117    -0.0458403    -0.1726403    0.0949835
-0.007563397    0.03434354    0.03251574    0.009900006    -0.05578277    -0.09286372    -0.03371766    0.08727584    -0.05463955    0.06902858    -0.03062845    0.01132815    -0.02631473    -0.0376764    0.08234134    -0.7716235    0.1167179    1    0.2636114    -0.66048    -0.1397133    0.01043808    0.1574417    0.02809964    -0.09859233
0.02434797    -0.01661679    -0.01840765    0.01105346    0.005060433    0.009222585    -0.02416454    0.01561111    -0.0003248221    -0.03180805    -0.009909169    0.03570315    0.01795838    -0.0668836    -0.003210931    -0.2948739    -0.7951628    0.2636114    1    -0.5298588    -0.0778675    -0.1371504    0.114669    0.2094833    -0.1530774
-0.05161357    -0.02906479    0.01127326    0.007396431    0.01916317    0.06892707    0.03808288    -0.04863121    0.01787668    -0.05570177    0.01139331    -0.003304345    0.009025377    0.05776846    -0.06594606    0.2616917    0.1122501    -0.66048    -0.5298588    1    0.02978344    0.02352367    -0.1501051    -0.07216762    0.2179818
0.03953787    0.04427399    -0.03807851    -0.04755737    -0.0001597905    -0.100262    -0.00643592    0.008517349    0.1530265    -0.01698752    -0.08447945    -0.01779192    -0.01887102    0.2354998    -0.1188029    0.1896235    0.02308711    -0.1397133    -0.0778675    0.02978344    1    -0.1376514    -0.6676179    0.09997202    0.0203232
0.01803296    -0.02454241    -0.0233246    0.009178364    -0.04925163    -0.05876979    0.007629718    0.02727629    0.0912724    -0.09226233    -0.07770937    0.02507684    0.02595673    0.07558538    -0.1060314    0.05061179    0.1659117    0.01043808    -0.1371504    0.02352367    -0.1376514    1    0.03542279    -0.676552    0.1943159
-0.03444617    -0.06456931    0.01719042    0.0478331    -0.0207082    0.1153365    -0.04101519    0.02599453    -0.0306517    -0.04700224    0.05651413    0.01382804    0.07922218    -0.1578722    0.02790666    -0.1184294    -0.0458403    0.1574417    0.114669    -0.1501051    -0.6676179    0.03542279    1    -0.05155417    -0.452103
-0.00245133    0.01969453    -0.005266336    -0.002207048    0.05939772    0.08746204    -0.002514353    0.01829302    -0.1043167    -0.01030879    0.1102664    0.01303361    0.0074203    -0.08792805    -0.02140475    -0.0748676    -0.1726403    0.02809964    0.2094833    -0.07216762    0.09997202    -0.676552    -0.05155417    1    -0.5967933
0.01230655    0.02887436    0.03917351    -0.002304873    -0.05770238    -0.01207187    0.101324    -0.0881724    -0.1119837    -0.02343041    0.02200722    0.01928556    -0.1310156    -0.01408765    -0.006324006    0.04929889    0.0949835    -0.09859233    -0.1530774    0.2179818    0.0203232    0.1943159    -0.452103    -0.5967933    1
