1    0.009148284    -0.5227716    -0.02662411    -0.09164891    -0.07882301    0.007646385    0.1192401    -0.0343122    -0.09016064    0.01540491    0.01258068    -0.04976839    -0.002353165    -0.01475874    -0.100262    -0.05876979    0.1153365    0.08746204    -0.01207187
0.009148284    1    -0.6390093    -0.4031495    0.1813855    0.0363528    -0.06141078    -0.02327589    0.02080157    0.04933726    -0.02850811    -0.01029109    -0.0229577    -0.02719403    0.07284148    -0.00643592    0.007629718    -0.04101519    -0.002514353    0.101324
-0.5227716    -0.6390093    1    -0.06712646    -0.3321347    0.13328    0.008431393    -0.1470135    0.08302932    0.03029962    0.01070721    0.01166231    0.0122022    0.01903576    -0.00407252    0.008517349    0.02727629    0.02599453    0.01829302    -0.0881724
-0.02662411    -0.4031495    -0.06712646    1    -0.130076    -0.07388538    0.01882861    0.09124265    -0.02663602    -0.06094702    0.0007202085    -0.004232853    0.03530859    -0.05441105    -0.002176541    0.1530265    0.0912724    -0.0306517    -0.1043167    -0.1119837
-0.09164891    0.1813855    -0.3321347    -0.130076    1    -0.1542298    0.04494515    0.1098803    -0.1195906    0.002665364    0.0539599    -0.01912879    0.00315108    0.06041969    -0.07549291    -0.01698752    -0.09226233    -0.04700224    -0.01030879    -0.02343041
-0.07882301    0.0363528    0.13328    -0.07388538    -0.1542298    1    -0.3425514    -0.24755    0.1688995    0.007790085    -0.1364736    -0.09239087    0.120127    0.1839321    -0.04879159    -0.08447945    -0.07770937    0.05651413    0.1102664    0.02200722
0.007646385    -0.06141078    0.008431393    0.01882861    0.04494515    -0.3425514    1    -0.6241456    -0.2792986    0.1218277    0.04330707    0.1207345    0.004865055    -0.06361702    0.02409166    -0.01779192    0.02507684    0.01382804    0.01303361    0.01928556
0.1192401    -0.02327589    -0.1470135    0.09124265    0.1098803    -0.24755    -0.6241456    1    -0.2963397    -0.2330515    0.01838795    -0.0320004    -0.00170544    0.02240941    -0.08165196    -0.01887102    0.02595673    0.07922218    0.0074203    -0.1310156
-0.0343122    0.02080157    0.08302932    -0.02663602    -0.1195906    0.1688995    -0.2792986    -0.2963397    1    -0.3314129    0.09916495    0.03631859    -0.05790354    -0.06243533    -0.06498399    0.2354998    0.07558538    -0.1578722    -0.08792805    -0.01408765
-0.09016064    0.04933726    0.03029962    -0.06094702    0.002665364    0.007790085    0.1218277    -0.2330515    -0.3314129    1    -0.09245291    -0.09794985    0.00584134    -0.03526675    0.01347757    -0.1188029    -0.1060314    0.02790666    -0.02140475    -0.006324006
0.01540491    -0.02850811    0.01070721    0.0007202085    0.0539599    -0.1364736    0.04330707    0.01838795    0.09916495    -0.09245291    1    -0.1169316    -0.7228295    0.1430365    0.1130299    0.1757378    0.02504304    -0.105211    -0.008841889    -0.02511926
0.01258068    -0.01029109    0.01166231    -0.004232853    -0.01912879    -0.09239087    0.1207345    -0.0320004    0.03631859    -0.09794985    -0.1169316    1    0.1225456    -0.708288    0.1717449    0.03620365    0.0936842    -0.0119282    -0.0254776    -0.01258437
-0.04976839    -0.0229577    0.0122022    0.03530859    0.00315108    0.120127    0.004865055    -0.00170544    -0.05790354    0.00584134    -0.7228295    0.1225456    1    -0.1843117    -0.4438617    -0.113282    0.04960023    0.1477838    -0.01328394    -0.06908165
-0.002353165    -0.02719403    0.01903576    -0.05441105    0.06041969    0.1839321    -0.06361702    0.02240941    -0.06243533    -0.03526675    0.1430365    -0.708288    -0.1843117    1    -0.5048047    -0.05155008    -0.09524614    0.06263443    0.1308298    -0.08923405
-0.01475874    0.07284148    -0.00407252    -0.002176541    -0.07549291    -0.04879159    0.02409166    -0.08165196    -0.06498399    0.01347757    0.1130299    0.1717449    -0.4438617    -0.5048047    1    0.02834152    -0.01744921    -0.1629022    -0.1021666    0.3065855
-0.100262    -0.00643592    0.008517349    0.1530265    -0.01698752    -0.08447945    -0.01779192    -0.01887102    0.2354998    -0.1188029    0.1757378    0.03620365    -0.113282    -0.05155008    0.02834152    1    -0.1376514    -0.6676179    0.09997202    0.0203232
-0.05876979    0.007629718    0.02727629    0.0912724    -0.09226233    -0.07770937    0.02507684    0.02595673    0.07558538    -0.1060314    0.02504304    0.0936842    0.04960023    -0.09524614    -0.01744921    -0.1376514    1    0.03542279    -0.676552    0.1943159
0.1153365    -0.04101519    0.02599453    -0.0306517    -0.04700224    0.05651413    0.01382804    0.07922218    -0.1578722    0.02790666    -0.105211    -0.0119282    0.1477838    0.06263443    -0.1629022    -0.6676179    0.03542279    1    -0.05155417    -0.452103
0.08746204    -0.002514353    0.01829302    -0.1043167    -0.01030879    0.1102664    0.01303361    0.0074203    -0.08792805    -0.02140475    -0.008841889    -0.0254776    -0.01328394    0.1308298    -0.1021666    0.09997202    -0.676552    -0.05155417    1    -0.5967933
-0.01207187    0.101324    -0.0881724    -0.1119837    -0.02343041    0.02200722    0.01928556    -0.1310156    -0.01408765    -0.006324006    -0.02511926    -0.01258437    -0.06908165    -0.08923405    0.3065855    0.0203232    0.1943159    -0.452103    -0.5967933    1
