1    -0.3425514    -0.24755    0.1688995    0.007790085    0.0561059    0.1217325    0.08793841    0.05943937    -0.1758835    -0.08447945    -0.07770937    0.05651413    0.1102664    0.02200722
-0.3425514    1    -0.6241456    -0.2792986    0.1218277    -0.02080198    -0.04531908    -0.09273979    0.00684859    0.06702777    -0.01779192    0.02507684    0.01382804    0.01303361    0.01928556
-0.24755    -0.6241456    1    -0.2963397    -0.2330515    0.04299885    -0.1500416    -0.09930072    0.012095    0.1347162    -0.01887102    0.02595673    0.07922218    0.0074203    -0.1310156
0.1688995    -0.2792986    -0.2963397    1    -0.3314129    0.08984877    0.05476429    0.06937548    0.07581966    -0.169319    0.2354998    0.07558538    -0.1578722    -0.08792805    -0.01408765
0.007790085    0.1218277    -0.2330515    -0.3314129    1    -0.1367907    0.1422554    0.1075135    -0.1201543    0.01726863    -0.1188029    -0.1060314    0.02790666    -0.02140475    -0.006324006
0.0561059    -0.02080198    0.04299885    0.08984877    -0.1367907    1    0.002486199    -0.6084731    0.05587275    -0.03522792    0.09095607    -0.06859168    -0.009341701    0.1407293    -0.161299
0.1217325    -0.04531908    -0.1500416    0.05476429    0.1422554    0.002486199    1    -0.2610428    -0.5998652    0.2709889    -0.1110361    -0.06292476    -0.006989258    -0.06792301    0.16369
0.08793841    -0.09273979    -0.09930072    0.06937548    0.1075135    -0.6084731    -0.2610428    1    0.02869043    -0.4800809    -0.05352539    0.01811998    -0.1078386    -0.09816858    0.2236656
0.05943937    0.00684859    0.012095    0.07581966    -0.1201543    0.05587275    -0.5998652    0.02869043    1    -0.3962035    0.06787055    -0.03876995    -0.0425336    0.112223    -0.1113637
-0.1758835    0.06702777    0.1347162    -0.169319    0.01726863    -0.03522792    0.2709889    -0.4800809    -0.3962035    1    0.02353699    0.09098666    0.06354639    -0.07686904    -0.0244858
-0.08447945    -0.01779192    -0.01887102    0.2354998    -0.1188029    0.09095607    -0.1110361    -0.05352539    0.06787055    0.02353699    1    -0.1376514    -0.6676179    0.09997202    0.0203232
-0.07770937    0.02507684    0.02595673    0.07558538    -0.1060314    -0.06859168    -0.06292476    0.01811998    -0.03876995    0.09098666    -0.1376514    1    0.03542279    -0.676552    0.1943159
0.05651413    0.01382804    0.07922218    -0.1578722    0.02790666    -0.009341701    -0.006989258    -0.1078386    -0.0425336    0.06354639    -0.6676179    0.03542279    1    -0.05155417    -0.452103
0.1102664    0.01303361    0.0074203    -0.08792805    -0.02140475    0.1407293    -0.06792301    -0.09816858    0.112223    -0.07686904    0.09997202    -0.676552    -0.05155417    1    -0.5967933
0.02200722    0.01928556    -0.1310156    -0.01408765    -0.006324006    -0.161299    0.16369    0.2236656    -0.1113637    -0.0244858    0.0203232    0.1943159    -0.452103    -0.5967933    1
