1    -0.1750601    -0.4248295    0.2174913    0.002515153    -0.03238841    0.04783724    -0.02160848    -0.001132487    0.004781861    0.08417821    0.03365734    -0.08765574    0.06743536    -0.03421618    0.06960626    -0.05946263    0.01124724    0.06525906    -0.0422528    -0.03868388    0.02683497    0.02435256    -0.03779789    0.01498125    -0.0324485    0.03713678    -0.01089743    -0.0252368    0.02411072    0.002836519    0.01363391    0.0024025    -0.01193846    -0.001633487    0.0009747135    0.03327251    -0.05064715    -0.0215638    0.05025186
-0.1750601    1    -0.01491714    -0.6222392    0.2333305    -0.01114538    -0.056802    0.04319913    0.04859191    -0.01306501    0.01301839    -0.05051267    -0.03481799    0.08244198    0.04738014    0.05904949    -0.003635176    -0.07226143    0.02426811    0.06971675    0.02570057    0.005629873    -0.02206836    0.0267326    -0.01257761    0.06517634    -0.02067189    -0.0349201    0.02311271    -0.007536412    0.005381682    -0.04597173    -0.02789949    0.046215    0.02586177    0.03858535    -0.04293042    -0.03044503    0.020002    0.0008537819
-0.4248295    -0.01491714    1    0.05952327    -0.5232977    -0.02410398    -0.02140263    0.002887439    -0.02615133    0.04397876    0.02684463    -0.06595245    -0.01000153    0.01066658    0.06929134    -0.03717377    -0.0524544    -0.01608579    0.07371991    0.07790413    0.05941823    -0.02345454    -0.03673244    -0.0009793452    0.0164058    0.07469758    -0.07160698    -0.04301916    0.03843172    -0.007932219    0.004044347    -0.02357825    -0.02591673    0.002354243    0.04440464    0.002771592    -0.05800285    0.03287454    0.02958227    -0.02717925
0.2174913    -0.6222392    0.05952327    1    -0.5990358    -0.004350109    0.04695518    0.007053844    -0.04386999    -0.0358891    0.1007842    -0.003344613    -0.07037752    -0.004614059    0.002774564    0.03295568    -0.03238618    -0.03195911    0.05777876    0.04540745    0.01295194    -0.007756155    -0.01507274    -0.04536799    0.0123655    -0.01060321    0.00331427    -0.004962427    -0.03767499    0.01569491    0.02568585    -0.003973163    -0.03381053    -0.02059615    0.03206517    0.009905022    0.03889825    -0.01558606    -0.06794439    0.05679076
0.002515153    0.2333305    -0.5232977    -0.5990358    1    0.02357466    -0.006217423    0.004515984    0.02179571    -0.03559496    -0.106741    0.07079975    0.08252189    -0.07358928    -0.04753515    -0.05598918    0.07469587    0.06070256    -0.1086727    -0.1021506    0.01103227    0.02341695    -0.00105645    0.003877634    -0.02687516    -0.0139021    0.006085149    0.01554656    0.001828074    -0.0170674    -0.05537177    0.05463602    0.06898852    -0.02461059    -0.03259859    -0.01513226    -0.03677966    0.009636552    0.05131929    -0.06605082
-0.03238841    -0.01114538    -0.02410398    -0.004350109    0.02357466    1    -0.1946423    -0.4709472    0.235111    -0.02529814    0.04644491    -0.0389853    -0.0121119    0.04363976    0.03307405    0.04370249    -0.02391211    -0.02552311    0.04000411    0.01861263    -0.05441887    0.03259111    0.042098    -0.01144002    0.01634724    -0.05806814    -0.01905838    0.03358171    0.01492308    0.01209968    -0.05530581    0.03106159    0.01862329    -0.04770912    0.04559721    -0.09196398    0.007111502    0.01919093    -0.0115296    0.03615598
0.04783724    -0.056802    -0.02140263    0.04695518    -0.006217423    -0.1946423    1    0.005353657    -0.6506694    0.2672641    0.1012212    -0.009957278    -0.07720498    -0.0490888    0.03962412    0.02430503    -0.06125764    -0.01451888    0.02676009    0.06309214    0.04852323    -0.04285439    0.004806626    0.01411818    -0.07562327    0.04425848    -0.0529086    0.01351094    0.04822084    -0.08463976    0.04454455    0.009760175    -0.0260663    -0.006234613    -0.006249333    -0.01949221    -0.04198734    0.02874585    0.03525049    -0.04166531
-0.02160848    0.04319913    0.002887439    0.007053844    0.004515984    -0.4709472    0.005353657    1    0.06514224    -0.5083593    0.04635416    -0.05806395    -0.03856506    0.02784477    0.05042768    0.05158124    -0.0245993    -0.06011067    0.01643522    0.0675262    0.004058885    -0.009180644    -0.03947601    -0.03934062    0.04766085    -0.01245327    0.03746201    0.001815271    -0.07141561    0.04733052    -0.03053283    -0.01860645    -0.01648239    -0.009131654    0.06613822    0.02641534    -0.02992343    0.002548544    -0.05080884    0.04667453
-0.001132487    0.04859191    -0.02615133    -0.04386999    0.02179571    0.235111    -0.6506694    0.06514224    1    -0.6078586    0.009532761    -0.04699024    -0.03107697    0.1385891    0.0276312    0.04406171    -0.03355917    -0.03772896    0.08385934    0.003023485    -0.06069623    0.03151801    0.03092303    -0.04632147    0.05767631    -0.03970691    0.02975632    0.01790455    -0.05704641    0.04815327    -0.08799272    -0.0273008    0.04163505    0.02087093    0.02538953    0.0144666    0.05111462    -0.03096351    -0.06306929    0.04605624
0.004781861    -0.01306501    0.04397876    -0.0358891    -0.03559496    -0.02529814    0.2672641    -0.5083593    -0.6078586    1    -0.04923306    0.09537406    0.0359335    -0.1084731    -0.05204156    -0.06877164    0.03305229    0.08397911    -0.07236744    -0.0665572    0.03167666    0.02441669    0.004928975    0.02656286    -0.09268848    0.04737169    -0.02647088    -0.03644412    0.05826634    -0.06837055    0.1035325    0.008838367    -0.03268025    0.01508887    -0.08402855    0.01933827    -0.02711124    0.02084406    0.05430986    -0.08850135
0.08417821    0.01301839    0.02684463    0.1007842    -0.106741    0.04644491    0.1012212    0.04635416    0.009532761    -0.04923306    1    0.009148284    -0.5227716    -0.02662411    -0.09164891    0.4204961    -0.2341166    -0.2264663    0.4998609    -0.0821902    0.1386391    0.08816061    -0.03314759    -0.1297317    -0.1288084    0.005091197    0.02243629    0.05565761    0.01011421    -0.1166541    0.009958584    -0.01855465    0.001048079    0.02651015    -0.04221713    -0.100262    -0.05876979    0.1153365    0.08746204    -0.01207187
0.03365734    -0.05051267    -0.06595245    -0.003344613    0.07079975    -0.0389853    -0.009957278    -0.05806395    -0.04699024    0.09537406    0.009148284    1    -0.6390093    -0.4031495    0.1813855    -0.2274046    0.1175345    0.1908151    -0.1545485    -0.1289595    -0.0195929    0.02779592    0.07049557    0.02577592    -0.1272831    0.02871934    0.009693684    -0.03261973    0.03209977    -0.02410192    -0.01769647    -0.01577872    -0.01748958    0.01069618    0.03755191    -0.00643592    0.007629718    -0.04101519    -0.002514353    0.101324
-0.08765574    -0.03481799    -0.01000153    -0.07037752    0.08252189    -0.0121119    -0.07720498    -0.03856506    -0.03107697    0.0359335    -0.5227716    -0.6390093    1    -0.06712646    -0.3321347    -0.2122947    0.1960092    0.1364153    -0.2960502    -0.07907293    0.02174639    0.003933316    -0.06161711    -0.003440981    0.1605904    0.0007899139    0.009874467    -0.008705152    -0.02039757    0.07858117    -0.003801953    -0.01626889    0.01207049    0.009705242    0.01396077    0.008517349    0.02727629    0.02599453    0.01829302    -0.0881724
0.06743536    0.08244198    0.01066658    -0.004614059    -0.07358928    0.04363976    -0.0490888    0.02784477    0.1385891    -0.1084731    -0.02662411    -0.4031495    -0.06712646    1    -0.130076    0.45942    -0.200229    -0.2124393    0.3807536    -0.0990365    -0.1525124    -0.01174401    0.1347067    0.07572466    -0.02105252    -0.02708129    0.03772605    0.07853927    -0.01878144    -0.07378712    0.01837402    -0.01615723    -0.03614271    -0.0360189    0.0375783    0.1530265    0.0912724    -0.0306517    -0.1043167    -0.1119837
-0.03421618    0.04738014    0.06929134    0.002774564    -0.04753515    0.03307405    0.03962412    0.05042768    0.0276312    -0.05204156    -0.09164891    0.1813855    -0.3321347    -0.130076    1    -0.1253436    -0.116752    -0.07265703    -0.0724626    0.4619384    -0.01962446    -0.08758819    -0.1067967    0.02100698    0.1683764    -0.00673613    -0.0844615    -0.07383136    0.01516558    0.05537724    0.01457464    0.05059889    0.01769066    -0.01764498    -0.04266305    -0.01698752    -0.09226233    -0.04700224    -0.01030879    -0.02343041
0.06960626    0.05904949    -0.03717377    0.03295568    -0.05598918    0.04370249    0.02430503    0.05158124    0.04406171    -0.06877164    0.4204961    -0.2274046    -0.2122947    0.45942    -0.1253436    1    0.1802937    -0.5691702    -0.2002636    -0.1141258    -0.03518199    0.04406992    0.08748384    -0.006565689    -0.09400843    -0.1603644    0.01298608    0.1604654    0.08648642    -0.03671642    -0.01208567    -0.02668576    0.0001617797    0.02610866    -0.02029107    0.02973779    0.05498523    0.07407697    -0.01060514    -0.09392598
-0.05946263    -0.003635176    -0.0524544    -0.03238618    0.07469587    -0.02391211    -0.06125764    -0.0245993    -0.03355917    0.03305229    -0.2341166    0.1175345    0.1960092    -0.200229    -0.116752    0.1802937    1    -0.712963    -0.5634511    0.2419349    -0.004117329    -0.05887365    0.02810096    0.07208845    -0.01944009    -0.02048981    -0.04206599    -0.01845305    0.05780439    0.1025666    -0.01119243    -0.04156331    -0.02516022    0.03703088    0.0412303    -0.00674628    0.01408197    0.04352533    0.03240485    -0.03614079
0.01124724    -0.07226143    -0.01608579    -0.03195911    0.06070256    -0.02552311    -0.01451888    -0.06011067    -0.03772896    0.08397911    -0.2264663    0.1908151    0.1364153    -0.2124393    -0.07265703    -0.5691702    -0.712963    1    0.1600804    -0.4300399    0.004094961    0.08498085    -0.01357486    -0.04992367    0.03569054    0.04503312    0.06082599    -0.01556947    -0.04923939    -0.05356981    -0.009065506    0.01454034    0.02087814    -0.01980436    0.004362229    0.008916974    0.02095433    -0.05981778    -0.02081737    0.05972902
0.06525906    0.02426811    0.07371991    0.05777876    -0.1086727    0.04000411    0.02676009    0.01643522    0.08385934    -0.07236744    0.4998609    -0.1545485    -0.2960502    0.3807536    -0.0724626    -0.2002636    -0.5634511    0.1600804    1    -0.04550196    0.04088292    0.03016526    -0.01105948    -0.05378308    -0.03262829    0.1436854    0.03978726    -0.04075165    -0.09282286    -0.1352477    0.03814015    -0.007876866    -0.03037526    -0.02934425    0.01279368    0.006911928    -0.03437708    0.01492334    0.008254262    -0.02685137
-0.0422528    0.06971675    0.07790413    0.04540745    -0.1021506    0.01861263    0.06309214    0.0675262    0.003023485    -0.0665572    -0.0821902    -0.1289595    -0.07907293    -0.0990365    0.4619384    -0.1141258    0.2419349    -0.4300399    -0.04550196    1    -0.01434644    -0.1607475    -0.08457745    0.04869665    0.08412436    -0.04299442    -0.1391635    -0.0326559    0.01498628    -0.005949784    0.02645736    0.01562241    -0.01784102    0.005640727    -0.03305465    -0.05358654    -0.09921473    -0.02379207    -0.006139206    0.05736875
-0.03868388    0.02570057    0.05941823    0.01295194    0.01103227    -0.05441887    0.04852323    0.004058885    -0.06069623    0.03167666    0.1386391    -0.0195929    0.02174639    -0.1525124    -0.01962446    -0.03518199    -0.004117329    0.004094961    0.04088292    -0.01434644    1    0.05016715    -0.7652618    -0.2164396    0.2527462    0.5959399    0.008867918    -0.4352198    -0.1327181    0.1665932    0.1495125    0.08707635    -0.1434157    -0.08240074    0.04450037    0.1757093    -0.01902461    -0.08365833    -0.06035079    0.02954738
0.02683497    0.005629873    -0.02345454    -0.007756155    0.02341695    0.03259111    -0.04285439    -0.009180644    0.03151801    0.02441669    0.08816061    0.02779592    0.003933316    -0.01174401    -0.08758819    0.04406992    -0.05887365    0.08498085    0.03016526    -0.1607475    0.05016715    1    0.07725506    -0.7808682    0.1179414    0.03727942    0.5768487    0.003365721    -0.4236526    0.06463427    -0.03005893    0.08024812    0.07208694    -0.02074152    -0.07479444    0.04511379    0.1572304    -0.01627114    -0.09815471    -0.01748515
0.02435256    -0.02206836    -0.03673244    -0.01507274    -0.00105645    0.042098    0.004806626    -0.03947601    0.03092303    0.004928975    -0.03314759    0.07049557    -0.06161711    0.1347067    -0.1067967    0.08748384    0.02810096    -0.01357486    -0.01105948    -0.08457745    -0.7652618    0.07725506    1    0.210168    -0.6410685    -0.4368008    0.05310049    0.5855373    0.1218832    -0.4151067    -0.1105205    -0.05156559    0.1896591    0.1046267    -0.1577436    -0.1032741    0.05570676    0.1396427    0.0561913    -0.1408994
-0.03779789    0.0267326    -0.0009793452    -0.04536799    0.003877634    -0.01144002    0.01411818    -0.03934062    -0.04632147    0.02656286    -0.1297317    0.02577592    -0.003440981    0.07572466    0.02100698    -0.006565689    0.07208845    -0.04992367    -0.05378308    0.04869665    -0.2164396    -0.7808682    0.210168    1    -0.5415401    -0.1096388    -0.43125    0.1203527    0.5588632    -0.3183744    -0.02192436    -0.0895329    0.01045819    0.1159688    -0.02632562    -0.02245147    -0.0877916    0.04534361    0.128129    -0.06091721
0.01498125    -0.01257761    0.0164058    0.0123655    -0.02687516    0.01634724    -0.07562327    0.04766085    0.05767631    -0.09268848    -0.1288084    -0.1272831    0.1605904    -0.02105252    0.1683764    -0.09400843    -0.01944009    0.03569054    -0.03262829    0.08412436    0.2527462    0.1179414    -0.6410685    -0.5415401    1    0.08022032    0.03772683    -0.3454525    -0.2947401    0.6483583    0.0227643    0.0395724    -0.1223407    -0.1368913    0.2730884    -0.06040446    -0.04292855    -0.09685357    -0.04914318    0.253015
-0.0324485    0.06517634    0.07469758    -0.01060321    -0.0139021    -0.05806814    0.04425848    -0.01245327    -0.03970691    0.04737169    0.005091197    0.02871934    0.0007899139    -0.02708129    -0.00673613    -0.1603644    -0.02048981    0.04503312    0.1436854    -0.04299442    0.5959399    0.03727942    -0.4368008    -0.1096388    0.08022032    1    -0.07100112    -0.728322    -0.04729772    0.1596486    0.07920195    0.03223176    -0.1092295    -0.003609058    -0.01747455    0.5977577    -0.08046202    -0.3984988    0.0001008383    0.04818253
0.03713678    -0.02067189    -0.07160698    0.00331427    0.006085149    -0.01905838    -0.0529086    0.03746201    0.02975632    -0.02647088    0.02243629    0.009693684    0.009874467    0.03772605    -0.0844615    0.01298608    -0.04206599    0.06082599    0.03978726    -0.1391635    0.008867918    0.5768487    0.05310049    -0.43125    0.03772683    -0.07100112    1    0.0881019    -0.7726396    0.1730508    -0.00382324    0.02794123    0.03458139    0.01154588    -0.06690646    -0.02102613    0.5589629    0.01665341    -0.4008157    0.09564381
-0.01089743    -0.0349201    -0.04301916    -0.004962427    0.01554656    0.03358171    0.01351094    0.001815271    0.01790455    -0.03644412    0.05565761    -0.03261973    -0.008705152    0.07853927    -0.07383136    0.1604654    -0.01845305    -0.01556947    -0.04075165    -0.0326559    -0.4352198    0.003365721    0.5855373    0.1203527    -0.3454525    -0.728322    0.0881019    1    0.04617607    -0.5515985    -0.0188947    -0.05955635    0.08628219    0.02824453    -0.03530749    -0.4168925    0.06428404    0.5812836    0.01412991    -0.3068639
-0.0252368    0.02311271    0.03843172    -0.03767499    0.001828074    0.01492308    0.04822084    -0.07141561    -0.05704641    0.05826634    0.01011421    0.03209977    -0.02039757    -0.01878144    0.01516558    0.08648642    0.05780439    -0.04923939    -0.09282286    0.01498628    -0.1327181    -0.4236526    0.1218832    0.5588632    -0.2947401    -0.04729772    -0.7726396    0.04617607    1    -0.5459898    -0.01642939    -0.005024068    0.01847498    0.01680152    0.02396315    0.007878584    -0.412785    0.01791493    0.5618735    -0.3169163
0.02411072    -0.007536412    -0.007932219    0.01569491    -0.0170674    0.01209968    -0.08463976    0.04733052    0.04815327    -0.06837055    -0.1166541    -0.02410192    0.07858117    -0.07378712    0.05537724    -0.03671642    0.1025666    -0.05356981    -0.1352477    -0.005949784    0.1665932    0.06463427    -0.4151067    -0.3183744    0.6483583    0.1596486    0.1730508    -0.5515985    -0.5459898    1    -0.04252738    0.02292507    -0.04522194    -0.02849549    0.1431418    0.0122435    0.08702397    -0.3026942    -0.3122294    0.6186472
0.002836519    0.005381682    0.004044347    0.02568585    -0.05537177    -0.05530581    0.04454455    -0.03053283    -0.08799272    0.1035325    0.009958584    -0.01769647    -0.003801953    0.01837402    0.01457464    -0.01208567    -0.01119243    -0.009065506    0.03814015    0.02645736    0.1495125    -0.03005893    -0.1105205    -0.02192436    0.0227643    0.07920195    -0.00382324    -0.0188947    -0.01642939    -0.04252738    1    -0.01208665    -0.7751805    -0.07643994    0.1642374    -0.009373055    -0.01509577    0.03224401    0.03383987    -0.09029222
0.01363391    -0.04597173    -0.02357825    -0.003973163    0.05463602    0.03106159    0.009760175    -0.01860645    -0.0273008    0.008838367    -0.01855465    -0.01577872    -0.01626889    -0.01615723    0.05059889    -0.02668576    -0.04156331    0.01454034    -0.007876866    0.01562241    0.08707635    0.08024812    -0.05156559    -0.0895329    0.0395724    0.03223176    0.02794123    -0.05955635    -0.005024068    0.02292507    -0.01208665    1    0.1663351    -0.7695498    0.07538156    -0.08040596    0.01265609    -0.02910225    0.01985668    0.01507886
0.0024025    -0.02789949    -0.02591673    -0.03381053    0.06898852    0.01862329    -0.0260663    -0.01648239    0.04163505    -0.03268025    0.001048079    -0.01748958    0.01207049    -0.03614271    0.01769066    0.0001617797    -0.02516022    0.02087814    -0.03037526    -0.01784102    -0.1434157    0.07208694    0.1896591    0.01045819    -0.1223407    -0.1092295    0.03458139    0.08628219    0.01847498    -0.04522194    -0.7751805    0.1663351    1    0.03349777    -0.5361289    -0.04407242    0.0121205    -0.01012586    -0.02725932    0.05512654
-0.01193846    0.046215    0.002354243    -0.02059615    -0.02461059    -0.04770912    -0.006234613    -0.009131654    0.02087093    0.01508887    0.02651015    0.01069618    0.009705242    -0.0360189    -0.01764498    0.02610866    0.03703088    -0.01980436    -0.02934425    0.005640727    -0.08240074    -0.02074152    0.1046267    0.1159688    -0.1368913    -0.003609058    0.01154588    0.02824453    0.01680152    -0.02849549    -0.07643994    -0.7695498    0.03349777    1    -0.4759833    0.1151806    0.006940934    -0.05450186    -0.01843987    0.04088486
-0.001633487    0.02586177    0.04440464    0.03206517    -0.03259859    0.04559721    -0.006249333    0.06613822    0.02538953    -0.08402855    -0.04221713    0.03755191    0.01396077    0.0375783    -0.04266305    -0.02029107    0.0412303    0.004362229    0.01279368    -0.03305465    0.04450037    -0.07479444    -0.1577436    -0.02632562    0.2730884    -0.01747455    -0.06690646    -0.03530749    0.02396315    0.1431418    0.1642374    0.07538156    -0.5361289    -0.4759833    1    -0.102393    -0.0620109    0.09590239    0.07637262    0.01052134
0.0009747135    0.03858535    0.002771592    0.009905022    -0.01513226    -0.09196398    -0.01949221    0.02641534    0.0144666    0.01933827    -0.100262    -0.00643592    0.008517349    0.1530265    -0.01698752    0.02973779    -0.00674628    0.008916974    0.006911928    -0.05358654    0.1757093    0.04511379    -0.1032741    -0.02245147    -0.06040446    0.5977577    -0.02102613    -0.4168925    0.007878584    0.0122435    -0.009373055    -0.08040596    -0.04407242    0.1151806    -0.102393    1    -0.1376514    -0.6676179    0.09997202    0.0203232
0.03327251    -0.04293042    -0.05800285    0.03889825    -0.03677966    0.007111502    -0.04198734    -0.02992343    0.05111462    -0.02711124    -0.05876979    0.007629718    0.02727629    0.0912724    -0.09226233    0.05498523    0.01408197    0.02095433    -0.03437708    -0.09921473    -0.01902461    0.1572304    0.05570676    -0.0877916    -0.04292855    -0.08046202    0.5589629    0.06428404    -0.412785    0.08702397    -0.01509577    0.01265609    0.0121205    0.006940934    -0.0620109    -0.1376514    1    0.03542279    -0.676552    0.1943159
-0.05064715    -0.03044503    0.03287454    -0.01558606    0.009636552    0.01919093    0.02874585    0.002548544    -0.03096351    0.02084406    0.1153365    -0.04101519    0.02599453    -0.0306517    -0.04700224    0.07407697    0.04352533    -0.05981778    0.01492334    -0.02379207    -0.08365833    -0.01627114    0.1396427    0.04534361    -0.09685357    -0.3984988    0.01665341    0.5812836    0.01791493    -0.3026942    0.03224401    -0.02910225    -0.01012586    -0.05450186    0.09590239    -0.6676179    0.03542279    1    -0.05155417    -0.452103
-0.0215638    0.020002    0.02958227    -0.06794439    0.05131929    -0.0115296    0.03525049    -0.05080884    -0.06306929    0.05430986    0.08746204    -0.002514353    0.01829302    -0.1043167    -0.01030879    -0.01060514    0.03240485    -0.02081737    0.008254262    -0.006139206    -0.06035079    -0.09815471    0.0561913    0.128129    -0.04914318    0.0001008383    -0.4008157    0.01412991    0.5618735    -0.3122294    0.03383987    0.01985668    -0.02725932    -0.01843987    0.07637262    0.09997202    -0.676552    -0.05155417    1    -0.5967933
0.05025186    0.0008537819    -0.02717925    0.05679076    -0.06605082    0.03615598    -0.04166531    0.04667453    0.04605624    -0.08850135    -0.01207187    0.101324    -0.0881724    -0.1119837    -0.02343041    -0.09392598    -0.03614079    0.05972902    -0.02685137    0.05736875    0.02954738    -0.01748515    -0.1408994    -0.06091721    0.253015    0.04818253    0.09564381    -0.3068639    -0.3169163    0.6186472    -0.09029222    0.01507886    0.05512654    0.04088486    0.01052134    0.0203232    0.1943159    -0.452103    -0.5967933    1
