1    0.08307113    -0.7420018    -0.008477842    0.04639755    0.03702293    0.01894004    0.01478901    -0.02684936    0.007427948
0.08307113    1    -0.2725877    -0.7281742    0.2765941    -0.011938    0.04129766    -0.00896556    -0.04354344    0.03127142
-0.7420018    -0.2725877    1    0.04992343    -0.4475786    -0.01394031    0.009203816    0.005555138    0.001726641    -0.03577412
-0.008477842    -0.7281742    0.04992343    1    -0.415051    0.04123565    -0.0266158    0.03505491    0.05981547    -0.09640243
0.04639755    0.2765941    -0.4475786    -0.415051    1    -0.04188392    0.006214583    -0.04278525    -0.03052041    0.09912822
0.03702293    -0.011938    -0.01394031    0.04123565    -0.04188392    1    -0.1376514    -0.6676179    0.09997202    0.0203232
0.01894004    0.04129766    0.009203816    -0.0266158    0.006214583    -0.1376514    1    0.03542279    -0.676552    0.1943159
0.01478901    -0.00896556    0.005555138    0.03505491    -0.04278525    -0.6676179    0.03542279    1    -0.05155417    -0.452103
-0.02684936    -0.04354344    0.001726641    0.05981547    -0.03052041    0.09997202    -0.676552    -0.05155417    1    -0.5967933
0.007427948    0.03127142    -0.03577412    -0.09640243    0.09912822    0.0203232    0.1943159    -0.452103    -0.5967933    1
