1    0.009148284    -0.5227716    -0.02662411    -0.09164891    0.4204961    -0.2341166    -0.2264663    0.4998609    -0.0821902    0.1386391    0.08816061    -0.03314759    -0.1297317    -0.1288084    0.005091197    0.02243629    0.05565761    0.01011421    -0.1166541    -0.01628689    0.01370384    -0.01937211    -0.009862767    0.005914027    -0.100262    -0.05876979    0.1153365    0.08746204    -0.01207187
0.009148284    1    -0.6390093    -0.4031495    0.1813855    -0.2274046    0.1175345    0.1908151    -0.1545485    -0.1289595    -0.0195929    0.02779592    0.07049557    0.02577592    -0.1272831    0.02871934    0.009693684    -0.03261973    0.03209977    -0.02410192    0.05351074    -0.009591859    -0.02798242    0.02032603    -0.02388509    -0.00643592    0.007629718    -0.04101519    -0.002514353    0.101324
-0.5227716    -0.6390093    1    -0.06712646    -0.3321347    -0.2122947    0.1960092    0.1364153    -0.2960502    -0.07907293    0.02174639    0.003933316    -0.06161711    -0.003440981    0.1605904    0.0007899139    0.009874467    -0.008705152    -0.02039757    0.07858117    -0.04015951    -0.02308402    0.01742671    0.01081596    0.03092504    0.008517349    0.02727629    0.02599453    0.01829302    -0.0881724
-0.02662411    -0.4031495    -0.06712646    1    -0.130076    0.45942    -0.200229    -0.2124393    0.3807536    -0.0990365    -0.1525124    -0.01174401    0.1347067    0.07572466    -0.02105252    -0.02708129    0.03772605    0.07853927    -0.01878144    -0.07378712    -0.06758    -0.0328287    0.02140417    -0.02079085    0.03788224    0.1530265    0.0912724    -0.0306517    -0.1043167    -0.1119837
-0.09164891    0.1813855    -0.3321347    -0.130076    1    -0.1253436    -0.116752    -0.07265703    -0.0724626    0.4619384    -0.01962446    -0.08758819    -0.1067967    0.02100698    0.1683764    -0.00673613    -0.0844615    -0.07383136    0.01516558    0.05537724    0.02998861    0.0727058    0.03456228    -0.02273753    -0.06387105    -0.01698752    -0.09226233    -0.04700224    -0.01030879    -0.02343041
0.4204961    -0.2274046    -0.2122947    0.45942    -0.1253436    1    0.1802937    -0.5691702    -0.2002636    -0.1141258    -0.03518199    0.04406992    0.08748384    -0.006565689    -0.09400843    -0.1603644    0.01298608    0.1604654    0.08648642    -0.03671642    -0.06617019    -0.01934476    0.02420527    -0.002939407    0.037454    0.02973779    0.05498523    0.07407697    -0.01060514    -0.09392598
-0.2341166    0.1175345    0.1960092    -0.200229    -0.116752    0.1802937    1    -0.712963    -0.5634511    0.2419349    -0.004117329    -0.05887365    0.02810096    0.07208845    -0.01944009    -0.02048981    -0.04206599    -0.01845305    0.05780439    0.1025666    -0.02244615    0.0283932    -0.003652813    -0.03930518    0.06957486    -0.00674628    0.01408197    0.04352533    0.03240485    -0.03614079
-0.2264663    0.1908151    0.1364153    -0.2124393    -0.07265703    -0.5691702    -0.712963    1    0.1600804    -0.4300399    0.004094961    0.08498085    -0.01357486    -0.04992367    0.03569054    0.04503312    0.06082599    -0.01556947    -0.04923939    -0.05356981    0.03635973    -0.05870628    -0.007456059    0.06691892    -0.0617522    0.008916974    0.02095433    -0.05981778    -0.02081737    0.05972902
0.4998609    -0.1545485    -0.2960502    0.3807536    -0.0724626    -0.2002636    -0.5634511    0.1600804    1    -0.04550196    0.04088292    0.03016526    -0.01105948    -0.05378308    -0.03262829    0.1436854    0.03978726    -0.04075165    -0.09282286    -0.1352477    -0.01092351    0.004442602    -0.02399803    -0.02482417    0.003438339    0.006911928    -0.03437708    0.01492334    0.008254262    -0.02685137
-0.0821902    -0.1289595    -0.07907293    -0.0990365    0.4619384    -0.1141258    0.2419349    -0.4300399    -0.04550196    1    -0.01434644    -0.1607475    -0.08457745    0.04869665    0.08412436    -0.04299442    -0.1391635    -0.0326559    0.01498628    -0.005949784    0.02084993    0.09507368    0.02290862    -0.07132812    -0.01898392    -0.05358654    -0.09921473    -0.02379207    -0.006139206    0.05736875
0.1386391    -0.0195929    0.02174639    -0.1525124    -0.01962446    -0.03518199    -0.004117329    0.004094961    0.04088292    -0.01434644    1    0.05016715    -0.7652618    -0.2164396    0.2527462    0.5959399    0.008867918    -0.4352198    -0.1327181    0.1665932    0.1909245    0.07031001    -0.1807621    -0.1185183    0.077178    0.1757093    -0.01902461    -0.08365833    -0.06035079    0.02954738
0.08816061    0.02779592    0.003933316    -0.01174401    -0.08758819    0.04406992    -0.05887365    0.08498085    0.03016526    -0.1607475    0.05016715    1    0.07725506    -0.7808682    0.1179414    0.03727942    0.5768487    0.003365721    -0.4236526    0.06463427    0.06206935    0.1372399    -0.03301078    -0.1247451    0.01291897    0.04511379    0.1572304    -0.01627114    -0.09815471    -0.01748515
-0.03314759    0.07049557    -0.06161711    0.1347067    -0.1067967    0.08748384    0.02810096    -0.01357486    -0.01105948    -0.08457745    -0.7652618    0.07725506    1    0.210168    -0.6410685    -0.4368008    0.05310049    0.5855373    0.1218832    -0.4151067    -0.1453883    -0.05482711    0.1896746    0.1210361    -0.1523482    -0.1032741    0.05570676    0.1396427    0.0561913    -0.1408994
-0.1297317    0.02577592    -0.003440981    0.07572466    0.02100698    -0.006565689    0.07208845    -0.04992367    -0.05378308    0.04869665    -0.2164396    -0.7808682    0.210168    1    -0.5415401    -0.1096388    -0.43125    0.1203527    0.5588632    -0.3183744    -0.124665    -0.1117934    0.1250539    0.1789884    -0.1091015    -0.02245147    -0.0877916    0.04534361    0.128129    -0.06091721
-0.1288084    -0.1272831    0.1605904    -0.02105252    0.1683764    -0.09400843    -0.01944009    0.03569054    -0.03262829    0.08412436    0.2527462    0.1179414    -0.6410685    -0.5415401    1    0.08022032    0.03772683    -0.3454525    -0.2947401    0.6483583    0.08516971    0.0399492    -0.142886    -0.1183964    0.2348613    -0.06040446    -0.04292855    -0.09685357    -0.04914318    0.253015
0.005091197    0.02871934    0.0007899139    -0.02708129    -0.00673613    -0.1603644    -0.02048981    0.04503312    0.1436854    -0.04299442    0.5959399    0.03727942    -0.4368008    -0.1096388    0.08022032    1    -0.07100112    -0.728322    -0.04729772    0.1596486    0.05030044    0.0005918744    -0.0525429    -0.01930441    -0.03462257    0.5977577    -0.08046202    -0.3984988    0.0001008383    0.04818253
0.02243629    0.009693684    0.009874467    0.03772605    -0.0844615    0.01298608    -0.04206599    0.06082599    0.03978726    -0.1391635    0.008867918    0.5768487    0.05310049    -0.43125    0.03772683    -0.07100112    1    0.0881019    -0.7726396    0.1730508    0.001013552    0.09809771    -0.01889444    -0.1123154    0.03407272    -0.02102613    0.5589629    0.01665341    -0.4008157    0.09564381
0.05565761    -0.03261973    -0.008705152    0.07853927    -0.07383136    0.1604654    -0.01845305    -0.01556947    -0.04075165    -0.0326559    -0.4352198    0.003365721    0.5855373    0.1203527    -0.3454525    -0.728322    0.0881019    1    0.04617607    -0.5515985    -0.01959183    -0.02646361    0.04686647    0.0205981    -0.001739401    -0.4168925    0.06428404    0.5812836    0.01412991    -0.3068639
0.01011421    0.03209977    -0.02039757    -0.01878144    0.01516558    0.08648642    0.05780439    -0.04923939    -0.09282286    0.01498628    -0.1327181    -0.4236526    0.1218832    0.5588632    -0.2947401    -0.04729772    -0.7726396    0.04617607    1    -0.5459898    -0.02572841    -0.09265618    0.03372716    0.1262716    -0.03149518    0.007878584    -0.412785    0.01791493    0.5618735    -0.3169163
-0.1166541    -0.02410192    0.07858117    -0.07378712    0.05537724    -0.03671642    0.1025666    -0.05356981    -0.1352477    -0.005949784    0.1665932    0.06463427    -0.4151067    -0.3183744    0.6483583    0.1596486    0.1730508    -0.5515985    -0.5459898    1    -0.002836995    0.04874873    -0.02117814    -0.03632116    0.08784575    0.0122435    0.08702397    -0.3026942    -0.3122294    0.6186472
-0.01628689    0.05351074    -0.04015951    -0.06758    0.02998861    -0.06617019    -0.02244615    0.03635973    -0.01092351    0.02084993    0.1909245    0.06206935    -0.1453883    -0.124665    0.08516971    0.05030044    0.001013552    -0.01959183    -0.02572841    -0.002836995    1    0.02908078    -0.7833883    -0.1832564    0.1855046    -0.04770671    -0.06125778    0.04310393    0.08447078    -0.08224589
0.01370384    -0.009591859    -0.02308402    -0.0328287    0.0727058    -0.01934476    0.0283932    -0.05870628    0.004442602    0.09507368    0.07031001    0.1372399    -0.05482711    -0.1117934    0.0399492    0.0005918744    0.09809771    -0.02646361    -0.09265618    0.04874873    0.02908078    1    0.1197286    -0.7818992    0.104468    -0.09875956    0.02147977    0.0574648    -0.07599739    0.04724947
-0.01937211    -0.02798242    0.01742671    0.02140417    0.03456228    0.02420527    -0.003652813    -0.007456059    -0.02399803    0.02290862    -0.1807621    -0.03301078    0.1896746    0.1250539    -0.142886    -0.0525429    -0.01889444    0.04686647    0.03372716    -0.02117814    -0.7833883    0.1197286    1    0.183956    -0.5796155    0.02061411    0.009775405    -0.05974862    -0.1146549    0.151426
-0.009862767    0.02032603    0.01081596    -0.02079085    -0.02273753    -0.002939407    -0.03930518    0.06691892    -0.02482417    -0.07132812    -0.1185183    -0.1247451    0.1210361    0.1789884    -0.1183964    -0.01930441    -0.1123154    0.0205981    0.1262716    -0.03632116    -0.1832564    -0.7818992    0.183956    1    -0.5016877    0.0992627    -0.08801021    -0.1117138    0.07056019    0.05887932
0.005914027    -0.02388509    0.03092504    0.03788224    -0.06387105    0.037454    0.06957486    -0.0617522    0.003438339    -0.01898392    0.077178    0.01291897    -0.1523482    -0.1091015    0.2348613    -0.03462257    0.03407272    -0.001739401    -0.03149518    0.08784575    0.1855046    0.104468    -0.5796155    -0.5016877    1    -0.09082348    0.08659771    0.1111492    0.04930926    -0.08575363
-0.100262    -0.00643592    0.008517349    0.1530265    -0.01698752    0.02973779    -0.00674628    0.008916974    0.006911928    -0.05358654    0.1757093    0.04511379    -0.1032741    -0.02245147    -0.06040446    0.5977577    -0.02102613    -0.4168925    0.007878584    0.0122435    -0.04770671    -0.09875956    0.02061411    0.0992627    -0.09082348    1    -0.1376514    -0.6676179    0.09997202    0.0203232
-0.05876979    0.007629718    0.02727629    0.0912724    -0.09226233    0.05498523    0.01408197    0.02095433    -0.03437708    -0.09921473    -0.01902461    0.1572304    0.05570676    -0.0877916    -0.04292855    -0.08046202    0.5589629    0.06428404    -0.412785    0.08702397    -0.06125778    0.02147977    0.009775405    -0.08801021    0.08659771    -0.1376514    1    0.03542279    -0.676552    0.1943159
0.1153365    -0.04101519    0.02599453    -0.0306517    -0.04700224    0.07407697    0.04352533    -0.05981778    0.01492334    -0.02379207    -0.08365833    -0.01627114    0.1396427    0.04534361    -0.09685357    -0.3984988    0.01665341    0.5812836    0.01791493    -0.3026942    0.04310393    0.0574648    -0.05974862    -0.1117138    0.1111492    -0.6676179    0.03542279    1    -0.05155417    -0.452103
0.08746204    -0.002514353    0.01829302    -0.1043167    -0.01030879    -0.01060514    0.03240485    -0.02081737    0.008254262    -0.006139206    -0.06035079    -0.09815471    0.0561913    0.128129    -0.04914318    0.0001008383    -0.4008157    0.01412991    0.5618735    -0.3122294    0.08447078    -0.07599739    -0.1146549    0.07056019    0.04930926    0.09997202    -0.676552    -0.05155417    1    -0.5967933
-0.01207187    0.101324    -0.0881724    -0.1119837    -0.02343041    -0.09392598    -0.03614079    0.05972902    -0.02685137    0.05736875    0.02954738    -0.01748515    -0.1408994    -0.06091721    0.253015    0.04818253    0.09564381    -0.3068639    -0.3169163    0.6186472    -0.08224589    0.04724947    0.151426    0.05887932    -0.08575363    0.0203232    0.1943159    -0.452103    -0.5967933    1
