1    -0.1946423    -0.4709472    0.235111    -0.02529814    0.04644491    -0.0389853    -0.0121119    0.04363976    0.03307405    0.08580155    -0.05242631    -0.007107087    0.01171587    0.01553355    -0.001534872    0.05063826    -0.002241941    -0.03190337    0.02546108    -0.09196398    0.007111502    0.01919093    -0.0115296    0.03615598
-0.1946423    1    0.005353657    -0.6506694    0.2672641    0.1012212    -0.009957278    -0.07720498    -0.0490888    0.03962412    -0.0895111    -0.03176213    0.03980186    -0.02105809    0.09505249    0.02242996    -0.02480425    -0.03574136    0.02219396    -0.001093415    -0.01949221    -0.04198734    0.02874585    0.03525049    -0.04166531
-0.4709472    0.005353657    1    0.06514224    -0.5083593    0.04635416    -0.05806395    -0.03856506    0.02784477    0.05042768    0.04746799    -0.0488372    -0.09953043    0.0787147    0.094424    0.05399122    0.009914369    -0.04129292    -0.05664204    0.03876142    0.02641534    -0.02992343    0.002548544    -0.05080884    0.04667453
0.235111    -0.6506694    0.06514224    1    -0.6078586    0.009532761    -0.04699024    -0.03107697    0.1385891    0.0276312    0.1789869    -0.07188884    -0.08701485    0.116042    -0.03253994    -0.03163273    0.006853225    0.03700013    -0.0111481    -0.00718758    0.0144666    0.05111462    -0.03096351    -0.06306929    0.04605624
-0.02529814    0.2672641    -0.5083593    -0.6078586    1    -0.04923306    0.09537406    0.0359335    -0.1084731    -0.05204156    -0.1952854    0.1296703    0.1450552    -0.1804671    -0.05279449    0.02458782    -0.03170019    -0.01951984    0.02234625    -0.0315896    0.01933827    -0.02711124    0.02084406    0.05430986    -0.08850135
0.04644491    0.1012212    0.04635416    0.009532761    -0.04923306    1    0.009148284    -0.5227716    -0.02662411    -0.09164891    -0.07882301    0.007646385    0.1192401    -0.0343122    -0.09016064    0.03516326    -0.0736607    -0.09286372    0.009222585    0.06892707    -0.100262    -0.05876979    0.1153365    0.08746204    -0.01207187
-0.0389853    -0.009957278    -0.05806395    -0.04699024    0.09537406    0.009148284    1    -0.6390093    -0.4031495    0.1813855    0.0363528    -0.06141078    -0.02327589    0.02080157    0.04933726    0.01072083    -0.0190577    -0.03371766    -0.02416454    0.03808288    -0.00643592    0.007629718    -0.04101519    -0.002514353    0.101324
-0.0121119    -0.07720498    -0.03856506    -0.03107697    0.0359335    -0.5227716    -0.6390093    1    -0.06712646    -0.3321347    0.13328    0.008431393    -0.1470135    0.08302932    0.03029962    -0.05773052    0.04677782    0.08727584    0.01561111    -0.04863121    0.008517349    0.02727629    0.02599453    0.01829302    -0.0881724
0.04363976    -0.0490888    0.02784477    0.1385891    -0.1084731    -0.02662411    -0.4031495    -0.06712646    1    -0.130076    -0.07388538    0.01882861    0.09124265    -0.02663602    -0.06094702    0.04500068    -0.03100721    -0.05463955    -0.0003248221    0.01787668    0.1530265    0.0912724    -0.0306517    -0.1043167    -0.1119837
0.03307405    0.03962412    0.05042768    0.0276312    -0.05204156    -0.09164891    0.1813855    -0.3321347    -0.130076    1    -0.1542298    0.04494515    0.1098803    -0.1195906    0.002665364    -0.02445379    0.07231441    0.06902858    -0.03180805    -0.05570177    -0.01698752    -0.09226233    -0.04700224    -0.01030879    -0.02343041
0.08580155    -0.0895111    0.04746799    0.1789869    -0.1952854    -0.07882301    0.0363528    0.13328    -0.07388538    -0.1542298    1    -0.3425514    -0.24755    0.1688995    0.007790085    0.02901511    -0.005855489    -0.03062845    -0.009909169    0.01139331    -0.08447945    -0.07770937    0.05651413    0.1102664    0.02200722
-0.05242631    -0.03176213    -0.0488372    -0.07188884    0.1296703    0.007646385    -0.06141078    0.008431393    0.01882861    0.04494515    -0.3425514    1    -0.6241456    -0.2792986    0.1218277    -0.02392559    -0.04965056    0.01132815    0.03570315    -0.003304345    -0.01779192    0.02507684    0.01382804    0.01303361    0.01928556
-0.007107087    0.03980186    -0.09953043    -0.08701485    0.1450552    0.1192401    -0.02327589    -0.1470135    0.09124265    0.1098803    -0.24755    -0.6241456    1    -0.2963397    -0.2330515    0.002630206    -0.03693125    -0.02631473    0.01795838    0.009025377    -0.01887102    0.02595673    0.07922218    0.0074203    -0.1310156
0.01171587    -0.02105809    0.0787147    0.116042    -0.1804671    -0.0343122    0.02080157    0.08302932    -0.02663602    -0.1195906    0.1688995    -0.2792986    -0.2963397    1    -0.3314129    0.02855622    0.04183903    -0.0376764    -0.0668836    0.05776846    0.2354998    0.07558538    -0.1578722    -0.08792805    -0.01408765
0.01553355    0.09505249    0.094424    -0.03253994    -0.05279449    -0.09016064    0.04933726    0.03029962    -0.06094702    0.002665364    0.007790085    0.1218277    -0.2330515    -0.3314129    1    -0.02732812    0.08717869    0.08234134    -0.003210931    -0.06594606    -0.1188029    -0.1060314    0.02790666    -0.02140475    -0.006324006
-0.001534872    0.02242996    0.05399122    -0.03163273    0.02458782    0.03516326    0.01072083    -0.05773052    0.04500068    -0.02445379    0.02901511    -0.02392559    0.002630206    0.02855622    -0.02732812    1    0.1113    -0.7716235    -0.2948739    0.2616917    0.1896235    0.05061179    -0.1184294    -0.0748676    0.04929889
0.05063826    -0.02480425    0.009914369    0.006853225    -0.03170019    -0.0736607    -0.0190577    0.04677782    -0.03100721    0.07231441    -0.005855489    -0.04965056    -0.03693125    0.04183903    0.08717869    0.1113    1    0.1167179    -0.7951628    0.1122501    0.02308711    0.1659117    -0.0458403    -0.1726403    0.0949835
-0.002241941    -0.03574136    -0.04129292    0.03700013    -0.01951984    -0.09286372    -0.03371766    0.08727584    -0.05463955    0.06902858    -0.03062845    0.01132815    -0.02631473    -0.0376764    0.08234134    -0.7716235    0.1167179    1    0.2636114    -0.66048    -0.1397133    0.01043808    0.1574417    0.02809964    -0.09859233
-0.03190337    0.02219396    -0.05664204    -0.0111481    0.02234625    0.009222585    -0.02416454    0.01561111    -0.0003248221    -0.03180805    -0.009909169    0.03570315    0.01795838    -0.0668836    -0.003210931    -0.2948739    -0.7951628    0.2636114    1    -0.5298588    -0.0778675    -0.1371504    0.114669    0.2094833    -0.1530774
0.02546108    -0.001093415    0.03876142    -0.00718758    -0.0315896    0.06892707    0.03808288    -0.04863121    0.01787668    -0.05570177    0.01139331    -0.003304345    0.009025377    0.05776846    -0.06594606    0.2616917    0.1122501    -0.66048    -0.5298588    1    0.02978344    0.02352367    -0.1501051    -0.07216762    0.2179818
-0.09196398    -0.01949221    0.02641534    0.0144666    0.01933827    -0.100262    -0.00643592    0.008517349    0.1530265    -0.01698752    -0.08447945    -0.01779192    -0.01887102    0.2354998    -0.1188029    0.1896235    0.02308711    -0.1397133    -0.0778675    0.02978344    1    -0.1376514    -0.6676179    0.09997202    0.0203232
0.007111502    -0.04198734    -0.02992343    0.05111462    -0.02711124    -0.05876979    0.007629718    0.02727629    0.0912724    -0.09226233    -0.07770937    0.02507684    0.02595673    0.07558538    -0.1060314    0.05061179    0.1659117    0.01043808    -0.1371504    0.02352367    -0.1376514    1    0.03542279    -0.676552    0.1943159
0.01919093    0.02874585    0.002548544    -0.03096351    0.02084406    0.1153365    -0.04101519    0.02599453    -0.0306517    -0.04700224    0.05651413    0.01382804    0.07922218    -0.1578722    0.02790666    -0.1184294    -0.0458403    0.1574417    0.114669    -0.1501051    -0.6676179    0.03542279    1    -0.05155417    -0.452103
-0.0115296    0.03525049    -0.05080884    -0.06306929    0.05430986    0.08746204    -0.002514353    0.01829302    -0.1043167    -0.01030879    0.1102664    0.01303361    0.0074203    -0.08792805    -0.02140475    -0.0748676    -0.1726403    0.02809964    0.2094833    -0.07216762    0.09997202    -0.676552    -0.05155417    1    -0.5967933
0.03615598    -0.04166531    0.04667453    0.04605624    -0.08850135    -0.01207187    0.101324    -0.0881724    -0.1119837    -0.02343041    0.02200722    0.01928556    -0.1310156    -0.01408765    -0.006324006    0.04929889    0.0949835    -0.09859233    -0.1530774    0.2179818    0.0203232    0.1943159    -0.452103    -0.5967933    1
