1    -0.3425514    -0.24755    0.1688995    0.007790085    -0.1767803    -0.06666218    0.1860952    0.1281455    -0.04795744    -0.08447945    -0.07770937    0.05651413    0.1102664    0.02200722
-0.3425514    1    -0.6241456    -0.2792986    0.1218277    0.0457438    0.02730782    -0.02652208    -0.009126031    0.04985198    -0.01779192    0.02507684    0.01382804    0.01303361    0.01928556
-0.24755    -0.6241456    1    -0.2963397    -0.2330515    -0.03524317    -0.001486236    0.04598123    0.02887792    -0.1117265    -0.01887102    0.02595673    0.07922218    0.0074203    -0.1310156
0.1688995    -0.2792986    -0.2963397    1    -0.3314129    0.1556508    0.1312641    -0.06975276    -0.125634    -0.06005435    0.2354998    0.07558538    -0.1578722    -0.08792805    -0.01408765
0.007790085    0.1218277    -0.2330515    -0.3314129    1    -0.05886408    -0.1385741    -0.03817062    0.003018188    0.03084064    -0.1188029    -0.1060314    0.02790666    -0.02140475    -0.006324006
-0.1767803    0.0457438    -0.03524317    0.1556508    -0.05886408    1    0.05016715    -0.7652618    -0.2164396    0.2527462    0.1757093    -0.01902461    -0.08365833    -0.06035079    0.02954738
-0.06666218    0.02730782    -0.001486236    0.1312641    -0.1385741    0.05016715    1    0.07725506    -0.7808682    0.1179414    0.04511379    0.1572304    -0.01627114    -0.09815471    -0.01748515
0.1860952    -0.02652208    0.04598123    -0.06975276    -0.03817062    -0.7652618    0.07725506    1    0.210168    -0.6410685    -0.1032741    0.05570676    0.1396427    0.0561913    -0.1408994
0.1281455    -0.009126031    0.02887792    -0.125634    0.003018188    -0.2164396    -0.7808682    0.210168    1    -0.5415401    -0.02245147    -0.0877916    0.04534361    0.128129    -0.06091721
-0.04795744    0.04985198    -0.1117265    -0.06005435    0.03084064    0.2527462    0.1179414    -0.6410685    -0.5415401    1    -0.06040446    -0.04292855    -0.09685357    -0.04914318    0.253015
-0.08447945    -0.01779192    -0.01887102    0.2354998    -0.1188029    0.1757093    0.04511379    -0.1032741    -0.02245147    -0.06040446    1    -0.1376514    -0.6676179    0.09997202    0.0203232
-0.07770937    0.02507684    0.02595673    0.07558538    -0.1060314    -0.01902461    0.1572304    0.05570676    -0.0877916    -0.04292855    -0.1376514    1    0.03542279    -0.676552    0.1943159
0.05651413    0.01382804    0.07922218    -0.1578722    0.02790666    -0.08365833    -0.01627114    0.1396427    0.04534361    -0.09685357    -0.6676179    0.03542279    1    -0.05155417    -0.452103
0.1102664    0.01303361    0.0074203    -0.08792805    -0.02140475    -0.06035079    -0.09815471    0.0561913    0.128129    -0.04914318    0.09997202    -0.676552    -0.05155417    1    -0.5967933
0.02200722    0.01928556    -0.1310156    -0.01408765    -0.006324006    0.02954738    -0.01748515    -0.1408994    -0.06091721    0.253015    0.0203232    0.1943159    -0.452103    -0.5967933    1
