1    0.04906791    -0.5733122    -0.04768158    0.0270085    0.006021854    0.08661026    -0.05965373    -0.06743866    0.07067536
0.04906791    1    -0.08481752    -0.5860951    0.1151126    -0.01096049    0.04856987    0.005389305    -0.03017387    0.01044359
-0.5733122    -0.08481752    1    0.06538671    -0.4271286    0.04775215    -0.1267458    -0.006969944    0.07157218    -0.0272016
-0.04768158    -0.5860951    0.06538671    1    -0.4462675    0.01164383    -0.0312953    0.002516863    -0.009689354    0.02482014
0.0270085    0.1151126    -0.4271286    -0.4462675    1    -0.05753192    0.07478476    0.07164271    -0.05237184    -0.02031929
0.006021854    -0.01096049    0.04775215    0.01164383    -0.05753192    1    -0.1376514    -0.6676179    0.09997202    0.0203232
0.08661026    0.04856987    -0.1267458    -0.0312953    0.07478476    -0.1376514    1    0.03542279    -0.676552    0.1943159
-0.05965373    0.005389305    -0.006969944    0.002516863    0.07164271    -0.6676179    0.03542279    1    -0.05155417    -0.452103
-0.06743866    -0.03017387    0.07157218    -0.009689354    -0.05237184    0.09997202    -0.676552    -0.05155417    1    -0.5967933
0.07067536    0.01044359    -0.0272016    0.02482014    -0.02031929    0.0203232    0.1943159    -0.452103    -0.5967933    1
