1    0.009148284    -0.5227716    -0.02662411    -0.09164891    -0.07882301    0.007646385    0.1192401    -0.0343122    -0.09016064    -0.0172943    -0.08619019    -0.1194365    0.02510887    0.144111    0.03516326    -0.0736607    -0.09286372    0.009222585    0.06892707    -0.100262    -0.05876979    0.1153365    0.08746204    -0.01207187
0.009148284    1    -0.6390093    -0.4031495    0.1813855    0.0363528    -0.06141078    -0.02327589    0.02080157    0.04933726    -0.05176339    0.007979561    0.04184545    0.02394302    -0.03378189    0.01072083    -0.0190577    -0.03371766    -0.02416454    0.03808288    -0.00643592    0.007629718    -0.04101519    -0.002514353    0.101324
-0.5227716    -0.6390093    1    -0.06712646    -0.3321347    0.13328    0.008431393    -0.1470135    0.08302932    0.03029962    0.01877774    0.03570221    0.09175993    -0.009396609    -0.09759834    -0.05773052    0.04677782    0.08727584    0.01561111    -0.04863121    0.008517349    0.02727629    0.02599453    0.01829302    -0.0881724
-0.02662411    -0.4031495    -0.06712646    1    -0.130076    -0.07388538    0.01882861    0.09124265    -0.02663602    -0.06094702    0.02353981    -0.03979718    -0.1015043    -0.01176881    0.1012205    0.04500068    -0.03100721    -0.05463955    -0.0003248221    0.01787668    0.1530265    0.0912724    -0.0306517    -0.1043167    -0.1119837
-0.09164891    0.1813855    -0.3321347    -0.130076    1    -0.1542298    0.04494515    0.1098803    -0.1195906    0.002665364    0.02877624    0.04178249    -0.004381089    -0.03369374    -0.01847862    -0.02445379    0.07231441    0.06902858    -0.03180805    -0.05570177    -0.01698752    -0.09226233    -0.04700224    -0.01030879    -0.02343041
-0.07882301    0.0363528    0.13328    -0.07388538    -0.1542298    1    -0.3425514    -0.24755    0.1688995    0.007790085    0.02656314    0.05578644    0.1539805    0.0386632    -0.2203005    0.02901511    -0.005855489    -0.03062845    -0.009909169    0.01139331    -0.08447945    -0.07770937    0.05651413    0.1102664    0.02200722
0.007646385    -0.06141078    0.008431393    0.01882861    0.04494515    -0.3425514    1    -0.6241456    -0.2792986    0.1218277    0.01189034    -0.1099098    -0.06119945    0.06726883    0.08203335    -0.02392559    -0.04965056    0.01132815    0.03570315    -0.003304345    -0.01779192    0.02507684    0.01382804    0.01303361    0.01928556
0.1192401    -0.02327589    -0.1470135    0.09124265    0.1098803    -0.24755    -0.6241456    1    -0.2963397    -0.2330515    0.04877607    -0.05211566    -0.1575486    -0.02371983    0.1280792    0.002630206    -0.03693125    -0.02631473    0.01795838    0.009025377    -0.01887102    0.02595673    0.07922218    0.0074203    -0.1310156
-0.0343122    0.02080157    0.08302932    -0.02663602    -0.1195906    0.1688995    -0.2792986    -0.2963397    1    -0.3314129    0.01751401    0.05822751    0.07922929    0.05887532    -0.1383074    0.02855622    0.04183903    -0.0376764    -0.0668836    0.05776846    0.2354998    0.07558538    -0.1578722    -0.08792805    -0.01408765
-0.09016064    0.04933726    0.03029962    -0.06094702    0.002665364    0.007790085    0.1218277    -0.2330515    -0.3314129    1    -0.09773678    0.09706521    0.1241814    -0.1282615    -0.006289234    -0.02732812    0.08717869    0.08234134    -0.003210931    -0.06594606    -0.1188029    -0.1060314    0.02790666    -0.02140475    -0.006324006
-0.0172943    -0.05176339    0.01877774    0.02353981    0.02877624    0.02656314    0.01189034    0.04877607    0.01751401    -0.09773678    1    0.1175183    -0.6888881    -0.007499106    0.04592695    0.04163001    -0.08557117    -0.06876129    0.03765427    0.03317677    0.03811379    0.0649115    -0.01489147    -0.01745127    -0.04125743
-0.08619019    0.007979561    0.03570221    -0.03979718    0.04178249    0.05578644    -0.1099098    -0.05211566    0.05822751    0.09706521    0.1175183    1    -0.2907878    -0.6958708    0.2802592    -0.03992255    -0.06138606    0.02256466    0.06286428    -0.008436071    0.003563782    -0.03867463    -0.0274839    0.0240722    0.01749138
-0.1194365    0.04184545    0.09175993    -0.1015043    -0.004381089    0.1539805    -0.06119945    -0.1575486    0.07922929    0.1241814    -0.6888881    -0.2907878    1    0.09759804    -0.538035    -0.02463565    0.06981727    -0.003652757    -0.06839723    0.04749776    -0.04921008    -0.006044469    0.01836305    -0.003917189    0.04829828
0.02510887    0.02394302    -0.009396609    -0.01176881    -0.03369374    0.0386632    0.06726883    -0.02371983    0.05887532    -0.1282615    -0.007499106    -0.6958708    0.09759804    1    -0.4298296    -0.004113723    0.02109257    -0.01729858    -0.02753589    0.02844108    0.02671605    0.07705192    0.02414094    -0.006282117    -0.04155574
0.144111    -0.03378189    -0.09759834    0.1012205    -0.01847862    -0.2203005    0.08203335    0.1280792    -0.1383074    -0.006289234    0.04592695    0.2802592    -0.538035    -0.4298296    1    -0.005365116    -0.0353253    0.06698661    0.05969687    -0.09934839    -0.02745773    -0.07163876    0.009207482    0.04189701    -0.04891097
0.03516326    0.01072083    -0.05773052    0.04500068    -0.02445379    0.02901511    -0.02392559    0.002630206    0.02855622    -0.02732812    0.04163001    -0.03992255    -0.02463565    -0.004113723    -0.005365116    1    0.1113    -0.7716235    -0.2948739    0.2616917    0.1896235    0.05061179    -0.1184294    -0.0748676    0.04929889
-0.0736607    -0.0190577    0.04677782    -0.03100721    0.07231441    -0.005855489    -0.04965056    -0.03693125    0.04183903    0.08717869    -0.08557117    -0.06138606    0.06981727    0.02109257    -0.0353253    0.1113    1    0.1167179    -0.7951628    0.1122501    0.02308711    0.1659117    -0.0458403    -0.1726403    0.0949835
-0.09286372    -0.03371766    0.08727584    -0.05463955    0.06902858    -0.03062845    0.01132815    -0.02631473    -0.0376764    0.08234134    -0.06876129    0.02256466    -0.003652757    -0.01729858    0.06698661    -0.7716235    0.1167179    1    0.2636114    -0.66048    -0.1397133    0.01043808    0.1574417    0.02809964    -0.09859233
0.009222585    -0.02416454    0.01561111    -0.0003248221    -0.03180805    -0.009909169    0.03570315    0.01795838    -0.0668836    -0.003210931    0.03765427    0.06286428    -0.06839723    -0.02753589    0.05969687    -0.2948739    -0.7951628    0.2636114    1    -0.5298588    -0.0778675    -0.1371504    0.114669    0.2094833    -0.1530774
0.06892707    0.03808288    -0.04863121    0.01787668    -0.05570177    0.01139331    -0.003304345    0.009025377    0.05776846    -0.06594606    0.03317677    -0.008436071    0.04749776    0.02844108    -0.09934839    0.2616917    0.1122501    -0.66048    -0.5298588    1    0.02978344    0.02352367    -0.1501051    -0.07216762    0.2179818
-0.100262    -0.00643592    0.008517349    0.1530265    -0.01698752    -0.08447945    -0.01779192    -0.01887102    0.2354998    -0.1188029    0.03811379    0.003563782    -0.04921008    0.02671605    -0.02745773    0.1896235    0.02308711    -0.1397133    -0.0778675    0.02978344    1    -0.1376514    -0.6676179    0.09997202    0.0203232
-0.05876979    0.007629718    0.02727629    0.0912724    -0.09226233    -0.07770937    0.02507684    0.02595673    0.07558538    -0.1060314    0.0649115    -0.03867463    -0.006044469    0.07705192    -0.07163876    0.05061179    0.1659117    0.01043808    -0.1371504    0.02352367    -0.1376514    1    0.03542279    -0.676552    0.1943159
0.1153365    -0.04101519    0.02599453    -0.0306517    -0.04700224    0.05651413    0.01382804    0.07922218    -0.1578722    0.02790666    -0.01489147    -0.0274839    0.01836305    0.02414094    0.009207482    -0.1184294    -0.0458403    0.1574417    0.114669    -0.1501051    -0.6676179    0.03542279    1    -0.05155417    -0.452103
0.08746204    -0.002514353    0.01829302    -0.1043167    -0.01030879    0.1102664    0.01303361    0.0074203    -0.08792805    -0.02140475    -0.01745127    0.0240722    -0.003917189    -0.006282117    0.04189701    -0.0748676    -0.1726403    0.02809964    0.2094833    -0.07216762    0.09997202    -0.676552    -0.05155417    1    -0.5967933
-0.01207187    0.101324    -0.0881724    -0.1119837    -0.02343041    0.02200722    0.01928556    -0.1310156    -0.01408765    -0.006324006    -0.04125743    0.01749138    0.04829828    -0.04155574    -0.04891097    0.04929889    0.0949835    -0.09859233    -0.1530774    0.2179818    0.0203232    0.1943159    -0.452103    -0.5967933    1
