1    -0.218888    -0.3308694    0.08306893    -0.09162578    -0.1049821    0.04015974    0.104218    -0.03950954    -0.04726554    -0.0445336    0.05752026    0.06783418    -0.08612158    -0.1023918    -0.1774762    -0.05454356    0.1140151    0.1297647    0.04706916    -0.1962985    -0.04209818    0.1111254    0.1173346    0.03826283    -0.1409734    0.02028686    0.05504397    0.07824208    0.04217838
-0.218888    1    -0.5246829    -0.383431    0.2626359    0.05045737    -0.0203223    -0.03395516    0.004558426    -0.005977304    0.04384772    -0.04590393    0.0002410609    0.006628475    0.02946979    0.06696661    0.04712166    -0.06605885    -0.04572048    0.09029175    0.03257044    0.02592098    -0.0158206    -0.02799969    0.07701366    -0.02336418    -0.01071071    0.02764055    -0.01490469    0.08265093
-0.3308694    -0.5246829    1    -0.1363358    -0.5814342    0.1406627    -0.08642263    -0.1135213    0.1214367    0.08041019    0.1107507    -0.04759448    -0.1321042    0.1279014    0.09266522    -0.05267561    -0.0229053    0.1202755    0.05595525    -0.1647853    0.007189006    -0.01355433    0.07855651    0.05097429    -0.1653934    0.03751466    0.006400481    0.04040486    0.02129473    -0.1184249
0.08306893    -0.383431    -0.1363358    1    -0.08966739    -0.05806156    0.05845928    0.06046609    -0.05341199    -0.05546652    -0.07242644    0.01542558    0.08955626    -0.02862585    -0.08447858    0.1065619    0.1623699    -0.0170199    -0.1619242    -0.09662589    0.09597606    0.152567    -0.03032789    -0.1665496    -0.07782455    0.1388728    0.1385646    -0.05229533    -0.1499688    -0.07583151
-0.09162578    0.2626359    -0.5814342    -0.08966739    1    -0.0929307    0.08294817    0.02574217    -0.08581093    -0.0110944    -0.08978556    0.03028669    0.06820338    -0.07600104    -0.02399047    0.04281121    -0.08357275    -0.1140839    -0.002553311    0.02594094    0.04662617    -0.08612634    -0.1244351    -0.006223119    0.05145314    -0.009999257    -0.1220648    -0.04896083    0.01803577    -0.004669578
-0.1049821    0.05045737    0.1406627    -0.05806156    -0.0929307    1    0.009148284    -0.5227716    -0.02662411    -0.09164891    0.4204961    -0.2341166    -0.2264663    0.4998609    -0.0821902    0.1386391    0.08816061    -0.03314759    -0.1297317    -0.1288084    0.005091197    0.02243629    0.05565761    0.01011421    -0.1166541    -0.100262    -0.05876979    0.1153365    0.08746204    -0.01207187
0.04015974    -0.0203223    -0.08642263    0.05845928    0.08294817    0.009148284    1    -0.6390093    -0.4031495    0.1813855    -0.2274046    0.1175345    0.1908151    -0.1545485    -0.1289595    -0.0195929    0.02779592    0.07049557    0.02577592    -0.1272831    0.02871934    0.009693684    -0.03261973    0.03209977    -0.02410192    -0.00643592    0.007629718    -0.04101519    -0.002514353    0.101324
0.104218    -0.03395516    -0.1135213    0.06046609    0.02574217    -0.5227716    -0.6390093    1    -0.06712646    -0.3321347    -0.2122947    0.1960092    0.1364153    -0.2960502    -0.07907293    0.02174639    0.003933316    -0.06161711    -0.003440981    0.1605904    0.0007899139    0.009874467    -0.008705152    -0.02039757    0.07858117    0.008517349    0.02727629    0.02599453    0.01829302    -0.0881724
-0.03950954    0.004558426    0.1214367    -0.05341199    -0.08581093    -0.02662411    -0.4031495    -0.06712646    1    -0.130076    0.45942    -0.200229    -0.2124393    0.3807536    -0.0990365    -0.1525124    -0.01174401    0.1347067    0.07572466    -0.02105252    -0.02708129    0.03772605    0.07853927    -0.01878144    -0.07378712    0.1530265    0.0912724    -0.0306517    -0.1043167    -0.1119837
-0.04726554    -0.005977304    0.08041019    -0.05546652    -0.0110944    -0.09164891    0.1813855    -0.3321347    -0.130076    1    -0.1253436    -0.116752    -0.07265703    -0.0724626    0.4619384    -0.01962446    -0.08758819    -0.1067967    0.02100698    0.1683764    -0.00673613    -0.0844615    -0.07383136    0.01516558    0.05537724    -0.01698752    -0.09226233    -0.04700224    -0.01030879    -0.02343041
-0.0445336    0.04384772    0.1107507    -0.07242644    -0.08978556    0.4204961    -0.2274046    -0.2122947    0.45942    -0.1253436    1    0.1802937    -0.5691702    -0.2002636    -0.1141258    -0.03518199    0.04406992    0.08748384    -0.006565689    -0.09400843    -0.1603644    0.01298608    0.1604654    0.08648642    -0.03671642    0.02973779    0.05498523    0.07407697    -0.01060514    -0.09392598
0.05752026    -0.04590393    -0.04759448    0.01542558    0.03028669    -0.2341166    0.1175345    0.1960092    -0.200229    -0.116752    0.1802937    1    -0.712963    -0.5634511    0.2419349    -0.004117329    -0.05887365    0.02810096    0.07208845    -0.01944009    -0.02048981    -0.04206599    -0.01845305    0.05780439    0.1025666    -0.00674628    0.01408197    0.04352533    0.03240485    -0.03614079
0.06783418    0.0002410609    -0.1321042    0.08955626    0.06820338    -0.2264663    0.1908151    0.1364153    -0.2124393    -0.07265703    -0.5691702    -0.712963    1    0.1600804    -0.4300399    0.004094961    0.08498085    -0.01357486    -0.04992367    0.03569054    0.04503312    0.06082599    -0.01556947    -0.04923939    -0.05356981    0.008916974    0.02095433    -0.05981778    -0.02081737    0.05972902
-0.08612158    0.006628475    0.1279014    -0.02862585    -0.07600104    0.4998609    -0.1545485    -0.2960502    0.3807536    -0.0724626    -0.2002636    -0.5634511    0.1600804    1    -0.04550196    0.04088292    0.03016526    -0.01105948    -0.05378308    -0.03262829    0.1436854    0.03978726    -0.04075165    -0.09282286    -0.1352477    0.006911928    -0.03437708    0.01492334    0.008254262    -0.02685137
-0.1023918    0.02946979    0.09266522    -0.08447858    -0.02399047    -0.0821902    -0.1289595    -0.07907293    -0.0990365    0.4619384    -0.1141258    0.2419349    -0.4300399    -0.04550196    1    -0.01434644    -0.1607475    -0.08457745    0.04869665    0.08412436    -0.04299442    -0.1391635    -0.0326559    0.01498628    -0.005949784    -0.05358654    -0.09921473    -0.02379207    -0.006139206    0.05736875
-0.1774762    0.06696661    -0.05267561    0.1065619    0.04281121    0.1386391    -0.0195929    0.02174639    -0.1525124    -0.01962446    -0.03518199    -0.004117329    0.004094961    0.04088292    -0.01434644    1    0.05016715    -0.7652618    -0.2164396    0.2527462    0.5959399    0.008867918    -0.4352198    -0.1327181    0.1665932    0.1757093    -0.01902461    -0.08365833    -0.06035079    0.02954738
-0.05454356    0.04712166    -0.0229053    0.1623699    -0.08357275    0.08816061    0.02779592    0.003933316    -0.01174401    -0.08758819    0.04406992    -0.05887365    0.08498085    0.03016526    -0.1607475    0.05016715    1    0.07725506    -0.7808682    0.1179414    0.03727942    0.5768487    0.003365721    -0.4236526    0.06463427    0.04511379    0.1572304    -0.01627114    -0.09815471    -0.01748515
0.1140151    -0.06605885    0.1202755    -0.0170199    -0.1140839    -0.03314759    0.07049557    -0.06161711    0.1347067    -0.1067967    0.08748384    0.02810096    -0.01357486    -0.01105948    -0.08457745    -0.7652618    0.07725506    1    0.210168    -0.6410685    -0.4368008    0.05310049    0.5855373    0.1218832    -0.4151067    -0.1032741    0.05570676    0.1396427    0.0561913    -0.1408994
0.1297647    -0.04572048    0.05595525    -0.1619242    -0.002553311    -0.1297317    0.02577592    -0.003440981    0.07572466    0.02100698    -0.006565689    0.07208845    -0.04992367    -0.05378308    0.04869665    -0.2164396    -0.7808682    0.210168    1    -0.5415401    -0.1096388    -0.43125    0.1203527    0.5588632    -0.3183744    -0.02245147    -0.0877916    0.04534361    0.128129    -0.06091721
0.04706916    0.09029175    -0.1647853    -0.09662589    0.02594094    -0.1288084    -0.1272831    0.1605904    -0.02105252    0.1683764    -0.09400843    -0.01944009    0.03569054    -0.03262829    0.08412436    0.2527462    0.1179414    -0.6410685    -0.5415401    1    0.08022032    0.03772683    -0.3454525    -0.2947401    0.6483583    -0.06040446    -0.04292855    -0.09685357    -0.04914318    0.253015
-0.1962985    0.03257044    0.007189006    0.09597606    0.04662617    0.005091197    0.02871934    0.0007899139    -0.02708129    -0.00673613    -0.1603644    -0.02048981    0.04503312    0.1436854    -0.04299442    0.5959399    0.03727942    -0.4368008    -0.1096388    0.08022032    1    -0.07100112    -0.728322    -0.04729772    0.1596486    0.5977577    -0.08046202    -0.3984988    0.0001008383    0.04818253
-0.04209818    0.02592098    -0.01355433    0.152567    -0.08612634    0.02243629    0.009693684    0.009874467    0.03772605    -0.0844615    0.01298608    -0.04206599    0.06082599    0.03978726    -0.1391635    0.008867918    0.5768487    0.05310049    -0.43125    0.03772683    -0.07100112    1    0.0881019    -0.7726396    0.1730508    -0.02102613    0.5589629    0.01665341    -0.4008157    0.09564381
0.1111254    -0.0158206    0.07855651    -0.03032789    -0.1244351    0.05565761    -0.03261973    -0.008705152    0.07853927    -0.07383136    0.1604654    -0.01845305    -0.01556947    -0.04075165    -0.0326559    -0.4352198    0.003365721    0.5855373    0.1203527    -0.3454525    -0.728322    0.0881019    1    0.04617607    -0.5515985    -0.4168925    0.06428404    0.5812836    0.01412991    -0.3068639
0.1173346    -0.02799969    0.05097429    -0.1665496    -0.006223119    0.01011421    0.03209977    -0.02039757    -0.01878144    0.01516558    0.08648642    0.05780439    -0.04923939    -0.09282286    0.01498628    -0.1327181    -0.4236526    0.1218832    0.5588632    -0.2947401    -0.04729772    -0.7726396    0.04617607    1    -0.5459898    0.007878584    -0.412785    0.01791493    0.5618735    -0.3169163
0.03826283    0.07701366    -0.1653934    -0.07782455    0.05145314    -0.1166541    -0.02410192    0.07858117    -0.07378712    0.05537724    -0.03671642    0.1025666    -0.05356981    -0.1352477    -0.005949784    0.1665932    0.06463427    -0.4151067    -0.3183744    0.6483583    0.1596486    0.1730508    -0.5515985    -0.5459898    1    0.0122435    0.08702397    -0.3026942    -0.3122294    0.6186472
-0.1409734    -0.02336418    0.03751466    0.1388728    -0.009999257    -0.100262    -0.00643592    0.008517349    0.1530265    -0.01698752    0.02973779    -0.00674628    0.008916974    0.006911928    -0.05358654    0.1757093    0.04511379    -0.1032741    -0.02245147    -0.06040446    0.5977577    -0.02102613    -0.4168925    0.007878584    0.0122435    1    -0.1376514    -0.6676179    0.09997202    0.0203232
0.02028686    -0.01071071    0.006400481    0.1385646    -0.1220648    -0.05876979    0.007629718    0.02727629    0.0912724    -0.09226233    0.05498523    0.01408197    0.02095433    -0.03437708    -0.09921473    -0.01902461    0.1572304    0.05570676    -0.0877916    -0.04292855    -0.08046202    0.5589629    0.06428404    -0.412785    0.08702397    -0.1376514    1    0.03542279    -0.676552    0.1943159
0.05504397    0.02764055    0.04040486    -0.05229533    -0.04896083    0.1153365    -0.04101519    0.02599453    -0.0306517    -0.04700224    0.07407697    0.04352533    -0.05981778    0.01492334    -0.02379207    -0.08365833    -0.01627114    0.1396427    0.04534361    -0.09685357    -0.3984988    0.01665341    0.5812836    0.01791493    -0.3026942    -0.6676179    0.03542279    1    -0.05155417    -0.452103
0.07824208    -0.01490469    0.02129473    -0.1499688    0.01803577    0.08746204    -0.002514353    0.01829302    -0.1043167    -0.01030879    -0.01060514    0.03240485    -0.02081737    0.008254262    -0.006139206    -0.06035079    -0.09815471    0.0561913    0.128129    -0.04914318    0.0001008383    -0.4008157    0.01412991    0.5618735    -0.3122294    0.09997202    -0.676552    -0.05155417    1    -0.5967933
0.04217838    0.08265093    -0.1184249    -0.07583151    -0.004669578    -0.01207187    0.101324    -0.0881724    -0.1119837    -0.02343041    -0.09392598    -0.03614079    0.05972902    -0.02685137    0.05736875    0.02954738    -0.01748515    -0.1408994    -0.06091721    0.253015    0.04818253    0.09564381    -0.3068639    -0.3169163    0.6186472    0.0203232    0.1943159    -0.452103    -0.5967933    1
