1    -0.06409369    -0.6033327    -0.117936    0.005767962    0.07528157    -0.05717756    -0.01027071    0.04660172    -0.03122617    0.1701355    -0.0574486    -0.06066094    0.2054905    -0.1118043    0.04681567    -0.005954578    -0.07356422    -0.02210486    0.07070623    0.02304323    -0.005218953    -0.01366843    0.0039977    -0.01342778
-0.06409369    1    -0.09900662    -0.5676348    0.03544622    0.01469773    -0.03027661    -0.06975475    0.05468785    0.1215033    -0.2874626    0.1057192    0.2013681    -0.2530253    0.01527344    0.01389733    0.02633003    -0.02127676    -0.02363457    0.01835077    0.005991629    0.01629427    0.008106591    -0.01540845    -0.02872888
-0.6033327    -0.09900662    1    -0.06336199    -0.3576137    0.01801939    -0.01991905    -0.02466597    -0.0008445505    0.05731621    -0.3127558    0.138836    0.1699537    -0.2257022    0.001491449    -0.05265094    -0.003807218    0.05204751    0.01736793    -0.02636096    -0.0349048    -0.02486632    0.08516028    0.01497621    -0.08319
-0.117936    -0.5676348    -0.06336199    1    -0.2964738    0.05440848    -0.02268755    -0.01978409    0.01962171    -0.02471152    0.1320717    -0.03375441    -0.03376081    0.1219943    -0.1167485    0.001736466    -0.06182621    0.01289526    0.04011599    -0.02636901    0.01134116    -0.008842299    -0.03169866    0.004983702    0.03282264
0.005767962    0.03544622    -0.3576137    -0.2964738    1    -0.1149766    0.09323799    0.08222961    -0.0937733    -0.07162653    0.1840341    -0.1126703    -0.1572063    0.08632179    0.1325958    0.007962936    0.03334443    0.02413553    -0.007468822    -0.04061243    0.0281875    0.01514631    -0.04976897    -0.01577846    0.07491813
0.07528157    0.01469773    0.01801939    0.05440848    -0.1149766    1    0.009148284    -0.5227716    -0.02662411    -0.09164891    -0.07882301    0.007646385    0.1192401    -0.0343122    -0.09016064    0.03516326    -0.0736607    -0.09286372    0.009222585    0.06892707    -0.100262    -0.05876979    0.1153365    0.08746204    -0.01207187
-0.05717756    -0.03027661    -0.01991905    -0.02268755    0.09323799    0.009148284    1    -0.6390093    -0.4031495    0.1813855    0.0363528    -0.06141078    -0.02327589    0.02080157    0.04933726    0.01072083    -0.0190577    -0.03371766    -0.02416454    0.03808288    -0.00643592    0.007629718    -0.04101519    -0.002514353    0.101324
-0.01027071    -0.06975475    -0.02466597    -0.01978409    0.08222961    -0.5227716    -0.6390093    1    -0.06712646    -0.3321347    0.13328    0.008431393    -0.1470135    0.08302932    0.03029962    -0.05773052    0.04677782    0.08727584    0.01561111    -0.04863121    0.008517349    0.02727629    0.02599453    0.01829302    -0.0881724
0.04660172    0.05468785    -0.0008445505    0.01962171    -0.0937733    -0.02662411    -0.4031495    -0.06712646    1    -0.130076    -0.07388538    0.01882861    0.09124265    -0.02663602    -0.06094702    0.04500068    -0.03100721    -0.05463955    -0.0003248221    0.01787668    0.1530265    0.0912724    -0.0306517    -0.1043167    -0.1119837
-0.03122617    0.1215033    0.05731621    -0.02471152    -0.07162653    -0.09164891    0.1813855    -0.3321347    -0.130076    1    -0.1542298    0.04494515    0.1098803    -0.1195906    0.002665364    -0.02445379    0.07231441    0.06902858    -0.03180805    -0.05570177    -0.01698752    -0.09226233    -0.04700224    -0.01030879    -0.02343041
0.1701355    -0.2874626    -0.3127558    0.1320717    0.1840341    -0.07882301    0.0363528    0.13328    -0.07388538    -0.1542298    1    -0.3425514    -0.24755    0.1688995    0.007790085    0.02901511    -0.005855489    -0.03062845    -0.009909169    0.01139331    -0.08447945    -0.07770937    0.05651413    0.1102664    0.02200722
-0.0574486    0.1057192    0.138836    -0.03375441    -0.1126703    0.007646385    -0.06141078    0.008431393    0.01882861    0.04494515    -0.3425514    1    -0.6241456    -0.2792986    0.1218277    -0.02392559    -0.04965056    0.01132815    0.03570315    -0.003304345    -0.01779192    0.02507684    0.01382804    0.01303361    0.01928556
-0.06066094    0.2013681    0.1699537    -0.03376081    -0.1572063    0.1192401    -0.02327589    -0.1470135    0.09124265    0.1098803    -0.24755    -0.6241456    1    -0.2963397    -0.2330515    0.002630206    -0.03693125    -0.02631473    0.01795838    0.009025377    -0.01887102    0.02595673    0.07922218    0.0074203    -0.1310156
0.2054905    -0.2530253    -0.2257022    0.1219943    0.08632179    -0.0343122    0.02080157    0.08302932    -0.02663602    -0.1195906    0.1688995    -0.2792986    -0.2963397    1    -0.3314129    0.02855622    0.04183903    -0.0376764    -0.0668836    0.05776846    0.2354998    0.07558538    -0.1578722    -0.08792805    -0.01408765
-0.1118043    0.01527344    0.001491449    -0.1167485    0.1325958    -0.09016064    0.04933726    0.03029962    -0.06094702    0.002665364    0.007790085    0.1218277    -0.2330515    -0.3314129    1    -0.02732812    0.08717869    0.08234134    -0.003210931    -0.06594606    -0.1188029    -0.1060314    0.02790666    -0.02140475    -0.006324006
0.04681567    0.01389733    -0.05265094    0.001736466    0.007962936    0.03516326    0.01072083    -0.05773052    0.04500068    -0.02445379    0.02901511    -0.02392559    0.002630206    0.02855622    -0.02732812    1    0.1113    -0.7716235    -0.2948739    0.2616917    0.1896235    0.05061179    -0.1184294    -0.0748676    0.04929889
-0.005954578    0.02633003    -0.003807218    -0.06182621    0.03334443    -0.0736607    -0.0190577    0.04677782    -0.03100721    0.07231441    -0.005855489    -0.04965056    -0.03693125    0.04183903    0.08717869    0.1113    1    0.1167179    -0.7951628    0.1122501    0.02308711    0.1659117    -0.0458403    -0.1726403    0.0949835
-0.07356422    -0.02127676    0.05204751    0.01289526    0.02413553    -0.09286372    -0.03371766    0.08727584    -0.05463955    0.06902858    -0.03062845    0.01132815    -0.02631473    -0.0376764    0.08234134    -0.7716235    0.1167179    1    0.2636114    -0.66048    -0.1397133    0.01043808    0.1574417    0.02809964    -0.09859233
-0.02210486    -0.02363457    0.01736793    0.04011599    -0.007468822    0.009222585    -0.02416454    0.01561111    -0.0003248221    -0.03180805    -0.009909169    0.03570315    0.01795838    -0.0668836    -0.003210931    -0.2948739    -0.7951628    0.2636114    1    -0.5298588    -0.0778675    -0.1371504    0.114669    0.2094833    -0.1530774
0.07070623    0.01835077    -0.02636096    -0.02636901    -0.04061243    0.06892707    0.03808288    -0.04863121    0.01787668    -0.05570177    0.01139331    -0.003304345    0.009025377    0.05776846    -0.06594606    0.2616917    0.1122501    -0.66048    -0.5298588    1    0.02978344    0.02352367    -0.1501051    -0.07216762    0.2179818
0.02304323    0.005991629    -0.0349048    0.01134116    0.0281875    -0.100262    -0.00643592    0.008517349    0.1530265    -0.01698752    -0.08447945    -0.01779192    -0.01887102    0.2354998    -0.1188029    0.1896235    0.02308711    -0.1397133    -0.0778675    0.02978344    1    -0.1376514    -0.6676179    0.09997202    0.0203232
-0.005218953    0.01629427    -0.02486632    -0.008842299    0.01514631    -0.05876979    0.007629718    0.02727629    0.0912724    -0.09226233    -0.07770937    0.02507684    0.02595673    0.07558538    -0.1060314    0.05061179    0.1659117    0.01043808    -0.1371504    0.02352367    -0.1376514    1    0.03542279    -0.676552    0.1943159
-0.01366843    0.008106591    0.08516028    -0.03169866    -0.04976897    0.1153365    -0.04101519    0.02599453    -0.0306517    -0.04700224    0.05651413    0.01382804    0.07922218    -0.1578722    0.02790666    -0.1184294    -0.0458403    0.1574417    0.114669    -0.1501051    -0.6676179    0.03542279    1    -0.05155417    -0.452103
0.0039977    -0.01540845    0.01497621    0.004983702    -0.01577846    0.08746204    -0.002514353    0.01829302    -0.1043167    -0.01030879    0.1102664    0.01303361    0.0074203    -0.08792805    -0.02140475    -0.0748676    -0.1726403    0.02809964    0.2094833    -0.07216762    0.09997202    -0.676552    -0.05155417    1    -0.5967933
-0.01342778    -0.02872888    -0.08319    0.03282264    0.07491813    -0.01207187    0.101324    -0.0881724    -0.1119837    -0.02343041    0.02200722    0.01928556    -0.1310156    -0.01408765    -0.006324006    0.04929889    0.0949835    -0.09859233    -0.1530774    0.2179818    0.0203232    0.1943159    -0.452103    -0.5967933    1
