1    0.1817067    -0.7009072    -0.08989701    0.03300119    0.0216254    -0.02543991    -0.007322442    0.04828745    -0.06313469    0.03198998    0.06991132    0.002607221    -0.003431639    -0.05016594
0.1817067    1    -0.3427951    -0.6935129    0.2865004    -0.03782968    -0.02318629    -0.06536566    -0.01809523    0.1042995    -0.02144315    -0.01846099    -0.02188471    0.03538414    0.003230499
-0.7009072    -0.3427951    1    0.168816    -0.5352536    -0.00118055    -0.02463801    -0.02712949    -0.03439857    0.1087855    -0.02234605    -0.02177618    0.01279503    -0.01755484    0.05976834
-0.08989701    -0.6935129    0.168816    1    -0.3929891    0.05000531    -0.01353752    0.02036887    0.04733378    -0.06425862    0.02983421    0.06709509    0.007325648    -0.02237549    -0.02315146
0.03300119    0.2865004    -0.5352536    -0.3929891    1    -0.0464492    0.05695996    0.03820195    -0.03609394    -0.02669701    -0.001368428    -0.04844724    -0.003834085    -0.000757417    -0.007255853
0.0216254    -0.03782968    -0.00118055    0.05000531    -0.0464492    1    -0.07100112    -0.728322    -0.04729772    0.1596486    0.5977577    -0.08046202    -0.3984988    0.0001008383    0.04818253
-0.02543991    -0.02318629    -0.02463801    -0.01353752    0.05695996    -0.07100112    1    0.0881019    -0.7726396    0.1730508    -0.02102613    0.5589629    0.01665341    -0.4008157    0.09564381
-0.007322442    -0.06536566    -0.02712949    0.02036887    0.03820195    -0.728322    0.0881019    1    0.04617607    -0.5515985    -0.4168925    0.06428404    0.5812836    0.01412991    -0.3068639
0.04828745    -0.01809523    -0.03439857    0.04733378    -0.03609394    -0.04729772    -0.7726396    0.04617607    1    -0.5459898    0.007878584    -0.412785    0.01791493    0.5618735    -0.3169163
-0.06313469    0.1042995    0.1087855    -0.06425862    -0.02669701    0.1596486    0.1730508    -0.5515985    -0.5459898    1    0.0122435    0.08702397    -0.3026942    -0.3122294    0.6186472
0.03198998    -0.02144315    -0.02234605    0.02983421    -0.001368428    0.5977577    -0.02102613    -0.4168925    0.007878584    0.0122435    1    -0.1376514    -0.6676179    0.09997202    0.0203232
0.06991132    -0.01846099    -0.02177618    0.06709509    -0.04844724    -0.08046202    0.5589629    0.06428404    -0.412785    0.08702397    -0.1376514    1    0.03542279    -0.676552    0.1943159
0.002607221    -0.02188471    0.01279503    0.007325648    -0.003834085    -0.3984988    0.01665341    0.5812836    0.01791493    -0.3026942    -0.6676179    0.03542279    1    -0.05155417    -0.452103
-0.003431639    0.03538414    -0.01755484    -0.02237549    -0.000757417    0.0001008383    -0.4008157    0.01412991    0.5618735    -0.3122294    0.09997202    -0.676552    -0.05155417    1    -0.5967933
-0.05016594    0.003230499    0.05976834    -0.02315146    -0.007255853    0.04818253    0.09564381    -0.3068639    -0.3169163    0.6186472    0.0203232    0.1943159    -0.452103    -0.5967933    1
