3.924155e-06    -1.684096e-07    -2.334304e-06    -5.472707e-07    7.053083e-08    5.02573e-07    -3.464163e-07    -5.115142e-07    4.588137e-07    -6.171794e-08
-1.684096e-07    3.96229e-06    -4.396727e-07    -2.460379e-06    2.04513e-07    -3.222354e-07    -3.351051e-07    -1.708375e-07    -2.698375e-07    5.424804e-07
-2.334304e-06    -4.396727e-07    3.884889e-06    -1.64963e-07    -1.149445e-06    -2.794708e-07    -4.179444e-07    -3.110717e-07    -2.429175e-07    6.593807e-07
-5.472707e-07    -2.460379e-06    -1.64963e-07    4.069895e-06    -9.110307e-07    3.885667e-07    -5.310829e-07    -4.660023e-07    6.217339e-07    1.517843e-08
7.053083e-08    2.04513e-07    -1.149445e-06    -9.110307e-07    2.400727e-06    -1.841622e-07    7.317072e-07    7.24424e-07    -2.315758e-07    -5.483341e-07
5.02573e-07    -3.222354e-07    -2.794708e-07    3.885667e-07    -1.841622e-07    1.097541e-05    1.100321e-06    -8.138657e-06    -3.203094e-07    6.647987e-08
-3.464163e-07    -3.351051e-07    -4.179444e-07    -5.310829e-07    7.317072e-07    1.100321e-06    1.30728e-05    -3.444884e-06    -8.142735e-06    2.563034e-06
-5.115142e-07    -1.708375e-07    -3.110717e-07    -4.660023e-07    7.24424e-07    -8.138657e-06    -3.444884e-06    1.306918e-05    9.975466e-07    -5.104382e-06
4.588137e-07    -2.698375e-07    -2.429175e-07    6.217339e-07    -2.315758e-07    -3.203094e-07    -8.142735e-06    9.975466e-07    1.096325e-05    -3.878048e-06
-6.171794e-08    5.424804e-07    6.593807e-07    1.517843e-08    -5.483341e-07    6.647987e-08    2.563034e-06    -5.104382e-06    -3.878048e-06    8.086519e-06
