2.600983e-06    -3.286611e-07    -1.342674e-06    6.021406e-07    1.593954e-08    2.069964e-07    1.989745e-08    -1.024905e-07    -1.090638e-07    -5.563546e-08    2.538982e-07    -3.887532e-07    -3.574546e-07    2.075149e-07    1.66915e-07    -7.653055e-08    5.941772e-08    9.663147e-08    3.736003e-08    -9.945902e-08    9.983419e-08    6.130515e-09    4.178487e-08    1.212171e-07    -1.30667e-07
-3.286611e-07    3.160636e-06    -1.907102e-08    -2.568925e-06    8.523284e-07    1.479598e-08    -1.404393e-09    1.383991e-08    -3.354946e-08    -1.799961e-08    -4.900063e-07    7.468038e-08    1.170212e-07    -5.199746e-07    4.026357e-07    3.600934e-08    2.353316e-08    2.590894e-09    4.743568e-09    -3.331978e-09    -1.741134e-07    2.932016e-07    2.46215e-07    -1.506201e-07    -6.480217e-08
-1.342674e-06    -1.907102e-08    3.326219e-06    3.893051e-07    -2.172842e-06    -1.095566e-08    4.165725e-08    1.345614e-08    -6.975159e-09    5.681905e-08    -2.716871e-07    -1.948574e-07    -3.160059e-07    -2.825799e-07    5.004945e-07    9.027872e-08    2.027802e-09    -8.015087e-08    -5.342214e-08    8.306228e-08    -1.234787e-07    2.339987e-07    2.630445e-07    -9.270565e-08    -1.421591e-07
6.021406e-07    -2.568925e-06    3.893051e-07    5.404785e-06    -3.126419e-06    7.863944e-08    6.98556e-08    -6.084864e-08    1.043285e-08    4.299014e-08    6.306022e-07    -7.682299e-07    -8.949955e-07    6.237045e-07    2.016926e-07    -5.53066e-08    -2.286789e-08    6.674054e-09    -8.952459e-09    -9.145968e-09    1.633056e-07    -7.861729e-08    -7.126372e-08    1.824258e-07    -1.230055e-07
1.593954e-08    8.523284e-07    -2.172842e-06    -3.126419e-06    5.295479e-06    -1.793131e-07    -1.393694e-07    9.142343e-08    1.465645e-07    2.844108e-08    -2.056946e-07    9.035447e-07    1.011827e-06    -2.254935e-07    -7.257489e-07    -1.95566e-08    -7.525311e-08    -2.228105e-08    2.491048e-08    2.16677e-08    5.262328e-08    -3.219784e-07    -2.826443e-07    -3.297751e-08    2.677771e-07
2.069964e-07    1.479598e-08    -1.095566e-08    7.863944e-08    -1.793131e-07    5.787415e-06    -1.517737e-07    -3.65629e-06    -6.46969e-07    4.738515e-08    6.183061e-08    -4.394843e-08    -9.250937e-08    -1.204559e-07    1.077151e-07    5.603207e-07    -5.522315e-07    -6.495397e-07    5.345815e-07    4.854391e-08    5.745206e-07    -5.183373e-07    -5.571258e-07    5.894074e-07    -7.494272e-08
1.989745e-08    -1.404393e-09    4.165725e-08    6.98556e-08    -1.393694e-07    -1.517737e-07    3.908859e-06    -1.424873e-07    -2.216408e-06    4.061929e-07    -1.651805e-08    -3.512501e-08    -1.00581e-07    -2.242269e-09    6.948502e-08    -2.902401e-07    -9.952599e-08    -7.669401e-08    -3.25023e-07    3.541257e-07    -1.746699e-07    -2.471434e-07    -2.327002e-07    -2.508177e-07    4.763042e-07
-1.024905e-07    1.383991e-08    1.345614e-08    -6.084864e-08    9.142343e-08    -3.65629e-06    -1.424873e-07    4.536265e-06    1.832196e-07    -1.122059e-06    7.752204e-09    1.654158e-08    -1.416938e-08    1.035203e-07    -5.746338e-08    -5.209583e-07    6.697141e-08    1.867513e-07    -4.898539e-07    4.046351e-07    -3.329296e-07    2.381297e-09    2.194865e-09    -4.124118e-07    3.645393e-07
-1.090638e-07    -3.354946e-08    -6.975159e-09    1.043285e-08    1.465645e-07    -6.46969e-07    -2.216408e-06    1.832196e-07    4.007488e-06    -1.328285e-06    -3.600819e-08    5.744382e-08    5.327073e-08    -3.975544e-09    -2.84364e-08    2.647673e-07    -4.092887e-07    -4.213509e-07    2.907873e-07    1.871291e-07    3.774061e-07    -2.335932e-07    -3.054792e-07    3.488698e-07    -7.968703e-08
-5.563546e-08    -1.799961e-08    5.681905e-08    4.299014e-08    2.844108e-08    4.738515e-08    4.061929e-07    -1.122059e-06    -1.328285e-06    3.107555e-06    -1.935578e-08    -6.550305e-10    3.677957e-08    -3.69301e-09    -3.617496e-08    7.261262e-08    3.580616e-07    3.015127e-07    3.487111e-09    -3.703411e-07    -1.279362e-07    3.284867e-07    3.986498e-07    -4.220084e-08    -2.815688e-07
2.538982e-07    -4.900063e-07    -2.716871e-07    6.306022e-07    -2.056946e-07    6.183061e-08    -1.651805e-08    7.752204e-09    -3.600819e-08    -1.935578e-08    3.924155e-06    -1.684096e-07    -2.334304e-06    -5.472707e-07    7.053083e-08    5.37549e-08    4.684085e-08    -6.395567e-08    -3.163316e-08    1.266577e-07    3.345986e-07    1.093041e-07    -2.146793e-07    -5.531162e-08    -1.050579e-07
-3.887532e-07    7.468038e-08    -1.948574e-07    -7.682299e-07    9.035447e-07    -4.394843e-08    -3.512501e-08    1.654158e-08    5.744382e-08    -6.550305e-10    -1.684096e-07    3.96229e-06    -4.396727e-07    -2.460379e-06    2.04513e-07    -9.127783e-09    -5.681649e-08    -2.458543e-08    2.863088e-08    9.240912e-08    -7.097241e-08    3.78293e-07    6.960446e-08    -2.515461e-07    -6.809382e-08
-3.574546e-07    1.170212e-07    -3.160059e-07    -8.949955e-07    1.011827e-06    -9.250937e-08    -1.00581e-07    -1.416938e-08    5.327073e-08    3.677957e-08    -2.334304e-06    -4.396727e-07    3.884889e-06    -1.64963e-07    -1.149445e-06    -8.166076e-08    -1.104766e-08    1.100237e-07    5.360254e-08    -7.162231e-08    -2.479298e-07    4.859507e-08    3.667459e-07    -4.743136e-08    -9.389577e-08
2.075149e-07    -5.199746e-07    -2.825799e-07    6.237045e-07    -2.254935e-07    -1.204559e-07    -2.242269e-09    1.035203e-07    -3.975544e-09    -3.69301e-09    -5.472707e-07    -2.460379e-06    -1.64963e-07    4.069895e-06    -9.110307e-07    -2.585033e-09    2.231243e-08    2.021839e-08    1.807402e-08    -1.639863e-07    -4.44096e-08    -2.240176e-07    5.464887e-08    2.897717e-07    8.687698e-09
1.66915e-07    4.026357e-07    5.004945e-07    2.016926e-07    -7.257489e-07    1.077151e-07    6.948502e-08    -5.746338e-08    -2.84364e-08    -3.617496e-08    7.053083e-08    2.04513e-07    -1.149445e-06    -9.110307e-07    2.400727e-06    1.797764e-07    2.616918e-08    -1.046644e-07    -1.68396e-07    -1.297441e-07    -2.471589e-08    -1.511685e-07    -1.698189e-07    1.064929e-07    2.786621e-07
-7.653055e-08    3.600934e-08    9.027872e-08    -5.53066e-08    -1.95566e-08    5.603207e-07    -2.902401e-07    -5.209583e-07    2.647673e-07    7.261262e-08    5.37549e-08    -9.127783e-09    -8.166076e-08    -2.585033e-09    1.797764e-07    4.031233e-06    -1.349133e-07    -2.383666e-06    -5.92292e-07    8.958909e-09    5.460638e-08    -2.512127e-07    1.357673e-08    2.622811e-07    -3.892938e-08
5.941772e-08    2.353316e-08    2.027802e-09    -2.286789e-08    -7.525311e-08    -5.522315e-07    -9.952599e-08    6.697141e-08    -4.092887e-07    3.580616e-07    4.684085e-08    -5.681649e-08    -1.104766e-08    2.231243e-08    2.616918e-08    -1.349133e-07    3.917273e-06    -3.736174e-07    -2.365704e-06    1.450855e-07    -2.357639e-07    1.592949e-07    2.830654e-07    -1.051099e-07    -6.424662e-08
9.663147e-08    2.590894e-09    -8.015087e-08    6.674054e-09    -2.228105e-08    -6.495397e-07    -7.669401e-08    1.867513e-07    -4.213509e-07    3.015127e-07    -6.395567e-08    -2.458543e-08    1.100237e-07    2.021839e-08    -1.046644e-07    -2.383666e-06    -3.736174e-07    3.896848e-06    -1.752482e-07    -1.137147e-06    -1.404526e-07    3.771455e-07    1.532002e-07    -2.067375e-07    -8.409384e-08
3.736003e-08    4.743568e-09    -5.342214e-08    -8.952459e-09    2.491048e-08    5.345815e-07    -3.25023e-07    -4.898539e-07    2.907873e-07    3.487111e-09    -3.163316e-08    2.863088e-08    5.360254e-08    1.807402e-08    -1.68396e-07    -5.92292e-07    -2.365704e-06    -1.752482e-07    3.976115e-06    -9.157032e-07    2.365975e-07    -3.141934e-08    -1.444657e-07    5.386535e-08    -7.544913e-08
-9.945902e-08    -3.331978e-09    8.306228e-08    -9.145968e-09    2.16677e-08    4.854391e-08    3.541257e-07    4.046351e-07    1.871291e-07    -3.703411e-07    1.266577e-07    9.240912e-08    -7.162231e-08    -1.639863e-07    -1.297441e-07    8.958909e-09    1.450855e-07    -1.137147e-06    -9.157032e-07    2.505312e-06    9.43237e-08    -1.233948e-07    -1.492196e-07    -1.05896e-07    -8.90377e-09
9.983419e-08    -1.741134e-07    -1.234787e-07    1.633056e-07    5.262328e-08    5.745206e-07    -1.746699e-07    -3.329296e-07    3.774061e-07    -1.279362e-07    3.345986e-07    -7.097241e-08    -2.479298e-07    -4.44096e-08    -2.471589e-08    5.460638e-08    -2.357639e-07    -1.404526e-07    2.365975e-07    9.43237e-08    4.450782e-06    -2.010048e-07    -3.128666e-06    3.419283e-07    2.703366e-08
6.130515e-09    2.932016e-07    2.339987e-07    -7.861729e-08    -3.219784e-07    -5.183373e-07    -2.471434e-07    2.381297e-09    -2.335932e-07    3.284867e-07    1.093041e-07    3.78293e-07    4.859507e-08    -2.240176e-07    -1.511685e-07    -2.512127e-07    1.592949e-07    3.771455e-07    -3.141934e-08    -1.233948e-07    -2.010048e-07    5.097023e-06    -1.304585e-06    -3.029647e-06    9.681869e-07
4.178487e-08    2.46215e-07    2.630445e-07    -7.126372e-08    -2.826443e-07    -5.571258e-07    -2.327002e-07    2.194865e-09    -3.054792e-07    3.986498e-07    -2.146793e-07    6.960446e-08    3.667459e-07    5.464887e-08    -1.698189e-07    1.357673e-08    2.830654e-07    1.532002e-07    -1.444657e-07    -1.492196e-07    -3.128666e-06    -1.304585e-06    5.264917e-06    -8.953145e-08    -1.682977e-06
1.212171e-07    -1.506201e-07    -9.270565e-08    1.824258e-07    -3.297751e-08    5.894074e-07    -2.508177e-07    -4.124118e-07    3.488698e-07    -4.220084e-08    -5.531162e-08    -2.515461e-07    -4.743136e-08    2.897717e-07    1.064929e-07    2.622811e-07    -1.051099e-07    -2.067375e-07    5.386535e-08    -1.05896e-07    3.419283e-07    -3.029647e-06    -8.953145e-08    4.412261e-06    -1.565472e-06
-1.30667e-07    -6.480217e-08    -1.421591e-07    -1.230055e-07    2.677771e-07    -7.494272e-08    4.763042e-07    3.645393e-07    -7.968703e-08    -2.815688e-07    -1.050579e-07    -6.809382e-08    -9.389577e-08    8.687698e-09    2.786621e-07    -3.892938e-08    -6.424662e-08    -8.409384e-08    -7.544913e-08    -8.90377e-09    2.703366e-08    9.681869e-07    -1.682977e-06    -1.565472e-06    2.880845e-06
