3.924155e-06    -1.684096e-07    -2.334304e-06    -5.472707e-07    7.053083e-08    5.37549e-08    4.684085e-08    -6.395567e-08    -3.163316e-08    1.266577e-07    3.33242e-08    -4.268881e-09    -3.397339e-08    -3.762645e-08    -1.089073e-08
-1.684096e-07    3.96229e-06    -4.396727e-07    -2.460379e-06    2.04513e-07    -9.127783e-09    -5.681649e-08    -2.458543e-08    2.863088e-08    9.240912e-08    1.68918e-08    2.987944e-08    4.679015e-08    2.10064e-08    -4.001258e-08
-2.334304e-06    -4.396727e-07    3.884889e-06    -1.64963e-07    -1.149445e-06    -8.166076e-08    -1.104766e-08    1.100237e-07    5.360254e-08    -7.162231e-08    -4.271999e-08    3.368023e-08    6.235127e-08    -6.756097e-10    2.957703e-08
-5.472707e-07    -2.460379e-06    -1.64963e-07    4.069895e-06    -9.110307e-07    -2.585033e-09    2.231243e-08    2.021839e-08    1.807402e-08    -1.639863e-07    -6.25292e-08    -6.146704e-08    6.64277e-09    3.073711e-08    1.20086e-08
7.053083e-08    2.04513e-07    -1.149445e-06    -9.110307e-07    2.400727e-06    1.797764e-07    2.616918e-08    -1.046644e-07    -1.68396e-07    -1.297441e-07    2.510652e-08    1.456051e-08    -3.695192e-08    2.844755e-08    -3.169642e-08
5.37549e-08    -9.127783e-09    -8.166076e-08    -2.585033e-09    1.797764e-07    4.031233e-06    -1.349133e-07    -2.383666e-06    -5.92292e-07    8.958909e-09    4.448664e-07    -4.505381e-07    -4.714775e-07    3.46341e-07    9.262574e-08
4.684085e-08    -5.681649e-08    -1.104766e-08    2.231243e-08    2.616918e-08    -1.349133e-07    3.917273e-06    -3.736174e-07    -2.365704e-06    1.450855e-07    -7.009154e-07    -1.421218e-08    -3.840379e-08    -5.882575e-07    6.805486e-07
-6.395567e-08    -2.458543e-08    1.100237e-07    2.021839e-08    -1.046644e-07    -2.383666e-06    -3.736174e-07    3.896848e-06    -1.752482e-07    -1.137147e-06    -7.181897e-07    -1.289361e-08    3.54341e-09    -5.616959e-07    6.333532e-07
-3.163316e-08    2.863088e-08    5.360254e-08    1.807402e-08    -1.68396e-07    -5.92292e-07    -2.365704e-06    -1.752482e-07    3.976115e-06    -9.157032e-07    4.458292e-07    -4.461722e-07    -4.043805e-07    4.211956e-07    -2.647366e-08
1.266577e-07    9.240912e-08    -7.162231e-08    -1.639863e-07    -1.297441e-07    8.958909e-09    1.450855e-07    -1.137147e-06    -9.157032e-07    2.505312e-06    2.633291e-07    4.575744e-07    4.856919e-07    1.52491e-07    -7.052286e-07
3.33242e-08    1.68918e-08    -4.271999e-08    -6.25292e-08    2.510652e-08    4.448664e-07    -7.009154e-07    -7.181897e-07    4.458292e-07    2.633291e-07    5.182159e-06    3.853866e-07    -2.464886e-06    -2.743596e-07    -9.928149e-08
-4.268881e-09    2.987944e-08    3.368023e-08    -6.146704e-08    1.456051e-08    -4.505381e-07    -1.421218e-08    -1.289361e-08    -4.461722e-07    4.575744e-07    3.853866e-07    4.010525e-06    -3.291143e-07    -2.734395e-06    8.042172e-07
-3.397339e-08    4.679015e-08    6.235127e-08    6.64277e-09    -3.695192e-08    -4.714775e-07    -3.840379e-08    3.54341e-09    -4.043805e-07    4.856919e-07    -2.464886e-06    -3.291143e-07    3.647567e-06    1.099244e-07    -1.724072e-06
-3.762645e-08    2.10064e-08    -6.756097e-10    3.073711e-08    2.844755e-08    3.46341e-07    -5.882575e-07    -5.616959e-07    4.211956e-07    1.52491e-07    -2.743596e-07    -2.734395e-06    1.099244e-07    5.123746e-06    -2.446878e-06
-1.089073e-08    -4.001258e-08    2.957703e-08    1.20086e-08    -3.169642e-08    9.262574e-08    6.805486e-07    6.333532e-07    -2.647366e-08    -7.052286e-07    -9.928149e-08    8.042172e-07    -1.724072e-06    -2.446878e-06    5.950417e-06
