3.924155e-06    -1.684096e-07    -2.334304e-06    -5.472707e-07    7.053083e-08    2.021588e-07    -1.433344e-07    -1.608733e-07    1.831144e-07    -4.860266e-08
-1.684096e-07    3.96229e-06    -4.396727e-07    -2.460379e-06    2.04513e-07    -2.944964e-07    1.881857e-07    3.220205e-07    -1.501064e-07    -3.120742e-08
-2.334304e-06    -4.396727e-07    3.884889e-06    -1.64963e-07    -1.149445e-06    -2.160932e-07    2.42181e-07    2.554112e-07    -1.049157e-07    -1.018603e-07
-5.472707e-07    -2.460379e-06    -1.64963e-07    4.069895e-06    -9.110307e-07    2.100259e-07    -3.196589e-08    -6.276256e-08    3.905906e-08    -4.138461e-08
7.053083e-08    2.04513e-07    -1.149445e-06    -9.110307e-07    2.400727e-06    6.572447e-08    -1.767035e-07    -1.741405e-07    3.502023e-08    8.227629e-08
2.021588e-07    -2.944964e-07    -2.160932e-07    2.100259e-07    6.572447e-08    5.688819e-06    7.011856e-10    -4.407768e-06    -3.903071e-07    1.419384e-07
-1.433344e-07    1.881857e-07    2.42181e-07    -3.196589e-08    -1.767035e-07    7.011856e-10    6.556251e-06    -1.302988e-06    -4.337485e-06    6.190545e-07
-1.608733e-07    3.220205e-07    2.554112e-07    -6.276256e-08    -1.741405e-07    -4.407768e-06    -1.302988e-06    6.599799e-06    9.317883e-08    -1.536047e-06
1.831144e-07    -1.501064e-07    -1.049157e-07    3.905906e-08    3.502023e-08    -3.903071e-07    -4.337485e-06    9.317883e-08    5.633031e-06    -1.088318e-06
-4.860266e-08    -3.120742e-08    -1.018603e-07    -4.138461e-08    8.227629e-08    1.419384e-07    6.190545e-07    -1.536047e-06    -1.088318e-06    2.336119e-06
