3.924155e-06    -1.684096e-07    -2.334304e-06    -5.472707e-07    7.053083e-08    1.523867e-08    6.564661e-08    -5.721442e-08    5.994832e-09    3.115102e-08
-1.684096e-07    3.96229e-06    -4.396727e-07    -2.460379e-06    2.04513e-07    -1.424133e-08    -4.19507e-08    1.246925e-12    4.073681e-08    -4.018821e-08
-2.334304e-06    -4.396727e-07    3.884889e-06    -1.64963e-07    -1.149445e-06    1.926213e-08    -9.074115e-08    -4.661128e-08    -4.580476e-08    4.946707e-08
-5.472707e-07    -2.460379e-06    -1.64963e-07    4.069895e-06    -9.110307e-07    -1.412085e-08    7.872605e-08    8.142852e-09    -9.234962e-08    5.006839e-08
7.053083e-08    2.04513e-07    -1.149445e-06    -9.110307e-07    2.400727e-06    2.040146e-08    -8.791382e-09    4.551899e-08    3.159959e-08    -9.062101e-08
1.523867e-08    -1.424133e-08    1.926213e-08    -1.412085e-08    2.040146e-08    4.633149e-06    -2.226528e-08    -2.577992e-06    -5.526539e-07    -3.784037e-08
6.564661e-08    -4.19507e-08    -9.074115e-08    7.872605e-08    -8.791382e-09    -2.226528e-08    4.314035e-06    -1.467289e-07    -2.935138e-06    3.404764e-07
-5.721442e-08    1.246925e-12    -4.661128e-08    8.142852e-09    4.551899e-08    -2.577992e-06    -1.467289e-07    3.894266e-06    -7.059169e-08    -1.365414e-06
5.994832e-09    4.073681e-08    -4.580476e-08    -9.234962e-08    3.159959e-08    -5.526539e-07    -2.935138e-06    -7.059169e-08    4.830318e-06    -1.433847e-06
3.115102e-08    -4.018821e-08    4.946707e-08    5.006839e-08    -9.062101e-08    -3.784037e-08    3.404764e-07    -1.365414e-06    -1.433847e-06    3.642288e-06
