5.703121e-06    -2.34857e-07    -3.620678e-06    -4.919708e-07    2.5232e-08    5.919013e-07    -5.579056e-07    -5.546793e-07    4.949413e-07    2.416044e-08
-2.34857e-07    3.926806e-06    -1.002308e-07    -2.260295e-06    3.949029e-07    -3.470007e-07    -1.071504e-07    -5.163364e-08    -2.524917e-07    3.763251e-07
-3.620678e-06    -1.002308e-07    4.598383e-06    1.814464e-07    -1.238884e-06    -5.261666e-07    8.155017e-08    8.891955e-08    -4.91925e-07    3.972271e-07
-4.919708e-07    -2.260295e-06    1.814464e-07    3.965647e-06    -1.309077e-06    2.125157e-07    -3.955481e-07    -3.970713e-07    2.559397e-07    1.553612e-07
2.5232e-08    3.949029e-07    -1.238884e-06    -1.309077e-06    3.231137e-06    7.95194e-08    3.052964e-07    3.349102e-07    1.18905e-07    -4.062504e-07
5.919013e-07    -3.470007e-07    -5.261666e-07    2.125157e-07    7.95194e-08    3.924155e-06    -1.684096e-07    -2.334304e-06    -5.472707e-07    7.053083e-08
-5.579056e-07    -1.071504e-07    8.155017e-08    -3.955481e-07    3.052964e-07    -1.684096e-07    3.96229e-06    -4.396727e-07    -2.460379e-06    2.04513e-07
-5.546793e-07    -5.163364e-08    8.891955e-08    -3.970713e-07    3.349102e-07    -2.334304e-06    -4.396727e-07    3.884889e-06    -1.64963e-07    -1.149445e-06
4.949413e-07    -2.524917e-07    -4.91925e-07    2.559397e-07    1.18905e-07    -5.472707e-07    -2.460379e-06    -1.64963e-07    4.069895e-06    -9.110307e-07
2.416044e-08    3.763251e-07    3.972271e-07    1.553612e-07    -4.062504e-07    7.053083e-08    2.04513e-07    -1.149445e-06    -9.110307e-07    2.400727e-06
