5.787415e-06    -1.517737e-07    -3.65629e-06    -6.46969e-07    4.738515e-08    6.183061e-08    -4.394843e-08    -9.250937e-08    -1.204559e-07    1.077151e-07    5.603207e-07    -5.522315e-07    -6.495397e-07    5.345815e-07    4.854391e-08
-1.517737e-07    3.908859e-06    -1.424873e-07    -2.216408e-06    4.061929e-07    -1.651805e-08    -3.512501e-08    -1.00581e-07    -2.242269e-09    6.948502e-08    -2.902401e-07    -9.952599e-08    -7.669401e-08    -3.25023e-07    3.541257e-07
-3.65629e-06    -1.424873e-07    4.536265e-06    1.832196e-07    -1.122059e-06    7.752204e-09    1.654158e-08    -1.416938e-08    1.035203e-07    -5.746338e-08    -5.209583e-07    6.697141e-08    1.867513e-07    -4.898539e-07    4.046351e-07
-6.46969e-07    -2.216408e-06    1.832196e-07    4.007488e-06    -1.328285e-06    -3.600819e-08    5.744382e-08    5.327073e-08    -3.975544e-09    -2.84364e-08    2.647673e-07    -4.092887e-07    -4.213509e-07    2.907873e-07    1.871291e-07
4.738515e-08    4.061929e-07    -1.122059e-06    -1.328285e-06    3.107555e-06    -1.935578e-08    -6.550305e-10    3.677957e-08    -3.69301e-09    -3.617496e-08    7.261262e-08    3.580616e-07    3.015127e-07    3.487111e-09    -3.703411e-07
6.183061e-08    -1.651805e-08    7.752204e-09    -3.600819e-08    -1.935578e-08    3.924155e-06    -1.684096e-07    -2.334304e-06    -5.472707e-07    7.053083e-08    5.37549e-08    4.684085e-08    -6.395567e-08    -3.163316e-08    1.266577e-07
-4.394843e-08    -3.512501e-08    1.654158e-08    5.744382e-08    -6.550305e-10    -1.684096e-07    3.96229e-06    -4.396727e-07    -2.460379e-06    2.04513e-07    -9.127783e-09    -5.681649e-08    -2.458543e-08    2.863088e-08    9.240912e-08
-9.250937e-08    -1.00581e-07    -1.416938e-08    5.327073e-08    3.677957e-08    -2.334304e-06    -4.396727e-07    3.884889e-06    -1.64963e-07    -1.149445e-06    -8.166076e-08    -1.104766e-08    1.100237e-07    5.360254e-08    -7.162231e-08
-1.204559e-07    -2.242269e-09    1.035203e-07    -3.975544e-09    -3.69301e-09    -5.472707e-07    -2.460379e-06    -1.64963e-07    4.069895e-06    -9.110307e-07    -2.585033e-09    2.231243e-08    2.021839e-08    1.807402e-08    -1.639863e-07
1.077151e-07    6.948502e-08    -5.746338e-08    -2.84364e-08    -3.617496e-08    7.053083e-08    2.04513e-07    -1.149445e-06    -9.110307e-07    2.400727e-06    1.797764e-07    2.616918e-08    -1.046644e-07    -1.68396e-07    -1.297441e-07
5.603207e-07    -2.902401e-07    -5.209583e-07    2.647673e-07    7.261262e-08    5.37549e-08    -9.127783e-09    -8.166076e-08    -2.585033e-09    1.797764e-07    4.031233e-06    -1.349133e-07    -2.383666e-06    -5.92292e-07    8.958909e-09
-5.522315e-07    -9.952599e-08    6.697141e-08    -4.092887e-07    3.580616e-07    4.684085e-08    -5.681649e-08    -1.104766e-08    2.231243e-08    2.616918e-08    -1.349133e-07    3.917273e-06    -3.736174e-07    -2.365704e-06    1.450855e-07
-6.495397e-07    -7.669401e-08    1.867513e-07    -4.213509e-07    3.015127e-07    -6.395567e-08    -2.458543e-08    1.100237e-07    2.021839e-08    -1.046644e-07    -2.383666e-06    -3.736174e-07    3.896848e-06    -1.752482e-07    -1.137147e-06
5.345815e-07    -3.25023e-07    -4.898539e-07    2.907873e-07    3.487111e-09    -3.163316e-08    2.863088e-08    5.360254e-08    1.807402e-08    -1.68396e-07    -5.92292e-07    -2.365704e-06    -1.752482e-07    3.976115e-06    -9.157032e-07
4.854391e-08    3.541257e-07    4.046351e-07    1.871291e-07    -3.703411e-07    1.266577e-07    9.240912e-08    -7.162231e-08    -1.639863e-07    -1.297441e-07    8.958909e-09    1.450855e-07    -1.137147e-06    -9.157032e-07    2.505312e-06
