3.924155e-06    -1.684096e-07    -2.334304e-06    -5.472707e-07    7.053083e-08    2.944565e-07    -6.393943e-08    -3.301362e-07    2.003128e-07    -3.779034e-08
-1.684096e-07    3.96229e-06    -4.396727e-07    -2.460379e-06    2.04513e-07    -2.500318e-08    -3.069591e-07    -2.131836e-07    3.132071e-08    2.330354e-07
-2.334304e-06    -4.396727e-07    3.884889e-06    -1.64963e-07    -1.149445e-06    5.369076e-08    -3.718815e-07    -1.448068e-07    1.097473e-09    1.957062e-07
-5.472707e-07    -2.460379e-06    -1.64963e-07    4.069895e-06    -9.110307e-07    2.937518e-07    -1.169427e-07    -3.093833e-07    2.91961e-07    -3.83046e-08
7.053083e-08    2.04513e-07    -1.149445e-06    -9.110307e-07    2.400727e-06    -3.137168e-07    3.990052e-07    5.422813e-07    -2.465873e-07    -2.274908e-07
2.944565e-07    -2.500318e-08    5.369076e-08    2.937518e-07    -3.137168e-07    3.195493e-06    -1.639595e-06    -1.169982e-06    2.038072e-07    -2.913092e-07
-6.393943e-08    -3.069591e-07    -3.718815e-07    -1.169427e-07    3.990052e-07    -1.639595e-06    1.056232e-05    -5.783004e-06    -1.839862e-06    1.109121e-06
-3.301362e-07    -2.131836e-07    -1.448068e-07    -3.093833e-07    5.422813e-07    -1.169982e-06    -5.783004e-06    9.855298e-06    -1.005101e-06    -2.433211e-06
2.003128e-07    3.132071e-08    1.097473e-09    2.91961e-07    -2.465873e-07    2.038072e-07    -1.839862e-06    -1.005101e-06    3.603721e-06    -5.028667e-07
-3.779034e-08    2.330354e-07    1.957062e-07    -3.83046e-08    -2.274908e-07    -2.913092e-07    1.109121e-06    -2.433211e-06    -5.028667e-07    2.196402e-06
