3.924155e-06    -1.684096e-07    -2.334304e-06    -5.472707e-07    7.053083e-08    5.37549e-08    4.684085e-08    -6.395567e-08    -3.163316e-08    1.266577e-07    2.944565e-07    -6.393943e-08    -3.301362e-07    2.003128e-07    -3.779034e-08
-1.684096e-07    3.96229e-06    -4.396727e-07    -2.460379e-06    2.04513e-07    -9.127783e-09    -5.681649e-08    -2.458543e-08    2.863088e-08    9.240912e-08    -2.500318e-08    -3.069591e-07    -2.131836e-07    3.132071e-08    2.330354e-07
-2.334304e-06    -4.396727e-07    3.884889e-06    -1.64963e-07    -1.149445e-06    -8.166076e-08    -1.104766e-08    1.100237e-07    5.360254e-08    -7.162231e-08    5.369076e-08    -3.718815e-07    -1.448068e-07    1.097473e-09    1.957062e-07
-5.472707e-07    -2.460379e-06    -1.64963e-07    4.069895e-06    -9.110307e-07    -2.585033e-09    2.231243e-08    2.021839e-08    1.807402e-08    -1.639863e-07    2.937518e-07    -1.169427e-07    -3.093833e-07    2.91961e-07    -3.83046e-08
7.053083e-08    2.04513e-07    -1.149445e-06    -9.110307e-07    2.400727e-06    1.797764e-07    2.616918e-08    -1.046644e-07    -1.68396e-07    -1.297441e-07    -3.137168e-07    3.990052e-07    5.422813e-07    -2.465873e-07    -2.274908e-07
5.37549e-08    -9.127783e-09    -8.166076e-08    -2.585033e-09    1.797764e-07    4.031233e-06    -1.349133e-07    -2.383666e-06    -5.92292e-07    8.958909e-09    2.81215e-07    -2.102334e-07    -1.103377e-07    2.301087e-07    -1.346945e-07
4.684085e-08    -5.681649e-08    -1.104766e-08    2.231243e-08    2.616918e-08    -1.349133e-07    3.917273e-06    -3.736174e-07    -2.365704e-06    1.450855e-07    7.032042e-08    -1.573068e-07    -3.147952e-07    -5.981865e-08    2.014906e-07
-6.395567e-08    -2.458543e-08    1.100237e-07    2.021839e-08    -1.046644e-07    -2.383666e-06    -3.736174e-07    3.896848e-06    -1.752482e-07    -1.137147e-06    2.308017e-08    -1.827199e-07    -4.950004e-07    3.684226e-08    3.348404e-07
-3.163316e-08    2.863088e-08    5.360254e-08    1.807402e-08    -1.68396e-07    -5.92292e-07    -2.365704e-06    -1.752482e-07    3.976115e-06    -9.157032e-07    2.653777e-07    -2.579357e-07    -1.892295e-07    3.111147e-07    -5.061231e-08
1.266577e-07    9.240912e-08    -7.162231e-08    -1.639863e-07    -1.297441e-07    8.958909e-09    1.450855e-07    -1.137147e-06    -9.157032e-07    2.505312e-06    -3.451899e-07    4.032005e-07    6.358144e-07    -2.993951e-07    -1.939436e-07
2.944565e-07    -2.500318e-08    5.369076e-08    2.937518e-07    -3.137168e-07    2.81215e-07    7.032042e-08    2.308017e-08    2.653777e-07    -3.451899e-07    3.195493e-06    -1.639595e-06    -1.169982e-06    2.038072e-07    -2.913092e-07
-6.393943e-08    -3.069591e-07    -3.718815e-07    -1.169427e-07    3.990052e-07    -2.102334e-07    -1.573068e-07    -1.827199e-07    -2.579357e-07    4.032005e-07    -1.639595e-06    1.056232e-05    -5.783004e-06    -1.839862e-06    1.109121e-06
-3.301362e-07    -2.131836e-07    -1.448068e-07    -3.093833e-07    5.422813e-07    -1.103377e-07    -3.147952e-07    -4.950004e-07    -1.892295e-07    6.358144e-07    -1.169982e-06    -5.783004e-06    9.855298e-06    -1.005101e-06    -2.433211e-06
2.003128e-07    3.132071e-08    1.097473e-09    2.91961e-07    -2.465873e-07    2.301087e-07    -5.981865e-08    3.684226e-08    3.111147e-07    -2.993951e-07    2.038072e-07    -1.839862e-06    -1.005101e-06    3.603721e-06    -5.028667e-07
-3.779034e-08    2.330354e-07    1.957062e-07    -3.83046e-08    -2.274908e-07    -1.346945e-07    2.014906e-07    3.348404e-07    -5.061231e-08    -1.939436e-07    -2.913092e-07    1.109121e-06    -2.433211e-06    -5.028667e-07    2.196402e-06
