2.600983e-06    -3.286611e-07    -1.342674e-06    6.021406e-07    1.593954e-08    2.538982e-07    -3.887532e-07    -3.574546e-07    2.075149e-07    1.66915e-07    -7.653055e-08    5.941772e-08    9.663147e-08    3.736003e-08    -9.945902e-08    5.73422e-08    -2.208831e-08    3.155862e-09    -1.155155e-09    4.696192e-08    9.983419e-08    6.130515e-09    4.178487e-08    1.212171e-07    -1.30667e-07
-3.286611e-07    3.160636e-06    -1.907102e-08    -2.568925e-06    8.523284e-07    -4.900063e-07    7.468038e-08    1.170212e-07    -5.199746e-07    4.026357e-07    3.600934e-08    2.353316e-08    2.590894e-09    4.743568e-09    -3.331978e-09    -7.477988e-09    -5.969306e-08    7.960095e-08    -1.411955e-08    5.760906e-09    -1.741134e-07    2.932016e-07    2.46215e-07    -1.506201e-07    -6.480217e-08
-1.342674e-06    -1.907102e-08    3.326219e-06    3.893051e-07    -2.172842e-06    -2.716871e-07    -1.948574e-07    -3.160059e-07    -2.825799e-07    5.004945e-07    9.027872e-08    2.027802e-09    -8.015087e-08    -5.342214e-08    8.306228e-08    -8.584576e-08    4.055964e-09    3.421954e-08    7.601935e-08    -6.102339e-08    -1.234787e-07    2.339987e-07    2.630445e-07    -9.270565e-08    -1.421591e-07
6.021406e-07    -2.568925e-06    3.893051e-07    5.404785e-06    -3.126419e-06    6.306022e-07    -7.682299e-07    -8.949955e-07    6.237045e-07    2.016926e-07    -5.53066e-08    -2.286789e-08    6.674054e-09    -8.952459e-09    -9.145968e-09    -1.527416e-08    4.92217e-09    7.932735e-09    9.567633e-08    -6.955769e-08    1.633056e-07    -7.861729e-08    -7.126372e-08    1.824258e-07    -1.230055e-07
1.593954e-08    8.523284e-07    -2.172842e-06    -3.126419e-06    5.295479e-06    -2.056946e-07    9.035447e-07    1.011827e-06    -2.254935e-07    -7.257489e-07    -1.95566e-08    -7.525311e-08    -2.228105e-08    2.491048e-08    2.16677e-08    1.173613e-07    8.777612e-09    -9.837084e-08    -1.12288e-07    1.199974e-07    5.262328e-08    -3.219784e-07    -2.826443e-07    -3.297751e-08    2.677771e-07
2.538982e-07    -4.900063e-07    -2.716871e-07    6.306022e-07    -2.056946e-07    3.924155e-06    -1.684096e-07    -2.334304e-06    -5.472707e-07    7.053083e-08    5.37549e-08    4.684085e-08    -6.395567e-08    -3.163316e-08    1.266577e-07    1.523867e-08    6.564661e-08    -5.721442e-08    5.994832e-09    3.115102e-08    3.345986e-07    1.093041e-07    -2.146793e-07    -5.531162e-08    -1.050579e-07
-3.887532e-07    7.468038e-08    -1.948574e-07    -7.682299e-07    9.035447e-07    -1.684096e-07    3.96229e-06    -4.396727e-07    -2.460379e-06    2.04513e-07    -9.127783e-09    -5.681649e-08    -2.458543e-08    2.863088e-08    9.240912e-08    -1.424133e-08    -4.19507e-08    1.246925e-12    4.073681e-08    -4.018821e-08    -7.097241e-08    3.78293e-07    6.960446e-08    -2.515461e-07    -6.809382e-08
-3.574546e-07    1.170212e-07    -3.160059e-07    -8.949955e-07    1.011827e-06    -2.334304e-06    -4.396727e-07    3.884889e-06    -1.64963e-07    -1.149445e-06    -8.166076e-08    -1.104766e-08    1.100237e-07    5.360254e-08    -7.162231e-08    1.926213e-08    -9.074115e-08    -4.661128e-08    -4.580476e-08    4.946707e-08    -2.479298e-07    4.859507e-08    3.667459e-07    -4.743136e-08    -9.389577e-08
2.075149e-07    -5.199746e-07    -2.825799e-07    6.237045e-07    -2.254935e-07    -5.472707e-07    -2.460379e-06    -1.64963e-07    4.069895e-06    -9.110307e-07    -2.585033e-09    2.231243e-08    2.021839e-08    1.807402e-08    -1.639863e-07    -1.412085e-08    7.872605e-08    8.142852e-09    -9.234962e-08    5.006839e-08    -4.44096e-08    -2.240176e-07    5.464887e-08    2.897717e-07    8.687698e-09
1.66915e-07    4.026357e-07    5.004945e-07    2.016926e-07    -7.257489e-07    7.053083e-08    2.04513e-07    -1.149445e-06    -9.110307e-07    2.400727e-06    1.797764e-07    2.616918e-08    -1.046644e-07    -1.68396e-07    -1.297441e-07    2.040146e-08    -8.791382e-09    4.551899e-08    3.159959e-08    -9.062101e-08    -2.471589e-08    -1.511685e-07    -1.698189e-07    1.064929e-07    2.786621e-07
-7.653055e-08    3.600934e-08    9.027872e-08    -5.53066e-08    -1.95566e-08    5.37549e-08    -9.127783e-09    -8.166076e-08    -2.585033e-09    1.797764e-07    4.031233e-06    -1.349133e-07    -2.383666e-06    -5.92292e-07    8.958909e-09    3.845021e-07    -3.733791e-07    -4.040659e-07    3.992731e-07    -1.535542e-09    5.460638e-08    -2.512127e-07    1.357673e-08    2.622811e-07    -3.892938e-08
5.941772e-08    2.353316e-08    2.027802e-09    -2.286789e-08    -7.525311e-08    4.684085e-08    -5.681649e-08    -1.104766e-08    2.231243e-08    2.616918e-08    -1.349133e-07    3.917273e-06    -3.736174e-07    -2.365704e-06    1.450855e-07    -4.736592e-07    -1.550912e-08    -3.776276e-08    -4.685313e-07    4.683997e-07    -2.357639e-07    1.592949e-07    2.830654e-07    -1.051099e-07    -6.424662e-08
9.663147e-08    2.590894e-09    -8.015087e-08    6.674054e-09    -2.228105e-08    -6.395567e-08    -2.458543e-08    1.100237e-07    2.021839e-08    -1.046644e-07    -2.383666e-06    -3.736174e-07    3.896848e-06    -1.752482e-07    -1.137147e-06    -4.344421e-07    1.203519e-07    -3.358386e-08    -5.980366e-07    5.795268e-07    -1.404526e-07    3.771455e-07    1.532002e-07    -2.067375e-07    -8.409384e-08
3.736003e-08    4.743568e-09    -5.342214e-08    -8.952459e-09    2.491048e-08    -3.163316e-08    2.863088e-08    5.360254e-08    1.807402e-08    -1.68396e-07    -5.92292e-07    -2.365704e-06    -1.752482e-07    3.976115e-06    -9.157032e-07    3.763331e-07    -4.088919e-07    -3.745649e-07    4.106058e-07    -1.230311e-08    2.365975e-07    -3.141934e-08    -1.444657e-07    5.386535e-08    -7.544913e-08
-9.945902e-08    -3.331978e-09    8.306228e-08    -9.145968e-09    2.16677e-08    1.266577e-07    9.240912e-08    -7.162231e-08    -1.639863e-07    -1.297441e-07    8.958909e-09    1.450855e-07    -1.137147e-06    -9.157032e-07    2.505312e-06    4.987586e-08    3.197776e-07    4.201274e-07    2.040682e-07    -5.502323e-07    9.43237e-08    -1.233948e-07    -1.492196e-07    -1.05896e-07    -8.90377e-09
5.73422e-08    -7.477988e-09    -8.584576e-08    -1.527416e-08    1.173613e-07    1.523867e-08    -1.424133e-08    1.926213e-08    -1.412085e-08    2.040146e-08    3.845021e-07    -4.736592e-07    -4.344421e-07    3.763331e-07    4.987586e-08    4.633149e-06    -2.226528e-08    -2.577992e-06    -5.526539e-07    -3.784037e-08    4.355623e-07    -2.92045e-07    -4.277583e-07    4.093628e-07    -3.561226e-08
-2.208831e-08    -5.969306e-08    4.055964e-09    4.92217e-09    8.777612e-09    6.564661e-08    -4.19507e-08    -9.074115e-08    7.872605e-08    -8.791382e-09    -3.733791e-07    -1.550912e-08    1.203519e-07    -4.088919e-07    3.197776e-07    -2.226528e-08    4.314035e-06    -1.467289e-07    -2.935138e-06    3.404764e-07    -2.645716e-07    -6.280989e-08    -1.518906e-07    -3.717165e-07    4.605441e-07
3.155862e-09    7.960095e-08    3.421954e-08    7.932735e-09    -9.837084e-08    -5.721442e-08    1.246925e-12    -4.661128e-08    8.142852e-09    4.551899e-08    -4.040659e-07    -3.776276e-08    -3.358386e-08    -3.745649e-07    4.201274e-07    -2.577992e-06    -1.467289e-07    3.894266e-06    -7.059169e-08    -1.365414e-06    -2.23685e-07    -2.143566e-07    -1.091695e-07    -2.694039e-07    3.866626e-07
-1.155155e-09    -1.411955e-08    7.601935e-08    9.567633e-08    -1.12288e-07    5.994832e-09    4.073681e-08    -4.580476e-08    -9.234962e-08    3.159959e-08    3.992731e-07    -4.685313e-07    -5.980366e-07    4.106058e-07    2.040682e-07    -5.526539e-07    -2.935138e-06    -7.059169e-08    4.830318e-06    -1.433847e-06    4.961483e-07    -4.289631e-07    -4.104387e-07    5.088352e-07    -1.237144e-07
4.696192e-08    5.760906e-09    -6.102339e-08    -6.955769e-08    1.199974e-07    3.115102e-08    -4.018821e-08    4.946707e-08    5.006839e-08    -9.062101e-08    -1.535542e-09    4.683997e-07    5.795268e-07    -1.230311e-08    -5.502323e-07    -3.784037e-08    3.404764e-07    -1.365414e-06    -1.433847e-06    3.642288e-06    -2.158069e-07    5.564476e-07    5.62881e-07    -1.4952e-07    -3.552172e-07
9.983419e-08    -1.741134e-07    -1.234787e-07    1.633056e-07    5.262328e-08    3.345986e-07    -7.097241e-08    -2.479298e-07    -4.44096e-08    -2.471589e-08    5.460638e-08    -2.357639e-07    -1.404526e-07    2.365975e-07    9.43237e-08    4.355623e-07    -2.645716e-07    -2.23685e-07    4.961483e-07    -2.158069e-07    4.450782e-06    -2.010048e-07    -3.128666e-06    3.419283e-07    2.703366e-08
6.130515e-09    2.932016e-07    2.339987e-07    -7.861729e-08    -3.219784e-07    1.093041e-07    3.78293e-07    4.859507e-08    -2.240176e-07    -1.511685e-07    -2.512127e-07    1.592949e-07    3.771455e-07    -3.141934e-08    -1.233948e-07    -2.92045e-07    -6.280989e-08    -2.143566e-07    -4.289631e-07    5.564476e-07    -2.010048e-07    5.097023e-06    -1.304585e-06    -3.029647e-06    9.681869e-07
4.178487e-08    2.46215e-07    2.630445e-07    -7.126372e-08    -2.826443e-07    -2.146793e-07    6.960446e-08    3.667459e-07    5.464887e-08    -1.698189e-07    1.357673e-08    2.830654e-07    1.532002e-07    -1.444657e-07    -1.492196e-07    -4.277583e-07    -1.518906e-07    -1.091695e-07    -4.104387e-07    5.62881e-07    -3.128666e-06    -1.304585e-06    5.264917e-06    -8.953145e-08    -1.682977e-06
1.212171e-07    -1.506201e-07    -9.270565e-08    1.824258e-07    -3.297751e-08    -5.531162e-08    -2.515461e-07    -4.743136e-08    2.897717e-07    1.064929e-07    2.622811e-07    -1.051099e-07    -2.067375e-07    5.386535e-08    -1.05896e-07    4.093628e-07    -3.717165e-07    -2.694039e-07    5.088352e-07    -1.4952e-07    3.419283e-07    -3.029647e-06    -8.953145e-08    4.412261e-06    -1.565472e-06
-1.30667e-07    -6.480217e-08    -1.421591e-07    -1.230055e-07    2.677771e-07    -1.050579e-07    -6.809382e-08    -9.389577e-08    8.687698e-09    2.786621e-07    -3.892938e-08    -6.424662e-08    -8.409384e-08    -7.544913e-08    -8.90377e-09    -3.561226e-08    4.605441e-07    3.866626e-07    -1.237144e-07    -3.552172e-07    2.703366e-08    9.681869e-07    -1.682977e-06    -1.565472e-06    2.880845e-06
