3.924155e-06    -1.684096e-07    -2.334304e-06    -5.472707e-07    7.053083e-08    4.136938e-07    -3.711404e-07    -4.552299e-07    3.450176e-07    7.138341e-08
-1.684096e-07    3.96229e-06    -4.396727e-07    -2.460379e-06    2.04513e-07    -4.594632e-07    -7.250444e-08    3.804891e-08    -4.726994e-07    4.906443e-07
-2.334304e-06    -4.396727e-07    3.884889e-06    -1.64963e-07    -1.149445e-06    -4.413513e-07    2.123558e-08    8.964647e-09    -4.849755e-07    3.823985e-07
-5.472707e-07    -2.460379e-06    -1.64963e-07    4.069895e-06    -9.110307e-07    3.536038e-07    -3.52088e-07    -3.613345e-07    3.604907e-07    -4.632446e-08
7.053083e-08    2.04513e-07    -1.149445e-06    -9.110307e-07    2.400727e-06    4.712059e-08    3.570552e-07    3.874061e-07    1.481462e-07    -4.138666e-07
4.136938e-07    -4.594632e-07    -4.413513e-07    3.536038e-07    4.712059e-08    4.725822e-06    -2.000979e-07    -2.906086e-06    -4.483164e-07    1.731308e-07
-3.711404e-07    -7.250444e-08    2.123558e-08    -3.52088e-07    3.570552e-07    -2.000979e-07    3.915343e-06    -1.885232e-07    -2.538816e-06    3.615295e-07
-4.552299e-07    3.804891e-08    8.964647e-09    -3.613345e-07    3.874061e-07    -2.906086e-06    -1.885232e-07    4.379507e-06    3.138876e-09    -1.650605e-06
3.450176e-07    -4.726994e-07    -4.849755e-07    3.604907e-07    1.481462e-07    -4.483164e-07    -2.538816e-06    3.138876e-09    4.626585e-06    -1.536757e-06
7.138341e-08    4.906443e-07    3.823985e-07    -4.632446e-08    -4.138666e-07    1.731308e-07    3.615295e-07    -1.650605e-06    -1.536757e-06    3.862514e-06
