6.5356e-06    6.433282e-08    -2.624365e-06    -5.492661e-08    -1.609206e-06    4.671326e-07    -3.898878e-06    -2.390178e-06    1.047349e-06    2.287518e-06    -6.839286e-07    2.206408e-06    2.669127e-06    -4.931795e-07    -1.609485e-06
6.433282e-08    4.854421e-06    8.861192e-08    -2.565194e-06    -5.845262e-07    -4.903926e-07    2.267276e-07    8.714467e-07    -4.962325e-08    -4.037149e-07    -5.524637e-07    5.136557e-07    7.015722e-07    -3.663604e-07    -5.02799e-08
-2.624365e-06    8.861192e-08    5.30825e-06    1.616607e-08    -2.257114e-06    -8.511794e-08    5.012573e-07    2.608711e-07    -9.549175e-09    -4.288344e-07    -3.187754e-07    1.633079e-07    6.242665e-07    9.816953e-08    -4.605035e-07
-5.492661e-08    -2.565194e-06    1.616607e-08    5.347355e-06    -1.947457e-06    3.593927e-07    -1.68472e-06    -1.695035e-06    2.970422e-07    1.302583e-06    2.163337e-07    1.5167e-06    9.950157e-07    -1.969722e-07    -1.219903e-06
-1.609206e-06    -5.845262e-07    -2.257114e-06    -1.947457e-06    5.212614e-06    -1.932935e-07    2.600497e-06    1.739127e-06    -5.712414e-07    -1.551135e-06    6.396694e-07    -2.251685e-06    -2.5733e-06    3.429405e-07    1.624408e-06
4.671326e-07    -4.903926e-07    -8.511794e-08    3.593927e-07    -1.932935e-07    7.237073e-06    -6.570187e-07    -6.570981e-06    -2.4095e-07    1.011372e-06    5.224371e-07    -3.159772e-07    2.381888e-07    1.082412e-06    -1.228945e-06
-3.898878e-06    2.267276e-07    5.012573e-07    -1.68472e-06    2.600497e-06    -6.570187e-07    1.787854e-05    5.888056e-06    -8.092161e-06    -6.093986e-06    1.985627e-06    -6.93696e-06    -7.677564e-06    1.793345e-06    5.272073e-06
-2.390178e-06    8.714467e-07    2.608711e-07    -1.695035e-06    1.739127e-06    -6.570981e-06    5.888056e-06    1.463422e-05    -1.604699e-06    -7.426766e-06    6.270791e-07    -4.637525e-06    -4.988686e-06    6.460586e-07    4.370918e-06
1.047349e-06    -4.962325e-08    -9.549175e-09    2.970422e-07    -5.712414e-07    -2.4095e-07    -8.092161e-06    -1.604699e-06    8.025108e-06    3.30577e-07    -8.811488e-07    1.146257e-06    2.579357e-06    -1.108801e-07    -1.748646e-06
2.287518e-06    -4.037149e-07    -4.288344e-07    1.302583e-06    -1.551135e-06    1.011372e-06    -6.093986e-06    -7.426766e-06    3.30577e-07    7.432968e-06    -9.84301e-07    5.040081e-06    4.665644e-06    -1.58633e-06    -3.271932e-06
-6.839286e-07    -5.524637e-07    -3.187754e-07    2.163337e-07    6.396694e-07    5.224371e-07    1.985627e-06    6.270791e-07    -8.811488e-07    -9.84301e-07    5.810362e-06    -1.468422e-06    -5.550408e-06    9.777093e-07    9.237669e-07
2.206408e-06    5.136557e-07    1.633079e-07    1.5167e-06    -2.251685e-06    -3.159772e-07    -6.93696e-06    -4.637525e-06    1.146257e-06    5.040081e-06    -1.468422e-06    1.138956e-05    3.532921e-06    -5.284722e-06    -2.000408e-06
2.669127e-06    7.015722e-07    6.242665e-07    9.950157e-07    -2.5733e-06    2.381888e-07    -7.677564e-06    -4.988686e-06    2.579357e-06    4.665644e-06    -5.550408e-06    3.532921e-06    1.166372e-05    -1.632237e-06    -5.319604e-06
-4.931795e-07    -3.663604e-07    9.816953e-08    -1.969722e-07    3.429405e-07    1.082412e-06    1.793345e-06    6.460586e-07    -1.108801e-07    -1.58633e-06    9.777093e-07    -5.284722e-06    -1.632237e-06    5.708089e-06    -1.156352e-06
-1.609485e-06    -5.02799e-08    -4.605035e-07    -1.219903e-06    1.624408e-06    -1.228945e-06    5.272073e-06    4.370918e-06    -1.748646e-06    -3.271932e-06    9.237669e-07    -2.000408e-06    -5.319604e-06    -1.156352e-06    5.848153e-06
