3.147431e-06    -2.270696e-06    -2.616707e-06    5.260565e-07    1.832993e-07    1.259362e-07    3.174295e-07    -4.525259e-08    2.084943e-07    -1.650996e-07
-2.270696e-06    8.999813e-06    -1.52951e-06    -2.158703e-06    7.417984e-08    3.57773e-07    -2.711573e-06    -1.75752e-06    1.032108e-06    1.371093e-06
-2.616707e-06    -1.52951e-06    6.475147e-06    -1.035103e-06    -8.321831e-07    -7.830666e-07    3.628148e-07    1.540687e-06    -2.132297e-08    -7.184111e-07
5.260565e-07    -2.158703e-06    -1.035103e-06    3.602277e-06    -7.012462e-08    2.415774e-07    -2.259724e-06    -2.295307e-06    -1.331137e-07    2.151385e-06
1.832993e-07    7.417984e-08    -8.321831e-07    -7.012462e-08    5.490899e-07    1.994976e-07    -1.496473e-07    -4.496367e-07    -4.852188e-08    2.613969e-07
1.259362e-07    3.57773e-07    -7.830666e-07    2.415774e-07    1.994976e-07    7.237073e-06    -6.570187e-07    -6.570981e-06    -2.4095e-07    1.011372e-06
3.174295e-07    -2.711573e-06    3.628148e-07    -2.259724e-06    -1.496473e-07    -6.570187e-07    1.787854e-05    5.888056e-06    -8.092161e-06    -6.093986e-06
-4.525259e-08    -1.75752e-06    1.540687e-06    -2.295307e-06    -4.496367e-07    -6.570981e-06    5.888056e-06    1.463422e-05    -1.604699e-06    -7.426766e-06
2.084943e-07    1.032108e-06    -2.132297e-08    -1.331137e-07    -4.852188e-08    -2.4095e-07    -8.092161e-06    -1.604699e-06    8.025108e-06    3.30577e-07
-1.650996e-07    1.371093e-06    -7.184111e-07    2.151385e-06    2.613969e-07    1.011372e-06    -6.093986e-06    -7.426766e-06    3.30577e-07    7.432968e-06
