7.847485e-06    -2.629038e-06    -6.800047e-06    1.485388e-06    6.371722e-07    8.754282e-07    -3.695121e-06    -3.120743e-06    1.427873e-06    2.080327e-06
-2.629038e-06    1.568834e-05    3.959506e-06    -7.645079e-06    -1.579401e-06    1.779676e-08    6.885202e-06    3.853024e-06    -1.533601e-06    -4.193094e-06
-6.800047e-06    3.959506e-06    1.179055e-05    -2.385329e-06    -4.950616e-06    -7.738616e-07    5.093436e-06    4.038962e-06    -1.64737e-06    -3.007391e-06
1.485388e-06    -7.645079e-06    -2.385329e-06    7.302858e-06    -6.247371e-07    3.144661e-07    -3.376221e-06    -2.319327e-06    8.161169e-07    2.145143e-06
6.371722e-07    -1.579401e-06    -4.950616e-06    -6.247371e-07    6.513323e-06    -6.589203e-08    -1.797462e-06    -8.792971e-07    4.46901e-07    9.404364e-07
8.754282e-07    1.779676e-08    -7.738616e-07    3.144661e-07    -6.589203e-08    7.237073e-06    -6.570187e-07    -6.570981e-06    -2.4095e-07    1.011372e-06
-3.695121e-06    6.885202e-06    5.093436e-06    -3.376221e-06    -1.797462e-06    -6.570187e-07    1.787854e-05    5.888056e-06    -8.092161e-06    -6.093986e-06
-3.120743e-06    3.853024e-06    4.038962e-06    -2.319327e-06    -8.792971e-07    -6.570981e-06    5.888056e-06    1.463422e-05    -1.604699e-06    -7.426766e-06
1.427873e-06    -1.533601e-06    -1.64737e-06    8.161169e-07    4.46901e-07    -2.4095e-07    -8.092161e-06    -1.604699e-06    8.025108e-06    3.30577e-07
2.080327e-06    -4.193094e-06    -3.007391e-06    2.145143e-06    9.404364e-07    1.011372e-06    -6.093986e-06    -7.426766e-06    3.30577e-07    7.432968e-06
