1.28318e-05    -1.343508e-05    -1.148941e-05    7.33996e-06    2.126045e-06    -8.778979e-08    -8.830509e-06    -5.038114e-06    2.540553e-06    5.212517e-06
-1.343508e-05    3.78281e-05    3.641432e-06    -1.623158e-05    -3.169238e-06    -7.924952e-07    1.557665e-05    9.932704e-06    -4.112868e-06    -9.644371e-06
-1.148941e-05    3.641432e-06    2.348911e-05    -9.899701e-06    -4.074325e-06    6.577376e-07    8.06841e-06    5.136667e-06    -1.370494e-06    -5.723108e-06
7.33996e-06    -1.623158e-05    -9.899701e-06    1.418406e-05    1.99351e-06    -1.034288e-07    -8.887736e-06    -6.49023e-06    1.119469e-06    6.67078e-06
2.126045e-06    -3.169238e-06    -4.074325e-06    1.99351e-06    2.511805e-06    3.868308e-07    -2.944029e-06    -2.316343e-06    1.053311e-06    1.906273e-06
-8.778979e-08    -7.924952e-07    6.577376e-07    -1.034288e-07    3.868308e-07    7.237073e-06    -6.570187e-07    -6.570981e-06    -2.4095e-07    1.011372e-06
-8.830509e-06    1.557665e-05    8.06841e-06    -8.887736e-06    -2.944029e-06    -6.570187e-07    1.787854e-05    5.888056e-06    -8.092161e-06    -6.093986e-06
-5.038114e-06    9.932704e-06    5.136667e-06    -6.49023e-06    -2.316343e-06    -6.570981e-06    5.888056e-06    1.463422e-05    -1.604699e-06    -7.426766e-06
2.540553e-06    -4.112868e-06    -1.370494e-06    1.119469e-06    1.053311e-06    -2.4095e-07    -8.092161e-06    -1.604699e-06    8.025108e-06    3.30577e-07
5.212517e-06    -9.644371e-06    -5.723108e-06    6.67078e-06    1.906273e-06    1.011372e-06    -6.093986e-06    -7.426766e-06    3.30577e-07    7.432968e-06
