5.986784e-06    -5.296229e-07    -3.377952e-06    3.889622e-07    -6.078117e-07    6.941342e-07    -2.680077e-06    -2.436826e-06    3.814565e-07    1.934501e-06
-5.296229e-07    5.636718e-06    8.171368e-07    -3.663831e-06    -6.033849e-07    -2.03468e-07    1.90839e-06    1.155292e-06    -9.612095e-07    -9.439963e-07
-3.377952e-06    8.171368e-07    7.445097e-06    1.276807e-07    -3.790918e-06    -1.034048e-06    1.914616e-07    1.381209e-06    -6.637374e-08    -4.190117e-07
3.889622e-07    -3.663831e-06    1.276807e-07    7.232965e-06    -2.657269e-06    1.01947e-08    -4.673579e-06    -2.259953e-06    1.738614e-06    2.368098e-06
-6.078117e-07    -6.033849e-07    -3.790918e-06    -2.657269e-06    6.276715e-06    7.177669e-08    2.690744e-06    1.249404e-06    -5.349255e-07    -1.527608e-06
6.941342e-07    -2.03468e-07    -1.034048e-06    1.01947e-08    7.177669e-08    7.237073e-06    -6.570187e-07    -6.570981e-06    -2.4095e-07    1.011372e-06
-2.680077e-06    1.90839e-06    1.914616e-07    -4.673579e-06    2.690744e-06    -6.570187e-07    1.787854e-05    5.888056e-06    -8.092161e-06    -6.093986e-06
-2.436826e-06    1.155292e-06    1.381209e-06    -2.259953e-06    1.249404e-06    -6.570981e-06    5.888056e-06    1.463422e-05    -1.604699e-06    -7.426766e-06
3.814565e-07    -9.612095e-07    -6.637374e-08    1.738614e-06    -5.349255e-07    -2.4095e-07    -8.092161e-06    -1.604699e-06    8.025108e-06    3.30577e-07
1.934501e-06    -9.439963e-07    -4.190117e-07    2.368098e-06    -1.527608e-06    1.011372e-06    -6.093986e-06    -7.426766e-06    3.30577e-07    7.432968e-06
