6.002168e-06    2.499985e-06    -7.291535e-07    -1.204992e-06    -4.233417e-06    -1.280339e-06    -4.953798e-06    -3.221097e-06    -5.766388e-07    3.541626e-06    1.457378e-06    -6.926476e-07    2.907722e-07    2.373275e-06    -1.912256e-06    -2.202562e-06    4.498146e-06    3.781789e-06    -1.006005e-06    -2.769854e-06    7.765124e-07    -5.863339e-06    -4.171092e-06    1.983939e-06    3.494694e-06    -1.047185e-06    3.777873e-06    4.020881e-06    -9.740418e-07    -2.687388e-06    2.479062e-07    1.766046e-06    1.777099e-06    -1.310161e-06    -2.966004e-06
2.499985e-06    7.134593e-06    1.792764e-06    -4.538308e-06    -3.642903e-06    -1.909104e-06    -5.303597e-06    -2.349203e-06    3.631827e-07    2.939264e-06    1.226838e-06    -1.137399e-06    -3.94568e-07    2.062425e-06    -6.044142e-07    -4.907613e-06    4.611861e-06    7.840229e-06    -3.242027e-06    -2.662937e-06    -2.080189e-07    -5.675558e-06    -3.811624e-06    1.002371e-06    4.130171e-06    -1.300268e-06    4.271625e-06    3.966279e-06    -1.661629e-06    -2.17271e-06    5.778804e-07    1.875456e-06    1.564039e-06    -1.621133e-06    -2.893027e-06
-7.291535e-07    1.792764e-06    5.383775e-06    3.909532e-07    -4.562798e-06    -1.083607e-06    -1.824596e-06    -2.352206e-07    8.633195e-07    6.444932e-07    1.43286e-07    -5.299053e-07    -6.806392e-07    1.432653e-07    9.212383e-07    -2.810231e-06    7.622788e-07    6.685309e-06    -1.858539e-06    -1.733522e-06    4.655693e-07    -2.519925e-06    -2.626365e-06    5.359659e-07    2.177831e-06    -4.866427e-07    1.573162e-06    1.440323e-06    -6.992653e-07    -9.01975e-07    1.107767e-07    5.841426e-07    5.967858e-07    -6.768599e-07    -1.056822e-06
-1.204992e-06    -4.538308e-06    3.909532e-07    7.847648e-06    2.826005e-07    1.018024e-06    3.771726e-06    2.342504e-06    3.075531e-08    -2.454093e-06    -1.229061e-06    4.42208e-07    -6.070105e-07    -1.814644e-06    1.657926e-06    1.736789e-06    -1.302366e-06    -3.296986e-06    2.55013e-06    1.136097e-06    1.140414e-06    2.513274e-06    6.682436e-07    2.660474e-07    -1.995982e-06    5.508158e-07    -3.00863e-06    -2.046506e-06    1.228753e-06    1.037038e-06    -5.08853e-07    -9.948266e-07    -1.094827e-06    4.279654e-07    2.267668e-06
-4.233417e-06    -3.642903e-06    -4.562798e-06    2.826005e-07    1.605163e-05    3.04616e-06    8.097673e-06    4.40883e-06    -1.312564e-06    -4.863687e-06    -2.704868e-06    1.301685e-06    2.383117e-07    -3.763996e-06    2.187963e-06    3.914461e-06    -4.351388e-06    -1.086835e-05    3.440739e-06    6.298191e-06    -1.381508e-06    9.984332e-06    7.275534e-06    -3.052156e-06    -6.24629e-06    1.629453e-06    -6.144827e-06    -6.413525e-06    1.715936e-06    4.198124e-06    -2.864695e-08    -2.505665e-06    -3.204349e-06    1.377975e-06    4.894336e-06
-1.280339e-06    -1.909104e-06    -1.083607e-06    1.018024e-06    3.04616e-06    7.481787e-06    2.106806e-06    -3.077257e-06    -1.156732e-06    -1.265952e-06    -1.106764e-07    1.511264e-07    -4.570303e-07    -5.188938e-07    4.916194e-07    1.975221e-06    -1.338736e-06    -3.741022e-06    1.091287e-06    1.694568e-06    5.127694e-08    2.845055e-06    1.945709e-06    -5.91615e-07    -2.084707e-06    1.103998e-06    -2.313945e-06    -2.226514e-06    1.201035e-06    8.553879e-07    -2.79458e-07    -6.226356e-07    -5.772586e-07    2.030248e-07    1.584096e-06
-4.953798e-06    -5.303597e-06    -1.824596e-06    3.771726e-06    8.097673e-06    2.106806e-06    1.494939e-05    6.508715e-06    -2.827156e-06    -5.976005e-06    -3.550887e-06    1.123906e-06    -1.333328e-07    -4.42485e-06    3.36049e-06    4.833698e-06    -5.091686e-06    -1.169407e-05    3.584717e-06    5.825425e-06    -6.517505e-07    1.019435e-05    7.708326e-06    -2.288263e-06    -7.064768e-06    9.957369e-07    -7.568797e-06    -6.315786e-06    2.28112e-06    4.523127e-06    -1.390945e-06    -3.683762e-06    -3.93056e-06    2.407905e-06    7.243588e-06
-3.221097e-06    -2.349203e-06    -2.352206e-07    2.342504e-06    4.40883e-06    -3.077257e-06    6.508715e-06    1.065716e-05    1.27674e-06    -6.33017e-06    -2.576548e-06    -4.494292e-07    -1.14388e-06    -2.670304e-06    3.567937e-06    2.561179e-06    -2.191134e-06    -6.186009e-06    1.240668e-06    2.857781e-06    -6.169003e-07    5.872471e-06    4.712625e-06    -1.161334e-06    -4.160688e-06    4.364426e-07    -5.285114e-06    -4.22185e-06    1.175353e-06    3.578285e-06    -1.071047e-06    -2.581779e-06    -2.497797e-06    1.988813e-06    4.993355e-06
-5.766388e-07    3.631827e-07    8.633195e-07    3.075531e-08    -1.312564e-06    -1.156732e-06    -2.827156e-06    1.27674e-06    7.010674e-06    -2.997433e-06    8.091561e-07    -1.492824e-06    -2.582849e-06    4.394808e-07    1.802317e-06    5.794173e-07    8.093126e-07    3.979584e-07    -8.730004e-07    -9.268243e-07    4.920775e-07    -7.152264e-07    -1.1105e-06    5.599036e-07    3.945929e-07    7.574259e-07    -1.006293e-06    -6.542818e-07    5.620662e-07    2.628546e-08    -7.402617e-07    5.525694e-07    3.21334e-07    1.974359e-08    2.586588e-07
3.541626e-06    2.939264e-06    6.444932e-07    -2.454093e-06    -4.863687e-06    -1.265952e-06    -5.976005e-06    -6.33017e-06    -2.997433e-06    1.015424e-05    1.398546e-06    1.071563e-06    2.770939e-06    2.3093e-06    -3.948614e-06    -3.651903e-06    1.915062e-06    6.675126e-06    -5.661919e-07    -2.685341e-06    5.844216e-08    -6.1791e-06    -3.884241e-06    1.209352e-06    4.065877e-06    -1.419688e-06    6.020751e-06    5.091964e-06    -1.875452e-06    -3.296355e-06    1.829711e-06    1.828359e-06    1.825239e-06    -1.823053e-06    -4.77093e-06
1.457378e-06    1.226838e-06    1.43286e-07    -1.229061e-06    -2.704868e-06    -1.106764e-07    -3.550887e-06    -2.576548e-06    8.091561e-07    1.398546e-06    5.986784e-06    -5.296229e-07    -3.377952e-06    3.889622e-07    -6.078117e-07    -3.441333e-07    1.746857e-06    2.319799e-06    -1.199349e-06    -1.887141e-06    6.941342e-07    -2.680077e-06    -2.436826e-06    3.814565e-07    1.934501e-06    5.152124e-07    1.916562e-06    1.026122e-06    -2.670852e-07    -1.458114e-06    1.425542e-07    1.103521e-06    8.864857e-07    -5.834542e-07    -1.603617e-06
-6.926476e-07    -1.137399e-06    -5.299053e-07    4.42208e-07    1.301685e-06    1.511264e-07    1.123906e-06    -4.494292e-07    -1.492824e-06    1.071563e-06    -5.296229e-07    5.636718e-06    8.171368e-07    -3.663831e-06    -6.033849e-07    6.935143e-07    -2.678825e-06    -1.324661e-06    1.411444e-06    1.213819e-06    -2.03468e-07    1.90839e-06    1.155292e-06    -9.612095e-07    -9.439963e-07    2.37926e-07    1.563902e-07    -5.581362e-07    2.118783e-08    9.427421e-09    6.220229e-07    -4.292939e-07    -5.792725e-07    2.297105e-08    -7.036676e-08
2.907722e-07    -3.94568e-07    -6.806392e-07    -6.070105e-07    2.383117e-07    -4.570303e-07    -1.333328e-07    -1.14388e-06    -2.582849e-06    2.770939e-06    -3.377952e-06    8.171368e-07    7.445097e-06    1.276807e-07    -3.790918e-06    -4.06503e-09    -2.46373e-06    -9.321339e-07    1.832906e-06    7.353185e-07    -1.034048e-06    1.914616e-07    1.381209e-06    -6.637374e-08    -4.190117e-07    -7.555296e-07    1.205152e-06    1.166701e-06    -7.002792e-07    -6.868607e-08    1.298005e-06    -6.271573e-07    2.600347e-08    5.468709e-07    -1.603088e-06
2.373275e-06    2.062425e-06    1.432653e-07    -1.814644e-06    -3.763996e-06    -5.188938e-07    -4.42485e-06    -2.670304e-06    4.394808e-07    2.3093e-06    3.889622e-07    -3.663831e-06    1.276807e-07    7.232965e-06    -2.657269e-06    -1.149388e-06    3.057262e-06    1.890913e-06    -9.173135e-07    -2.243802e-06    1.01947e-08    -4.673579e-06    -2.259953e-06    1.738614e-06    2.368098e-06    -1.377892e-06    2.500405e-06    3.470733e-06    -8.525479e-07    -1.536193e-06    -1.869835e-07    1.752253e-06    2.104521e-06    -8.097556e-07    -2.663882e-06
-1.912256e-06    -6.044142e-07    9.212383e-07    1.657926e-06    2.187963e-06    4.916194e-07    3.36049e-06    3.567937e-06    1.802317e-06    -3.948614e-06    -6.078117e-07    -6.033849e-07    -3.790918e-06    -2.657269e-06    6.276715e-06    2.882749e-08    4.048751e-07    -2.248754e-07    -9.113749e-07    1.041881e-06    7.177669e-08    2.690744e-06    1.249404e-06    -5.349255e-07    -1.527608e-06    5.943755e-07    -2.77351e-06    -2.713641e-06    7.348714e-07    1.885592e-06    -7.121315e-07    -9.94616e-07    -1.528724e-06    1.357994e-07    3.491419e-06
-2.202562e-06    -4.907613e-06    -2.810231e-06    1.736789e-06    3.914461e-06    1.975221e-06    4.833698e-06    2.561179e-06    5.794173e-07    -3.651903e-06    -3.441333e-07    6.935143e-07    -4.06503e-09    -1.149388e-06    2.882749e-08    8.042005e-06    -4.810785e-06    -8.391052e-06    1.675909e-06    1.544941e-06    7.048062e-09    5.59751e-06    3.902067e-06    -1.133512e-06    -3.944212e-06    1.415586e-06    -4.530411e-06    -3.937981e-06    1.694533e-06    2.2327e-06    -1.584675e-06    -1.781617e-06    -6.321215e-07    2.457271e-06    2.787715e-06
4.498146e-06    4.611861e-06    7.622788e-07    -1.302366e-06    -4.351388e-06    -1.338736e-06    -5.091686e-06    -2.191134e-06    8.093126e-07    1.915062e-06    1.746857e-06    -2.678825e-06    -2.46373e-06    3.057262e-06    4.048751e-07    -4.810785e-06    1.91187e-05    -4.663881e-06    -3.463173e-06    -7.922267e-07    4.595503e-07    -7.453476e-06    -4.223573e-06    3.586647e-06    3.526227e-06    -2.033296e-06    3.198978e-06    5.016268e-06    -8.652459e-07    -2.733339e-06    -3.685812e-07    2.643078e-06    1.190894e-06    -2.368185e-06    -7.346208e-07
3.781789e-06    7.840229e-06    6.685309e-06    -3.296986e-06    -1.086835e-05    -3.741022e-06    -1.169407e-05    -6.186009e-06    3.979584e-07    6.675126e-06    2.319799e-06    -1.324661e-06    -9.321339e-07    1.890913e-06    -2.248754e-07    -8.391052e-06    -4.663881e-06    3.147253e-05    -7.028738e-06    -9.613422e-06    1.915057e-06    -9.88164e-06    -1.067406e-05    3.154019e-07    9.234673e-06    -3.091726e-07    8.490356e-06    4.974206e-06    -3.014319e-06    -4.08718e-06    1.340956e-06    3.389165e-06    4.677276e-06    -2.355926e-06    -8.565458e-06
-1.006005e-06    -3.242027e-06    -1.858539e-06    2.55013e-06    3.440739e-06    1.091287e-06    3.584717e-06    1.240668e-06    -8.730004e-07    -5.661919e-07    -1.199349e-06    1.411444e-06    1.832906e-06    -9.173135e-07    -9.113749e-07    1.675909e-06    -3.463173e-06    -7.028738e-06    7.032057e-06    2.004882e-06    -3.44606e-07    2.815655e-06    3.095178e-06    2.723002e-07    -2.945094e-06    -2.911315e-07    -2.290567e-06    -1.283979e-06    5.377189e-07    1.407903e-06    1.067932e-06    -7.073638e-07    -1.604515e-06    2.870819e-08    9.374238e-07
-2.769854e-06    -2.662937e-06    -1.733522e-06    1.136097e-06    6.298191e-06    1.694568e-06    5.825425e-06    2.857781e-06    -9.268243e-07    -2.685341e-06    -1.887141e-06    1.213819e-06    7.353185e-07    -2.243802e-06    1.041881e-06    1.544941e-06    -7.922267e-07    -9.613422e-06    2.004882e-06    6.251922e-06    -1.169777e-06    5.450562e-06    5.112865e-06    -1.233238e-06    -4.02951e-06    4.3203e-07    -3.197104e-06    -2.868741e-06    1.1065e-06    1.947063e-06    -1.836587e-07    -2.056933e-06    -2.753645e-06    6.938187e-07    3.897065e-06
7.765124e-07    -2.080189e-07    4.655693e-07    1.140414e-06    -1.381508e-06    5.127694e-08    -6.517505e-07    -6.169003e-07    4.920775e-07    5.844216e-08    6.941342e-07    -2.03468e-07    -1.034048e-06    1.01947e-08    7.177669e-08    7.048062e-09    4.595503e-07    1.915057e-06    -3.44606e-07    -1.169777e-06    7.237073e-06    -6.570187e-07    -6.570981e-06    -2.4095e-07    1.011372e-06    5.224371e-07    -3.159772e-07    2.381888e-07    1.082412e-06    -1.228945e-06    -8.069163e-07    1.739599e-07    8.501348e-07    6.350414e-07    -1.160485e-06
-5.863339e-06    -5.675558e-06    -2.519925e-06    2.513274e-06    9.984332e-06    2.845055e-06    1.019435e-05    5.872471e-06    -7.152264e-07    -6.1791e-06    -2.680077e-06    1.90839e-06    1.914616e-07    -4.673579e-06    2.690744e-06    5.59751e-06    -7.453476e-06    -9.88164e-06    2.815655e-06    5.450562e-06    -6.570187e-07    1.787854e-05    5.888056e-06    -8.092161e-06    -6.093986e-06    1.985627e-06    -6.93696e-06    -7.677564e-06    1.793345e-06    5.272073e-06    -6.416635e-07    -3.889971e-06    -4.091613e-06    1.898361e-06    7.213631e-06
-4.171092e-06    -3.811624e-06    -2.626365e-06    6.682436e-07    7.275534e-06    1.945709e-06    7.708326e-06    4.712625e-06    -1.1105e-06    -3.884241e-06    -2.436826e-06    1.155292e-06    1.381209e-06    -2.259953e-06    1.249404e-06    3.902067e-06    -4.223573e-06    -1.067406e-05    3.095178e-06    5.112865e-06    -6.570981e-06    5.888056e-06    1.463422e-05    -1.604699e-06    -7.426766e-06    6.270791e-07    -4.637525e-06    -4.988686e-06    6.460586e-07    4.370918e-06    2.486172e-07    -3.087657e-06    -3.962144e-06    1.154462e-06    6.336565e-06
1.983939e-06    1.002371e-06    5.359659e-07    2.660474e-07    -3.052156e-06    -5.91615e-07    -2.288263e-06    -1.161334e-06    5.599036e-07    1.209352e-06    3.814565e-07    -9.612095e-07    -6.637374e-08    1.738614e-06    -5.349255e-07    -1.133512e-06    3.586647e-06    3.154019e-07    2.723002e-07    -1.233238e-06    -2.4095e-07    -8.092161e-06    -1.604699e-06    8.025108e-06    3.30577e-07    -8.811488e-07    1.146257e-06    2.579357e-06    -1.108801e-07    -1.748646e-06    -3.697271e-07    7.95904e-07    1.106649e-06    8.427943e-08    -1.70009e-06
3.494694e-06    4.130171e-06    2.177831e-06    -1.995982e-06    -6.24629e-06    -2.084707e-06    -7.064768e-06    -4.160688e-06    3.945929e-07    4.065877e-06    1.934501e-06    -9.439963e-07    -4.190117e-07    2.368098e-06    -1.527608e-06    -3.944212e-06    3.526227e-06    9.234673e-06    -2.945094e-06    -4.02951e-06    1.011372e-06    -6.093986e-06    -7.426766e-06    3.30577e-07    7.432968e-06    -9.84301e-07    5.040081e-06    4.665644e-06    -1.58633e-06    -3.271932e-06    5.028508e-07    2.834733e-06    3.050083e-06    -1.652626e-06    -5.168902e-06
-1.047185e-06    -1.300268e-06    -4.866427e-07    5.508158e-07    1.629453e-06    1.103998e-06    9.957369e-07    4.364426e-07    7.574259e-07    -1.419688e-06    5.152124e-07    2.37926e-07    -7.555296e-07    -1.377892e-06    5.943755e-07    1.415586e-06    -2.033296e-06    -3.091726e-07    -2.911315e-07    4.3203e-07    5.224371e-07    1.985627e-06    6.270791e-07    -8.811488e-07    -9.84301e-07    5.810362e-06    -1.468422e-06    -5.550408e-06    9.777093e-07    9.237669e-07    3.017141e-07    -1.309469e-06    -7.997823e-07    1.591692e-06    4.226709e-07
3.777873e-06    4.271625e-06    1.573162e-06    -3.00863e-06    -6.144827e-06    -2.313945e-06    -7.568797e-06    -5.285114e-06    -1.006293e-06    6.020751e-06    1.916562e-06    1.563902e-07    1.205152e-06    2.500405e-06    -2.77351e-06    -4.530411e-06    3.198978e-06    8.490356e-06    -2.290567e-06    -3.197104e-06    -3.159772e-07    -6.93696e-06    -4.637525e-06    1.146257e-06    5.040081e-06    -1.468422e-06    1.138956e-05    3.532921e-06    -5.284722e-06    -2.000408e-06    1.148653e-06    2.534746e-06    1.945408e-06    -2.717428e-06    -4.137663e-06
4.020881e-06    3.966279e-06    1.440323e-06    -2.046506e-06    -6.413525e-06    -2.226514e-06    -6.315786e-06    -4.22185e-06    -6.542818e-07    5.091964e-06    1.026122e-06    -5.581362e-07    1.166701e-06    3.470733e-06    -2.713641e-06    -3.937981e-06    5.016268e-06    4.974206e-06    -1.283979e-06    -2.868741e-06    2.381888e-07    -7.677564e-06    -4.988686e-06    2.579357e-06    4.665644e-06    -5.550408e-06    3.532921e-06    1.166372e-05    -1.632237e-06    -5.319604e-06    -1.493635e-07    2.77704e-06    2.428576e-06    -2.720299e-06    -3.39896e-06
-9.740418e-07    -1.661629e-06    -6.992653e-07    1.228753e-06    1.715936e-06    1.201035e-06    2.28112e-06    1.175353e-06    5.620662e-07    -1.875452e-06    -2.670852e-07    2.118783e-08    -7.002792e-07    -8.525479e-07    7.348714e-07    1.694533e-06    -8.652459e-07    -3.014319e-06    5.377189e-07    1.1065e-06    1.082412e-06    1.793345e-06    6.460586e-07    -1.108801e-07    -1.58633e-06    9.777093e-07    -5.284722e-06    -1.632237e-06    5.708089e-06    -1.156352e-06    -6.224577e-07    -1.215144e-06    -7.367543e-07    1.511342e-06    1.210441e-06
-2.687388e-06    -2.17271e-06    -9.01975e-07    1.037038e-06    4.198124e-06    8.553879e-07    4.523127e-06    3.578285e-06    2.628546e-08    -3.296355e-06    -1.458114e-06    9.427421e-09    -6.868607e-08    -1.536193e-06    1.885592e-06    2.2327e-06    -2.733339e-06    -4.08718e-06    1.407903e-06    1.947063e-06    -1.228945e-06    5.272073e-06    4.370918e-06    -1.748646e-06    -3.271932e-06    9.237669e-07    -2.000408e-06    -5.319604e-06    -1.156352e-06    5.848153e-06    3.157585e-07    -1.423087e-06    -1.553262e-06    1.145538e-06    2.538349e-06
2.479062e-07    5.778804e-07    1.107767e-07    -5.08853e-07    -2.864695e-08    -2.79458e-07    -1.390945e-06    -1.071047e-06    -7.402617e-07    1.829711e-06    1.425542e-07    6.220229e-07    1.298005e-06    -1.869835e-07    -7.121315e-07    -1.584675e-06    -3.685812e-07    1.340956e-06    1.067932e-06    -1.836587e-07    -8.069163e-07    -6.416635e-07    2.486172e-07    -3.697271e-07    5.028508e-07    3.017141e-07    1.148653e-06    -1.493635e-07    -6.224577e-07    3.157585e-07    5.372935e-06    -1.048605e-06    -3.038114e-06    1.074588e-07    -8.356004e-07
1.766046e-06    1.875456e-06    5.841426e-07    -9.948266e-07    -2.505665e-06    -6.226356e-07    -3.683762e-06    -2.581779e-06    5.525694e-07    1.828359e-06    1.103521e-06    -4.292939e-07    -6.271573e-07    1.752253e-06    -9.94616e-07    -1.781617e-06    2.643078e-06    3.389165e-06    -7.073638e-07    -2.056933e-06    1.739599e-07    -3.889971e-06    -3.087657e-06    7.95904e-07    2.834733e-06    -1.309469e-06    2.534746e-06    2.77704e-06    -1.215144e-06    -1.423087e-06    -1.048605e-06    6.412761e-06    2.074921e-06    -4.802022e-06    -1.870294e-06
1.777099e-06    1.564039e-06    5.967858e-07    -1.094827e-06    -3.204349e-06    -5.772586e-07    -3.93056e-06    -2.497797e-06    3.21334e-07    1.825239e-06    8.864857e-07    -5.792725e-07    2.600347e-08    2.104521e-06    -1.528724e-06    -6.321215e-07    1.190894e-06    4.677276e-06    -1.604515e-06    -2.753645e-06    8.501348e-07    -4.091613e-06    -3.962144e-06    1.106649e-06    3.050083e-06    -7.997823e-07    1.945408e-06    2.428576e-06    -7.367543e-07    -1.553262e-06    -3.038114e-06    2.074921e-06    6.704207e-06    -6.723546e-07    -5.456442e-06
-1.310161e-06    -1.621133e-06    -6.768599e-07    4.279654e-07    1.377975e-06    2.030248e-07    2.407905e-06    1.988813e-06    1.974359e-08    -1.823053e-06    -5.834542e-07    2.297105e-08    5.468709e-07    -8.097556e-07    1.357994e-07    2.457271e-06    -2.368185e-06    -2.355926e-06    2.870819e-08    6.938187e-07    6.350414e-07    1.898361e-06    1.154462e-06    8.427943e-08    -1.652626e-06    1.591692e-06    -2.717428e-06    -2.720299e-06    1.511342e-06    1.145538e-06    1.074588e-07    -4.802022e-06    -6.723546e-07    7.346948e-06    -1.715072e-06
-2.966004e-06    -2.893027e-06    -1.056822e-06    2.267668e-06    4.894336e-06    1.584096e-06    7.243588e-06    4.993355e-06    2.586588e-07    -4.77093e-06    -1.603617e-06    -7.036676e-08    -1.603088e-06    -2.663882e-06    3.491419e-06    2.787715e-06    -7.346208e-07    -8.565458e-06    9.374238e-07    3.897065e-06    -1.160485e-06    7.213631e-06    6.336565e-06    -1.70009e-06    -5.168902e-06    4.226709e-07    -4.137663e-06    -3.39896e-06    1.210441e-06    2.538349e-06    -8.356004e-07    -1.870294e-06    -5.456442e-06    -1.715072e-06    1.090784e-05
