4.886195e-06    9.459127e-07    3.215987e-07    4.051512e-07    -4.583852e-06    -1.122393e-06    -4.4873e-06    -2.999216e-06    9.48601e-09    2.762064e-06    3.03091e-06    -6.155715e-06    -5.525352e-06    2.320614e-06    3.329983e-06
9.459127e-07    5.149284e-06    1.932172e-06    -2.591136e-06    -2.388246e-06    -1.25525e-06    -4.407316e-06    -2.426931e-06    -6.306457e-07    2.786014e-06    -4.162225e-08    -3.191702e-06    -3.689877e-06    -3.476713e-07    3.465609e-06
3.215987e-07    1.932172e-06    4.41267e-06    -5.483117e-08    -4.145482e-06    -3.828238e-07    -3.684452e-06    -1.811699e-06    7.239646e-07    9.40428e-07    -8.089581e-07    -2.942689e-06    -2.249096e-06    3.521447e-07    3.070041e-06
4.051512e-07    -2.591136e-06    -5.483117e-08    4.212585e-06    1.396828e-07    3.744827e-07    9.3198e-07    1.578804e-06    1.367453e-06    -1.912892e-06    5.895714e-07    -2.704849e-07    3.994468e-07    1.604429e-06    -1.026481e-06
-4.583852e-06    -2.388246e-06    -4.145482e-06    1.396828e-07    1.312032e-05    2.145357e-06    9.747276e-06    5.807337e-06    -1.549737e-06    -4.745453e-06    -3.218531e-06    9.006149e-06    8.958684e-06    -1.495023e-06    -7.171086e-06
-1.122393e-06    -1.25525e-06    -3.828238e-07    3.744827e-07    2.145357e-06    3.399707e-06    2.125229e-06    -5.915166e-07    -5.227191e-07    -1.309164e-06    -1.99051e-06    2.292915e-06    3.80149e-06    -5.468468e-08    -2.275461e-06
-4.4873e-06    -4.407316e-06    -3.684452e-06    9.3198e-07    9.747276e-06    2.125229e-06    1.348276e-05    6.354984e-06    -1.615957e-06    -6.311525e-06    -3.609339e-06    9.198811e-06    1.001662e-05    -5.462656e-07    -8.094915e-06
-2.999216e-06    -2.426931e-06    -1.811699e-06    1.578804e-06    5.807337e-06    -5.915166e-07    6.354984e-06    7.522459e-06    1.032646e-06    -5.41534e-06    -1.616862e-06    5.863779e-06    5.291299e-06    -8.569073e-07    -4.332327e-06
9.48601e-09    -6.306457e-07    7.239646e-07    1.367453e-06    -1.549737e-06    -5.227191e-07    -1.615957e-06    1.032646e-06    4.863043e-06    -2.402271e-06    -4.914387e-07    3.088995e-07    -1.541149e-07    -2.193617e-07    5.202618e-07
2.762064e-06    2.786014e-06    9.40428e-07    -1.912892e-06    -4.745453e-06    -1.309164e-06    -6.311525e-06    -5.41534e-06    -2.402271e-06    8.308284e-06    3.100058e-06    -5.577837e-06    -6.43229e-06    4.349687e-07    4.403331e-06
3.03091e-06    -4.162225e-08    -8.089581e-07    5.895714e-07    -3.218531e-06    -1.99051e-06    -3.609339e-06    -1.616862e-06    -4.914387e-07    3.100058e-06    6.867902e-06    -4.759725e-06    -7.350703e-06    1.113934e-06    2.777515e-06
-6.155715e-06    -3.191702e-06    -2.942689e-06    -2.704849e-07    9.006149e-06    2.292915e-06    9.198811e-06    5.863779e-06    3.088995e-07    -5.577837e-06    -4.759725e-06    1.306539e-05    1.000034e-05    -4.688718e-06    -6.59452e-06
-5.525352e-06    -3.689877e-06    -2.249096e-06    3.994468e-07    8.958684e-06    3.80149e-06    1.001662e-05    5.291299e-06    -1.541149e-07    -6.43229e-06    -7.350703e-06    1.000034e-05    1.445614e-05    -1.675097e-06    -8.651078e-06
2.320614e-06    -3.476713e-07    3.521447e-07    1.604429e-06    -1.495023e-06    -5.468468e-08    -5.462656e-07    -8.569073e-07    -2.193617e-07    4.349687e-07    1.113934e-06    -4.688718e-06    -1.675097e-06    4.719441e-06    -2.889734e-07
3.329983e-06    3.465609e-06    3.070041e-06    -1.026481e-06    -7.171086e-06    -2.275461e-06    -8.094915e-06    -4.332327e-06    5.202618e-07    4.403331e-06    2.777515e-06    -6.59452e-06    -8.651078e-06    -2.889734e-07    8.011456e-06
