4.886195e-06    9.459127e-07    3.215987e-07    4.051512e-07    -4.583852e-06    -1.865124e-06    2.789416e-06    4.92367e-06    -1.257527e-06    -2.669498e-06
9.459127e-07    5.149284e-06    1.932172e-06    -2.591136e-06    -2.388246e-06    -3.930057e-06    3.296699e-06    5.907054e-06    -2.248533e-06    -1.54836e-06
3.215987e-07    1.932172e-06    4.41267e-06    -5.483117e-08    -4.145482e-06    -2.599743e-06    1.469649e-06    6.485176e-06    -2.425474e-06    -1.929023e-06
4.051512e-07    -2.591136e-06    -5.483117e-08    4.212585e-06    1.396828e-07    9.86558e-07    2.625116e-07    -1.238068e-06    6.756955e-07    -3.004256e-09
-4.583852e-06    -2.388246e-06    -4.145482e-06    1.396828e-07    1.312032e-05    3.318527e-06    -3.344315e-06    -1.1995e-05    4.6963e-06    6.168724e-06
-1.865124e-06    -3.930057e-06    -2.599743e-06    9.86558e-07    3.318527e-06    6.083899e-06    -3.527483e-06    -7.850096e-06    1.566626e-06    1.638805e-06
2.789416e-06    3.296699e-06    1.469649e-06    2.625116e-07    -3.344315e-06    -3.527483e-06    9.916049e-06    1.608575e-06    -2.440016e-06    -1.727434e-06
4.92367e-06    5.907054e-06    6.485176e-06    -1.238068e-06    -1.1995e-05    -7.850096e-06    1.608575e-06    2.279692e-05    -6.019564e-06    -8.131292e-06
-1.257527e-06    -2.248533e-06    -2.425474e-06    6.756955e-07    4.6963e-06    1.566626e-06    -2.440016e-06    -6.019564e-06    4.554526e-06    2.284657e-06
-2.669498e-06    -1.54836e-06    -1.929023e-06    -3.004256e-09    6.168724e-06    1.638805e-06    -1.727434e-06    -8.131292e-06    2.284657e-06    5.33751e-06
