4.886195e-06    9.459127e-07    3.215987e-07    4.051512e-07    -4.583852e-06    3.000981e-06    -6.466741e-06    -3.298111e-06    3.791712e-06    1.608883e-06    3.03091e-06    -6.155715e-06    -5.525352e-06    2.320614e-06    3.329983e-06
9.459127e-07    5.149284e-06    1.932172e-06    -2.591136e-06    -2.388246e-06    3.131516e-06    -5.731469e-06    -4.681134e-06    4.59128e-06    1.28965e-06    -4.162225e-08    -3.191702e-06    -3.689877e-06    -3.476713e-07    3.465609e-06
3.215987e-07    1.932172e-06    4.41267e-06    -5.483117e-08    -4.145482e-06    1.451901e-06    -3.183147e-06    -2.324883e-06    3.342443e-06    5.231279e-07    -8.089581e-07    -2.942689e-06    -2.249096e-06    3.521447e-07    3.070041e-06
4.051512e-07    -2.591136e-06    -5.483117e-08    4.212585e-06    1.396828e-07    -1.87217e-06    2.786781e-06    2.298173e-06    -1.520719e-06    -2.460101e-07    5.895714e-07    -2.704849e-07    3.994468e-07    1.604429e-06    -1.026481e-06
-4.583852e-06    -2.388246e-06    -4.145482e-06    1.396828e-07    1.312032e-05    -6.65826e-06    1.211046e-05    6.517431e-06    -7.29747e-06    -2.023909e-06    -3.218531e-06    9.006149e-06    8.958684e-06    -1.495023e-06    -7.171086e-06
3.000981e-06    3.131516e-06    1.451901e-06    -1.87217e-06    -6.65826e-06    9.058368e-06    -1.225435e-05    -8.840395e-06    7.09576e-06    2.036562e-06    2.858822e-06    -6.086533e-06    -7.51734e-06    -3.239266e-07    5.555583e-06
-6.466741e-06    -5.731469e-06    -3.183147e-06    2.786781e-06    1.211046e-05    -1.225435e-05    2.640138e-05    1.169717e-05    -1.438958e-05    -3.910931e-06    -6.548385e-06    1.315337e-05    1.435361e-05    -1.288426e-06    -1.019433e-05
-3.298111e-06    -4.681134e-06    -2.324883e-06    2.298173e-06    6.517431e-06    -8.840395e-06    1.169717e-05    1.287541e-05    -8.982866e-06    -3.87357e-06    -2.740554e-06    7.037526e-06    8.771531e-06    2.309752e-07    -6.749893e-06
3.791712e-06    4.59128e-06    3.342443e-06    -1.520719e-06    -7.29747e-06    7.09576e-06    -1.438958e-05    -8.982866e-06    1.120152e-05    2.183827e-06    2.949429e-06    -8.266515e-06    -9.071979e-06    4.23897e-07    7.3172e-06
1.608883e-06    1.28965e-06    5.231279e-07    -2.460101e-07    -2.023909e-06    2.036562e-06    -3.910931e-06    -3.87357e-06    2.183827e-06    2.902669e-06    1.825687e-06    -3.010539e-06    -3.333115e-06    7.065867e-07    2.017956e-06
3.03091e-06    -4.162225e-08    -8.089581e-07    5.895714e-07    -3.218531e-06    2.858822e-06    -6.548385e-06    -2.740554e-06    2.949429e-06    1.825687e-06    6.867902e-06    -4.759725e-06    -7.350703e-06    1.113934e-06    2.777515e-06
-6.155715e-06    -3.191702e-06    -2.942689e-06    -2.704849e-07    9.006149e-06    -6.086533e-06    1.315337e-05    7.037526e-06    -8.266515e-06    -3.010539e-06    -4.759725e-06    1.306539e-05    1.000034e-05    -4.688718e-06    -6.59452e-06
-5.525352e-06    -3.689877e-06    -2.249096e-06    3.994468e-07    8.958684e-06    -7.51734e-06    1.435361e-05    8.771531e-06    -9.071979e-06    -3.333115e-06    -7.350703e-06    1.000034e-05    1.445614e-05    -1.675097e-06    -8.651078e-06
2.320614e-06    -3.476713e-07    3.521447e-07    1.604429e-06    -1.495023e-06    -3.239266e-07    -1.288426e-06    2.309752e-07    4.23897e-07    7.065867e-07    1.113934e-06    -4.688718e-06    -1.675097e-06    4.719441e-06    -2.889734e-07
3.329983e-06    3.465609e-06    3.070041e-06    -1.026481e-06    -7.171086e-06    5.555583e-06    -1.019433e-05    -6.749893e-06    7.3172e-06    2.017956e-06    2.777515e-06    -6.59452e-06    -8.651078e-06    -2.889734e-07    8.011456e-06
