4.886195e-06    9.459127e-07    3.215987e-07    4.051512e-07    -4.583852e-06    -1.865124e-06    2.789416e-06    4.92367e-06    -1.257527e-06    -2.669498e-06    3.03091e-06    -6.155715e-06    -5.525352e-06    2.320614e-06    3.329983e-06
9.459127e-07    5.149284e-06    1.932172e-06    -2.591136e-06    -2.388246e-06    -3.930057e-06    3.296699e-06    5.907054e-06    -2.248533e-06    -1.54836e-06    -4.162225e-08    -3.191702e-06    -3.689877e-06    -3.476713e-07    3.465609e-06
3.215987e-07    1.932172e-06    4.41267e-06    -5.483117e-08    -4.145482e-06    -2.599743e-06    1.469649e-06    6.485176e-06    -2.425474e-06    -1.929023e-06    -8.089581e-07    -2.942689e-06    -2.249096e-06    3.521447e-07    3.070041e-06
4.051512e-07    -2.591136e-06    -5.483117e-08    4.212585e-06    1.396828e-07    9.86558e-07    2.625116e-07    -1.238068e-06    6.756955e-07    -3.004256e-09    5.895714e-07    -2.704849e-07    3.994468e-07    1.604429e-06    -1.026481e-06
-4.583852e-06    -2.388246e-06    -4.145482e-06    1.396828e-07    1.312032e-05    3.318527e-06    -3.344315e-06    -1.1995e-05    4.6963e-06    6.168724e-06    -3.218531e-06    9.006149e-06    8.958684e-06    -1.495023e-06    -7.171086e-06
-1.865124e-06    -3.930057e-06    -2.599743e-06    9.86558e-07    3.318527e-06    6.083899e-06    -3.527483e-06    -7.850096e-06    1.566626e-06    1.638805e-06    -1.062243e-06    5.086965e-06    5.168987e-06    -9.065617e-07    -4.236674e-06
2.789416e-06    3.296699e-06    1.469649e-06    2.625116e-07    -3.344315e-06    -3.527483e-06    9.916049e-06    1.608575e-06    -2.440016e-06    -1.727434e-06    1.749455e-06    -5.577616e-06    -4.659565e-06    1.385784e-06    2.837586e-06
4.92367e-06    5.907054e-06    6.485176e-06    -1.238068e-06    -1.1995e-05    -7.850096e-06    1.608575e-06    2.279692e-05    -6.019564e-06    -8.131292e-06    3.152629e-06    -1.085022e-05    -1.216464e-05    1.737159e-06    1.045989e-05
-1.257527e-06    -2.248533e-06    -2.425474e-06    6.756955e-07    4.6963e-06    1.566626e-06    -2.440016e-06    -6.019564e-06    4.554526e-06    2.284657e-06    -1.319288e-09    2.978511e-06    3.020771e-06    -1.999922e-07    -3.044081e-06
-2.669498e-06    -1.54836e-06    -1.929023e-06    -3.004256e-09    6.168724e-06    1.638805e-06    -1.727434e-06    -8.131292e-06    2.284657e-06    5.33751e-06    -2.799042e-06    4.907753e-06    5.886783e-06    -4.722615e-07    -4.382685e-06
3.03091e-06    -4.162225e-08    -8.089581e-07    5.895714e-07    -3.218531e-06    -1.062243e-06    1.749455e-06    3.152629e-06    -1.319288e-09    -2.799042e-06    6.867902e-06    -4.759725e-06    -7.350703e-06    1.113934e-06    2.777515e-06
-6.155715e-06    -3.191702e-06    -2.942689e-06    -2.704849e-07    9.006149e-06    5.086965e-06    -5.577616e-06    -1.085022e-05    2.978511e-06    4.907753e-06    -4.759725e-06    1.306539e-05    1.000034e-05    -4.688718e-06    -6.59452e-06
-5.525352e-06    -3.689877e-06    -2.249096e-06    3.994468e-07    8.958684e-06    5.168987e-06    -4.659565e-06    -1.216464e-05    3.020771e-06    5.886783e-06    -7.350703e-06    1.000034e-05    1.445614e-05    -1.675097e-06    -8.651078e-06
2.320614e-06    -3.476713e-07    3.521447e-07    1.604429e-06    -1.495023e-06    -9.065617e-07    1.385784e-06    1.737159e-06    -1.999922e-07    -4.722615e-07    1.113934e-06    -4.688718e-06    -1.675097e-06    4.719441e-06    -2.889734e-07
3.329983e-06    3.465609e-06    3.070041e-06    -1.026481e-06    -7.171086e-06    -4.236674e-06    2.837586e-06    1.045989e-05    -3.044081e-06    -4.382685e-06    2.777515e-06    -6.59452e-06    -8.651078e-06    -2.889734e-07    8.011456e-06
