4.886195e-06    9.459127e-07    3.215987e-07    4.051512e-07    -4.583852e-06    1.369822e-06    2.171997e-06    1.518604e-06    1.163494e-06    -3.605879e-06
9.459127e-07    5.149284e-06    1.932172e-06    -2.591136e-06    -2.388246e-06    -1.735674e-07    2.251364e-06    1.976723e-06    1.788512e-06    -3.304692e-06
3.215987e-07    1.932172e-06    4.41267e-06    -5.483117e-08    -4.145482e-06    -8.204703e-07    1.745287e-06    1.741668e-06    9.943943e-07    -2.841119e-06
4.051512e-07    -2.591136e-06    -5.483117e-08    4.212585e-06    1.396828e-07    3.01357e-08    -3.759527e-07    2.923878e-08    -5.915695e-07    1.597144e-07
-4.583852e-06    -2.388246e-06    -4.145482e-06    1.396828e-07    1.312032e-05    -5.370038e-07    -4.149239e-06    -2.946687e-06    -1.69204e-06    5.904869e-06
1.369822e-06    -1.735674e-07    -8.204703e-07    3.01357e-08    -5.370038e-07    3.230536e-06    6.521993e-07    -8.292902e-07    -4.694414e-08    -8.449585e-07
2.171997e-06    2.251364e-06    1.745287e-06    -3.759527e-07    -4.149239e-06    6.521993e-07    4.815387e-06    1.475379e-06    -1.762443e-07    -3.655233e-06
1.518604e-06    1.976723e-06    1.741668e-06    2.923878e-08    -2.946687e-06    -8.292902e-07    1.475379e-06    4.226065e-06    1.280345e-06    -3.448641e-06
1.163494e-06    1.788512e-06    9.943943e-07    -5.915695e-07    -1.69204e-06    -4.694414e-08    -1.762443e-07    1.280345e-06    3.315228e-06    -2.547434e-06
-3.605879e-06    -3.304692e-06    -2.841119e-06    1.597144e-07    5.904869e-06    -8.449585e-07    -3.655233e-06    -3.448641e-06    -2.547434e-06    8.46548e-06
