4.886195e-06    9.459127e-07    3.215987e-07    4.051512e-07    -4.583852e-06    2.912852e-06    2.161669e-06    1.182204e-06    -9.026575e-07    -3.927983e-06    -1.122393e-06    -4.4873e-06    -2.999216e-06    9.48601e-09    2.762064e-06    3.03091e-06    -6.155715e-06    -5.525352e-06    2.320614e-06    3.329983e-06    -7.469196e-07    2.881742e-06    3.504763e-06    -4.371428e-07    -2.967616e-06
9.459127e-07    5.149284e-06    1.932172e-06    -2.591136e-06    -2.388246e-06    2.21521e-06    3.147941e-06    9.07303e-07    -1.918094e-06    -2.569139e-06    -1.25525e-06    -4.407316e-06    -2.426931e-06    -6.306457e-07    2.786014e-06    -4.162225e-08    -3.191702e-06    -3.689877e-06    -3.476713e-07    3.465609e-06    -9.179527e-07    3.968158e-06    2.535773e-06    -1.700422e-06    -1.158702e-06
3.215987e-07    1.932172e-06    4.41267e-06    -5.483117e-08    -4.145482e-06    7.948587e-07    2.049048e-06    1.375878e-06    -8.598612e-07    -1.400372e-06    -3.828238e-07    -3.684452e-06    -1.811699e-06    7.239646e-07    9.40428e-07    -8.089581e-07    -2.942689e-06    -2.249096e-06    3.521447e-07    3.070041e-06    2.072976e-08    2.317011e-06    1.037682e-06    -1.052196e-06    -8.740395e-07
4.051512e-07    -2.591136e-06    -5.483117e-08    4.212585e-06    1.396828e-07    -7.172295e-07    -6.707989e-07    5.470615e-07    1.438092e-06    1.311939e-06    3.744827e-07    9.3198e-07    1.578804e-06    1.367453e-06    -1.912892e-06    5.895714e-07    -2.704849e-07    3.994468e-07    1.604429e-06    -1.026481e-06    7.676059e-07    -2.116253e-06    -1.317975e-06    1.164203e-06    9.798627e-08
-4.583852e-06    -2.388246e-06    -4.145482e-06    1.396828e-07    1.312032e-05    -3.942335e-06    -4.12282e-06    -2.045055e-06    3.547591e-06    9.22645e-06    2.145357e-06    9.747276e-06    5.807337e-06    -1.549737e-06    -4.745453e-06    -3.218531e-06    9.006149e-06    8.958684e-06    -1.495023e-06    -7.171086e-06    5.827555e-07    -5.947816e-06    -5.178773e-06    1.526499e-06    4.310748e-06
2.912852e-06    2.21521e-06    7.948587e-07    -7.172295e-07    -3.942335e-06    4.979792e-06    2.512916e-06    -2.175512e-07    -1.460202e-06    -4.258484e-06    -1.409557e-06    -5.008728e-06    -2.944088e-06    -6.344639e-07    3.511195e-06    3.070433e-06    -5.549246e-06    -5.702917e-06    1.110892e-06    3.435664e-06    -1.262569e-06    3.699816e-06    4.179913e-06    -1.047109e-06    -2.63709e-06
2.161669e-06    3.147941e-06    2.049048e-06    -6.707989e-07    -4.12282e-06    2.512916e-06    5.399385e-06    1.74499e-06    -3.076662e-06    -4.050674e-06    -1.824844e-06    -5.60656e-06    -2.204932e-06    3.807621e-07    2.906268e-06    1.585601e-06    -4.746148e-06    -5.642469e-06    2.502941e-07    4.465266e-06    -1.268346e-06    4.24363e-06    3.810198e-06    -1.806164e-06    -1.94113e-06
1.182204e-06    9.07303e-07    1.375878e-06    5.470615e-07    -2.045055e-06    -2.175512e-07    1.74499e-06    3.794063e-06    8.61164e-09    -3.11176e-06    -1.116361e-06    -2.120194e-06    -2.686842e-07    9.604007e-07    7.434016e-07    7.036223e-07    -2.390315e-06    -2.870371e-06    7.657542e-07    2.402884e-06    -4.029974e-07    1.513466e-06    1.357736e-06    -7.382012e-07    -8.477904e-07
-9.026575e-07    -1.918094e-06    -8.598612e-07    1.438092e-06    3.547591e-06    -1.460202e-06    -3.076662e-06    8.61164e-09    4.199323e-06    2.58675e-06    9.864714e-07    4.042436e-06    2.36044e-06    6.323084e-08    -2.605743e-06    -5.503477e-07    1.966961e-06    2.969113e-06    9.207176e-07    -2.71566e-06    4.294996e-07    -3.214959e-06    -1.961829e-06    1.319379e-06    9.849596e-07
-3.927983e-06    -2.569139e-06    -1.400372e-06    1.311939e-06    9.22645e-06    -4.258484e-06    -4.050674e-06    -3.11176e-06    2.58675e-06    1.21106e-05    3.121933e-06    8.271395e-06    4.277682e-06    -1.400289e-06    -4.884958e-06    -4.603078e-06    7.507775e-06    9.631384e-06    -5.689425e-07    -6.392493e-06    1.681457e-06    -5.866194e-06    -6.370475e-06    1.8181e-06    3.980321e-06
-1.122393e-06    -1.25525e-06    -3.828238e-07    3.744827e-07    2.145357e-06    -1.409557e-06    -1.824844e-06    -1.116361e-06    9.864714e-07    3.121933e-06    3.399707e-06    2.125229e-06    -5.915166e-07    -5.227191e-07    -1.309164e-06    -1.99051e-06    2.292915e-06    3.80149e-06    -5.468468e-08    -2.275461e-06    7.152247e-07    -1.9283e-06    -1.951859e-06    8.204876e-07    8.915271e-07
-4.4873e-06    -4.407316e-06    -3.684452e-06    9.3198e-07    9.747276e-06    -5.008728e-06    -5.60656e-06    -2.120194e-06    4.042436e-06    8.271395e-06    2.125229e-06    1.348276e-05    6.354984e-06    -1.615957e-06    -6.311525e-06    -3.609339e-06    9.198811e-06    1.001662e-05    -5.462656e-07    -8.094915e-06    1.303454e-06    -7.764446e-06    -6.526686e-06    2.791012e-06    4.201955e-06
-2.999216e-06    -2.426931e-06    -1.811699e-06    1.578804e-06    5.807337e-06    -2.944088e-06    -2.204932e-06    -2.686842e-07    2.36044e-06    4.277682e-06    -5.915166e-07    6.354984e-06    7.522459e-06    1.032646e-06    -5.41534e-06    -1.616862e-06    5.863779e-06    5.291299e-06    -8.569073e-07    -4.332327e-06    7.180243e-07    -5.16901e-06    -4.051825e-06    1.368695e-06    3.244698e-06
9.48601e-09    -6.306457e-07    7.239646e-07    1.367453e-06    -1.549737e-06    -6.344639e-07    3.807621e-07    9.604007e-07    6.323084e-08    -1.400289e-06    -5.227191e-07    -1.615957e-06    1.032646e-06    4.863043e-06    -2.402271e-06    -4.914387e-07    3.088995e-07    -1.541149e-07    -2.193617e-07    5.202618e-07    5.577396e-07    -8.460656e-07    -3.81067e-07    3.065494e-07    5.336786e-08
2.762064e-06    2.786014e-06    9.40428e-07    -1.912892e-06    -4.745453e-06    3.511195e-06    2.906268e-06    7.434016e-07    -2.605743e-06    -4.884958e-06    -1.309164e-06    -6.311525e-06    -5.41534e-06    -2.402271e-06    8.308284e-06    3.100058e-06    -5.577837e-06    -6.43229e-06    4.349687e-07    4.403331e-06    -1.441486e-06    5.80838e-06    4.86589e-06    -1.836169e-06    -3.087189e-06
3.03091e-06    -4.162225e-08    -8.089581e-07    5.895714e-07    -3.218531e-06    3.070433e-06    1.585601e-06    7.036223e-07    -5.503477e-07    -4.603078e-06    -1.99051e-06    -3.609339e-06    -1.616862e-06    -4.914387e-07    3.100058e-06    6.867902e-06    -4.759725e-06    -7.350703e-06    1.113934e-06    2.777515e-06    -8.809254e-07    2.110832e-06    3.569318e-06    -1.790889e-07    -2.420448e-06
-6.155715e-06    -3.191702e-06    -2.942689e-06    -2.704849e-07    9.006149e-06    -5.549246e-06    -4.746148e-06    -2.390315e-06    1.966961e-06    7.507775e-06    2.292915e-06    9.198811e-06    5.863779e-06    3.088995e-07    -5.577837e-06    -4.759725e-06    1.306539e-05    1.000034e-05    -4.688718e-06    -6.59452e-06    1.581185e-06    -6.213082e-06    -6.793756e-06    1.392333e-06    5.334222e-06
-5.525352e-06    -3.689877e-06    -2.249096e-06    3.994468e-07    8.958684e-06    -5.702917e-06    -5.642469e-06    -2.870371e-06    2.969113e-06    9.631384e-06    3.80149e-06    1.001662e-05    5.291299e-06    -1.541149e-07    -6.43229e-06    -7.350703e-06    1.000034e-05    1.445614e-05    -1.675097e-06    -8.651078e-06    1.338883e-06    -7.236991e-06    -6.857906e-06    1.701138e-06    5.003635e-06
2.320614e-06    -3.476713e-07    3.521447e-07    1.604429e-06    -1.495023e-06    1.110892e-06    2.502941e-07    7.657542e-07    9.207176e-07    -5.689425e-07    -5.468468e-08    -5.462656e-07    -8.569073e-07    -2.193617e-07    4.349687e-07    1.113934e-06    -4.688718e-06    -1.675097e-06    4.719441e-06    -2.889734e-07    2.579487e-08    7.795691e-08    8.307154e-07    8.901559e-07    -1.80132e-06
3.329983e-06    3.465609e-06    3.070041e-06    -1.026481e-06    -7.171086e-06    3.435664e-06    4.465266e-06    2.402884e-06    -2.71566e-06    -6.392493e-06    -2.275461e-06    -8.094915e-06    -4.332327e-06    5.202618e-07    4.403331e-06    2.777515e-06    -6.59452e-06    -8.651078e-06    -2.889734e-07    8.011456e-06    -9.482844e-07    5.780308e-06    4.677018e-06    -2.156242e-06    -2.990725e-06
-7.469196e-07    -9.179527e-07    2.072976e-08    7.676059e-07    5.827555e-07    -1.262569e-06    -1.268346e-06    -4.029974e-07    4.294996e-07    1.681457e-06    7.152247e-07    1.303454e-06    7.180243e-07    5.577396e-07    -1.441486e-06    -8.809254e-07    1.581185e-06    1.338883e-06    2.579487e-08    -9.482844e-07    3.084688e-06    -1.453245e-06    -3.664578e-06    1.030621e-06    8.550283e-07
2.881742e-06    3.968158e-06    2.317011e-06    -2.116253e-06    -5.947816e-06    3.699816e-06    4.24363e-06    1.513466e-06    -3.214959e-06    -5.866194e-06    -1.9283e-06    -7.764446e-06    -5.16901e-06    -8.460656e-07    5.80838e-06    2.110832e-06    -6.213082e-06    -7.236991e-06    7.795691e-08    5.780308e-06    -1.453245e-06    7.948872e-06    4.720644e-06    -3.334925e-06    -2.589876e-06
3.504763e-06    2.535773e-06    1.037682e-06    -1.317975e-06    -5.178773e-06    4.179913e-06    3.810198e-06    1.357736e-06    -1.961829e-06    -6.370475e-06    -1.951859e-06    -6.526686e-06    -4.051825e-06    -3.81067e-07    4.86589e-06    3.569318e-06    -6.793756e-06    -6.857906e-06    8.307154e-07    4.677018e-06    -3.664578e-06    4.720644e-06    8.373818e-06    -1.932707e-06    -4.201023e-06
-4.371428e-07    -1.700422e-06    -1.052196e-06    1.164203e-06    1.526499e-06    -1.047109e-06    -1.806164e-06    -7.382012e-07    1.319379e-06    1.8181e-06    8.204876e-07    2.791012e-06    1.368695e-06    3.065494e-07    -1.836169e-06    -1.790889e-07    1.392333e-06    1.701138e-06    8.901559e-07    -2.156242e-06    1.030621e-06    -3.334925e-06    -1.932707e-06    3.151918e-06    -3.574882e-07
-2.967616e-06    -1.158702e-06    -8.740395e-07    9.798627e-08    4.310748e-06    -2.63709e-06    -1.94113e-06    -8.477904e-07    9.849596e-07    3.980321e-06    8.915271e-07    4.201955e-06    3.244698e-06    5.336786e-08    -3.087189e-06    -2.420448e-06    5.334222e-06    5.003635e-06    -1.80132e-06    -2.990725e-06    8.550283e-07    -2.589876e-06    -4.201023e-06    -3.574882e-07    4.389343e-06
