4.886195e-06    9.459127e-07    3.215987e-07    4.051512e-07    -4.583852e-06    2.912852e-06    2.161669e-06    1.182204e-06    -9.026575e-07    -3.927983e-06    3.000981e-06    -6.466741e-06    -3.298111e-06    3.791712e-06    1.608883e-06    3.03091e-06    -6.155715e-06    -5.525352e-06    2.320614e-06    3.329983e-06
9.459127e-07    5.149284e-06    1.932172e-06    -2.591136e-06    -2.388246e-06    2.21521e-06    3.147941e-06    9.07303e-07    -1.918094e-06    -2.569139e-06    3.131516e-06    -5.731469e-06    -4.681134e-06    4.59128e-06    1.28965e-06    -4.162225e-08    -3.191702e-06    -3.689877e-06    -3.476713e-07    3.465609e-06
3.215987e-07    1.932172e-06    4.41267e-06    -5.483117e-08    -4.145482e-06    7.948587e-07    2.049048e-06    1.375878e-06    -8.598612e-07    -1.400372e-06    1.451901e-06    -3.183147e-06    -2.324883e-06    3.342443e-06    5.231279e-07    -8.089581e-07    -2.942689e-06    -2.249096e-06    3.521447e-07    3.070041e-06
4.051512e-07    -2.591136e-06    -5.483117e-08    4.212585e-06    1.396828e-07    -7.172295e-07    -6.707989e-07    5.470615e-07    1.438092e-06    1.311939e-06    -1.87217e-06    2.786781e-06    2.298173e-06    -1.520719e-06    -2.460101e-07    5.895714e-07    -2.704849e-07    3.994468e-07    1.604429e-06    -1.026481e-06
-4.583852e-06    -2.388246e-06    -4.145482e-06    1.396828e-07    1.312032e-05    -3.942335e-06    -4.12282e-06    -2.045055e-06    3.547591e-06    9.22645e-06    -6.65826e-06    1.211046e-05    6.517431e-06    -7.29747e-06    -2.023909e-06    -3.218531e-06    9.006149e-06    8.958684e-06    -1.495023e-06    -7.171086e-06
2.912852e-06    2.21521e-06    7.948587e-07    -7.172295e-07    -3.942335e-06    4.979792e-06    2.512916e-06    -2.175512e-07    -1.460202e-06    -4.258484e-06    4.088913e-06    -7.99716e-06    -4.331309e-06    4.763872e-06    1.644704e-06    3.070433e-06    -5.549246e-06    -5.702917e-06    1.110892e-06    3.435664e-06
2.161669e-06    3.147941e-06    2.049048e-06    -6.707989e-07    -4.12282e-06    2.512916e-06    5.399385e-06    1.74499e-06    -3.076662e-06    -4.050674e-06    3.813427e-06    -7.586244e-06    -4.826281e-06    5.266467e-06    1.762035e-06    1.585601e-06    -4.746148e-06    -5.642469e-06    2.502941e-07    4.465266e-06
1.182204e-06    9.07303e-07    1.375878e-06    5.470615e-07    -2.045055e-06    -2.175512e-07    1.74499e-06    3.794063e-06    8.61164e-09    -3.11176e-06    8.815047e-07    -2.14287e-06    -1.868089e-06    1.830704e-06    1.157613e-06    7.036223e-07    -2.390315e-06    -2.870371e-06    7.657542e-07    2.402884e-06
-9.026575e-07    -1.918094e-06    -8.598612e-07    1.438092e-06    3.547591e-06    -1.460202e-06    -3.076662e-06    8.61164e-09    4.199323e-06    2.58675e-06    -3.354417e-06    5.824356e-06    3.450239e-06    -3.490743e-06    -5.945248e-07    -5.503477e-07    1.966961e-06    2.969113e-06    9.207176e-07    -2.71566e-06
-3.927983e-06    -2.569139e-06    -1.400372e-06    1.311939e-06    9.22645e-06    -4.258484e-06    -4.050674e-06    -3.11176e-06    2.58675e-06    1.21106e-05    -7.353012e-06    1.182176e-05    7.585329e-06    -6.439961e-06    -2.798866e-06    -4.603078e-06    7.507775e-06    9.631384e-06    -5.689425e-07    -6.392493e-06
3.000981e-06    3.131516e-06    1.451901e-06    -1.87217e-06    -6.65826e-06    4.088913e-06    3.813427e-06    8.815047e-07    -3.354417e-06    -7.353012e-06    9.058368e-06    -1.225435e-05    -8.840395e-06    7.09576e-06    2.036562e-06    2.858822e-06    -6.086533e-06    -7.51734e-06    -3.239266e-07    5.555583e-06
-6.466741e-06    -5.731469e-06    -3.183147e-06    2.786781e-06    1.211046e-05    -7.99716e-06    -7.586244e-06    -2.14287e-06    5.824356e-06    1.182176e-05    -1.225435e-05    2.640138e-05    1.169717e-05    -1.438958e-05    -3.910931e-06    -6.548385e-06    1.315337e-05    1.435361e-05    -1.288426e-06    -1.019433e-05
-3.298111e-06    -4.681134e-06    -2.324883e-06    2.298173e-06    6.517431e-06    -4.331309e-06    -4.826281e-06    -1.868089e-06    3.450239e-06    7.585329e-06    -8.840395e-06    1.169717e-05    1.287541e-05    -8.982866e-06    -3.87357e-06    -2.740554e-06    7.037526e-06    8.771531e-06    2.309752e-07    -6.749893e-06
3.791712e-06    4.59128e-06    3.342443e-06    -1.520719e-06    -7.29747e-06    4.763872e-06    5.266467e-06    1.830704e-06    -3.490743e-06    -6.439961e-06    7.09576e-06    -1.438958e-05    -8.982866e-06    1.120152e-05    2.183827e-06    2.949429e-06    -8.266515e-06    -9.071979e-06    4.23897e-07    7.3172e-06
1.608883e-06    1.28965e-06    5.231279e-07    -2.460101e-07    -2.023909e-06    1.644704e-06    1.762035e-06    1.157613e-06    -5.945248e-07    -2.798866e-06    2.036562e-06    -3.910931e-06    -3.87357e-06    2.183827e-06    2.902669e-06    1.825687e-06    -3.010539e-06    -3.333115e-06    7.065867e-07    2.017956e-06
3.03091e-06    -4.162225e-08    -8.089581e-07    5.895714e-07    -3.218531e-06    3.070433e-06    1.585601e-06    7.036223e-07    -5.503477e-07    -4.603078e-06    2.858822e-06    -6.548385e-06    -2.740554e-06    2.949429e-06    1.825687e-06    6.867902e-06    -4.759725e-06    -7.350703e-06    1.113934e-06    2.777515e-06
-6.155715e-06    -3.191702e-06    -2.942689e-06    -2.704849e-07    9.006149e-06    -5.549246e-06    -4.746148e-06    -2.390315e-06    1.966961e-06    7.507775e-06    -6.086533e-06    1.315337e-05    7.037526e-06    -8.266515e-06    -3.010539e-06    -4.759725e-06    1.306539e-05    1.000034e-05    -4.688718e-06    -6.59452e-06
-5.525352e-06    -3.689877e-06    -2.249096e-06    3.994468e-07    8.958684e-06    -5.702917e-06    -5.642469e-06    -2.870371e-06    2.969113e-06    9.631384e-06    -7.51734e-06    1.435361e-05    8.771531e-06    -9.071979e-06    -3.333115e-06    -7.350703e-06    1.000034e-05    1.445614e-05    -1.675097e-06    -8.651078e-06
2.320614e-06    -3.476713e-07    3.521447e-07    1.604429e-06    -1.495023e-06    1.110892e-06    2.502941e-07    7.657542e-07    9.207176e-07    -5.689425e-07    -3.239266e-07    -1.288426e-06    2.309752e-07    4.23897e-07    7.065867e-07    1.113934e-06    -4.688718e-06    -1.675097e-06    4.719441e-06    -2.889734e-07
3.329983e-06    3.465609e-06    3.070041e-06    -1.026481e-06    -7.171086e-06    3.435664e-06    4.465266e-06    2.402884e-06    -2.71566e-06    -6.392493e-06    5.555583e-06    -1.019433e-05    -6.749893e-06    7.3172e-06    2.017956e-06    2.777515e-06    -6.59452e-06    -8.651078e-06    -2.889734e-07    8.011456e-06
