4.065874e-06    1.444463e-06    -1.30919e-06    1.393739e-06    -2.555243e-06    1.183162e-06    1.960318e-06    1.255236e-06    2.576251e-07    -2.640801e-06    -1.433668e-06    -2.280259e-06    -1.83779e-06    -1.01283e-06    4.346801e-06    2.222715e-06    -1.684785e-06    -2.163335e-06    1.011644e-06    -6.95628e-08
1.444463e-06    3.996512e-06    2.036594e-06    -2.94904e-07    -2.130989e-06    -1.434692e-07    2.927481e-06    2.321761e-06    8.670177e-07    -3.900193e-06    -9.122413e-07    -3.172225e-06    -2.556465e-06    -1.066557e-07    4.575098e-06    9.886762e-07    -2.833084e-06    -1.336874e-06    1.500005e-06    1.37636e-07
-1.30919e-06    2.036594e-06    4.786242e-06    -3.044692e-07    -2.243706e-06    -8.044723e-07    1.72862e-06    1.522935e-06    1.919059e-06    -2.211479e-06    -3.273632e-07    -2.654677e-06    -2.013751e-06    1.076065e-06    2.313064e-06    -7.15892e-07    -2.36692e-06    -5.066906e-07    1.2061e-06    1.005937e-06
1.393739e-06    -2.94904e-07    -3.044692e-07    2.846093e-06    -3.047384e-06    5.896088e-07    2.193361e-07    6.686074e-07    7.908022e-07    -1.971513e-06    -6.045153e-07    -6.27527e-07    -7.461246e-07    -7.355696e-08    9.687616e-07    2.763102e-07    4.914552e-07    -8.855799e-08    -4.387262e-07    4.481e-07
-2.555243e-06    -2.130989e-06    -2.243706e-06    -3.047384e-06    6.855159e-06    -2.661775e-07    -2.564516e-06    -3.20556e-06    -2.312788e-06    5.085137e-06    1.312094e-06    3.554071e-06    3.446629e-06    -4.330408e-07    -4.928073e-06    -1.000595e-06    9.097698e-07    1.72418e-06    -6.336527e-07    -9.902166e-07
1.183162e-06    -1.434692e-07    -8.044723e-07    5.896088e-07    -2.661775e-07    1.728296e-06    5.63794e-07    6.632652e-08    2.454159e-08    -8.461414e-07    -1.022777e-06    -1.309359e-06    -9.679009e-07    -7.325033e-07    2.17672e-06    1.266776e-06    -1.336808e-06    -9.626642e-07    6.495693e-07    8.765822e-08
1.960318e-06    2.927481e-06    1.72862e-06    2.193361e-07    -2.564516e-06    5.63794e-07    3.379428e-06    1.695834e-06    7.760532e-07    -3.887484e-06    -1.023244e-06    -3.294223e-06    -2.76842e-06    -1.312389e-07    4.848646e-06    9.347594e-07    -3.297978e-06    -1.114604e-06    1.850762e-06    7.255784e-08
1.255236e-06    2.321761e-06    1.522935e-06    6.686074e-07    -3.20556e-06    6.632652e-08    1.695834e-06    2.808297e-06    1.282215e-06    -2.909534e-06    -6.10673e-07    -2.799156e-06    -2.505689e-06    2.031067e-07    3.362577e-06    9.677088e-07    -7.93553e-07    -1.243688e-06    3.966285e-07    3.053897e-07
2.576251e-07    8.670177e-07    1.919059e-06    7.908022e-07    -2.312788e-06    2.454159e-08    7.760532e-07    1.282215e-06    1.788368e-06    -1.941441e-06    -2.035437e-07    -2.615824e-06    -2.43933e-06    5.480804e-07    2.578068e-06    7.637961e-07    -1.690229e-06    -1.450949e-06    7.106225e-07    1.000356e-06
-2.640801e-06    -3.900193e-06    -2.211479e-06    -1.971513e-06    5.085137e-06    -8.461414e-07    -3.887484e-06    -2.909534e-06    -1.941441e-06    7.054571e-06    1.360374e-06    4.599261e-06    4.39167e-06    -9.753739e-08    -6.734509e-06    -1.903394e-06    3.518975e-06    2.095402e-06    -2.020603e-06    -6.693493e-07
-1.433668e-06    -9.122413e-07    -3.273632e-07    -6.045153e-07    1.312094e-06    -1.022777e-06    -1.023244e-06    -6.10673e-07    -2.035437e-07    1.360374e-06    2.001764e-06    1.686116e-06    5.904205e-07    8.1742e-07    -3.160535e-06    -1.104875e-06    2.036368e-06    1.722568e-06    -1.189479e-06    -5.528732e-07
-2.280259e-06    -3.172225e-06    -2.654677e-06    -6.27527e-07    3.554071e-06    -1.309359e-06    -3.294223e-06    -2.799156e-06    -2.615824e-06    4.599261e-06    1.686116e-06    8.997597e-06    7.171972e-06    -6.955095e-07    -9.452042e-06    -4.0103e-06    8.494484e-06    5.699536e-06    -3.88447e-06    -2.438823e-06
-1.83779e-06    -2.556465e-06    -2.013751e-06    -7.461246e-07    3.446629e-06    -9.679009e-07    -2.76842e-06    -2.505689e-06    -2.43933e-06    4.39167e-06    5.904205e-07    7.171972e-06    6.910058e-06    -1.004171e-06    -7.518411e-06    -3.346598e-06    6.180505e-06    4.380504e-06    -2.809364e-06    -1.942835e-06
-1.01283e-06    -1.066557e-07    1.076065e-06    -7.355696e-08    -4.330408e-07    -7.325033e-07    -1.312389e-07    2.031067e-07    5.480804e-07    -9.753739e-08    8.1742e-07    -6.955095e-07    -1.004171e-06    1.524391e-06    -5.479888e-07    -1.687991e-07    -8.425824e-08    -4.946217e-08    2.801814e-08    3.283277e-07
4.346801e-06    4.575098e-06    2.313064e-06    9.687616e-07    -4.928073e-06    2.17672e-06    4.848646e-06    3.362577e-06    2.578068e-06    -6.734509e-06    -3.160535e-06    -9.452042e-06    -7.518411e-06    -5.479888e-07    1.26785e-05    5.017399e-06    -9.192858e-06    -6.825195e-06    4.722687e-06    2.266906e-06
2.222715e-06    9.886762e-07    -7.15892e-07    2.763102e-07    -1.000595e-06    1.266776e-06    9.347594e-07    9.677088e-07    7.637961e-07    -1.903394e-06    -1.104875e-06    -4.0103e-06    -3.346598e-06    -1.687991e-07    5.017399e-06    3.754343e-06    -3.832111e-06    -4.291812e-06    2.138215e-06    9.871281e-07
-1.684785e-06    -2.833084e-06    -2.36692e-06    4.914552e-07    9.097698e-07    -1.336808e-06    -3.297978e-06    -7.93553e-07    -1.690229e-06    3.518975e-06    2.036368e-06    8.494484e-06    6.180505e-06    -8.425824e-08    -9.192858e-06    -3.832111e-06    1.135959e-05    5.702841e-06    -5.382542e-06    -2.633526e-06
-2.163335e-06    -1.336874e-06    -5.066906e-07    -8.855799e-08    1.72418e-06    -9.626642e-07    -1.114604e-06    -1.243688e-06    -1.450949e-06    2.095402e-06    1.722568e-06    5.699536e-06    4.380504e-06    -4.946217e-08    -6.825195e-06    -4.291812e-06    5.702841e-06    6.4487e-06    -3.053533e-06    -2.333134e-06
1.011644e-06    1.500005e-06    1.2061e-06    -4.387262e-07    -6.336527e-07    6.495693e-07    1.850762e-06    3.966285e-07    7.106225e-07    -2.020603e-06    -1.189479e-06    -3.88447e-06    -2.809364e-06    2.801814e-08    4.722687e-06    2.138215e-06    -5.382542e-06    -3.053533e-06    3.048471e-06    1.052605e-06
-6.95628e-08    1.37636e-07    1.005937e-06    4.481e-07    -9.902166e-07    8.765822e-08    7.255784e-08    3.053897e-07    1.000356e-06    -6.693493e-07    -5.528732e-07    -2.438823e-06    -1.942835e-06    3.283277e-07    2.266906e-06    9.871281e-07    -2.633526e-06    -2.333134e-06    1.052605e-06    1.67151e-06
