4.065874e-06    1.444463e-06    -1.30919e-06    1.393739e-06    -2.555243e-06    1.183162e-06    1.960318e-06    1.255236e-06    2.576251e-07    -2.640801e-06    1.061189e-06    -1.782355e-06    -3.222344e-06    -1.419372e-06    1.402291e-06    -1.433668e-06    -2.280259e-06    -1.83779e-06    -1.01283e-06    4.346801e-06
1.444463e-06    3.996512e-06    2.036594e-06    -2.94904e-07    -2.130989e-06    -1.434692e-07    2.927481e-06    2.321761e-06    8.670177e-07    -3.900193e-06    -7.009737e-08    -2.976402e-06    -4.25672e-06    -8.413192e-07    2.775899e-06    -9.122413e-07    -3.172225e-06    -2.556465e-06    -1.066557e-07    4.575098e-06
-1.30919e-06    2.036594e-06    4.786242e-06    -3.044692e-07    -2.243706e-06    -8.044723e-07    1.72862e-06    1.522935e-06    1.919059e-06    -2.211479e-06    -1.103404e-06    -2.900574e-06    -3.49213e-06    1.420507e-07    3.313455e-06    -3.273632e-07    -2.654677e-06    -2.013751e-06    1.076065e-06    2.313064e-06
1.393739e-06    -2.94904e-07    -3.044692e-07    2.846093e-06    -3.047384e-06    5.896088e-07    2.193361e-07    6.686074e-07    7.908022e-07    -1.971513e-06    8.085253e-07    -7.786359e-07    -1.147587e-06    -6.037992e-07    6.566541e-07    -6.045153e-07    -6.27527e-07    -7.461246e-07    -7.355696e-08    9.687616e-07
-2.555243e-06    -2.130989e-06    -2.243706e-06    -3.047384e-06    6.855159e-06    -2.661775e-07    -2.564516e-06    -3.20556e-06    -2.312788e-06    5.085137e-06    -9.924791e-07    3.160249e-06    4.85536e-06    8.394221e-07    -2.459454e-06    1.312094e-06    3.554071e-06    3.446629e-06    -4.330408e-07    -4.928073e-06
1.183162e-06    -1.434692e-07    -8.044723e-07    5.896088e-07    -2.661775e-07    1.728296e-06    5.63794e-07    6.632652e-08    2.454159e-08    -8.461414e-07    -2.523918e-07    -2.003431e-07    -5.894471e-07    -1.384672e-06    1.284622e-06    -1.022777e-06    -1.309359e-06    -9.679009e-07    -7.325033e-07    2.17672e-06
1.960318e-06    2.927481e-06    1.72862e-06    2.193361e-07    -2.564516e-06    5.63794e-07    3.379428e-06    1.695834e-06    7.760532e-07    -3.887484e-06    -2.422763e-07    -2.98244e-06    -4.137317e-06    -1.059639e-06    3.090721e-06    -1.023244e-06    -3.294223e-06    -2.76842e-06    -1.312389e-07    4.848646e-06
1.255236e-06    2.321761e-06    1.522935e-06    6.686074e-07    -3.20556e-06    6.632652e-08    1.695834e-06    2.808297e-06    1.282215e-06    -2.909534e-06    3.875725e-07    -1.863923e-06    -3.009412e-06    -2.460836e-07    1.412223e-06    -6.10673e-07    -2.799156e-06    -2.505689e-06    2.031067e-07    3.362577e-06
2.576251e-07    8.670177e-07    1.919059e-06    7.908022e-07    -2.312788e-06    2.454159e-08    7.760532e-07    1.282215e-06    1.788368e-06    -1.941441e-06    -4.724172e-08    -1.842418e-06    -2.691701e-06    -2.721171e-07    1.938078e-06    -2.035437e-07    -2.615824e-06    -2.43933e-06    5.480804e-07    2.578068e-06
-2.640801e-06    -3.900193e-06    -2.211479e-06    -1.971513e-06    5.085137e-06    -8.461414e-07    -3.887484e-06    -2.909534e-06    -1.941441e-06    7.054571e-06    -2.635301e-07    3.764258e-06    5.576247e-06    1.754773e-06    -3.745552e-06    1.360374e-06    4.599261e-06    4.39167e-06    -9.753739e-08    -6.734509e-06
1.061189e-06    -7.009737e-08    -1.103404e-06    8.085253e-07    -9.924791e-07    -2.523918e-07    -2.422763e-07    3.875725e-07    -4.724172e-08    -2.635301e-07    1.304262e-06    6.247221e-08    -3.078309e-07    1.517268e-07    -1.02564e-06    2.034112e-07    1.24341e-07    -2.443304e-07    4.54419e-08    -1.069096e-08
-1.782355e-06    -2.976402e-06    -2.900574e-06    -7.786359e-07    3.160249e-06    -2.003431e-07    -2.98244e-06    -1.863923e-06    -1.842418e-06    3.764258e-06    6.247221e-08    5.800965e-06    7.090695e-06    1.356825e-06    -5.936589e-06    1.400226e-06    6.061246e-06    4.656838e-06    -5.48232e-07    -6.376299e-06
-3.222344e-06    -4.25672e-06    -3.49213e-06    -1.147587e-06    4.85536e-06    -5.894471e-07    -4.137317e-06    -3.009412e-06    -2.691701e-06    5.576247e-06    -3.078309e-07    7.090695e-06    9.871788e-06    2.108438e-06    -7.461141e-06    2.145507e-06    8.354778e-06    6.57856e-06    -4.239408e-07    -9.806981e-06
-1.419372e-06    -8.413192e-07    1.420507e-07    -6.037992e-07    8.394221e-07    -1.384672e-06    -1.059639e-06    -2.460836e-07    -2.721171e-07    1.754773e-06    1.517268e-07    1.356825e-06    2.108438e-06    2.273703e-06    -2.530292e-06    1.733548e-06    2.071323e-06    1.344063e-06    9.614561e-07    -3.689461e-06
1.402291e-06    2.775899e-06    3.313455e-06    6.566541e-07    -2.459454e-06    1.284622e-06    3.090721e-06    1.412223e-06    1.938078e-06    -3.745552e-06    -1.02564e-06    -5.936589e-06    -7.461141e-06    -2.530292e-06    7.901383e-06    -2.34805e-06    -7.000479e-06    -4.877111e-06    -1.553811e-08    7.758432e-06
-1.433668e-06    -9.122413e-07    -3.273632e-07    -6.045153e-07    1.312094e-06    -1.022777e-06    -1.023244e-06    -6.10673e-07    -2.035437e-07    1.360374e-06    2.034112e-07    1.400226e-06    2.145507e-06    1.733548e-06    -2.34805e-06    2.001764e-06    1.686116e-06    5.904205e-07    8.1742e-07    -3.160535e-06
-2.280259e-06    -3.172225e-06    -2.654677e-06    -6.27527e-07    3.554071e-06    -1.309359e-06    -3.294223e-06    -2.799156e-06    -2.615824e-06    4.599261e-06    1.24341e-07    6.061246e-06    8.354778e-06    2.071323e-06    -7.000479e-06    1.686116e-06    8.997597e-06    7.171972e-06    -6.955095e-07    -9.452042e-06
-1.83779e-06    -2.556465e-06    -2.013751e-06    -7.461246e-07    3.446629e-06    -9.679009e-07    -2.76842e-06    -2.505689e-06    -2.43933e-06    4.39167e-06    -2.443304e-07    4.656838e-06    6.57856e-06    1.344063e-06    -4.877111e-06    5.904205e-07    7.171972e-06    6.910058e-06    -1.004171e-06    -7.518411e-06
-1.01283e-06    -1.066557e-07    1.076065e-06    -7.355696e-08    -4.330408e-07    -7.325033e-07    -1.312389e-07    2.031067e-07    5.480804e-07    -9.753739e-08    4.54419e-08    -5.48232e-07    -4.239408e-07    9.614561e-07    -1.553811e-08    8.1742e-07    -6.955095e-07    -1.004171e-06    1.524391e-06    -5.479888e-07
4.346801e-06    4.575098e-06    2.313064e-06    9.687616e-07    -4.928073e-06    2.17672e-06    4.848646e-06    3.362577e-06    2.578068e-06    -6.734509e-06    -1.069096e-08    -6.376299e-06    -9.806981e-06    -3.689461e-06    7.758432e-06    -3.160535e-06    -9.452042e-06    -7.518411e-06    -5.479888e-07    1.26785e-05
