4.065874e-06    1.444463e-06    -1.30919e-06    1.393739e-06    -2.555243e-06    1.183162e-06    1.960318e-06    1.255236e-06    2.576251e-07    -2.640801e-06    -1.433668e-06    -2.280259e-06    -1.83779e-06    -1.01283e-06    4.346801e-06    1.605012e-06    -4.452434e-06    -4.567707e-06    1.879355e-06    3.004144e-06
1.444463e-06    3.996512e-06    2.036594e-06    -2.94904e-07    -2.130989e-06    -1.434692e-07    2.927481e-06    2.321761e-06    8.670177e-07    -3.900193e-06    -9.122413e-07    -3.172225e-06    -2.556465e-06    -1.066557e-07    4.575098e-06    7.088304e-09    -3.84277e-06    -3.233163e-06    -2.659802e-07    3.478545e-06
-1.30919e-06    2.036594e-06    4.786242e-06    -3.044692e-07    -2.243706e-06    -8.044723e-07    1.72862e-06    1.522935e-06    1.919059e-06    -2.211479e-06    -3.273632e-07    -2.654677e-06    -2.013751e-06    1.076065e-06    2.313064e-06    -1.167217e-06    -2.239226e-06    -9.894504e-07    -1.819222e-07    1.9458e-06
1.393739e-06    -2.94904e-07    -3.044692e-07    2.846093e-06    -3.047384e-06    5.896088e-07    2.193361e-07    6.686074e-07    7.908022e-07    -1.971513e-06    -6.045153e-07    -6.27527e-07    -7.461246e-07    -7.355696e-08    9.687616e-07    1.732994e-06    -2.112095e-06    -2.825936e-06    1.307844e-06    1.217996e-06
-2.555243e-06    -2.130989e-06    -2.243706e-06    -3.047384e-06    6.855159e-06    -2.661775e-07    -2.564516e-06    -3.20556e-06    -2.312788e-06    5.085137e-06    1.312094e-06    3.554071e-06    3.446629e-06    -4.330408e-07    -4.928073e-06    -1.660446e-06    6.262371e-06    5.807833e-06    -2.563968e-06    -4.107035e-06
1.183162e-06    -1.434692e-07    -8.044723e-07    5.896088e-07    -2.661775e-07    1.728296e-06    5.63794e-07    6.632652e-08    2.454159e-08    -8.461414e-07    -1.022777e-06    -1.309359e-06    -9.679009e-07    -7.325033e-07    2.17672e-06    7.845626e-07    -2.031016e-06    -1.347443e-06    1.089412e-06    8.183832e-07
1.960318e-06    2.927481e-06    1.72862e-06    2.193361e-07    -2.564516e-06    5.63794e-07    3.379428e-06    1.695834e-06    7.760532e-07    -3.887484e-06    -1.023244e-06    -3.294223e-06    -2.76842e-06    -1.312389e-07    4.848646e-06    2.491036e-07    -4.781903e-06    -3.219864e-06    9.541786e-07    3.358162e-06
1.255236e-06    2.321761e-06    1.522935e-06    6.686074e-07    -3.20556e-06    6.632652e-08    1.695834e-06    2.808297e-06    1.282215e-06    -2.909534e-06    -6.10673e-07    -2.799156e-06    -2.505689e-06    2.031067e-07    3.362577e-06    3.019626e-07    -3.704464e-06    -3.175827e-06    9.822027e-07    2.72243e-06
2.576251e-07    8.670177e-07    1.919059e-06    7.908022e-07    -2.312788e-06    2.454159e-08    7.760532e-07    1.282215e-06    1.788368e-06    -1.941441e-06    -2.035437e-07    -2.615824e-06    -2.43933e-06    5.480804e-07    2.578068e-06    -1.433317e-07    -2.950105e-06    -1.81894e-06    1.156791e-06    1.691227e-06
-2.640801e-06    -3.900193e-06    -2.211479e-06    -1.971513e-06    5.085137e-06    -8.461414e-07    -3.887484e-06    -2.909534e-06    -1.941441e-06    7.054571e-06    1.360374e-06    4.599261e-06    4.39167e-06    -9.753739e-08    -6.734509e-06    -1.258542e-06    6.845156e-06    5.753883e-06    -1.549601e-06    -4.89327e-06
-1.433668e-06    -9.122413e-07    -3.273632e-07    -6.045153e-07    1.312094e-06    -1.022777e-06    -1.023244e-06    -6.10673e-07    -2.035437e-07    1.360374e-06    2.001764e-06    1.686116e-06    5.904205e-07    8.1742e-07    -3.160535e-06    -1.158405e-06    2.139012e-06    2.730081e-06    -2.972178e-07    -1.847164e-06
-2.280259e-06    -3.172225e-06    -2.654677e-06    -6.27527e-07    3.554071e-06    -1.309359e-06    -3.294223e-06    -2.799156e-06    -2.615824e-06    4.599261e-06    1.686116e-06    8.997597e-06    7.171972e-06    -6.955095e-07    -9.452042e-06    -5.847748e-08    8.919996e-06    5.394263e-06    -2.500239e-06    -5.406528e-06
-1.83779e-06    -2.556465e-06    -2.013751e-06    -7.461246e-07    3.446629e-06    -9.679009e-07    -2.76842e-06    -2.505689e-06    -2.43933e-06    4.39167e-06    5.904205e-07    7.171972e-06    6.910058e-06    -1.004171e-06    -7.518411e-06    2.294917e-07    8.108075e-06    3.976908e-06    -2.720979e-06    -4.286997e-06
-1.01283e-06    -1.066557e-07    1.076065e-06    -7.355696e-08    -4.330408e-07    -7.325033e-07    -1.312389e-07    2.031067e-07    5.480804e-07    -9.753739e-08    8.1742e-07    -6.955095e-07    -1.004171e-06    1.524391e-06    -5.479888e-07    -5.546388e-07    -6.521654e-08    5.388914e-07    8.636029e-08    -1.564953e-07
4.346801e-06    4.575098e-06    2.313064e-06    9.687616e-07    -4.928073e-06    2.17672e-06    4.848646e-06    3.362577e-06    2.578068e-06    -6.734509e-06    -3.160535e-06    -9.452042e-06    -7.518411e-06    -5.479888e-07    1.26785e-05    1.173228e-06    -1.119143e-05    -7.822941e-06    3.082464e-06    7.093566e-06
1.605012e-06    7.088304e-09    -1.167217e-06    1.732994e-06    -1.660446e-06    7.845626e-07    2.491036e-07    3.019626e-07    -1.433317e-07    -1.258542e-06    -1.158405e-06    -5.847748e-08    2.294917e-07    -5.546388e-07    1.173228e-06    2.012641e-06    -1.084462e-06    -2.528048e-06    5.52929e-07    8.895366e-07
-4.452434e-06    -3.84277e-06    -2.239226e-06    -2.112095e-06    6.262371e-06    -2.031016e-06    -4.781903e-06    -3.704464e-06    -2.950105e-06    6.845156e-06    2.139012e-06    8.919996e-06    8.108075e-06    -6.521654e-08    -1.119143e-05    -1.084462e-06    1.231489e-05    7.399215e-06    -4.367598e-06    -6.808388e-06
-4.567707e-06    -3.233163e-06    -9.894504e-07    -2.825936e-06    5.807833e-06    -1.347443e-06    -3.219864e-06    -3.175827e-06    -1.81894e-06    5.753883e-06    2.730081e-06    5.394263e-06    3.976908e-06    5.388914e-07    -7.822941e-06    -2.528048e-06    7.399215e-06    8.376002e-06    -2.191953e-06    -5.799055e-06
1.879355e-06    -2.659802e-07    -1.819222e-07    1.307844e-06    -2.563968e-06    1.089412e-06    9.541786e-07    9.822027e-07    1.156791e-06    -1.549601e-06    -2.972178e-07    -2.500239e-06    -2.720979e-06    8.636029e-08    3.082464e-06    5.52929e-07    -4.367598e-06    -2.191953e-06    2.952375e-06    1.537028e-06
3.004144e-06    3.478545e-06    1.9458e-06    1.217996e-06    -4.107035e-06    8.183832e-07    3.358162e-06    2.72243e-06    1.691227e-06    -4.89327e-06    -1.847164e-06    -5.406528e-06    -4.286997e-06    -1.564953e-07    7.093566e-06    8.895366e-07    -6.808388e-06    -5.799055e-06    1.537028e-06    5.02213e-06
