4.065874e-06    1.444463e-06    -1.30919e-06    1.393739e-06    -2.555243e-06    -1.433668e-06    -2.280259e-06    -1.83779e-06    -1.01283e-06    4.346801e-06
1.444463e-06    3.996512e-06    2.036594e-06    -2.94904e-07    -2.130989e-06    -9.122413e-07    -3.172225e-06    -2.556465e-06    -1.066557e-07    4.575098e-06
-1.30919e-06    2.036594e-06    4.786242e-06    -3.044692e-07    -2.243706e-06    -3.273632e-07    -2.654677e-06    -2.013751e-06    1.076065e-06    2.313064e-06
1.393739e-06    -2.94904e-07    -3.044692e-07    2.846093e-06    -3.047384e-06    -6.045153e-07    -6.27527e-07    -7.461246e-07    -7.355696e-08    9.687616e-07
-2.555243e-06    -2.130989e-06    -2.243706e-06    -3.047384e-06    6.855159e-06    1.312094e-06    3.554071e-06    3.446629e-06    -4.330408e-07    -4.928073e-06
-1.433668e-06    -9.122413e-07    -3.273632e-07    -6.045153e-07    1.312094e-06    2.001764e-06    1.686116e-06    5.904205e-07    8.1742e-07    -3.160535e-06
-2.280259e-06    -3.172225e-06    -2.654677e-06    -6.27527e-07    3.554071e-06    1.686116e-06    8.997597e-06    7.171972e-06    -6.955095e-07    -9.452042e-06
-1.83779e-06    -2.556465e-06    -2.013751e-06    -7.461246e-07    3.446629e-06    5.904205e-07    7.171972e-06    6.910058e-06    -1.004171e-06    -7.518411e-06
-1.01283e-06    -1.066557e-07    1.076065e-06    -7.355696e-08    -4.330408e-07    8.1742e-07    -6.955095e-07    -1.004171e-06    1.524391e-06    -5.479888e-07
4.346801e-06    4.575098e-06    2.313064e-06    9.687616e-07    -4.928073e-06    -3.160535e-06    -9.452042e-06    -7.518411e-06    -5.479888e-07    1.26785e-05
