1.396117e-06    -2.673813e-07    -7.756888e-07    1.99134e-07    2.714163e-10    1.086121e-08    -2.92151e-08    -2.211039e-08    -1.258182e-08    8.19439e-08    1.270326e-07    -1.061022e-07    -1.201355e-07    9.627431e-08    1.302544e-08    5.000971e-08    -2.931392e-09    9.168098e-09    5.76203e-08    -5.507574e-08
-2.673813e-07    1.364518e-06    -7.825551e-08    -9.580399e-07    2.871904e-07    -2.010049e-08    -2.966636e-09    -1.935971e-08    2.206624e-08    2.090312e-08    -1.539356e-07    -3.089591e-08    -8.781484e-09    -1.009739e-07    1.416149e-07    -5.984537e-08    1.033034e-07    8.439184e-08    -5.257457e-08    -1.744204e-08
-7.756888e-07    -7.825551e-08    1.46125e-06    1.298563e-07    -7.32563e-07    -2.081398e-08    -2.163161e-08    2.65412e-08    4.868153e-08    -4.059918e-08    -4.542949e-08    -1.513779e-07    -1.166934e-07    -1.893307e-08    1.566049e-07    -3.916478e-08    8.370547e-08    9.163783e-08    -2.904177e-08    -5.463815e-08
1.99134e-07    -9.580399e-07    1.298563e-07    1.565009e-06    -8.046493e-07    3.255793e-08    -6.143481e-09    -1.388681e-09    -2.241273e-08    -1.953944e-08    2.295068e-07    -1.946208e-07    -2.064257e-07    1.915212e-07    6.275442e-09    5.290198e-08    -2.526876e-08    -2.2503e-08    5.781541e-08    -4.153038e-08
2.714163e-10    2.871904e-07    -7.32563e-07    -8.046493e-07    1.422658e-06    1.191062e-08    3.982286e-08    1.511599e-08    -4.054587e-08    -7.181326e-08    -1.320381e-07    3.144941e-07    2.866822e-07    -1.119509e-07    -1.752603e-07    6.40649e-09    -1.065872e-07    -9.45002e-08    -1.976823e-08    9.618432e-08
1.086121e-08    -2.010049e-08    -2.081398e-08    3.255793e-08    1.191062e-08    1.384648e-06    -3.114386e-07    -7.431074e-07    2.056233e-07    -1.353625e-09    1.269221e-07    -1.137721e-07    -1.201187e-07    9.769134e-08    1.815033e-08    7.803269e-08    7.399774e-09    -2.170648e-08    4.265099e-08    -4.736396e-08
-2.92151e-08    -2.966636e-09    -2.163161e-08    -6.143481e-09    3.982286e-08    -3.114386e-07    1.383074e-06    -4.187749e-08    -9.751589e-07    2.859316e-07    -1.115789e-07    -8.569451e-09    -4.753572e-08    -1.42582e-07    1.641829e-07    -6.355644e-08    7.167413e-08    1.179253e-07    -3.29201e-08    -5.615751e-08
-2.211039e-08    -1.935971e-08    2.65412e-08    -1.388681e-09    1.511599e-08    -7.431074e-07    -4.187749e-08    1.46743e-06    1.340621e-07    -7.675104e-07    -6.831859e-08    -1.552635e-07    -1.098348e-07    -9.360706e-09    1.410793e-07    -5.399194e-08    1.061634e-07    9.669155e-08    -3.901964e-08    -3.900972e-08
-1.258182e-08    2.206624e-08    4.868153e-08    -2.241273e-08    -4.054587e-08    2.056233e-07    -9.751589e-07    1.340621e-07    1.556799e-06    -7.876328e-07    1.866673e-07    -2.200276e-07    -1.588802e-07    2.163048e-07    -3.222068e-08    5.855138e-08    -1.045321e-09    -2.911162e-08    4.880549e-08    -2.366628e-08
8.19439e-08    2.090312e-08    -4.059918e-08    -1.953944e-08    -7.181326e-08    -1.353625e-09    2.859316e-07    -7.675104e-07    -7.876328e-07    1.441199e-06    -1.148106e-07    3.041967e-07    2.907203e-07    -1.204728e-07    -1.607352e-07    1.356671e-08    -9.631303e-08    -1.107935e-07    -1.608049e-08    1.04388e-07
1.270326e-07    -1.539356e-07    -4.542949e-08    2.295068e-07    -1.320381e-07    1.269221e-07    -1.115789e-07    -6.831859e-08    1.866673e-07    -1.148106e-07    1.524268e-06    4.071538e-08    -9.663342e-07    1.71821e-08    -4.28011e-08    1.284807e-07    -9.722178e-08    -1.223744e-07    1.434669e-07    -3.302902e-08
-1.061022e-07    -3.089591e-08    -1.513779e-07    -1.946208e-07    3.144941e-07    -1.137721e-07    -8.569451e-09    -1.552635e-07    -2.200276e-07    3.041967e-07    4.071538e-08    1.535696e-06    -4.457601e-09    -9.856275e-07    1.236277e-07    -1.056754e-07    -3.593728e-08    -4.098229e-08    -1.264346e-07    1.376359e-07
-1.201355e-07    -8.781484e-09    -1.166934e-07    -2.064257e-07    2.866822e-07    -1.201187e-07    -4.753572e-08    -1.098348e-07    -1.588802e-07    2.907203e-07    -9.663342e-07    -4.457601e-09    1.49287e-06    2.70754e-08    -6.639486e-07    -1.199399e-07    -5.645265e-08    -2.500893e-09    -1.214753e-07    1.300866e-07
9.627431e-08    -1.009739e-07    -1.893307e-08    1.915212e-07    -1.119509e-07    9.769134e-08    -1.42582e-07    -9.360706e-09    2.163048e-07    -1.204728e-07    1.71821e-08    -9.856275e-07    2.70754e-08    1.505614e-06    -5.797934e-07    1.070035e-07    -9.54333e-08    -8.975673e-08    1.426351e-07    -2.067319e-09
1.302544e-08    1.416149e-07    1.566049e-07    6.275442e-09    -1.752603e-07    1.815033e-08    1.641829e-07    1.410793e-07    -3.222068e-08    -1.607352e-07    -4.28011e-08    1.236277e-07    -6.639486e-07    -5.797934e-07    1.400004e-06    -4.779855e-09    1.448366e-07    1.158637e-07    -9.899221e-09    -1.157376e-07
5.000971e-08    -5.984537e-08    -3.916478e-08    5.290198e-08    6.40649e-09    7.803269e-08    -6.355644e-08    -5.399194e-08    5.855138e-08    1.356671e-08    1.284807e-07    -1.056754e-07    -1.199399e-07    1.070035e-07    -4.779855e-09    1.488221e-06    -2.408789e-08    -8.901257e-07    1.222054e-07    -3.036784e-08
-2.931392e-09    1.033034e-07    8.370547e-08    -2.526876e-08    -1.065872e-07    7.399774e-09    7.167413e-08    1.061634e-07    -1.045321e-09    -9.631303e-08    -9.722178e-08    -3.593728e-08    -5.645265e-08    -9.54333e-08    1.448366e-07    -2.408789e-08    1.469001e-06    -2.675869e-07    -8.766441e-07    3.187884e-07
9.168098e-09    8.439184e-08    9.163783e-08    -2.2503e-08    -9.45002e-08    -2.170648e-08    1.179253e-07    9.669155e-08    -2.911162e-08    -1.107935e-07    -1.223744e-07    -4.098229e-08    -2.500893e-09    -8.975673e-08    1.158637e-07    -8.901257e-07    -2.675869e-07    1.48309e-06    1.63897e-08    -6.518244e-07
5.76203e-08    -5.257457e-08    -2.904177e-08    5.781541e-08    -1.976823e-08    4.265099e-08    -3.29201e-08    -3.901964e-08    4.880549e-08    -1.608049e-08    1.434669e-07    -1.264346e-07    -1.214753e-07    1.426351e-07    -9.899221e-09    1.222054e-07    -8.766441e-07    1.63897e-08    1.491342e-06    -6.821081e-07
-5.507574e-08    -1.744204e-08    -5.463815e-08    -4.153038e-08    9.618432e-08    -4.736396e-08    -5.615751e-08    -3.900972e-08    -2.366628e-08    1.04388e-07    -3.302902e-08    1.376359e-07    1.300866e-07    -2.067319e-09    -1.157376e-07    -3.036784e-08    3.187884e-07    -6.518244e-07    -6.821081e-07    1.407593e-06
