1.396117e-06    -2.673813e-07    -7.756888e-07    1.99134e-07    2.714163e-10    1.086121e-08    -2.92151e-08    -2.211039e-08    -1.258182e-08    8.19439e-08    9.32444e-08    -4.068985e-08    -8.885481e-08    9.068765e-08    -3.405705e-08
-2.673813e-07    1.364518e-06    -7.825551e-08    -9.580399e-07    2.871904e-07    -2.010049e-08    -2.966636e-09    -1.935971e-08    2.206624e-08    2.090312e-08    1.246002e-09    -1.080105e-07    -8.874025e-08    -1.515339e-08    1.110307e-07
-7.756888e-07    -7.825551e-08    1.46125e-06    1.298563e-07    -7.32563e-07    -2.081398e-08    -2.163161e-08    2.65412e-08    4.868153e-08    -4.059918e-08    1.584026e-08    -9.474061e-08    -1.060808e-07    9.985551e-10    9.644169e-08
1.99134e-07    -9.580399e-07    1.298563e-07    1.565009e-06    -8.046493e-07    3.255793e-08    -6.143481e-09    -1.388681e-09    -2.241273e-08    -1.953944e-08    8.102336e-08    -4.950242e-08    -5.682678e-08    1.044072e-07    -4.236758e-08
2.714163e-10    2.871904e-07    -7.32563e-07    -8.046493e-07    1.422658e-06    1.191062e-08    3.982286e-08    1.511599e-08    -4.054587e-08    -7.181326e-08    -1.196572e-07    1.601796e-07    2.060201e-07    -1.002537e-07    -8.875519e-08
1.086121e-08    -2.010049e-08    -2.081398e-08    3.255793e-08    1.191062e-08    1.384648e-06    -3.114386e-07    -7.431074e-07    2.056233e-07    -1.353625e-09    9.09644e-08    -7.656859e-08    -5.927297e-08    1.421636e-07    -7.27074e-08
-2.92151e-08    -2.966636e-09    -2.163161e-08    -6.143481e-09    3.982286e-08    -3.114386e-07    1.383074e-06    -4.187749e-08    -9.751589e-07    2.859316e-07    -1.807128e-08    -7.939121e-08    -9.110084e-08    -2.565788e-08    1.202762e-07
-2.211039e-08    -1.935971e-08    2.65412e-08    -1.388681e-09    1.511599e-08    -7.431074e-07    -4.187749e-08    1.46743e-06    1.340621e-07    -7.675104e-07    3.054707e-08    -1.080553e-07    -1.370694e-07    -2.343017e-09    1.325858e-07
-1.258182e-08    2.206624e-08    4.868153e-08    -2.241273e-08    -4.054587e-08    2.056233e-07    -9.751589e-07    1.340621e-07    1.556799e-06    -7.876328e-07    1.044583e-07    -7.43491e-08    -5.200775e-08    1.179952e-07    -5.79353e-08
8.19439e-08    2.090312e-08    -4.059918e-08    -1.953944e-08    -7.181326e-08    -1.353625e-09    2.859316e-07    -7.675104e-07    -7.876328e-07    1.441199e-06    -1.10898e-07    1.656664e-07    1.834036e-07    -1.090875e-07    -7.952677e-08
9.32444e-08    1.246002e-09    1.584026e-08    8.102336e-08    -1.196572e-07    9.09644e-08    -1.807128e-08    3.054707e-08    1.044583e-07    -1.10898e-07    1.341467e-06    -1.219208e-07    -6.823208e-07    -1.35642e-07    -1.918035e-07
-4.068985e-08    -1.080105e-07    -9.474061e-08    -4.950242e-08    1.601796e-07    -7.656859e-08    -7.939121e-08    -1.080553e-07    -7.43491e-08    1.656664e-07    -1.219208e-07    1.959888e-06    -3.92745e-07    -5.239837e-07    -1.773262e-08
-8.885481e-08    -8.874025e-08    -1.060808e-07    -5.682678e-08    2.060201e-07    -5.927297e-08    -9.110084e-08    -1.370694e-07    -5.200775e-08    1.834036e-07    -6.823208e-07    -3.92745e-07    1.96677e-06    -1.748312e-07    -7.574391e-07
9.068765e-08    -1.515339e-08    9.985551e-10    1.044072e-07    -1.002537e-07    1.421636e-07    -2.565788e-08    -2.343017e-09    1.179952e-07    -1.090875e-07    -1.35642e-07    -5.239837e-07    -1.748312e-07    1.389196e-06    -3.349705e-07
-3.405705e-08    1.110307e-07    9.644169e-08    -4.236758e-08    -8.875519e-08    -7.27074e-08    1.202762e-07    1.325858e-07    -5.79353e-08    -7.952677e-08    -1.918035e-07    -1.773262e-08    -7.574391e-07    -3.349705e-07    1.439695e-06
