1.396117e-06    -2.673813e-07    -7.756888e-07    1.99134e-07    2.714163e-10    1.086121e-08    -2.92151e-08    -2.211039e-08    -1.258182e-08    8.19439e-08    1.020919e-07    -7.12819e-08    -3.122575e-08    7.757929e-08    -1.871193e-08
-2.673813e-07    1.364518e-06    -7.825551e-08    -9.580399e-07    2.871904e-07    -2.010049e-08    -2.966636e-09    -1.935971e-08    2.206624e-08    2.090312e-08    -4.634551e-08    -1.002601e-07    -8.166254e-08    -5.953874e-08    1.103471e-07
-7.756888e-07    -7.825551e-08    1.46125e-06    1.298563e-07    -7.32563e-07    -2.081398e-08    -2.163161e-08    2.65412e-08    4.868153e-08    -4.059918e-08    7.077003e-08    -1.807203e-07    -2.250506e-07    3.067616e-08    1.170805e-07
1.99134e-07    -9.580399e-07    1.298563e-07    1.565009e-06    -8.046493e-07    3.255793e-08    -6.143481e-09    -1.388681e-09    -2.241273e-08    -1.953944e-08    1.959617e-07    -9.341293e-08    -1.39947e-07    1.321098e-07    -2.200699e-08
2.714163e-10    2.871904e-07    -7.32563e-07    -8.046493e-07    1.422658e-06    1.191062e-08    3.982286e-08    1.511599e-08    -4.054587e-08    -7.181326e-08    -2.109593e-07    2.544076e-07    3.053736e-07    -1.229747e-07    -1.050853e-07
1.086121e-08    -2.010049e-08    -2.081398e-08    3.255793e-08    1.191062e-08    1.384648e-06    -3.114386e-07    -7.431074e-07    2.056233e-07    -1.353625e-09    9.571119e-08    -5.521538e-08    -1.076676e-07    9.52197e-08    3.003924e-08
-2.92151e-08    -2.966636e-09    -2.163161e-08    -6.143481e-09    3.982286e-08    -3.114386e-07    1.383074e-06    -4.187749e-08    -9.751589e-07    2.859316e-07    -3.546256e-08    -9.443926e-08    -5.723373e-08    -6.974779e-08    8.094162e-08
-2.211039e-08    -1.935971e-08    2.65412e-08    -1.388681e-09    1.511599e-08    -7.431074e-07    -4.187749e-08    1.46743e-06    1.340621e-07    -7.675104e-07    6.023236e-08    -1.898918e-07    -1.875982e-07    2.327311e-08    9.522359e-08
-1.258182e-08    2.206624e-08    4.868153e-08    -2.241273e-08    -4.054587e-08    2.056233e-07    -9.751589e-07    1.340621e-07    1.556799e-06    -7.876328e-07    1.967883e-07    -9.683937e-08    -1.826644e-07    1.495264e-07    -1.705388e-08
8.19439e-08    2.090312e-08    -4.059918e-08    -1.953944e-08    -7.181326e-08    -1.353625e-09    2.859316e-07    -7.675104e-07    -7.876328e-07    1.441199e-06    -2.096286e-07    2.923179e-07    3.462011e-07    -1.616953e-07    -1.071405e-07
1.020919e-07    -4.634551e-08    7.077003e-08    1.959617e-07    -2.109593e-07    9.571119e-08    -3.546256e-08    6.023236e-08    1.967883e-07    -2.096286e-07    1.367607e-06    -3.399759e-07    -6.355789e-07    1.187194e-07    -1.167139e-07
-7.12819e-08    -1.002601e-07    -1.807203e-07    -9.341293e-08    2.544076e-07    -5.521538e-08    -9.443926e-08    -1.898918e-07    -9.683937e-08    2.923179e-07    -3.399759e-07    1.754976e-06    8.989151e-08    -7.144456e-07    -6.704824e-08
-3.122575e-08    -8.166254e-08    -2.250506e-07    -1.39947e-07    3.053736e-07    -1.076676e-07    -5.723373e-08    -1.875982e-07    -1.826644e-07    3.462011e-07    -6.355789e-07    8.989151e-08    1.706385e-06    -2.692439e-07    -7.773005e-07
7.757929e-08    -5.953874e-08    3.067616e-08    1.321098e-07    -1.229747e-07    9.52197e-08    -6.974779e-08    2.327311e-08    1.495264e-07    -1.616953e-07    1.187194e-07    -7.144456e-07    -2.692439e-07    1.419714e-06    -4.286468e-07
-1.871193e-08    1.103471e-07    1.170805e-07    -2.200699e-08    -1.050853e-07    3.003924e-08    8.094162e-08    9.522359e-08    -1.705388e-08    -1.071405e-07    -1.167139e-07    -6.704824e-08    -7.773005e-07    -4.286468e-07    1.454712e-06
