1    -0.07097652    -0.6286305    -0.03675972    0.02730792    0.01734315    0.03201973    0.01787652    0.02694501    -0.04629005    0.1033935    -0.003935835    -0.0500193    0.1206676    -0.05500599
-0.07097652    1    -0.0791724    -0.5835572    0.1192374    0.04309511    -0.02085941    0.009273937    0.03100812    -0.005797631    -0.0918035    0.1194475    0.07932587    -0.07107765    -0.03999557
-0.6286305    -0.0791724    1    -0.02143606    -0.3763256    -0.02343641    -0.004841111    0.01775051    -0.02700405    0.04102495    -0.06152641    0.07797073    0.09345373    -0.08874736    -0.05369928
-0.03675972    -0.5835572    -0.02143606    1    -0.4130093    -0.02140191    -0.004567032    0.002897947    -0.02634923    0.00771561    0.1008718    -0.0452246    -0.04849563    0.05909226    -0.02934708
0.02730792    0.1192374    -0.3763256    -0.4130093    1    -0.009301442    0.01479668    -0.03400993    0.000486546    -0.03040818    -0.06919439    -0.04678091    -0.02464499    -0.01343383    0.09821603
0.01734315    0.04309511    -0.02343641    -0.02140191    -0.009301442    1    -0.001034051    -0.579239    -0.05867098    -0.04234761    0.04788554    0.01352129    -0.04467303    0.02231296    -0.001721639
0.03201973    -0.02085941    -0.004841111    -0.004567032    0.01479668    -0.001034051    1    -0.09055389    -0.6628608    0.215994    -0.08707434    0.09998931    0.07989309    -0.07846019    0.03452133
0.01787652    0.009273937    0.01775051    0.002897947    -0.03400993    -0.579239    -0.09055389    1    -0.07619338    -0.3353676    -0.07442291    0.0581552    0.1236783    -0.01740772    -0.05334363
0.02694501    0.03100812    -0.02700405    -0.02634923    0.000486546    -0.05867098    -0.6628608    -0.07619338    1    -0.4102918    0.09478275    -0.02827084    -0.04236291    0.06501604    -0.07337275
-0.04629005    -0.005797631    0.04102495    0.00771561    -0.03040818    -0.04234761    0.215994    -0.3353676    -0.4102918    1    -0.01371178    -0.07122969    -0.02631264    0.007825152    0.07061295
0.1033935    -0.0918035    -0.06152641    0.1008718    -0.06919439    0.04788554    -0.08707434    -0.07442291    0.09478275    -0.01371178    1    0.002486199    -0.6084731    0.05587275    -0.03522792
-0.003935835    0.1194475    0.07797073    -0.0452246    -0.04678091    0.01352129    0.09998931    0.0581552    -0.02827084    -0.07122969    0.002486199    1    -0.2610428    -0.5998652    0.2709889
-0.0500193    0.07932587    0.09345373    -0.04849563    -0.02464499    -0.04467303    0.07989309    0.1236783    -0.04236291    -0.02631264    -0.6084731    -0.2610428    1    0.02869043    -0.4800809
0.1206676    -0.07107765    -0.08874736    0.05909226    -0.01343383    0.02231296    -0.07846019    -0.01740772    0.06501604    0.007825152    0.05587275    -0.5998652    0.02869043    1    -0.3962035
-0.05500599    -0.03999557    -0.05369928    -0.02934708    0.09821603    -0.001721639    0.03452133    -0.05334363    -0.07337275    0.07061295    -0.03522792    0.2709889    -0.4800809    -0.3962035    1
