1    0.04906791    -0.5733122    -0.04768158    0.0270085    -0.03494881    -0.007852254    0.02225328    -0.02517614    0.06341314    0.07815264    -0.08173545    -0.1349497    0.04060273    0.006473677    -0.01463525    0.05181037    0.01589474    -0.02019697    -0.02471695    0.03437997    0.0118504    -0.05521378    -0.04937845    0.04489279
0.04906791    1    -0.08481752    -0.5860951    0.1151126    -0.03912683    -0.0003636056    -0.01007981    -0.02112001    0.08192874    -0.05325389    -0.031163    0.00553076    -0.09268284    0.07622175    -0.04980882    0.02939106    0.0282521    -0.02032628    -0.005364617    0.09137606    0.02017316    -0.0905782    -0.007137837    0.03820798
-0.5733122    -0.08481752    1    0.06538671    -0.4271286    0.0478436    0.01167424    -0.05478356    0.01167327    -0.03289356    -0.0822694    -0.03256273    -0.01975499    -0.07509917    0.134287    -0.01457506    -0.09599375    0.01263565    0.05974952    -0.008053537    -0.0282498    -0.03646998    0.04630968    0.04341287    -0.03638966
-0.04768158    -0.5860951    0.06538671    1    -0.4462675    0.03897282    0.05567353    0.0007204521    -0.0268183    -0.1011564    0.06776798    -0.1222775    -0.07841976    0.06195382    0.01471666    -0.02608941    -0.01004011    -0.002437374    0.03188205    0.02076203    -0.06267917    -0.00562831    0.06456302    -0.01676349    -0.01672736
0.0270085    0.1151126    -0.4271286    -0.4462675    1    0.02738323    -0.02527456    0.001668931    0.01151941    -0.01556827    0.01020844    0.1816679    0.06915276    -0.03202071    -0.04796313    -0.001656392    0.007903905    -0.01744658    -0.02147395    0.04351178    -0.01490849    0.06909219    0.03044412    -0.02136077    -0.03212349
-0.03494881    -0.03912683    0.0478436    0.03897282    0.02738323    1    0.02409479    -0.5540134    0.007876378    0.0002197257    0.02967009    0.01452004    -0.03390074    -0.01608421    -0.03610334    0.07850804    -0.1199364    -0.07392843    0.07351146    -0.01079453    -0.05165273    -0.0109453    0.03787385    0.01497851    0.02757054
-0.007852254    -0.0003636056    0.01167424    0.05567353    -0.02527456    0.02409479    1    -0.07524301    -0.5866202    0.1660791    -0.01732409    -0.05522407    0.009204831    0.02227046    0.02303321    -0.0856209    0.01882001    -0.04591214    -0.08652181    0.1234961    0.01036526    -0.05142762    -0.002471616    0.002258897    -0.009387342
0.02225328    -0.01007981    -0.05478356    0.0007204521    0.001668931    -0.5540134    -0.07524301    1    -0.01726578    -0.3431392    -0.08249017    0.03508293    0.05235863    0.01456912    0.04019639    -0.1056197    -0.01655692    -0.05189201    -0.07081788    0.1678069    0.05209871    0.007701425    -0.03157911    -0.02880807    -0.01818132
-0.02517614    -0.02112001    0.01167327    -0.0268183    0.01151941    0.007876378    -0.5866202    -0.01726578    1    -0.4829047    -0.01219593    0.0433162    0.008523012    -0.01182069    -0.03052122    0.1133986    -0.1316171    -0.1173357    0.1024472    0.009415141    -0.0559794    0.03284542    0.02223687    -0.03800422    0.05031363
0.06341314    0.08192874    -0.03289356    -0.1011564    -0.01556827    0.0002197257    0.1660791    -0.3431392    -0.4829047    1    0.01578425    -0.0399718    -0.02940308    0.009640102    0.0198546    0.0007486661    0.1588583    0.1232686    -0.03780868    -0.1402384    -0.01781685    0.00212986    0.01885178    0.04654033    -0.03285333
0.07815264    -0.05325389    -0.0822694    0.06776798    0.01020844    0.02967009    -0.01732409    -0.08249017    -0.01219593    0.01578425    1    -0.07097652    -0.6286305    -0.03675972    0.02730792    0.01734315    0.03201973    0.01787652    0.02694501    -0.04629005    -0.02351655    0.001943714    0.03962176    -0.01781733    -0.00508158
-0.08173545    -0.031163    -0.03256273    -0.1222775    0.1816679    0.01452004    -0.05522407    0.03508293    0.0433162    -0.0399718    -0.07097652    1    -0.0791724    -0.5835572    0.1192374    0.04309511    -0.02085941    0.009273937    0.03100812    -0.005797631    -0.0253196    0.01071204    0.02929325    0.002273138    0.01256173
-0.1349497    0.00553076    -0.01975499    -0.07841976    0.06915276    -0.03390074    0.009204831    0.05235863    0.008523012    -0.02940308    -0.6286305    -0.0791724    1    -0.02143606    -0.3763256    -0.02343641    -0.004841111    0.01775051    -0.02700405    0.04102495    -0.01011528    -0.01597662    -0.01409992    0.02224878    0.04379456
0.04060273    -0.09268284    -0.07509917    0.06195382    -0.03202071    -0.01608421    0.02227046    0.01456912    -0.01182069    0.009640102    -0.03675972    -0.5835572    -0.02143606    1    -0.4130093    -0.02140191    -0.004567032    0.002897947    -0.02634923    0.00771561    -0.006369614    0.03888508    0.00355608    -0.02228509    0.01779354
0.006473677    0.07622175    0.134287    0.01471666    -0.04796313    -0.03610334    0.02303321    0.04019639    -0.03052122    0.0198546    0.02730792    0.1192374    -0.3763256    -0.4130093    1    -0.009301442    0.01479668    -0.03400993    0.000486546    -0.03040818    0.01189261    -0.02968678    0.001482686    0.0272841    -0.07405105
-0.01463525    -0.04980882    -0.01457506    -0.02608941    -0.001656392    0.07850804    -0.0856209    -0.1056197    0.1133986    0.0007486661    0.01734315    0.04309511    -0.02343641    -0.02140191    -0.009301442    1    -0.001034051    -0.579239    -0.05867098    -0.04234761    -0.01851948    -0.01934781    0.04737624    0.03829547    -0.048897
0.05181037    0.02939106    -0.09599375    -0.01004011    0.007903905    -0.1199364    0.01882001    -0.01655692    -0.1316171    0.1588583    0.03201973    -0.02085941    -0.004841111    -0.004567032    0.01479668    -0.001034051    1    -0.09055389    -0.6628608    0.215994    0.07440439    -0.04038257    -0.09509261    0.00215162    0.06618737
0.01589474    0.0282521    0.01263565    -0.002437374    -0.01744658    -0.07392843    -0.04591214    -0.05189201    -0.1173357    0.1232686    0.01787652    0.009273937    0.01775051    0.002897947    -0.03400993    -0.579239    -0.09055389    1    -0.07619338    -0.3353676    0.01143923    0.006044124    -0.04063967    0.008111742    0.0557146
-0.02019697    -0.02032628    0.05974952    0.03188205    -0.02147395    0.07351146    -0.08652181    -0.07081788    0.1024472    -0.03780868    0.02694501    0.03100812    -0.02700405    -0.02634923    0.000486546    -0.05867098    -0.6628608    -0.07619338    1    -0.4102918    -0.03696203    0.006850431    0.009958083    -0.002861585    0.01298676
-0.02471695    -0.005364617    -0.008053537    0.02076203    0.04351178    -0.01079453    0.1234961    0.1678069    0.009415141    -0.1402384    -0.04629005    -0.005797631    0.04102495    0.00771561    -0.03040818    -0.04234761    0.215994    -0.3353676    -0.4102918    1    -0.04289265    -0.009325183    0.05805759    0.004180092    -0.0614781
0.03437997    0.09137606    -0.0282498    -0.06267917    -0.01490849    -0.05165273    0.01036526    0.05209871    -0.0559794    -0.01781685    -0.02351655    -0.0253196    -0.01011528    -0.006369614    0.01189261    -0.01851948    0.07440439    0.01143923    -0.03696203    -0.04289265    1    0.05016715    -0.7652618    -0.2164396    0.2527462
0.0118504    0.02017316    -0.03646998    -0.00562831    0.06909219    -0.0109453    -0.05142762    0.007701425    0.03284542    0.00212986    0.001943714    0.01071204    -0.01597662    0.03888508    -0.02968678    -0.01934781    -0.04038257    0.006044124    0.006850431    -0.009325183    0.05016715    1    0.07725506    -0.7808682    0.1179414
-0.05521378    -0.0905782    0.04630968    0.06456302    0.03044412    0.03787385    -0.002471616    -0.03157911    0.02223687    0.01885178    0.03962176    0.02929325    -0.01409992    0.00355608    0.001482686    0.04737624    -0.09509261    -0.04063967    0.009958083    0.05805759    -0.7652618    0.07725506    1    0.210168    -0.6410685
-0.04937845    -0.007137837    0.04341287    -0.01676349    -0.02136077    0.01497851    0.002258897    -0.02880807    -0.03800422    0.04654033    -0.01781733    0.002273138    0.02224878    -0.02228509    0.0272841    0.03829547    0.00215162    0.008111742    -0.002861585    0.004180092    -0.2164396    -0.7808682    0.210168    1    -0.5415401
0.04489279    0.03820798    -0.03638966    -0.01672736    -0.03212349    0.02757054    -0.009387342    -0.01818132    0.05031363    -0.03285333    -0.00508158    0.01256173    0.04379456    0.01779354    -0.07405105    -0.048897    0.06618737    0.0557146    0.01298676    -0.0614781    0.2527462    0.1179414    -0.6410685    -0.5415401    1
