1    0.02409479    -0.5540134    0.007876378    0.0002197257    0.02967009    0.01452004    -0.03390074    -0.01608421    -0.03610334    0.07850804    -0.1199364    -0.07392843    0.07351146    -0.01079453    0.1061166    -0.1390691    -0.07156354    0.1135913    -0.0085219
0.02409479    1    -0.07524301    -0.5866202    0.1660791    -0.01732409    -0.05522407    0.009204831    0.02227046    0.02303321    -0.0856209    0.01882001    -0.04591214    -0.08652181    0.1234961    -0.0288178    -0.094836    -0.0138577    -0.01194589    0.101067
-0.5540134    -0.07524301    1    -0.01726578    -0.3431392    -0.08249017    0.03508293    0.05235863    0.01456912    0.04019639    -0.1056197    -0.01655692    -0.05189201    -0.07081788    0.1678069    -0.0341071    0.03745046    -0.08180445    -0.07184555    0.1652422
0.007876378    -0.5866202    -0.01726578    1    -0.4829047    -0.01219593    0.0433162    0.008523012    -0.01182069    -0.03052122    0.1133986    -0.1316171    -0.1173357    0.1024472    0.009415141    0.1315022    -0.04681404    -0.1148266    0.0604614    0.01434812
0.0002197257    0.1660791    -0.3431392    -0.4829047    1    0.01578425    -0.0399718    -0.02940308    0.009640102    0.0198546    0.0007486661    0.1588583    0.1232686    -0.03780868    -0.1402384    -0.1094048    0.07632518    0.1637693    -0.02960953    -0.1293668
0.02967009    -0.01732409    -0.08249017    -0.01219593    0.01578425    1    -0.07097652    -0.6286305    -0.03675972    0.02730792    0.01734315    0.03201973    0.01787652    0.02694501    -0.04629005    0.03781313    -0.03002141    -0.02381871    0.05570847    -0.01952734
0.01452004    -0.05522407    0.03508293    0.0433162    -0.0399718    -0.07097652    1    -0.0791724    -0.5835572    0.1192374    0.04309511    -0.02085941    0.009273937    0.03100812    -0.005797631    -0.08403931    0.0689415    0.09615588    -0.07018423    -0.06840785
-0.03390074    0.009204831    0.05235863    0.008523012    -0.02940308    -0.6286305    -0.0791724    1    -0.02143606    -0.3763256    -0.02343641    -0.004841111    0.01775051    -0.02700405    0.04102495    -0.07887992    0.08133747    0.08272933    -0.0544145    -0.04933881
-0.01608421    0.02227046    0.01456912    -0.01182069    0.009640102    -0.03675972    -0.5835572    -0.02143606    1    -0.4130093    -0.02140191    -0.004567032    0.002897947    -0.02634923    0.00771561    0.098249    -0.0008247505    -0.05404453    0.006862059    0.003126215
-0.03610334    0.02303321    0.04019639    -0.03052122    0.0198546    0.02730792    0.1192374    -0.3763256    -0.4130093    1    -0.009301442    0.01479668    -0.03400993    0.000486546    -0.03040818    -0.02761062    -0.04163411    -0.03217663    0.004033324    0.09208734
0.07850804    -0.0856209    -0.1056197    0.1133986    0.0007486661    0.01734315    0.04309511    -0.02343641    -0.02140191    -0.009301442    1    -0.001034051    -0.579239    -0.05867098    -0.04234761    0.1109205    -0.004050961    -0.06296749    0.02642134    -0.02400149
-0.1199364    0.01882001    -0.01655692    -0.1316171    0.1588583    0.03201973    -0.02085941    -0.004841111    -0.004567032    0.01479668    -0.001034051    1    -0.09055389    -0.6628608    0.215994    -0.07196645    0.07599629    0.1315791    -0.08566231    -0.09080741
-0.07392843    -0.04591214    -0.05189201    -0.1173357    0.1232686    0.01787652    0.009273937    0.01775051    0.002897947    -0.03400993    -0.579239    -0.09055389    1    -0.07619338    -0.3353676    -0.1431636    0.06059555    0.1288552    -0.02151117    -0.06232165
0.07351146    -0.08652181    -0.07081788    0.1024472    -0.03780868    0.02694501    0.03100812    -0.02700405    -0.02634923    0.000486546    -0.05867098    -0.6628608    -0.07619338    1    -0.4102918    0.05998009    -0.03182478    -0.06219299    0.0841634    -0.0231779
-0.01079453    0.1234961    0.1678069    0.009415141    -0.1402384    -0.04629005    -0.005797631    0.04102495    0.00771561    -0.03040818    -0.04234761    0.215994    -0.3353676    -0.4102918    1    0.01610908    -0.06477559    -0.04744043    -0.01857002    0.09255895
0.1061166    -0.0288178    -0.0341071    0.1315022    -0.1094048    0.03781313    -0.08403931    -0.07887992    0.098249    -0.02761062    0.1109205    -0.07196645    -0.1431636    0.05998009    0.01610908    1    0.0416845    -0.7534453    -0.07856249    0.08736875
-0.1390691    -0.094836    0.03745046    -0.04681404    0.07632518    -0.03002141    0.0689415    0.08133747    -0.0008247505    -0.04163411    -0.004050961    0.07599629    0.06059555    -0.03182478    -0.06477559    0.0416845    1    -0.220745    -0.7680268    0.1760315
-0.07156354    -0.0138577    -0.08180445    -0.1148266    0.1637693    -0.02381871    0.09615588    0.08272933    -0.05404453    -0.03217663    -0.06296749    0.1315791    0.1288552    -0.06219299    -0.04744043    -0.7534453    -0.220745    1    0.05457984    -0.4539195
0.1135913    -0.01194589    -0.07184555    0.0604614    -0.02960953    0.05570847    -0.07018423    -0.0544145    0.006862059    0.004033324    0.02642134    -0.08566231    -0.02151117    0.0841634    -0.01857002    -0.07856249    -0.7680268    0.05457984    1    -0.3206691
-0.0085219    0.101067    0.1652422    0.01434812    -0.1293668    -0.01952734    -0.06840785    -0.04933881    0.003126215    0.09208734    -0.02400149    -0.09080741    -0.06232165    -0.0231779    0.09255895    0.08736875    0.1760315    -0.4539195    -0.3206691    1
