1    -0.06409369    -0.6033327    -0.117936    0.005767962    -0.0192144    -0.05264847    0.006246816    0.01408952    0.03757521
-0.06409369    1    -0.09900662    -0.5676348    0.03544622    0.02029376    0.01492477    -0.02422817    -0.03500459    0.02388229
-0.6033327    -0.09900662    1    -0.06336199    -0.3576137    0.07038841    0.03111335    -0.04758121    -0.02866881    -0.04591984
-0.117936    -0.5676348    -0.06336199    1    -0.2964738    -0.01681301    0.03903336    -0.008420048    0.008409884    -0.0006851304
0.005767962    0.03544622    -0.3576137    -0.2964738    1    -0.0152668    0.00255632    0.05817463    -0.01399667    0.01138284
-0.0192144    0.02029376    0.07038841    -0.01681301    -0.0152668    1    -0.001034051    -0.579239    -0.05867098    -0.04234761
-0.05264847    0.01492477    0.03111335    0.03903336    0.00255632    -0.001034051    1    -0.09055389    -0.6628608    0.215994
0.006246816    -0.02422817    -0.04758121    -0.008420048    0.05817463    -0.579239    -0.09055389    1    -0.07619338    -0.3353676
0.01408952    -0.03500459    -0.02866881    0.008409884    -0.01399667    -0.05867098    -0.6628608    -0.07619338    1    -0.4102918
0.03757521    0.02388229    -0.04591984    -0.0006851304    0.01138284    -0.04234761    0.215994    -0.3353676    -0.4102918    1
