1    -0.001034051    -0.579239    -0.05867098    -0.04234761    -0.0226617    0.03268199    0.0183719    0.0008472658    -0.02138866
-0.001034051    1    -0.09055389    -0.6628608    0.215994    -0.03465394    0.04693583    0.04803334    -0.02190575    -0.006533391
-0.579239    -0.09055389    1    -0.07619338    -0.3353676    0.0062441    0.01988326    0.01755719    -0.009669229    -0.02057405
-0.05867098    -0.6628608    -0.07619338    1    -0.4102918    0.03098912    -0.02708089    -0.01663068    0.03465002    -0.01942313
-0.04234761    0.215994    -0.3353676    -0.4102918    1    -0.02491184    -0.06694385    -0.03036373    0.0292404    0.03339845
-0.0226617    -0.03465394    0.0062441    0.03098912    -0.02491184    1    0.1113    -0.7716235    -0.2948739    0.2616917
0.03268199    0.04693583    0.01988326    -0.02708089    -0.06694385    0.1113    1    0.1167179    -0.7951628    0.1122501
0.0183719    0.04803334    0.01755719    -0.01663068    -0.03036373    -0.7716235    0.1167179    1    0.2636114    -0.66048
0.0008472658    -0.02190575    -0.009669229    0.03465002    0.0292404    -0.2948739    -0.7951628    0.2636114    1    -0.5298588
-0.02138866    -0.006533391    -0.02057405    -0.01942313    0.03339845    0.2616917    0.1122501    -0.66048    -0.5298588    1
