1    0.02409479    -0.5540134    0.007876378    0.0002197257    0.02967009    0.01452004    -0.03390074    -0.01608421    -0.03610334    0.07850804    -0.1199364    -0.07392843    0.07351146    -0.01079453    0.02472382    -0.009654187    -0.03380959    0.009489852    -0.003598791
0.02409479    1    -0.07524301    -0.5866202    0.1660791    -0.01732409    -0.05522407    0.009204831    0.02227046    0.02303321    -0.0856209    0.01882001    -0.04591214    -0.08652181    0.1234961    -0.05618104    -0.02300724    0.04975993    0.01520991    0.01390146
-0.5540134    -0.07524301    1    -0.01726578    -0.3431392    -0.08249017    0.03508293    0.05235863    0.01456912    0.04019639    -0.1056197    -0.01655692    -0.05189201    -0.07081788    0.1678069    -0.04189797    0.01679698    0.06587901    0.003467641    -0.01290093
0.007876378    -0.5866202    -0.01726578    1    -0.4829047    -0.01219593    0.0433162    0.008523012    -0.01182069    -0.03052122    0.1133986    -0.1316171    -0.1173357    0.1024472    0.009415141    0.03813303    0.08315493    -0.02886708    -0.06866344    0.0142449
0.0002197257    0.1660791    -0.3431392    -0.4829047    1    0.01578425    -0.0399718    -0.02940308    0.009640102    0.0198546    0.0007486661    0.1588583    0.1232686    -0.03780868    -0.1402384    0.03365253    -0.05684024    -0.03726462    0.02401851    0.003101354
0.02967009    -0.01732409    -0.08249017    -0.01219593    0.01578425    1    -0.07097652    -0.6286305    -0.03675972    0.02730792    0.01734315    0.03201973    0.01787652    0.02694501    -0.04629005    -0.06529257    -0.0003960833    0.02345897    0.02341853    0.02265795
0.01452004    -0.05522407    0.03508293    0.0433162    -0.0399718    -0.07097652    1    -0.0791724    -0.5835572    0.1192374    0.04309511    -0.02085941    0.009273937    0.03100812    -0.005797631    -0.01679266    0.01986786    0.01770738    -0.03331998    -0.0006170207
-0.03390074    0.009204831    0.05235863    0.008523012    -0.02940308    -0.6286305    -0.0791724    1    -0.02143606    -0.3763256    -0.02343641    -0.004841111    0.01775051    -0.02700405    0.04102495    0.04576291    -0.007777755    -0.01470691    -0.01861157    -0.01857027
-0.01608421    0.02227046    0.01456912    -0.01182069    0.009640102    -0.03675972    -0.5835572    -0.02143606    1    -0.4130093    -0.02140191    -0.004567032    0.002897947    -0.02634923    0.00771561    0.02808875    -0.01766879    -0.02719183    0.01045688    -0.001650366
-0.03610334    0.02303321    0.04019639    -0.03052122    0.0198546    0.02730792    0.1192374    -0.3763256    -0.4130093    1    -0.009301442    0.01479668    -0.03400993    0.000486546    -0.03040818    -0.0136799    0.03610286    -0.01753913    -0.04906919    0.06720939
0.07850804    -0.0856209    -0.1056197    0.1133986    0.0007486661    0.01734315    0.04309511    -0.02343641    -0.02140191    -0.009301442    1    -0.001034051    -0.579239    -0.05867098    -0.04234761    0.03893228    0.02095926    -0.0142347    -0.002759561    -0.01237588
-0.1199364    0.01882001    -0.01655692    -0.1316171    0.1588583    0.03201973    -0.02085941    -0.004841111    -0.004567032    0.01479668    -0.001034051    1    -0.09055389    -0.6628608    0.215994    -0.01637655    -0.04991467    -0.003572865    0.003644087    -0.01400153
-0.07392843    -0.04591214    -0.05189201    -0.1173357    0.1232686    0.01787652    0.009273937    0.01775051    0.002897947    -0.03400993    -0.579239    -0.09055389    1    -0.07619338    -0.3353676    -0.01458018    -0.03904788    -0.01586466    0.02239175    0.03786679
0.07351146    -0.08652181    -0.07081788    0.1024472    -0.03780868    0.02694501    0.03100812    -0.02700405    -0.02634923    0.000486546    -0.05867098    -0.6628608    -0.07619338    1    -0.4102918    0.02502791    0.0184127    -0.03004902    -0.01615896    0.05792802
-0.01079453    0.1234961    0.1678069    0.009415141    -0.1402384    -0.04629005    -0.005797631    0.04102495    0.00771561    -0.03040818    -0.04234761    0.215994    -0.3353676    -0.4102918    1    -0.01159456    0.01683046    0.03064792    0.01899144    -0.0498277
0.02472382    -0.05618104    -0.04189797    0.03813303    0.03365253    -0.06529257    -0.01679266    0.04576291    0.02808875    -0.0136799    0.03893228    -0.01637655    -0.01458018    0.02502791    -0.01159456    1    0.2292549    -0.7925327    -0.3398313    0.2443113
-0.009654187    -0.02300724    0.01679698    0.08315493    -0.05684024    -0.0003960833    0.01986786    -0.007777755    -0.01766879    0.03610286    0.02095926    -0.04991467    -0.03904788    0.0184127    0.01683046    0.2292549    1    0.0582692    -0.7753216    0.1000554
-0.03380959    0.04975993    0.06587901    -0.02886708    -0.03726462    0.02345897    0.01770738    -0.01470691    -0.02719183    -0.01753913    -0.0142347    -0.003572865    -0.01586466    -0.03004902    0.03064792    -0.7925327    0.0582692    1    0.2852451    -0.6086443
0.009489852    0.01520991    0.003467641    -0.06866344    0.02401851    0.02341853    -0.03331998    -0.01861157    0.01045688    -0.04906919    -0.002759561    0.003644087    0.02239175    -0.01615896    0.01899144    -0.3398313    -0.7753216    0.2852451    1    -0.503745
-0.003598791    0.01390146    -0.01290093    0.0142449    0.003101354    0.02265795    -0.0006170207    -0.01857027    -0.001650366    0.06720939    -0.01237588    -0.01400153    0.03786679    0.05792802    -0.0498277    0.2443113    0.1000554    -0.6086443    -0.503745    1
