1    -0.001034051    -0.579239    -0.05867098    -0.04234761    -0.03499571    -0.02210699    -0.01705372    0.01056814    0.03756697
-0.001034051    1    -0.09055389    -0.6628608    0.215994    -0.01041792    0.02778498    0.02516187    -0.004270938    -0.05003262
-0.579239    -0.09055389    1    -0.07619338    -0.3353676    0.0291913    0.004906501    0.006155151    0.0153602    -0.02071986
-0.05867098    -0.6628608    -0.07619338    1    -0.4102918    0.02391945    -0.05518199    -0.01740412    0.04286226    0.01814029
-0.04234761    0.215994    -0.3353676    -0.4102918    1    -0.02039004    0.0556996    0.03311863    -0.04721398    -0.02427176
-0.03499571    -0.01041792    0.0291913    0.02391945    -0.02039004    1    -0.01208665    -0.7751805    -0.07643994    0.1642374
-0.02210699    0.02778498    0.004906501    -0.05518199    0.0556996    -0.01208665    1    0.1663351    -0.7695498    0.07538156
-0.01705372    0.02516187    0.006155151    -0.01740412    0.03311863    -0.7751805    0.1663351    1    0.03349777    -0.5361289
0.01056814    -0.004270938    0.0153602    0.04286226    -0.04721398    -0.07643994    -0.7695498    0.03349777    1    -0.4759833
0.03756697    -0.05003262    -0.02071986    0.01814029    -0.02427176    0.1642374    0.07538156    -0.5361289    -0.4759833    1
