1    -0.001034051    -0.579239    -0.05867098    -0.04234761    0.1109205    -0.004050961    -0.06296749    0.02642134    -0.02400149
-0.001034051    1    -0.09055389    -0.6628608    0.215994    -0.07196645    0.07599629    0.1315791    -0.08566231    -0.09080741
-0.579239    -0.09055389    1    -0.07619338    -0.3353676    -0.1431636    0.06059555    0.1288552    -0.02151117    -0.06232165
-0.05867098    -0.6628608    -0.07619338    1    -0.4102918    0.05998009    -0.03182478    -0.06219299    0.0841634    -0.0231779
-0.04234761    0.215994    -0.3353676    -0.4102918    1    0.01610908    -0.06477559    -0.04744043    -0.01857002    0.09255895
0.1109205    -0.07196645    -0.1431636    0.05998009    0.01610908    1    0.0416845    -0.7534453    -0.07856249    0.08736875
-0.004050961    0.07599629    0.06059555    -0.03182478    -0.06477559    0.0416845    1    -0.220745    -0.7680268    0.1760315
-0.06296749    0.1315791    0.1288552    -0.06219299    -0.04744043    -0.7534453    -0.220745    1    0.05457984    -0.4539195
0.02642134    -0.08566231    -0.02151117    0.0841634    -0.01857002    -0.07856249    -0.7680268    0.05457984    1    -0.3206691
-0.02400149    -0.09080741    -0.06232165    -0.0231779    0.09255895    0.08736875    0.1760315    -0.4539195    -0.3206691    1
