1    -0.001034051    -0.579239    -0.05867098    -0.04234761    0.04788554    0.01352129    -0.04467303    0.02231296    -0.001721639
-0.001034051    1    -0.09055389    -0.6628608    0.215994    -0.08707434    0.09998931    0.07989309    -0.07846019    0.03452133
-0.579239    -0.09055389    1    -0.07619338    -0.3353676    -0.07442291    0.0581552    0.1236783    -0.01740772    -0.05334363
-0.05867098    -0.6628608    -0.07619338    1    -0.4102918    0.09478275    -0.02827084    -0.04236291    0.06501604    -0.07337275
-0.04234761    0.215994    -0.3353676    -0.4102918    1    -0.01371178    -0.07122969    -0.02631264    0.007825152    0.07061295
0.04788554    -0.08707434    -0.07442291    0.09478275    -0.01371178    1    0.002486199    -0.6084731    0.05587275    -0.03522792
0.01352129    0.09998931    0.0581552    -0.02827084    -0.07122969    0.002486199    1    -0.2610428    -0.5998652    0.2709889
-0.04467303    0.07989309    0.1236783    -0.04236291    -0.02631264    -0.6084731    -0.2610428    1    0.02869043    -0.4800809
0.02231296    -0.07846019    -0.01740772    0.06501604    0.007825152    0.05587275    -0.5998652    0.02869043    1    -0.3962035
-0.001721639    0.03452133    -0.05334363    -0.07337275    0.07061295    -0.03522792    0.2709889    -0.4800809    -0.3962035    1
