1    0.02409479    -0.5540134    0.007876378    0.0002197257    0.02967009    0.01452004    -0.03390074    -0.01608421    -0.03610334    0.07850804    -0.1199364    -0.07392843    0.07351146    -0.01079453    0.001167938    0.05053197    -0.01818723    0.04460723    -0.02469238
0.02409479    1    -0.07524301    -0.5866202    0.1660791    -0.01732409    -0.05522407    0.009204831    0.02227046    0.02303321    -0.0856209    0.01882001    -0.04591214    -0.08652181    0.1234961    -0.05885864    0.0583429    0.05671484    -0.03082633    -0.03504148
-0.5540134    -0.07524301    1    -0.01726578    -0.3431392    -0.08249017    0.03508293    0.05235863    0.01456912    0.04019639    -0.1056197    -0.01655692    -0.05189201    -0.07081788    0.1678069    -0.03250702    0.0261017    0.07046367    -0.03621001    -0.03441768
0.007876378    -0.5866202    -0.01726578    1    -0.4829047    -0.01219593    0.0433162    0.008523012    -0.01182069    -0.03052122    0.1133986    -0.1316171    -0.1173357    0.1024472    0.009415141    0.03809489    -0.01927009    0.02828198    0.01954596    -0.05823883
0.0002197257    0.1660791    -0.3431392    -0.4829047    1    0.01578425    -0.0399718    -0.02940308    0.009640102    0.0198546    0.0007486661    0.1588583    0.1232686    -0.03780868    -0.1402384    -0.005129683    -0.05665335    -0.05422545    0.02654571    0.04879514
0.02967009    -0.01732409    -0.08249017    -0.01219593    0.01578425    1    -0.07097652    -0.6286305    -0.03675972    0.02730792    0.01734315    0.03201973    0.01787652    0.02694501    -0.04629005    0.1247479    0.03731564    -0.05032255    0.01771883    -0.06651712
0.01452004    -0.05522407    0.03508293    0.0433162    -0.0399718    -0.07097652    1    -0.0791724    -0.5835572    0.1192374    0.04309511    -0.02085941    0.009273937    0.03100812    -0.005797631    -0.01358936    0.1224614    0.04695277    -0.0454947    -0.04076742
-0.03390074    0.009204831    0.05235863    0.008523012    -0.02940308    -0.6286305    -0.0791724    1    -0.02143606    -0.3763256    -0.02343641    -0.004841111    0.01775051    -0.02700405    0.04102495    -0.07272416    0.01843433    0.1040985    -0.02393191    -0.04458224
-0.01608421    0.02227046    0.01456912    -0.01182069    0.009640102    -0.03675972    -0.5835572    -0.02143606    1    -0.4130093    -0.02140191    -0.004567032    0.002897947    -0.02634923    0.00771561    -0.03432942    -0.06872039    0.03435553    0.0737631    -0.04120934
-0.03610334    0.02303321    0.04019639    -0.03052122    0.0198546    0.02730792    0.1192374    -0.3763256    -0.4130093    1    -0.009301442    0.01479668    -0.03400993    0.000486546    -0.03040818    -0.03539781    -0.01407046    -0.07228424    -0.02006017    0.1893294
0.07850804    -0.0856209    -0.1056197    0.1133986    0.0007486661    0.01734315    0.04309511    -0.02343641    -0.02140191    -0.009301442    1    -0.001034051    -0.579239    -0.05867098    -0.04234761    0.07484761    -0.01597461    -0.049203    0.07849913    -0.07678051
-0.1199364    0.01882001    -0.01655692    -0.1316171    0.1588583    0.03201973    -0.02085941    -0.004841111    -0.004567032    0.01479668    -0.001034051    1    -0.09055389    -0.6628608    0.215994    -0.06771765    0.1236452    0.06226058    -0.05879155    0.002915948
-0.07392843    -0.04591214    -0.05189201    -0.1173357    0.1232686    0.01787652    0.009273937    0.01775051    0.002897947    -0.03400993    -0.579239    -0.09055389    1    -0.07619338    -0.3353676    -0.06700186    0.1008299    0.09021291    -0.1016921    0.006992843
0.07351146    -0.08652181    -0.07081788    0.1024472    -0.03780868    0.02694501    0.03100812    -0.02700405    -0.02634923    0.000486546    -0.05867098    -0.6628608    -0.07619338    1    -0.4102918    0.0406931    -0.09395322    0.004966285    0.08527794    -0.06502711
-0.01079453    0.1234961    0.1678069    0.009415141    -0.1402384    -0.04629005    -0.005797631    0.04102495    0.00771561    -0.03040818    -0.04234761    0.215994    -0.3353676    -0.4102918    1    -0.004873319    -0.03541442    -0.05105197    0.03320421    0.1093209
0.001167938    -0.05885864    -0.03250702    0.03809489    -0.005129683    0.1247479    -0.01358936    -0.07272416    -0.03432942    -0.03539781    0.07484761    -0.06771765    -0.06700186    0.0406931    -0.004873319    1    0.1817067    -0.7009072    -0.08989701    0.03300119
0.05053197    0.0583429    0.0261017    -0.01927009    -0.05665335    0.03731564    0.1224614    0.01843433    -0.06872039    -0.01407046    -0.01597461    0.1236452    0.1008299    -0.09395322    -0.03541442    0.1817067    1    -0.3427951    -0.6935129    0.2865004
-0.01818723    0.05671484    0.07046367    0.02828198    -0.05422545    -0.05032255    0.04695277    0.1040985    0.03435553    -0.07228424    -0.049203    0.06226058    0.09021291    0.004966285    -0.05105197    -0.7009072    -0.3427951    1    0.168816    -0.5352536
0.04460723    -0.03082633    -0.03621001    0.01954596    0.02654571    0.01771883    -0.0454947    -0.02393191    0.0737631    -0.02006017    0.07849913    -0.05879155    -0.1016921    0.08527794    0.03320421    -0.08989701    -0.6935129    0.168816    1    -0.3929891
-0.02469238    -0.03504148    -0.03441768    -0.05823883    0.04879514    -0.06651712    -0.04076742    -0.04458224    -0.04120934    0.1893294    -0.07678051    0.002915948    0.006992843    -0.06502711    0.1093209    0.03300119    0.2865004    -0.5352536    -0.3929891    1
