1    -0.07097652    -0.6286305    -0.03675972    0.02730792    0.01734315    0.03201973    0.01787652    0.02694501    -0.04629005    0.01970555    0.0154432    0.007161051    -0.0005766117    -0.02688109
-0.07097652    1    -0.0791724    -0.5835572    0.1192374    0.04309511    -0.02085941    0.009273937    0.03100812    -0.005797631    -0.02747831    0.02247946    0.02322181    -0.02151413    0.02299466
-0.6286305    -0.0791724    1    -0.02143606    -0.3763256    -0.02343641    -0.004841111    0.01775051    -0.02700405    0.04102495    -0.04165948    -0.008590085    0.007396407    0.01399119    0.05559153
-0.03675972    -0.5835572    -0.02143606    1    -0.4130093    -0.02140191    -0.004567032    0.002897947    -0.02634923    0.00771561    0.01428466    -0.01961449    -0.01446601    -0.004889629    0.02144547
0.02730792    0.1192374    -0.3763256    -0.4130093    1    -0.009301442    0.01479668    -0.03400993    0.000486546    -0.03040818    0.02706958    0.03065255    -0.005476183    -0.02227172    -0.05765191
0.01734315    0.04309511    -0.02343641    -0.02140191    -0.009301442    1    -0.001034051    -0.579239    -0.05867098    -0.04234761    -0.03499571    -0.02210699    -0.01705372    0.01056814    0.03756697
0.03201973    -0.02085941    -0.004841111    -0.004567032    0.01479668    -0.001034051    1    -0.09055389    -0.6628608    0.215994    -0.01041792    0.02778498    0.02516187    -0.004270938    -0.05003262
0.01787652    0.009273937    0.01775051    0.002897947    -0.03400993    -0.579239    -0.09055389    1    -0.07619338    -0.3353676    0.0291913    0.004906501    0.006155151    0.0153602    -0.02071986
0.02694501    0.03100812    -0.02700405    -0.02634923    0.000486546    -0.05867098    -0.6628608    -0.07619338    1    -0.4102918    0.02391945    -0.05518199    -0.01740412    0.04286226    0.01814029
-0.04629005    -0.005797631    0.04102495    0.00771561    -0.03040818    -0.04234761    0.215994    -0.3353676    -0.4102918    1    -0.02039004    0.0556996    0.03311863    -0.04721398    -0.02427176
0.01970555    -0.02747831    -0.04165948    0.01428466    0.02706958    -0.03499571    -0.01041792    0.0291913    0.02391945    -0.02039004    1    -0.01208665    -0.7751805    -0.07643994    0.1642374
0.0154432    0.02247946    -0.008590085    -0.01961449    0.03065255    -0.02210699    0.02778498    0.004906501    -0.05518199    0.0556996    -0.01208665    1    0.1663351    -0.7695498    0.07538156
0.007161051    0.02322181    0.007396407    -0.01446601    -0.005476183    -0.01705372    0.02516187    0.006155151    -0.01740412    0.03311863    -0.7751805    0.1663351    1    0.03349777    -0.5361289
-0.0005766117    -0.02151413    0.01399119    -0.004889629    -0.02227172    0.01056814    -0.004270938    0.0153602    0.04286226    -0.04721398    -0.07643994    -0.7695498    0.03349777    1    -0.4759833
-0.02688109    0.02299466    0.05559153    0.02144547    -0.05765191    0.03756697    -0.05003262    -0.02071986    0.01814029    -0.02427176    0.1642374    0.07538156    -0.5361289    -0.4759833    1
