1    0.02409479    -0.5540134    0.007876378    0.0002197257    0.07850804    -0.1199364    -0.07392843    0.07351146    -0.01079453
0.02409479    1    -0.07524301    -0.5866202    0.1660791    -0.0856209    0.01882001    -0.04591214    -0.08652181    0.1234961
-0.5540134    -0.07524301    1    -0.01726578    -0.3431392    -0.1056197    -0.01655692    -0.05189201    -0.07081788    0.1678069
0.007876378    -0.5866202    -0.01726578    1    -0.4829047    0.1133986    -0.1316171    -0.1173357    0.1024472    0.009415141
0.0002197257    0.1660791    -0.3431392    -0.4829047    1    0.0007486661    0.1588583    0.1232686    -0.03780868    -0.1402384
0.07850804    -0.0856209    -0.1056197    0.1133986    0.0007486661    1    -0.001034051    -0.579239    -0.05867098    -0.04234761
-0.1199364    0.01882001    -0.01655692    -0.1316171    0.1588583    -0.001034051    1    -0.09055389    -0.6628608    0.215994
-0.07392843    -0.04591214    -0.05189201    -0.1173357    0.1232686    -0.579239    -0.09055389    1    -0.07619338    -0.3353676
0.07351146    -0.08652181    -0.07081788    0.1024472    -0.03780868    -0.05867098    -0.6628608    -0.07619338    1    -0.4102918
-0.01079453    0.1234961    0.1678069    0.009415141    -0.1402384    -0.04234761    0.215994    -0.3353676    -0.4102918    1
