1    -0.1750601    -0.4248295    0.2174913    0.002515153    -0.0002302685    0.008830815    0.02194881    -0.02481051    -0.00329147    0.08075505    -0.0814153    -0.123389    0.05311032    -0.002778924    -0.004397799    0.03244477    -0.01752443    0.02313683    0.01165497
-0.1750601    1    -0.01491714    -0.6222392    0.2333305    0.03620603    0.0005028798    -0.03072198    0.001767987    0.02003419    -0.0719787    0.003249465    -0.01112195    -0.1052954    0.138747    -0.01909599    -0.05930779    0.0008571432    0.05231601    -0.00602888
-0.4248295    -0.01491714    1    0.05952327    -0.5232977    -0.03216395    0.01451121    -0.03631537    -0.01417652    0.02564221    -0.06953674    -0.07467266    -0.009908414    -0.07318475    0.08299837    -0.05860122    -0.009676946    0.04873261    -0.01310751    -0.01145133
0.2174913    -0.6222392    0.05952327    1    -0.5990358    0.009883802    0.05891772    0.009009272    -0.04561708    -0.0295537    0.09278857    -0.1420433    -0.1142732    0.07970801    -0.004951339    -0.02894767    0.02304816    0.01548898    -0.01112047    -0.009114507
0.002515153    0.2333305    -0.5232977    -0.5990358    1    0.01306115    -0.02634003    0.02256312    0.03130724    -0.008612741    -0.04438436    0.1918576    0.1483007    -0.0002029361    -0.1180604    0.05702911    0.00405757    -0.05410037    0.009103666    0.01166044
-0.0002302685    0.03620603    -0.03216395    0.009883802    0.01306115    1    0.02409479    -0.5540134    0.007876378    0.0002197257    0.02967009    0.01452004    -0.03390074    -0.01608421    -0.03610334    0.07850804    -0.1199364    -0.07392843    0.07351146    -0.01079453
0.008830815    0.0005028798    0.01451121    0.05891772    -0.02634003    0.02409479    1    -0.07524301    -0.5866202    0.1660791    -0.01732409    -0.05522407    0.009204831    0.02227046    0.02303321    -0.0856209    0.01882001    -0.04591214    -0.08652181    0.1234961
0.02194881    -0.03072198    -0.03631537    0.009009272    0.02256312    -0.5540134    -0.07524301    1    -0.01726578    -0.3431392    -0.08249017    0.03508293    0.05235863    0.01456912    0.04019639    -0.1056197    -0.01655692    -0.05189201    -0.07081788    0.1678069
-0.02481051    0.001767987    -0.01417652    -0.04561708    0.03130724    0.007876378    -0.5866202    -0.01726578    1    -0.4829047    -0.01219593    0.0433162    0.008523012    -0.01182069    -0.03052122    0.1133986    -0.1316171    -0.1173357    0.1024472    0.009415141
-0.00329147    0.02003419    0.02564221    -0.0295537    -0.008612741    0.0002197257    0.1660791    -0.3431392    -0.4829047    1    0.01578425    -0.0399718    -0.02940308    0.009640102    0.0198546    0.0007486661    0.1588583    0.1232686    -0.03780868    -0.1402384
0.08075505    -0.0719787    -0.06953674    0.09278857    -0.04438436    0.02967009    -0.01732409    -0.08249017    -0.01219593    0.01578425    1    -0.07097652    -0.6286305    -0.03675972    0.02730792    0.01734315    0.03201973    0.01787652    0.02694501    -0.04629005
-0.0814153    0.003249465    -0.07467266    -0.1420433    0.1918576    0.01452004    -0.05522407    0.03508293    0.0433162    -0.0399718    -0.07097652    1    -0.0791724    -0.5835572    0.1192374    0.04309511    -0.02085941    0.009273937    0.03100812    -0.005797631
-0.123389    -0.01112195    -0.009908414    -0.1142732    0.1483007    -0.03390074    0.009204831    0.05235863    0.008523012    -0.02940308    -0.6286305    -0.0791724    1    -0.02143606    -0.3763256    -0.02343641    -0.004841111    0.01775051    -0.02700405    0.04102495
0.05311032    -0.1052954    -0.07318475    0.07970801    -0.0002029361    -0.01608421    0.02227046    0.01456912    -0.01182069    0.009640102    -0.03675972    -0.5835572    -0.02143606    1    -0.4130093    -0.02140191    -0.004567032    0.002897947    -0.02634923    0.00771561
-0.002778924    0.138747    0.08299837    -0.004951339    -0.1180604    -0.03610334    0.02303321    0.04019639    -0.03052122    0.0198546    0.02730792    0.1192374    -0.3763256    -0.4130093    1    -0.009301442    0.01479668    -0.03400993    0.000486546    -0.03040818
-0.004397799    -0.01909599    -0.05860122    -0.02894767    0.05702911    0.07850804    -0.0856209    -0.1056197    0.1133986    0.0007486661    0.01734315    0.04309511    -0.02343641    -0.02140191    -0.009301442    1    -0.001034051    -0.579239    -0.05867098    -0.04234761
0.03244477    -0.05930779    -0.009676946    0.02304816    0.00405757    -0.1199364    0.01882001    -0.01655692    -0.1316171    0.1588583    0.03201973    -0.02085941    -0.004841111    -0.004567032    0.01479668    -0.001034051    1    -0.09055389    -0.6628608    0.215994
-0.01752443    0.0008571432    0.04873261    0.01548898    -0.05410037    -0.07392843    -0.04591214    -0.05189201    -0.1173357    0.1232686    0.01787652    0.009273937    0.01775051    0.002897947    -0.03400993    -0.579239    -0.09055389    1    -0.07619338    -0.3353676
0.02313683    0.05231601    -0.01310751    -0.01112047    0.009103666    0.07351146    -0.08652181    -0.07081788    0.1024472    -0.03780868    0.02694501    0.03100812    -0.02700405    -0.02634923    0.000486546    -0.05867098    -0.6628608    -0.07619338    1    -0.4102918
0.01165497    -0.00602888    -0.01145133    -0.009114507    0.01166044    -0.01079453    0.1234961    0.1678069    0.009415141    -0.1402384    -0.04629005    -0.005797631    0.04102495    0.00771561    -0.03040818    -0.04234761    0.215994    -0.3353676    -0.4102918    1
