2.610806e-06    -6.932331e-07    -1.302551e-06    1.299365e-06    -8.407168e-07    5.673226e-07    -2.321578e-06    -7.051509e-07    8.6406e-07    7.535675e-07    5.24531e-07    -2.889984e-06    -2.295124e-06    2.555046e-07    2.092748e-06
-6.932331e-07    1.820546e-06    1.15889e-06    -1.507002e-06    -4.918427e-07    -1.950789e-07    9.364641e-08    -5.447929e-07    -1.935975e-07    6.317815e-07    2.31753e-07    2.134733e-06    8.939391e-07    -8.578694e-07    -1.152142e-06
-1.302551e-06    1.15889e-06    4.416799e-06    1.066789e-09    -2.817883e-06    6.695324e-07    -3.862405e-06    -1.434532e-06    1.883113e-06    6.140289e-07    -1.092666e-06    1.628944e-07    1.60059e-06    -3.390203e-07    -3.610748e-07
1.299365e-06    -1.507002e-06    1.066789e-09    3.692722e-06    -1.906334e-06    2.434243e-06    -4.150309e-06    -2.813014e-06    2.123912e-06    8.726218e-07    -2.039507e-07    -5.213165e-06    -2.237312e-06    1.955653e-06    2.553193e-06
-8.407168e-07    -4.918427e-07    -2.817883e-06    -1.906334e-06    4.014613e-06    -2.408518e-06    5.872451e-06    3.275905e-06    -2.757112e-06    -1.468323e-06    6.080789e-08    3.146229e-06    1.184023e-06    -5.602989e-07    -1.64031e-06
5.673226e-07    -1.950789e-07    6.695324e-07    2.434243e-06    -2.408518e-06    3.754343e-06    -3.832111e-06    -4.291812e-06    2.138215e-06    9.871281e-07    5.059417e-07    -4.242076e-06    -3.149033e-06    1.601218e-06    2.472219e-06
-2.321578e-06    9.364641e-08    -3.862405e-06    -4.150309e-06    5.872451e-06    -3.832111e-06    1.135959e-05    5.702841e-06    -5.382542e-06    -2.633526e-06    5.212924e-07    7.553309e-06    3.714753e-06    -1.20115e-06    -4.758459e-06
-7.051509e-07    -5.447929e-07    -1.434532e-06    -2.813014e-06    3.275905e-06    -4.291812e-06    5.702841e-06    6.4487e-06    -3.053533e-06    -2.333134e-06    -3.802366e-07    5.208769e-06    3.898146e-06    -1.674692e-06    -3.220862e-06
8.6406e-07    -1.935975e-07    1.883113e-06    2.123912e-06    -2.757112e-06    2.138215e-06    -5.382542e-06    -3.053533e-06    3.048471e-06    1.052605e-06    -2.005035e-07    -3.718627e-06    -2.033643e-06    6.12237e-07    2.471756e-06
7.535675e-07    6.317815e-07    6.140289e-07    8.726218e-07    -1.468323e-06    9.871281e-07    -2.633526e-06    -2.333134e-06    1.052605e-06    1.67151e-06    3.985317e-08    -1.830977e-06    -1.036181e-06    4.908935e-07    9.713513e-07
5.24531e-07    2.31753e-07    -1.092666e-06    -2.039507e-07    6.080789e-08    5.059417e-07    5.212924e-07    -3.802366e-07    -2.005035e-07    3.985317e-08    2.012641e-06    -1.084462e-06    -2.528048e-06    5.52929e-07    8.895366e-07
-2.889984e-06    2.134733e-06    1.628944e-07    -5.213165e-06    3.146229e-06    -4.242076e-06    7.553309e-06    5.208769e-06    -3.718627e-06    -1.830977e-06    -1.084462e-06    1.231489e-05    7.399215e-06    -4.367598e-06    -6.808388e-06
-2.295124e-06    8.939391e-07    1.60059e-06    -2.237312e-06    1.184023e-06    -3.149033e-06    3.714753e-06    3.898146e-06    -2.033643e-06    -1.036181e-06    -2.528048e-06    7.399215e-06    8.376002e-06    -2.191953e-06    -5.799055e-06
2.555046e-07    -8.578694e-07    -3.390203e-07    1.955653e-06    -5.602989e-07    1.601218e-06    -1.20115e-06    -1.674692e-06    6.12237e-07    4.908935e-07    5.52929e-07    -4.367598e-06    -2.191953e-06    2.952375e-06    1.537028e-06
2.092748e-06    -1.152142e-06    -3.610748e-07    2.553193e-06    -1.64031e-06    2.472219e-06    -4.758459e-06    -3.220862e-06    2.471756e-06    9.713513e-07    8.895366e-07    -6.808388e-06    -5.799055e-06    1.537028e-06    5.02213e-06
