2.610806e-06    -6.932331e-07    -1.302551e-06    1.299365e-06    -8.407168e-07    5.24531e-07    -2.889984e-06    -2.295124e-06    2.555046e-07    2.092748e-06
-6.932331e-07    1.820546e-06    1.15889e-06    -1.507002e-06    -4.918427e-07    2.31753e-07    2.134733e-06    8.939391e-07    -8.578694e-07    -1.152142e-06
-1.302551e-06    1.15889e-06    4.416799e-06    1.066789e-09    -2.817883e-06    -1.092666e-06    1.628944e-07    1.60059e-06    -3.390203e-07    -3.610748e-07
1.299365e-06    -1.507002e-06    1.066789e-09    3.692722e-06    -1.906334e-06    -2.039507e-07    -5.213165e-06    -2.237312e-06    1.955653e-06    2.553193e-06
-8.407168e-07    -4.918427e-07    -2.817883e-06    -1.906334e-06    4.014613e-06    6.080789e-08    3.146229e-06    1.184023e-06    -5.602989e-07    -1.64031e-06
5.24531e-07    2.31753e-07    -1.092666e-06    -2.039507e-07    6.080789e-08    2.012641e-06    -1.084462e-06    -2.528048e-06    5.52929e-07    8.895366e-07
-2.889984e-06    2.134733e-06    1.628944e-07    -5.213165e-06    3.146229e-06    -1.084462e-06    1.231489e-05    7.399215e-06    -4.367598e-06    -6.808388e-06
-2.295124e-06    8.939391e-07    1.60059e-06    -2.237312e-06    1.184023e-06    -2.528048e-06    7.399215e-06    8.376002e-06    -2.191953e-06    -5.799055e-06
2.555046e-07    -8.578694e-07    -3.390203e-07    1.955653e-06    -5.602989e-07    5.52929e-07    -4.367598e-06    -2.191953e-06    2.952375e-06    1.537028e-06
2.092748e-06    -1.152142e-06    -3.610748e-07    2.553193e-06    -1.64031e-06    8.895366e-07    -6.808388e-06    -5.799055e-06    1.537028e-06    5.02213e-06
