3.754343e-06    -3.832111e-06    -4.291812e-06    2.138215e-06    9.871281e-07    5.059417e-07    -4.242076e-06    -3.149033e-06    1.601218e-06    2.472219e-06    -1.259616e-06    2.226387e-06    3.734236e-06    -7.458702e-07    -2.000488e-06
-3.832111e-06    1.135959e-05    5.702841e-06    -5.382542e-06    -2.633526e-06    5.212924e-07    7.553309e-06    3.714753e-06    -1.20115e-06    -4.758459e-06    1.565269e-06    -7.011365e-06    -5.673801e-06    2.65418e-06    3.026246e-06
-4.291812e-06    5.702841e-06    6.4487e-06    -3.053533e-06    -2.333134e-06    -3.802366e-07    5.208769e-06    3.898146e-06    -1.674692e-06    -3.220862e-06    1.738508e-06    -3.889431e-06    -4.974365e-06    1.359163e-06    2.84307e-06
2.138215e-06    -5.382542e-06    -3.053533e-06    3.048471e-06    1.052605e-06    -2.005035e-07    -3.718627e-06    -2.033643e-06    6.12237e-07    2.471756e-06    -8.959733e-07    3.416552e-06    2.882731e-06    -1.438193e-06    -1.421748e-06
9.871281e-07    -2.633526e-06    -2.333134e-06    1.052605e-06    1.67151e-06    3.985317e-08    -1.830977e-06    -1.036181e-06    4.908935e-07    9.713513e-07    -6.103325e-07    1.932214e-06    1.838677e-06    -4.447233e-07    -1.294567e-06
5.059417e-07    5.212924e-07    -3.802366e-07    -2.005035e-07    3.985317e-08    2.012641e-06    -1.084462e-06    -2.528048e-06    5.52929e-07    8.895366e-07    2.553276e-07    -1.958113e-07    3.984933e-07    8.723871e-07    -1.324464e-06
-4.242076e-06    7.553309e-06    5.208769e-06    -3.718627e-06    -1.830977e-06    -1.084462e-06    1.231489e-05    7.399215e-06    -4.367598e-06    -6.808388e-06    2.564107e-06    -7.045509e-06    -8.18513e-06    2.260757e-06    5.079671e-06
-3.149033e-06    3.714753e-06    3.898146e-06    -2.033643e-06    -1.036181e-06    -2.528048e-06    7.399215e-06    8.376002e-06    -2.191953e-06    -5.799055e-06    8.682828e-07    -4.288975e-06    -4.871944e-06    8.866675e-07    4.10197e-06
1.601218e-06    -1.20115e-06    -1.674692e-06    6.12237e-07    4.908935e-07    5.52929e-07    -4.367598e-06    -2.191953e-06    2.952375e-06    1.537028e-06    -1.406775e-06    1.221035e-06    3.2245e-06    -3.881893e-07    -1.821894e-06
2.472219e-06    -4.758459e-06    -3.220862e-06    2.471756e-06    9.713513e-07    8.895366e-07    -6.808388e-06    -5.799055e-06    1.537028e-06    5.02213e-06    -9.775096e-07    4.742435e-06    4.40335e-06    -1.580935e-06    -3.005428e-06
-1.259616e-06    1.565269e-06    1.738508e-06    -8.959733e-07    -6.103325e-07    2.553276e-07    2.564107e-06    8.682828e-07    -1.406775e-06    -9.775096e-07    1.596467e-06    -1.429157e-06    -2.774452e-06    9.084157e-07    8.853961e-07
2.226387e-06    -7.011365e-06    -3.889431e-06    3.416552e-06    1.932214e-06    -1.958113e-07    -7.045509e-06    -4.288975e-06    1.221035e-06    4.742435e-06    -1.429157e-06    6.479871e-06    4.988231e-06    -2.458281e-06    -2.908665e-06
3.734236e-06    -5.673801e-06    -4.974365e-06    2.882731e-06    1.838677e-06    3.984933e-07    -8.18513e-06    -4.871944e-06    3.2245e-06    4.40335e-06    -2.774452e-06    4.988231e-06    6.890727e-06    -1.949096e-06    -3.549198e-06
-7.458702e-07    2.65418e-06    1.359163e-06    -1.438193e-06    -4.447233e-07    8.723871e-07    2.260757e-06    8.866675e-07    -3.881893e-07    -1.580935e-06    9.084157e-07    -2.458281e-06    -1.949096e-06    1.660576e-06    3.2462e-07
-2.000488e-06    3.026246e-06    2.84307e-06    -1.421748e-06    -1.294567e-06    -1.324464e-06    5.079671e-06    4.10197e-06    -1.821894e-06    -3.005428e-06    8.853961e-07    -2.908665e-06    -3.549198e-06    3.2462e-07    2.98175e-06
