1.895892e-06    2.157595e-06    4.194005e-07    -4.144055e-07    -1.334651e-06    -1.051188e-06    1.954611e-06    4.806276e-07    -1.106102e-06    1.908811e-07    -2.96803e-07    3.034721e-06    1.895577e-06    -7.841241e-07    -1.933252e-06
2.157595e-06    1.204235e-05    6.41291e-06    -7.662621e-07    -6.450913e-06    -3.410957e-06    8.484664e-06    5.064099e-06    -3.889718e-06    -2.017576e-06    -2.373973e-07    1.013855e-05    7.236849e-06    -1.997622e-06    -7.126888e-06
4.194005e-07    6.41291e-06    6.045488e-06    9.926894e-07    -4.932386e-06    -2.042503e-06    6.380973e-06    4.191443e-06    -3.064422e-06    -2.442863e-06    -2.623857e-07    5.454662e-06    4.038688e-06    -1.030182e-06    -3.804808e-06
-4.144055e-07    -7.662621e-07    9.926894e-07    3.37897e-06    -1.880869e-06    2.994416e-07    2.098492e-06    4.747897e-07    -1.03357e-06    -6.86526e-07    8.358264e-08    -5.75104e-07    -1.025076e-06    6.247792e-07    5.045659e-07
-1.334651e-06    -6.450913e-06    -4.932386e-06    -1.880869e-06    7.032047e-06    2.198138e-06    -7.494797e-06    -3.847171e-06    3.195481e-06    2.073878e-06    1.442459e-07    -6.112496e-06    -3.434902e-06    1.130033e-06    3.760211e-06
-1.051188e-06    -3.410957e-06    -2.042503e-06    2.994416e-07    2.198138e-06    3.754343e-06    -3.832111e-06    -4.291812e-06    2.138215e-06    9.871281e-07    5.059417e-07    -4.242076e-06    -3.149033e-06    1.601218e-06    2.472219e-06
1.954611e-06    8.484664e-06    6.380973e-06    2.098492e-06    -7.494797e-06    -3.832111e-06    1.135959e-05    5.702841e-06    -5.382542e-06    -2.633526e-06    5.212924e-07    7.553309e-06    3.714753e-06    -1.20115e-06    -4.758459e-06
4.806276e-07    5.064099e-06    4.191443e-06    4.747897e-07    -3.847171e-06    -4.291812e-06    5.702841e-06    6.4487e-06    -3.053533e-06    -2.333134e-06    -3.802366e-07    5.208769e-06    3.898146e-06    -1.674692e-06    -3.220862e-06
-1.106102e-06    -3.889718e-06    -3.064422e-06    -1.03357e-06    3.195481e-06    2.138215e-06    -5.382542e-06    -3.053533e-06    3.048471e-06    1.052605e-06    -2.005035e-07    -3.718627e-06    -2.033643e-06    6.12237e-07    2.471756e-06
1.908811e-07    -2.017576e-06    -2.442863e-06    -6.86526e-07    2.073878e-06    9.871281e-07    -2.633526e-06    -2.333134e-06    1.052605e-06    1.67151e-06    3.985317e-08    -1.830977e-06    -1.036181e-06    4.908935e-07    9.713513e-07
-2.96803e-07    -2.373973e-07    -2.623857e-07    8.358264e-08    1.442459e-07    5.059417e-07    5.212924e-07    -3.802366e-07    -2.005035e-07    3.985317e-08    2.012641e-06    -1.084462e-06    -2.528048e-06    5.52929e-07    8.895366e-07
3.034721e-06    1.013855e-05    5.454662e-06    -5.75104e-07    -6.112496e-06    -4.242076e-06    7.553309e-06    5.208769e-06    -3.718627e-06    -1.830977e-06    -1.084462e-06    1.231489e-05    7.399215e-06    -4.367598e-06    -6.808388e-06
1.895577e-06    7.236849e-06    4.038688e-06    -1.025076e-06    -3.434902e-06    -3.149033e-06    3.714753e-06    3.898146e-06    -2.033643e-06    -1.036181e-06    -2.528048e-06    7.399215e-06    8.376002e-06    -2.191953e-06    -5.799055e-06
-7.841241e-07    -1.997622e-06    -1.030182e-06    6.247792e-07    1.130033e-06    1.601218e-06    -1.20115e-06    -1.674692e-06    6.12237e-07    4.908935e-07    5.52929e-07    -4.367598e-06    -2.191953e-06    2.952375e-06    1.537028e-06
-1.933252e-06    -7.126888e-06    -3.804808e-06    5.045659e-07    3.760211e-06    2.472219e-06    -4.758459e-06    -3.220862e-06    2.471756e-06    9.713513e-07    8.895366e-07    -6.808388e-06    -5.799055e-06    1.537028e-06    5.02213e-06
