1.728296e-06    5.63794e-07    6.632652e-08    2.454159e-08    -8.461414e-07    7.845626e-07    -2.031016e-06    -1.347443e-06    1.089412e-06    8.183832e-07
5.63794e-07    3.379428e-06    1.695834e-06    7.760532e-07    -3.887484e-06    2.491036e-07    -4.781903e-06    -3.219864e-06    9.541786e-07    3.358162e-06
6.632652e-08    1.695834e-06    2.808297e-06    1.282215e-06    -2.909534e-06    3.019626e-07    -3.704464e-06    -3.175827e-06    9.822027e-07    2.72243e-06
2.454159e-08    7.760532e-07    1.282215e-06    1.788368e-06    -1.941441e-06    -1.433317e-07    -2.950105e-06    -1.81894e-06    1.156791e-06    1.691227e-06
-8.461414e-07    -3.887484e-06    -2.909534e-06    -1.941441e-06    7.054571e-06    -1.258542e-06    6.845156e-06    5.753883e-06    -1.549601e-06    -4.89327e-06
7.845626e-07    2.491036e-07    3.019626e-07    -1.433317e-07    -1.258542e-06    2.012641e-06    -1.084462e-06    -2.528048e-06    5.52929e-07    8.895366e-07
-2.031016e-06    -4.781903e-06    -3.704464e-06    -2.950105e-06    6.845156e-06    -1.084462e-06    1.231489e-05    7.399215e-06    -4.367598e-06    -6.808388e-06
-1.347443e-06    -3.219864e-06    -3.175827e-06    -1.81894e-06    5.753883e-06    -2.528048e-06    7.399215e-06    8.376002e-06    -2.191953e-06    -5.799055e-06
1.089412e-06    9.541786e-07    9.822027e-07    1.156791e-06    -1.549601e-06    5.52929e-07    -4.367598e-06    -2.191953e-06    2.952375e-06    1.537028e-06
8.183832e-07    3.358162e-06    2.72243e-06    1.691227e-06    -4.89327e-06    8.895366e-07    -6.808388e-06    -5.799055e-06    1.537028e-06    5.02213e-06
