2.001764e-06    1.686116e-06    5.904205e-07    8.1742e-07    -3.160535e-06    -1.104875e-06    2.036368e-06    1.722568e-06    -1.189479e-06    -5.528732e-07    -1.158405e-06    2.139012e-06    2.730081e-06    -2.972178e-07    -1.847164e-06    1.989748e-07    -3.12309e-06    -2.627566e-06    7.874172e-07    2.451792e-06
1.686116e-06    8.997597e-06    7.171972e-06    -6.955095e-07    -9.452042e-06    -4.0103e-06    8.494484e-06    5.699536e-06    -3.88447e-06    -2.438823e-06    -5.847748e-08    8.919996e-06    5.394263e-06    -2.500239e-06    -5.406528e-06    2.306358e-06    -7.926207e-06    -8.475411e-06    2.136559e-06    5.194044e-06
5.904205e-07    7.171972e-06    6.910058e-06    -1.004171e-06    -7.518411e-06    -3.346598e-06    6.180505e-06    4.380504e-06    -2.809364e-06    -1.942835e-06    2.294917e-07    8.108075e-06    3.976908e-06    -2.720979e-06    -4.286997e-06    1.74784e-06    -4.839808e-06    -6.508545e-06    9.009866e-07    3.892881e-06
8.1742e-07    -6.955095e-07    -1.004171e-06    1.524391e-06    -5.479888e-07    -1.687991e-07    -8.425824e-08    -4.946217e-08    2.801814e-08    3.283277e-07    -5.546388e-07    -6.521654e-08    5.388914e-07    8.636029e-08    -1.564953e-07    -6.23062e-07    -4.473195e-07    2.806335e-07    3.016054e-07    1.32158e-07
-3.160535e-06    -9.452042e-06    -7.518411e-06    -5.479888e-07    1.26785e-05    5.017399e-06    -9.192858e-06    -6.825195e-06    4.722687e-06    2.266906e-06    1.173228e-06    -1.119143e-05    -7.822941e-06    3.082464e-06    7.093566e-06    -1.761159e-06    9.132355e-06    9.818196e-06    -1.924143e-06    -6.886991e-06
-1.104875e-06    -4.0103e-06    -3.346598e-06    -1.687991e-07    5.017399e-06    3.754343e-06    -3.832111e-06    -4.291812e-06    2.138215e-06    9.871281e-07    5.059417e-07    -4.242076e-06    -3.149033e-06    1.601218e-06    2.472219e-06    -4.601461e-07    1.915335e-06    3.841734e-06    2.49654e-07    -2.761649e-06
2.036368e-06    8.494484e-06    6.180505e-06    -8.425824e-08    -9.192858e-06    -3.832111e-06    1.135959e-05    5.702841e-06    -5.382542e-06    -2.633526e-06    5.212924e-07    7.553309e-06    3.714753e-06    -1.20115e-06    -4.758459e-06    2.369754e-06    -1.041404e-05    -8.490489e-06    3.827733e-06    5.040662e-06
1.722568e-06    5.699536e-06    4.380504e-06    -4.946217e-08    -6.825195e-06    -4.291812e-06    5.702841e-06    6.4487e-06    -3.053533e-06    -2.333134e-06    -3.802366e-07    5.208769e-06    3.898146e-06    -1.674692e-06    -3.220862e-06    1.312058e-06    -4.202481e-06    -6.119409e-06    2.182134e-07    4.537761e-06
-1.189479e-06    -3.88447e-06    -2.809364e-06    2.801814e-08    4.722687e-06    2.138215e-06    -5.382542e-06    -3.053533e-06    3.048471e-06    1.052605e-06    -2.005035e-07    -3.718627e-06    -2.033643e-06    6.12237e-07    2.471756e-06    -1.125539e-06    4.881839e-06    4.194437e-06    -1.666307e-06    -2.656167e-06
-5.528732e-07    -2.438823e-06    -1.942835e-06    3.283277e-07    2.266906e-06    9.871281e-07    -2.633526e-06    -2.333134e-06    1.052605e-06    1.67151e-06    3.985317e-08    -1.830977e-06    -1.036181e-06    4.908935e-07    9.713513e-07    -8.787175e-07    2.563928e-06    2.649952e-06    -5.111602e-07    -1.98787e-06
-1.158405e-06    -5.847748e-08    2.294917e-07    -5.546388e-07    1.173228e-06    5.059417e-07    5.212924e-07    -3.802366e-07    -2.005035e-07    3.985317e-08    2.012641e-06    -1.084462e-06    -2.528048e-06    5.52929e-07    8.895366e-07    9.48905e-07    -3.825073e-07    4.381187e-07    1.063413e-06    -1.466498e-06
2.139012e-06    8.919996e-06    8.108075e-06    -6.521654e-08    -1.119143e-05    -4.242076e-06    7.553309e-06    5.208769e-06    -3.718627e-06    -1.830977e-06    -1.084462e-06    1.231489e-05    7.399215e-06    -4.367598e-06    -6.808388e-06    1.72146e-06    -6.54408e-06    -9.446553e-06    8.211617e-07    6.436637e-06
2.730081e-06    5.394263e-06    3.976908e-06    5.388914e-07    -7.822941e-06    -3.149033e-06    3.714753e-06    3.898146e-06    -2.033643e-06    -1.036181e-06    -2.528048e-06    7.399215e-06    8.376002e-06    -2.191953e-06    -5.799055e-06    7.963248e-07    -4.080511e-06    -7.337931e-06    -1.991423e-07    5.589085e-06
-2.972178e-07    -2.500239e-06    -2.720979e-06    8.636029e-08    3.082464e-06    1.601218e-06    -1.20115e-06    -1.674692e-06    6.12237e-07    4.908935e-07    5.52929e-07    -4.367598e-06    -2.191953e-06    2.952375e-06    1.537028e-06    -4.086712e-07    -6.704712e-07    2.402768e-06    1.33441e-06    -1.868352e-06
-1.847164e-06    -5.406528e-06    -4.286997e-06    -1.564953e-07    7.093566e-06    2.472219e-06    -4.758459e-06    -3.220862e-06    2.471756e-06    9.713513e-07    8.895366e-07    -6.808388e-06    -5.799055e-06    1.537028e-06    5.02213e-06    -1.252599e-06    5.302267e-06    6.588586e-06    -1.213404e-06    -4.279908e-06
1.989748e-07    2.306358e-06    1.74784e-06    -6.23062e-07    -1.761159e-06    -4.601461e-07    2.369754e-06    1.312058e-06    -1.125539e-06    -8.787175e-07    9.48905e-07    1.72146e-06    7.963248e-07    -4.086712e-07    -1.252599e-06    2.042946e-06    -2.69479e-06    -3.387163e-06    1.215098e-06    1.34942e-06
-3.12309e-06    -7.926207e-06    -4.839808e-06    -4.473195e-07    9.132355e-06    1.915335e-06    -1.041404e-05    -4.202481e-06    4.881839e-06    2.563928e-06    -3.825073e-07    -6.54408e-06    -4.080511e-06    -6.704712e-07    5.302267e-06    -2.69479e-06    1.45984e-05    8.449231e-06    -6.309037e-06    -5.211504e-06
-2.627566e-06    -8.475411e-06    -6.508545e-06    2.806335e-07    9.818196e-06    3.841734e-06    -8.490489e-06    -6.119409e-06    4.194437e-06    2.649952e-06    4.381187e-07    -9.446553e-06    -7.337931e-06    2.402768e-06    6.588586e-06    -3.387163e-06    8.449231e-06    1.166077e-05    -1.988424e-06    -7.266528e-06
7.874172e-07    2.136559e-06    9.009866e-07    3.016054e-07    -1.924143e-06    2.49654e-07    3.827733e-06    2.182134e-07    -1.666307e-06    -5.111602e-07    1.063413e-06    8.211617e-07    -1.991423e-07    1.33441e-06    -1.213404e-06    1.215098e-06    -6.309037e-06    -1.988424e-06    3.870671e-06    3.912732e-07
2.451792e-06    5.194044e-06    3.892881e-06    1.32158e-07    -6.886991e-06    -2.761649e-06    5.040662e-06    4.537761e-06    -2.656167e-06    -1.98787e-06    -1.466498e-06    6.436637e-06    5.589085e-06    -1.868352e-06    -4.279908e-06    1.34942e-06    -5.211504e-06    -7.266528e-06    3.912732e-07    5.803184e-06
