1.304262e-06    6.247221e-08    -3.078309e-07    1.517268e-07    -1.02564e-06    5.794697e-07    9.287177e-07    -4.941868e-07    -3.69818e-07    -9.449346e-09    6.869615e-07    -5.635793e-07    -1.098951e-06    5.347632e-07    3.303954e-07
6.247221e-08    5.800965e-06    7.090695e-06    1.356825e-06    -5.936589e-06    -1.905155e-06    6.55719e-06    3.427299e-06    -3.021576e-06    -1.820695e-06    -2.695413e-08    6.268215e-06    4.344499e-06    -1.012554e-06    -4.468681e-06
-3.078309e-07    7.090695e-06    9.871788e-06    2.108438e-06    -7.461141e-06    -3.295071e-06    8.133348e-06    5.385582e-06    -3.864136e-06    -2.371596e-06    -5.198514e-07    9.323847e-06    6.797128e-06    -2.065318e-06    -6.406669e-06
1.517268e-07    1.356825e-06    2.108438e-06    2.273703e-06    -2.530292e-06    -1.704511e-06    2.975081e-06    2.022731e-06    -1.649745e-06    -6.747876e-07    -9.557496e-07    2.811274e-06    2.298354e-06    -5.705167e-07    -1.804445e-06
-1.02564e-06    -5.936589e-06    -7.461141e-06    -2.530292e-06    7.901383e-06    2.141428e-06    -8.228095e-06    -3.975948e-06    3.632659e-06    2.345721e-06    2.414846e-07    -6.812714e-06    -4.260756e-06    1.02636e-06    4.525837e-06
5.794697e-07    -1.905155e-06    -3.295071e-06    -1.704511e-06    2.141428e-06    3.754343e-06    -3.832111e-06    -4.291812e-06    2.138215e-06    9.871281e-07    5.059417e-07    -4.242076e-06    -3.149033e-06    1.601218e-06    2.472219e-06
9.287177e-07    6.55719e-06    8.133348e-06    2.975081e-06    -8.228095e-06    -3.832111e-06    1.135959e-05    5.702841e-06    -5.382542e-06    -2.633526e-06    5.212924e-07    7.553309e-06    3.714753e-06    -1.20115e-06    -4.758459e-06
-4.941868e-07    3.427299e-06    5.385582e-06    2.022731e-06    -3.975948e-06    -4.291812e-06    5.702841e-06    6.4487e-06    -3.053533e-06    -2.333134e-06    -3.802366e-07    5.208769e-06    3.898146e-06    -1.674692e-06    -3.220862e-06
-3.69818e-07    -3.021576e-06    -3.864136e-06    -1.649745e-06    3.632659e-06    2.138215e-06    -5.382542e-06    -3.053533e-06    3.048471e-06    1.052605e-06    -2.005035e-07    -3.718627e-06    -2.033643e-06    6.12237e-07    2.471756e-06
-9.449346e-09    -1.820695e-06    -2.371596e-06    -6.747876e-07    2.345721e-06    9.871281e-07    -2.633526e-06    -2.333134e-06    1.052605e-06    1.67151e-06    3.985317e-08    -1.830977e-06    -1.036181e-06    4.908935e-07    9.713513e-07
6.869615e-07    -2.695413e-08    -5.198514e-07    -9.557496e-07    2.414846e-07    5.059417e-07    5.212924e-07    -3.802366e-07    -2.005035e-07    3.985317e-08    2.012641e-06    -1.084462e-06    -2.528048e-06    5.52929e-07    8.895366e-07
-5.635793e-07    6.268215e-06    9.323847e-06    2.811274e-06    -6.812714e-06    -4.242076e-06    7.553309e-06    5.208769e-06    -3.718627e-06    -1.830977e-06    -1.084462e-06    1.231489e-05    7.399215e-06    -4.367598e-06    -6.808388e-06
-1.098951e-06    4.344499e-06    6.797128e-06    2.298354e-06    -4.260756e-06    -3.149033e-06    3.714753e-06    3.898146e-06    -2.033643e-06    -1.036181e-06    -2.528048e-06    7.399215e-06    8.376002e-06    -2.191953e-06    -5.799055e-06
5.347632e-07    -1.012554e-06    -2.065318e-06    -5.705167e-07    1.02636e-06    1.601218e-06    -1.20115e-06    -1.674692e-06    6.12237e-07    4.908935e-07    5.52929e-07    -4.367598e-06    -2.191953e-06    2.952375e-06    1.537028e-06
3.303954e-07    -4.468681e-06    -6.406669e-06    -1.804445e-06    4.525837e-06    2.472219e-06    -4.758459e-06    -3.220862e-06    2.471756e-06    9.713513e-07    8.895366e-07    -6.808388e-06    -5.799055e-06    1.537028e-06    5.02213e-06
