2.012641e-06    -1.084462e-06    -2.528048e-06    5.52929e-07    8.895366e-07    2.553276e-07    -1.958113e-07    3.984933e-07    8.723871e-07    -1.324464e-06
-1.084462e-06    1.231489e-05    7.399215e-06    -4.367598e-06    -6.808388e-06    2.564107e-06    -7.045509e-06    -8.18513e-06    2.260757e-06    5.079671e-06
-2.528048e-06    7.399215e-06    8.376002e-06    -2.191953e-06    -5.799055e-06    8.682828e-07    -4.288975e-06    -4.871944e-06    8.866675e-07    4.10197e-06
5.52929e-07    -4.367598e-06    -2.191953e-06    2.952375e-06    1.537028e-06    -1.406775e-06    1.221035e-06    3.2245e-06    -3.881893e-07    -1.821894e-06
8.895366e-07    -6.808388e-06    -5.799055e-06    1.537028e-06    5.02213e-06    -9.775096e-07    4.742435e-06    4.40335e-06    -1.580935e-06    -3.005428e-06
2.553276e-07    2.564107e-06    8.682828e-07    -1.406775e-06    -9.775096e-07    1.596467e-06    -1.429157e-06    -2.774452e-06    9.084157e-07    8.853961e-07
-1.958113e-07    -7.045509e-06    -4.288975e-06    1.221035e-06    4.742435e-06    -1.429157e-06    6.479871e-06    4.988231e-06    -2.458281e-06    -2.908665e-06
3.984933e-07    -8.18513e-06    -4.871944e-06    3.2245e-06    4.40335e-06    -2.774452e-06    4.988231e-06    6.890727e-06    -1.949096e-06    -3.549198e-06
8.723871e-07    2.260757e-06    8.866675e-07    -3.881893e-07    -1.580935e-06    9.084157e-07    -2.458281e-06    -1.949096e-06    1.660576e-06    3.2462e-07
-1.324464e-06    5.079671e-06    4.10197e-06    -1.821894e-06    -3.005428e-06    8.853961e-07    -2.908665e-06    -3.549198e-06    3.2462e-07    2.98175e-06
