3.595145e-06    2.824355e-06    5.255563e-07    -1.665826e-06    -4.25713e-06    2.073341e-06    -4.221526e-06    -2.48727e-06    1.991509e-06    1.042533e-06    5.898714e-07    -5.889142e-06    -3.730086e-06    1.916325e-06    3.387624e-06    -1.162386e-06    4.214452e-06    4.967523e-06    -8.892213e-07    -3.272886e-06
2.824355e-06    4.016311e-06    1.786867e-06    -2.101503e-06    -4.336606e-06    1.408524e-06    -3.353245e-06    -1.879262e-06    1.717619e-06    5.522521e-07    -4.860404e-08    -5.696525e-06    -3.509868e-06    1.270182e-06    3.75733e-06    -1.140309e-06    4.477268e-06    4.390578e-06    -1.419039e-06    -2.527394e-06
5.255563e-07    1.786867e-06    2.326633e-06    -1.254505e-07    -2.34425e-06    2.116678e-07    1.044124e-08    -2.364336e-07    8.405873e-08    -3.022097e-07    6.172844e-07    -2.145947e-06    -2.596999e-06    5.201628e-07    1.967253e-06    -2.316884e-08    1.15454e-06    1.380148e-06    -3.042322e-07    -9.975122e-07
-1.665826e-06    -2.101503e-06    -1.254505e-07    2.642525e-06    3.374383e-06    -9.951572e-07    3.995253e-06    1.536847e-06    -2.063468e-06    -6.78545e-07    5.90575e-07    3.366604e-06    1.123651e-06    -2.191666e-07    -2.105718e-06    7.931302e-07    -4.178335e-06    -3.017555e-06    1.626687e-06    1.662742e-06
-4.25713e-06    -4.336606e-06    -2.34425e-06    3.374383e-06    1.06694e-05    -3.590467e-06    6.396474e-06    3.938275e-06    -3.413045e-06    -9.972014e-07    -1.169949e-06    9.259095e-06    6.442072e-06    -2.758049e-06    -5.767889e-06    1.054939e-06    -6.003391e-06    -7.053435e-06    1.189277e-06    4.783262e-06
2.073341e-06    1.408524e-06    2.116678e-07    -9.951572e-07    -3.590467e-06    3.754343e-06    -3.832111e-06    -4.291812e-06    2.138215e-06    9.871281e-07    5.059417e-07    -4.242076e-06    -3.149033e-06    1.601218e-06    2.472219e-06    -4.601461e-07    1.915335e-06    3.841734e-06    2.49654e-07    -2.761649e-06
-4.221526e-06    -3.353245e-06    1.044124e-08    3.995253e-06    6.396474e-06    -3.832111e-06    1.135959e-05    5.702841e-06    -5.382542e-06    -2.633526e-06    5.212924e-07    7.553309e-06    3.714753e-06    -1.20115e-06    -4.758459e-06    2.369754e-06    -1.041404e-05    -8.490489e-06    3.827733e-06    5.040662e-06
-2.48727e-06    -1.879262e-06    -2.364336e-07    1.536847e-06    3.938275e-06    -4.291812e-06    5.702841e-06    6.4487e-06    -3.053533e-06    -2.333134e-06    -3.802366e-07    5.208769e-06    3.898146e-06    -1.674692e-06    -3.220862e-06    1.312058e-06    -4.202481e-06    -6.119409e-06    2.182134e-07    4.537761e-06
1.991509e-06    1.717619e-06    8.405873e-08    -2.063468e-06    -3.413045e-06    2.138215e-06    -5.382542e-06    -3.053533e-06    3.048471e-06    1.052605e-06    -2.005035e-07    -3.718627e-06    -2.033643e-06    6.12237e-07    2.471756e-06    -1.125539e-06    4.881839e-06    4.194437e-06    -1.666307e-06    -2.656167e-06
1.042533e-06    5.522521e-07    -3.022097e-07    -6.78545e-07    -9.972014e-07    9.871281e-07    -2.633526e-06    -2.333134e-06    1.052605e-06    1.67151e-06    3.985317e-08    -1.830977e-06    -1.036181e-06    4.908935e-07    9.713513e-07    -8.787175e-07    2.563928e-06    2.649952e-06    -5.111602e-07    -1.98787e-06
5.898714e-07    -4.860404e-08    6.172844e-07    5.90575e-07    -1.169949e-06    5.059417e-07    5.212924e-07    -3.802366e-07    -2.005035e-07    3.985317e-08    2.012641e-06    -1.084462e-06    -2.528048e-06    5.52929e-07    8.895366e-07    9.48905e-07    -3.825073e-07    4.381187e-07    1.063413e-06    -1.466498e-06
-5.889142e-06    -5.696525e-06    -2.145947e-06    3.366604e-06    9.259095e-06    -4.242076e-06    7.553309e-06    5.208769e-06    -3.718627e-06    -1.830977e-06    -1.084462e-06    1.231489e-05    7.399215e-06    -4.367598e-06    -6.808388e-06    1.72146e-06    -6.54408e-06    -9.446553e-06    8.211617e-07    6.436637e-06
-3.730086e-06    -3.509868e-06    -2.596999e-06    1.123651e-06    6.442072e-06    -3.149033e-06    3.714753e-06    3.898146e-06    -2.033643e-06    -1.036181e-06    -2.528048e-06    7.399215e-06    8.376002e-06    -2.191953e-06    -5.799055e-06    7.963248e-07    -4.080511e-06    -7.337931e-06    -1.991423e-07    5.589085e-06
1.916325e-06    1.270182e-06    5.201628e-07    -2.191666e-07    -2.758049e-06    1.601218e-06    -1.20115e-06    -1.674692e-06    6.12237e-07    4.908935e-07    5.52929e-07    -4.367598e-06    -2.191953e-06    2.952375e-06    1.537028e-06    -4.086712e-07    -6.704712e-07    2.402768e-06    1.33441e-06    -1.868352e-06
3.387624e-06    3.75733e-06    1.967253e-06    -2.105718e-06    -5.767889e-06    2.472219e-06    -4.758459e-06    -3.220862e-06    2.471756e-06    9.713513e-07    8.895366e-07    -6.808388e-06    -5.799055e-06    1.537028e-06    5.02213e-06    -1.252599e-06    5.302267e-06    6.588586e-06    -1.213404e-06    -4.279908e-06
-1.162386e-06    -1.140309e-06    -2.316884e-08    7.931302e-07    1.054939e-06    -4.601461e-07    2.369754e-06    1.312058e-06    -1.125539e-06    -8.787175e-07    9.48905e-07    1.72146e-06    7.963248e-07    -4.086712e-07    -1.252599e-06    2.042946e-06    -2.69479e-06    -3.387163e-06    1.215098e-06    1.34942e-06
4.214452e-06    4.477268e-06    1.15454e-06    -4.178335e-06    -6.003391e-06    1.915335e-06    -1.041404e-05    -4.202481e-06    4.881839e-06    2.563928e-06    -3.825073e-07    -6.54408e-06    -4.080511e-06    -6.704712e-07    5.302267e-06    -2.69479e-06    1.45984e-05    8.449231e-06    -6.309037e-06    -5.211504e-06
4.967523e-06    4.390578e-06    1.380148e-06    -3.017555e-06    -7.053435e-06    3.841734e-06    -8.490489e-06    -6.119409e-06    4.194437e-06    2.649952e-06    4.381187e-07    -9.446553e-06    -7.337931e-06    2.402768e-06    6.588586e-06    -3.387163e-06    8.449231e-06    1.166077e-05    -1.988424e-06    -7.266528e-06
-8.892213e-07    -1.419039e-06    -3.042322e-07    1.626687e-06    1.189277e-06    2.49654e-07    3.827733e-06    2.182134e-07    -1.666307e-06    -5.111602e-07    1.063413e-06    8.211617e-07    -1.991423e-07    1.33441e-06    -1.213404e-06    1.215098e-06    -6.309037e-06    -1.988424e-06    3.870671e-06    3.912732e-07
-3.272886e-06    -2.527394e-06    -9.975122e-07    1.662742e-06    4.783262e-06    -2.761649e-06    5.040662e-06    4.537761e-06    -2.656167e-06    -1.98787e-06    -1.466498e-06    6.436637e-06    5.589085e-06    -1.868352e-06    -4.279908e-06    1.34942e-06    -5.211504e-06    -7.266528e-06    3.912732e-07    5.803184e-06
