1.62064e-06    -1.651653e-06    -1.458043e-06    1.938578e-07    1.489974e-07    -8.09938e-07    2.922683e-06    1.57564e-06    -1.211291e-06    -1.087062e-06    5.051246e-08    5.425071e-07    1.275033e-07    2.796255e-07    -3.697017e-07
-1.651653e-06    4.443923e-06    7.937537e-07    -8.431933e-07    -1.561265e-07    3.081132e-06    -4.680393e-06    -4.474355e-06    2.442973e-06    1.61095e-06    4.224876e-07    -3.152895e-06    -1.746458e-06    1.189024e-06    1.448557e-06
-1.458043e-06    7.937537e-07    2.179687e-06    -5.967358e-07    -3.02069e-07    -7.168351e-08    -2.38967e-06    -5.471618e-07    6.736412e-07    9.669608e-07    -6.949467e-07    2.989813e-07    1.338065e-06    -2.109439e-07    -5.322145e-07
1.938578e-07    -8.431933e-07    -5.967358e-07    2.027902e-06    8.231542e-08    4.288933e-07    -1.251665e-06    -4.010116e-08    7.134754e-07    -1.521815e-07    1.618316e-07    -2.051738e-06    -2.110382e-06    -1.147071e-07    2.018301e-06
1.489974e-07    -1.561265e-07    -3.02069e-07    8.231542e-08    1.394023e-07    -7.642716e-08    2.278196e-07    7.79659e-08    -3.580761e-08    -9.300528e-08    1.824858e-07    -1.656049e-07    -4.486565e-07    -6.993512e-08    2.884163e-07
-8.09938e-07    3.081132e-06    -7.168351e-08    4.288933e-07    -7.642716e-08    3.754343e-06    -3.832111e-06    -4.291812e-06    2.138215e-06    9.871281e-07    5.059417e-07    -4.242076e-06    -3.149033e-06    1.601218e-06    2.472219e-06
2.922683e-06    -4.680393e-06    -2.38967e-06    -1.251665e-06    2.278196e-07    -3.832111e-06    1.135959e-05    5.702841e-06    -5.382542e-06    -2.633526e-06    5.212924e-07    7.553309e-06    3.714753e-06    -1.20115e-06    -4.758459e-06
1.57564e-06    -4.474355e-06    -5.471618e-07    -4.010116e-08    7.79659e-08    -4.291812e-06    5.702841e-06    6.4487e-06    -3.053533e-06    -2.333134e-06    -3.802366e-07    5.208769e-06    3.898146e-06    -1.674692e-06    -3.220862e-06
-1.211291e-06    2.442973e-06    6.736412e-07    7.134754e-07    -3.580761e-08    2.138215e-06    -5.382542e-06    -3.053533e-06    3.048471e-06    1.052605e-06    -2.005035e-07    -3.718627e-06    -2.033643e-06    6.12237e-07    2.471756e-06
-1.087062e-06    1.61095e-06    9.669608e-07    -1.521815e-07    -9.300528e-08    9.871281e-07    -2.633526e-06    -2.333134e-06    1.052605e-06    1.67151e-06    3.985317e-08    -1.830977e-06    -1.036181e-06    4.908935e-07    9.713513e-07
5.051246e-08    4.224876e-07    -6.949467e-07    1.618316e-07    1.824858e-07    5.059417e-07    5.212924e-07    -3.802366e-07    -2.005035e-07    3.985317e-08    2.012641e-06    -1.084462e-06    -2.528048e-06    5.52929e-07    8.895366e-07
5.425071e-07    -3.152895e-06    2.989813e-07    -2.051738e-06    -1.656049e-07    -4.242076e-06    7.553309e-06    5.208769e-06    -3.718627e-06    -1.830977e-06    -1.084462e-06    1.231489e-05    7.399215e-06    -4.367598e-06    -6.808388e-06
1.275033e-07    -1.746458e-06    1.338065e-06    -2.110382e-06    -4.486565e-07    -3.149033e-06    3.714753e-06    3.898146e-06    -2.033643e-06    -1.036181e-06    -2.528048e-06    7.399215e-06    8.376002e-06    -2.191953e-06    -5.799055e-06
2.796255e-07    1.189024e-06    -2.109439e-07    -1.147071e-07    -6.993512e-08    1.601218e-06    -1.20115e-06    -1.674692e-06    6.12237e-07    4.908935e-07    5.52929e-07    -4.367598e-06    -2.191953e-06    2.952375e-06    1.537028e-06
-3.697017e-07    1.448557e-06    -5.322145e-07    2.018301e-06    2.884163e-07    2.472219e-06    -4.758459e-06    -3.220862e-06    2.471756e-06    9.713513e-07    8.895366e-07    -6.808388e-06    -5.799055e-06    1.537028e-06    5.02213e-06
