2.610806e-06    -6.932331e-07    -1.302551e-06    1.299365e-06    -8.407168e-07    5.673226e-07    -2.321578e-06    -7.051509e-07    8.6406e-07    7.535675e-07    5.24531e-07    -2.889984e-06    -2.295124e-06    2.555046e-07    2.092748e-06    -4.560931e-07    2.495448e-06    2.850893e-06    -6.805161e-07    -1.707733e-06
-6.932331e-07    1.820546e-06    1.15889e-06    -1.507002e-06    -4.918427e-07    -1.950789e-07    9.364641e-08    -5.447929e-07    -1.935975e-07    6.317815e-07    2.31753e-07    2.134733e-06    8.939391e-07    -8.578694e-07    -1.152142e-06    1.033693e-07    5.953569e-07    -6.662789e-07    -4.408782e-07    -3.654465e-08
-1.302551e-06    1.15889e-06    4.416799e-06    1.066789e-09    -2.817883e-06    6.695324e-07    -3.862405e-06    -1.434532e-06    1.883113e-06    6.140289e-07    -1.092666e-06    1.628944e-07    1.60059e-06    -3.390203e-07    -3.610748e-07    -6.749045e-07    3.812987e-06    8.48149e-07    -2.338545e-06    -2.485102e-07
1.299365e-06    -1.507002e-06    1.066789e-09    3.692722e-06    -1.906334e-06    2.434243e-06    -4.150309e-06    -2.813014e-06    2.123912e-06    8.726218e-07    -2.039507e-07    -5.213165e-06    -2.237312e-06    1.955653e-06    2.553193e-06    -9.874116e-07    2.129238e-06    3.944123e-06    7.403408e-08    -2.323259e-06
-8.407168e-07    -4.918427e-07    -2.817883e-06    -1.906334e-06    4.014613e-06    -2.408518e-06    5.872451e-06    3.275905e-06    -2.757112e-06    -1.468323e-06    6.080789e-08    3.146229e-06    1.184023e-06    -5.602989e-07    -1.64031e-06    7.54626e-07    -4.770335e-06    -3.705227e-06    1.698485e-06    2.452145e-06
5.673226e-07    -1.950789e-07    6.695324e-07    2.434243e-06    -2.408518e-06    3.754343e-06    -3.832111e-06    -4.291812e-06    2.138215e-06    9.871281e-07    5.059417e-07    -4.242076e-06    -3.149033e-06    1.601218e-06    2.472219e-06    -4.601461e-07    1.915335e-06    3.841734e-06    2.49654e-07    -2.761649e-06
-2.321578e-06    9.364641e-08    -3.862405e-06    -4.150309e-06    5.872451e-06    -3.832111e-06    1.135959e-05    5.702841e-06    -5.382542e-06    -2.633526e-06    5.212924e-07    7.553309e-06    3.714753e-06    -1.20115e-06    -4.758459e-06    2.369754e-06    -1.041404e-05    -8.490489e-06    3.827733e-06    5.040662e-06
-7.051509e-07    -5.447929e-07    -1.434532e-06    -2.813014e-06    3.275905e-06    -4.291812e-06    5.702841e-06    6.4487e-06    -3.053533e-06    -2.333134e-06    -3.802366e-07    5.208769e-06    3.898146e-06    -1.674692e-06    -3.220862e-06    1.312058e-06    -4.202481e-06    -6.119409e-06    2.182134e-07    4.537761e-06
8.6406e-07    -1.935975e-07    1.883113e-06    2.123912e-06    -2.757112e-06    2.138215e-06    -5.382542e-06    -3.053533e-06    3.048471e-06    1.052605e-06    -2.005035e-07    -3.718627e-06    -2.033643e-06    6.12237e-07    2.471756e-06    -1.125539e-06    4.881839e-06    4.194437e-06    -1.666307e-06    -2.656167e-06
7.535675e-07    6.317815e-07    6.140289e-07    8.726218e-07    -1.468323e-06    9.871281e-07    -2.633526e-06    -2.333134e-06    1.052605e-06    1.67151e-06    3.985317e-08    -1.830977e-06    -1.036181e-06    4.908935e-07    9.713513e-07    -8.787175e-07    2.563928e-06    2.649952e-06    -5.111602e-07    -1.98787e-06
5.24531e-07    2.31753e-07    -1.092666e-06    -2.039507e-07    6.080789e-08    5.059417e-07    5.212924e-07    -3.802366e-07    -2.005035e-07    3.985317e-08    2.012641e-06    -1.084462e-06    -2.528048e-06    5.52929e-07    8.895366e-07    9.48905e-07    -3.825073e-07    4.381187e-07    1.063413e-06    -1.466498e-06
-2.889984e-06    2.134733e-06    1.628944e-07    -5.213165e-06    3.146229e-06    -4.242076e-06    7.553309e-06    5.208769e-06    -3.718627e-06    -1.830977e-06    -1.084462e-06    1.231489e-05    7.399215e-06    -4.367598e-06    -6.808388e-06    1.72146e-06    -6.54408e-06    -9.446553e-06    8.211617e-07    6.436637e-06
-2.295124e-06    8.939391e-07    1.60059e-06    -2.237312e-06    1.184023e-06    -3.149033e-06    3.714753e-06    3.898146e-06    -2.033643e-06    -1.036181e-06    -2.528048e-06    7.399215e-06    8.376002e-06    -2.191953e-06    -5.799055e-06    7.963248e-07    -4.080511e-06    -7.337931e-06    -1.991423e-07    5.589085e-06
2.555046e-07    -8.578694e-07    -3.390203e-07    1.955653e-06    -5.602989e-07    1.601218e-06    -1.20115e-06    -1.674692e-06    6.12237e-07    4.908935e-07    5.52929e-07    -4.367598e-06    -2.191953e-06    2.952375e-06    1.537028e-06    -4.086712e-07    -6.704712e-07    2.402768e-06    1.33441e-06    -1.868352e-06
2.092748e-06    -1.152142e-06    -3.610748e-07    2.553193e-06    -1.64031e-06    2.472219e-06    -4.758459e-06    -3.220862e-06    2.471756e-06    9.713513e-07    8.895366e-07    -6.808388e-06    -5.799055e-06    1.537028e-06    5.02213e-06    -1.252599e-06    5.302267e-06    6.588586e-06    -1.213404e-06    -4.279908e-06
-4.560931e-07    1.033693e-07    -6.749045e-07    -9.874116e-07    7.54626e-07    -4.601461e-07    2.369754e-06    1.312058e-06    -1.125539e-06    -8.787175e-07    9.48905e-07    1.72146e-06    7.963248e-07    -4.086712e-07    -1.252599e-06    2.042946e-06    -2.69479e-06    -3.387163e-06    1.215098e-06    1.34942e-06
2.495448e-06    5.953569e-07    3.812987e-06    2.129238e-06    -4.770335e-06    1.915335e-06    -1.041404e-05    -4.202481e-06    4.881839e-06    2.563928e-06    -3.825073e-07    -6.54408e-06    -4.080511e-06    -6.704712e-07    5.302267e-06    -2.69479e-06    1.45984e-05    8.449231e-06    -6.309037e-06    -5.211504e-06
2.850893e-06    -6.662789e-07    8.48149e-07    3.944123e-06    -3.705227e-06    3.841734e-06    -8.490489e-06    -6.119409e-06    4.194437e-06    2.649952e-06    4.381187e-07    -9.446553e-06    -7.337931e-06    2.402768e-06    6.588586e-06    -3.387163e-06    8.449231e-06    1.166077e-05    -1.988424e-06    -7.266528e-06
-6.805161e-07    -4.408782e-07    -2.338545e-06    7.403408e-08    1.698485e-06    2.49654e-07    3.827733e-06    2.182134e-07    -1.666307e-06    -5.111602e-07    1.063413e-06    8.211617e-07    -1.991423e-07    1.33441e-06    -1.213404e-06    1.215098e-06    -6.309037e-06    -1.988424e-06    3.870671e-06    3.912732e-07
-1.707733e-06    -3.654465e-08    -2.485102e-07    -2.323259e-06    2.452145e-06    -2.761649e-06    5.040662e-06    4.537761e-06    -2.656167e-06    -1.98787e-06    -1.466498e-06    6.436637e-06    5.589085e-06    -1.868352e-06    -4.279908e-06    1.34942e-06    -5.211504e-06    -7.266528e-06    3.912732e-07    5.803184e-06
