4.849772e-06    -3.047043e-06    -7.490563e-06    1.542418e-06    1.861612e-06    -8.158395e-07    2.910662e-06    1.745415e-06    -1.515083e-06    -8.349355e-07    6.232001e-08    5.186026e-06    3.375392e-06    -1.100982e-06    -3.543336e-06
-3.047043e-06    7.856725e-06    1.943641e-06    -1.931082e-06    -1.853322e-06    1.241838e-06    -1.335136e-06    -1.146682e-06    3.249424e-07    7.964715e-07    1.104649e-07    -6.62374e-06    -3.425884e-06    3.160088e-06    3.095041e-06
-7.490563e-06    1.943641e-06    2.079375e-05    -5.712522e-06    -7.156094e-06    2.336e-06    -7.062268e-06    -3.955277e-06    4.086231e-06    7.519175e-07    1.488208e-06    -9.35824e-06    -9.609278e-06    2.708407e-07    8.661349e-06
1.542418e-06    -1.931082e-06    -5.712522e-06    3.202605e-06    2.5928e-06    -4.551883e-07    1.005438e-06    5.138281e-07    -8.305852e-07    1.841352e-07    -4.574869e-07    2.884926e-06    2.803261e-06    -1.419002e-07    -2.539064e-06
1.861612e-06    -1.853322e-06    -7.156094e-06    2.5928e-06    3.888566e-06    -2.114256e-06    3.73205e-06    2.282252e-06    -1.959185e-06    -2.802366e-07    -8.285288e-07    4.916678e-06    4.584986e-06    -8.433205e-07    -3.912562e-06
-8.158395e-07    1.241838e-06    2.336e-06    -4.551883e-07    -2.114256e-06    3.754343e-06    -3.832111e-06    -4.291812e-06    2.138215e-06    9.871281e-07    5.059417e-07    -4.242076e-06    -3.149033e-06    1.601218e-06    2.472219e-06
2.910662e-06    -1.335136e-06    -7.062268e-06    1.005438e-06    3.73205e-06    -3.832111e-06    1.135959e-05    5.702841e-06    -5.382542e-06    -2.633526e-06    5.212924e-07    7.553309e-06    3.714753e-06    -1.20115e-06    -4.758459e-06
1.745415e-06    -1.146682e-06    -3.955277e-06    5.138281e-07    2.282252e-06    -4.291812e-06    5.702841e-06    6.4487e-06    -3.053533e-06    -2.333134e-06    -3.802366e-07    5.208769e-06    3.898146e-06    -1.674692e-06    -3.220862e-06
-1.515083e-06    3.249424e-07    4.086231e-06    -8.305852e-07    -1.959185e-06    2.138215e-06    -5.382542e-06    -3.053533e-06    3.048471e-06    1.052605e-06    -2.005035e-07    -3.718627e-06    -2.033643e-06    6.12237e-07    2.471756e-06
-8.349355e-07    7.964715e-07    7.519175e-07    1.841352e-07    -2.802366e-07    9.871281e-07    -2.633526e-06    -2.333134e-06    1.052605e-06    1.67151e-06    3.985317e-08    -1.830977e-06    -1.036181e-06    4.908935e-07    9.713513e-07
6.232001e-08    1.104649e-07    1.488208e-06    -4.574869e-07    -8.285288e-07    5.059417e-07    5.212924e-07    -3.802366e-07    -2.005035e-07    3.985317e-08    2.012641e-06    -1.084462e-06    -2.528048e-06    5.52929e-07    8.895366e-07
5.186026e-06    -6.62374e-06    -9.35824e-06    2.884926e-06    4.916678e-06    -4.242076e-06    7.553309e-06    5.208769e-06    -3.718627e-06    -1.830977e-06    -1.084462e-06    1.231489e-05    7.399215e-06    -4.367598e-06    -6.808388e-06
3.375392e-06    -3.425884e-06    -9.609278e-06    2.803261e-06    4.584986e-06    -3.149033e-06    3.714753e-06    3.898146e-06    -2.033643e-06    -1.036181e-06    -2.528048e-06    7.399215e-06    8.376002e-06    -2.191953e-06    -5.799055e-06
-1.100982e-06    3.160088e-06    2.708407e-07    -1.419002e-07    -8.433205e-07    1.601218e-06    -1.20115e-06    -1.674692e-06    6.12237e-07    4.908935e-07    5.52929e-07    -4.367598e-06    -2.191953e-06    2.952375e-06    1.537028e-06
-3.543336e-06    3.095041e-06    8.661349e-06    -2.539064e-06    -3.912562e-06    2.472219e-06    -4.758459e-06    -3.220862e-06    2.471756e-06    9.713513e-07    8.895366e-07    -6.808388e-06    -5.799055e-06    1.537028e-06    5.02213e-06
