3.490078e-06    1.213294e-06    1.097288e-06    2.060172e-07    -4.584124e-06    2.907737e-06    -6.426051e-06    -3.209257e-06    3.701025e-06    1.64294e-06    1.887491e-06    -2.848226e-06    -2.276593e-06    1.469881e-06    7.69247e-07    1.617606e-06    -5.394106e-06    -4.862e-06    1.946378e-06    3.48618e-06    -4.957512e-07    2.828864e-06    4.752293e-06    2.211406e-08    -3.770402e-06
1.213294e-06    3.784766e-06    2.010427e-06    -1.633096e-06    -2.675437e-06    3.13027e-06    -5.623458e-06    -4.592394e-06    4.606433e-06    1.178619e-06    1.440777e-07    -2.809026e-06    -8.647823e-07    1.385912e-06    7.773765e-07    -7.220785e-07    -3.549687e-06    -1.877433e-06    8.498929e-08    2.681825e-06    -1.72927e-06    5.205847e-06    3.838333e-06    -2.283466e-06    -1.863324e-06
1.097288e-06    2.010427e-06    2.951421e-06    -1.846875e-07    -3.412919e-06    1.436061e-06    -3.088406e-06    -2.218802e-06    3.341445e-06    4.266862e-07    2.951836e-07    -7.987581e-07    -1.027339e-06    6.305748e-07    2.827254e-07    8.460565e-08    -1.907128e-06    -2.826744e-06    -2.754787e-07    2.409011e-06    -9.881509e-07    2.14163e-06    3.228842e-06    -4.050697e-07    -1.915854e-06
2.060172e-07    -1.633096e-06    -1.846875e-07    2.647575e-06    9.443321e-07    -1.953193e-06    2.836283e-06    2.355e-06    -1.625126e-06    -2.036425e-07    -5.405504e-07    2.715718e-06    1.389476e-06    -1.606944e-06    -8.123048e-07    1.09131e-06    5.062447e-07    -5.875307e-07    5.005691e-07    -4.39188e-07    1.288759e-06    -3.7158e-06    -1.740456e-06    1.87019e-06    7.75778e-07
-4.584124e-06    -2.675437e-06    -3.412919e-06    9.443321e-07    1.169766e-05    -6.538603e-06    1.195028e-05    6.311411e-06    -7.197216e-06    -1.935153e-06    -3.46364e-06    6.090746e-06    4.440466e-06    -3.606221e-06    -1.071878e-06    -1.755245e-06    8.662825e-06    7.907553e-06    -1.787652e-06    -6.489298e-06    1.15557e-06    -6.108772e-06    -8.737398e-06    5.405694e-07    6.355365e-06
2.907737e-06    3.13027e-06    1.436061e-06    -1.953193e-06    -6.538603e-06    7.716902e-06    -1.213243e-05    -8.158074e-06    7.231402e-06    2.228366e-06    3.048926e-06    -7.857391e-06    -4.697428e-06    3.606138e-06    2.352281e-06    -2.532235e-07    -8.044572e-06    -4.28264e-06    2.162329e-06    4.713685e-06    -2.232231e-06    7.205597e-06    7.727194e-06    -1.966752e-06    -4.635505e-06
-6.426051e-06    -5.623458e-06    -3.088406e-06    2.836283e-06    1.195028e-05    -1.213243e-05    2.44415e-05    1.208992e-05    -1.38656e-05    -3.893199e-06    -5.682616e-06    1.445993e-05    8.526558e-06    -7.002733e-06    -3.495501e-06    -6.118096e-07    1.495618e-05    9.009056e-06    -3.671042e-06    -9.230144e-06    3.098526e-06    -1.453592e-05    -1.396551e-05    3.812896e-06    9.385665e-06
-3.209257e-06    -4.592394e-06    -2.218802e-06    2.355e-06    6.311411e-06    -8.158074e-06    1.208992e-05    1.090864e-05    -8.808035e-06    -3.11613e-06    -2.710394e-06    8.076771e-06    4.669174e-06    -3.546134e-06    -2.776098e-06    5.012516e-07    8.480423e-06    4.990246e-06    -1.669417e-06    -5.537933e-06    3.087684e-06    -9.123609e-06    -9.02004e-06    3.358489e-06    5.069419e-06
3.701025e-06    4.606433e-06    3.341445e-06    -1.625126e-06    -7.197216e-06    7.231402e-06    -1.38656e-05    -8.808035e-06    9.812327e-06    2.518798e-06    2.956058e-06    -8.146929e-06    -4.768451e-06    3.796073e-06    2.165088e-06    -9.89442e-08    -8.641201e-06    -6.002099e-06    1.345195e-06    6.213271e-06    -2.574243e-06    9.31085e-06    9.240765e-06    -2.990247e-06    -5.475627e-06
1.64294e-06    1.178619e-06    4.266862e-07    -2.036425e-07    -1.935153e-06    2.228366e-06    -3.893199e-06    -3.11613e-06    2.518798e-06    1.462973e-06    1.061803e-06    -2.030484e-06    -1.429439e-06    8.6445e-07    6.520328e-07    4.873561e-07    -3.276024e-06    -2.40613e-06    1.084535e-06    2.015485e-06    -6.81722e-07    2.403169e-06    2.763747e-06    -6.315515e-07    -1.869465e-06
1.887491e-06    1.440777e-07    2.951836e-07    -5.405504e-07    -3.46364e-06    3.048926e-06    -5.682616e-06    -2.710394e-06    2.956058e-06    1.061803e-06    3.754343e-06    -3.832111e-06    -4.291812e-06    2.138215e-06    9.871281e-07    5.059417e-07    -4.242076e-06    -3.149033e-06    1.601218e-06    2.472219e-06    -4.601461e-07    1.915335e-06    3.841734e-06    2.49654e-07    -2.761649e-06
-2.848226e-06    -2.809026e-06    -7.987581e-07    2.715718e-06    6.090746e-06    -7.857391e-06    1.445993e-05    8.076771e-06    -8.146929e-06    -2.030484e-06    -3.832111e-06    1.135959e-05    5.702841e-06    -5.382542e-06    -2.633526e-06    5.212924e-07    7.553309e-06    3.714753e-06    -1.20115e-06    -4.758459e-06    2.369754e-06    -1.041404e-05    -8.490489e-06    3.827733e-06    5.040662e-06
-2.276593e-06    -8.647823e-07    -1.027339e-06    1.389476e-06    4.440466e-06    -4.697428e-06    8.526558e-06    4.669174e-06    -4.768451e-06    -1.429439e-06    -4.291812e-06    5.702841e-06    6.4487e-06    -3.053533e-06    -2.333134e-06    -3.802366e-07    5.208769e-06    3.898146e-06    -1.674692e-06    -3.220862e-06    1.312058e-06    -4.202481e-06    -6.119409e-06    2.182134e-07    4.537761e-06
1.469881e-06    1.385912e-06    6.305748e-07    -1.606944e-06    -3.606221e-06    3.606138e-06    -7.002733e-06    -3.546134e-06    3.796073e-06    8.6445e-07    2.138215e-06    -5.382542e-06    -3.053533e-06    3.048471e-06    1.052605e-06    -2.005035e-07    -3.718627e-06    -2.033643e-06    6.12237e-07    2.471756e-06    -1.125539e-06    4.881839e-06    4.194437e-06    -1.666307e-06    -2.656167e-06
7.69247e-07    7.773765e-07    2.827254e-07    -8.123048e-07    -1.071878e-06    2.352281e-06    -3.495501e-06    -2.776098e-06    2.165088e-06    6.520328e-07    9.871281e-07    -2.633526e-06    -2.333134e-06    1.052605e-06    1.67151e-06    3.985317e-08    -1.830977e-06    -1.036181e-06    4.908935e-07    9.713513e-07    -8.787175e-07    2.563928e-06    2.649952e-06    -5.111602e-07    -1.98787e-06
1.617606e-06    -7.220785e-07    8.460565e-08    1.09131e-06    -1.755245e-06    -2.532235e-07    -6.118096e-07    5.012516e-07    -9.89442e-08    4.873561e-07    5.059417e-07    5.212924e-07    -3.802366e-07    -2.005035e-07    3.985317e-08    2.012641e-06    -1.084462e-06    -2.528048e-06    5.52929e-07    8.895366e-07    9.48905e-07    -3.825073e-07    4.381187e-07    1.063413e-06    -1.466498e-06
-5.394106e-06    -3.549687e-06    -1.907128e-06    5.062447e-07    8.662825e-06    -8.044572e-06    1.495618e-05    8.480423e-06    -8.641201e-06    -3.276024e-06    -4.242076e-06    7.553309e-06    5.208769e-06    -3.718627e-06    -1.830977e-06    -1.084462e-06    1.231489e-05    7.399215e-06    -4.367598e-06    -6.808388e-06    1.72146e-06    -6.54408e-06    -9.446553e-06    8.211617e-07    6.436637e-06
-4.862e-06    -1.877433e-06    -2.826744e-06    -5.875307e-07    7.907553e-06    -4.28264e-06    9.009056e-06    4.990246e-06    -6.002099e-06    -2.40613e-06    -3.149033e-06    3.714753e-06    3.898146e-06    -2.033643e-06    -1.036181e-06    -2.528048e-06    7.399215e-06    8.376002e-06    -2.191953e-06    -5.799055e-06    7.963248e-07    -4.080511e-06    -7.337931e-06    -1.991423e-07    5.589085e-06
1.946378e-06    8.498929e-08    -2.754787e-07    5.005691e-07    -1.787652e-06    2.162329e-06    -3.671042e-06    -1.669417e-06    1.345195e-06    1.084535e-06    1.601218e-06    -1.20115e-06    -1.674692e-06    6.12237e-07    4.908935e-07    5.52929e-07    -4.367598e-06    -2.191953e-06    2.952375e-06    1.537028e-06    -4.086712e-07    -6.704712e-07    2.402768e-06    1.33441e-06    -1.868352e-06
3.48618e-06    2.681825e-06    2.409011e-06    -4.39188e-07    -6.489298e-06    4.713685e-06    -9.230144e-06    -5.537933e-06    6.213271e-06    2.015485e-06    2.472219e-06    -4.758459e-06    -3.220862e-06    2.471756e-06    9.713513e-07    8.895366e-07    -6.808388e-06    -5.799055e-06    1.537028e-06    5.02213e-06    -1.252599e-06    5.302267e-06    6.588586e-06    -1.213404e-06    -4.279908e-06
-4.957512e-07    -1.72927e-06    -9.881509e-07    1.288759e-06    1.15557e-06    -2.232231e-06    3.098526e-06    3.087684e-06    -2.574243e-06    -6.81722e-07    -4.601461e-07    2.369754e-06    1.312058e-06    -1.125539e-06    -8.787175e-07    9.48905e-07    1.72146e-06    7.963248e-07    -4.086712e-07    -1.252599e-06    2.042946e-06    -2.69479e-06    -3.387163e-06    1.215098e-06    1.34942e-06
2.828864e-06    5.205847e-06    2.14163e-06    -3.7158e-06    -6.108772e-06    7.205597e-06    -1.453592e-05    -9.123609e-06    9.31085e-06    2.403169e-06    1.915335e-06    -1.041404e-05    -4.202481e-06    4.881839e-06    2.563928e-06    -3.825073e-07    -6.54408e-06    -4.080511e-06    -6.704712e-07    5.302267e-06    -2.69479e-06    1.45984e-05    8.449231e-06    -6.309037e-06    -5.211504e-06
4.752293e-06    3.838333e-06    3.228842e-06    -1.740456e-06    -8.737398e-06    7.727194e-06    -1.396551e-05    -9.02004e-06    9.240765e-06    2.763747e-06    3.841734e-06    -8.490489e-06    -6.119409e-06    4.194437e-06    2.649952e-06    4.381187e-07    -9.446553e-06    -7.337931e-06    2.402768e-06    6.588586e-06    -3.387163e-06    8.449231e-06    1.166077e-05    -1.988424e-06    -7.266528e-06
2.211406e-08    -2.283466e-06    -4.050697e-07    1.87019e-06    5.405694e-07    -1.966752e-06    3.812896e-06    3.358489e-06    -2.990247e-06    -6.315515e-07    2.49654e-07    3.827733e-06    2.182134e-07    -1.666307e-06    -5.111602e-07    1.063413e-06    8.211617e-07    -1.991423e-07    1.33441e-06    -1.213404e-06    1.215098e-06    -6.309037e-06    -1.988424e-06    3.870671e-06    3.912732e-07
-3.770402e-06    -1.863324e-06    -1.915854e-06    7.75778e-07    6.355365e-06    -4.635505e-06    9.385665e-06    5.069419e-06    -5.475627e-06    -1.869465e-06    -2.761649e-06    5.040662e-06    4.537761e-06    -2.656167e-06    -1.98787e-06    -1.466498e-06    6.436637e-06    5.589085e-06    -1.868352e-06    -4.279908e-06    1.34942e-06    -5.211504e-06    -7.266528e-06    3.912732e-07    5.803184e-06
