7.716902e-06    -1.213243e-05    -8.158074e-06    7.231402e-06    2.228366e-06    -2.532235e-07    -8.044572e-06    -4.28264e-06    2.162329e-06    4.713685e-06
-1.213243e-05    2.44415e-05    1.208992e-05    -1.38656e-05    -3.893199e-06    -6.118096e-07    1.495618e-05    9.009056e-06    -3.671042e-06    -9.230144e-06
-8.158074e-06    1.208992e-05    1.090864e-05    -8.808035e-06    -3.11613e-06    5.012516e-07    8.480423e-06    4.990246e-06    -1.669417e-06    -5.537933e-06
7.231402e-06    -1.38656e-05    -8.808035e-06    9.812327e-06    2.518798e-06    -9.89442e-08    -8.641201e-06    -6.002099e-06    1.345195e-06    6.213271e-06
2.228366e-06    -3.893199e-06    -3.11613e-06    2.518798e-06    1.462973e-06    4.873561e-07    -3.276024e-06    -2.40613e-06    1.084535e-06    2.015485e-06
-2.532235e-07    -6.118096e-07    5.012516e-07    -9.89442e-08    4.873561e-07    2.012641e-06    -1.084462e-06    -2.528048e-06    5.52929e-07    8.895366e-07
-8.044572e-06    1.495618e-05    8.480423e-06    -8.641201e-06    -3.276024e-06    -1.084462e-06    1.231489e-05    7.399215e-06    -4.367598e-06    -6.808388e-06
-4.28264e-06    9.009056e-06    4.990246e-06    -6.002099e-06    -2.40613e-06    -2.528048e-06    7.399215e-06    8.376002e-06    -2.191953e-06    -5.799055e-06
2.162329e-06    -3.671042e-06    -1.669417e-06    1.345195e-06    1.084535e-06    5.52929e-07    -4.367598e-06    -2.191953e-06    2.952375e-06    1.537028e-06
4.713685e-06    -9.230144e-06    -5.537933e-06    6.213271e-06    2.015485e-06    8.895366e-07    -6.808388e-06    -5.799055e-06    1.537028e-06    5.02213e-06
