4.886195e-06    9.459127e-07    3.215987e-07    4.051512e-07    -4.583852e-06    -1.122393e-06    -4.4873e-06    -2.999216e-06    9.48601e-09    2.762064e-06    -1.865124e-06    2.789416e-06    4.92367e-06    -1.257527e-06    -2.669498e-06    3.000981e-06    -6.466741e-06    -3.298111e-06    3.791712e-06    1.608883e-06    1.681642e-06    -5.512642e-06    -4.954072e-06    2.077872e-06    3.46285e-06    -4.645842e-07    2.816605e-06    4.764353e-06    7.603472e-08    -3.80456e-06    -7.179549e-07    2.041889e-06    2.425163e-06    -1.430541e-06    -3.03136e-06
9.459127e-07    5.149284e-06    1.932172e-06    -2.591136e-06    -2.388246e-06    -1.25525e-06    -4.407316e-06    -2.426931e-06    -6.306457e-07    2.786014e-06    -3.930057e-06    3.296699e-06    5.907054e-06    -2.248533e-06    -1.54836e-06    3.131516e-06    -5.731469e-06    -4.681134e-06    4.59128e-06    1.28965e-06    -8.287858e-07    -3.586322e-06    -1.894365e-06    -2.835231e-08    2.816209e-06    -1.800711e-06    5.281485e-06    3.924547e-06    -2.365569e-06    -1.871213e-06    1.290996e-06    9.355581e-07    7.154745e-07    -1.790406e-06    -1.745449e-06
3.215987e-07    1.932172e-06    4.41267e-06    -5.483117e-08    -4.145482e-06    -3.828238e-07    -3.684452e-06    -1.811699e-06    7.239646e-07    9.40428e-07    -2.599743e-06    1.469649e-06    6.485176e-06    -2.425474e-06    -1.929023e-06    1.451901e-06    -3.183147e-06    -2.324883e-06    3.342443e-06    5.231279e-07    9.714857e-08    -1.997255e-06    -2.984274e-06    -3.435726e-07    2.591035e-06    -9.919357e-07    2.234427e-06    3.281324e-06    -4.211572e-07    -1.986328e-06    2.740639e-07    1.552602e-06    1.445543e-06    -1.51091e-06    -1.999696e-06
4.051512e-07    -2.591136e-06    -5.483117e-08    4.212585e-06    1.396828e-07    3.744827e-07    9.3198e-07    1.578804e-06    1.367453e-06    -1.912892e-06    9.86558e-07    2.625116e-07    -1.238068e-06    6.756955e-07    -3.004256e-09    -1.87217e-06    2.786781e-06    2.298173e-06    -1.520719e-06    -2.460101e-07    1.281596e-06    3.469149e-07    -7.761687e-07    6.814649e-07    -4.34716e-07    1.402775e-06    -3.698212e-06    -1.77027e-06    1.934838e-06    7.038055e-07    -8.86048e-07    1.75522e-07    -2.527683e-07    3.944617e-07    8.187407e-07
-4.583852e-06    -2.388246e-06    -4.145482e-06    1.396828e-07    1.312032e-05    2.145357e-06    9.747276e-06    5.807337e-06    -1.549737e-06    -4.745453e-06    3.318527e-06    -3.344315e-06    -1.1995e-05    4.6963e-06    6.168724e-06    -6.65826e-06    1.211046e-05    6.517431e-06    -7.29747e-06    -2.023909e-06    -1.893339e-06    8.921054e-06    8.208652e-06    -1.899883e-06    -6.649659e-06    1.109454e-06    -6.228594e-06    -8.808449e-06    5.198746e-07    6.491143e-06    7.680989e-07    -3.468572e-06    -5.04164e-06    1.973865e-06    6.332455e-06
-1.122393e-06    -1.25525e-06    -3.828238e-07    3.744827e-07    2.145357e-06    3.399707e-06    2.125229e-06    -5.915166e-07    -5.227191e-07    -1.309164e-06    1.69395e-06    -1.143011e-06    -3.486081e-06    8.806263e-07    1.595294e-06    -1.530965e-06    3.385318e-06    2.132505e-06    -1.813284e-06    -1.192527e-06    -2.172419e-07    3.010281e-06    1.900276e-06    -7.364677e-07    -1.973343e-06    1.65713e-07    -2.35517e-06    -1.506399e-06    1.164701e-06    7.093879e-07    -2.749373e-07    -4.2565e-07    -6.663767e-07    2.471288e-07    1.486051e-06
-4.4873e-06    -4.407316e-06    -3.684452e-06    9.3198e-07    9.747276e-06    2.125229e-06    1.348276e-05    6.354984e-06    -1.615957e-06    -6.311525e-06    4.969946e-06    -5.19231e-06    -1.203711e-05    3.904025e-06    5.846187e-06    -8.754483e-06    1.548506e-05    9.698283e-06    -1.053455e-05    -2.782926e-06    -3.353032e-07    1.028922e-05    7.395716e-06    -2.099108e-06    -7.171911e-06    2.366545e-06    -8.665894e-06    -1.040584e-05    2.127292e-06    6.26622e-06    -1.31937e-06    -3.6109e-06    -4.69255e-06    2.986148e-06    7.292411e-06
-2.999216e-06    -2.426931e-06    -1.811699e-06    1.578804e-06    5.807337e-06    -5.915166e-07    6.354984e-06    7.522459e-06    1.032646e-06    -5.41534e-06    2.454428e-06    -1.933775e-06    -5.839685e-06    1.291711e-06    2.559381e-06    -5.81874e-06    9.606011e-06    6.66631e-06    -6.198217e-06    -1.538025e-06    -3.483652e-07    5.549338e-06    4.152702e-06    -1.04982e-06    -3.877387e-06    2.118826e-06    -6.786916e-06    -7.678292e-06    1.704352e-06    5.275769e-06    -8.622209e-07    -2.453266e-06    -2.73495e-06    2.114595e-06    4.824955e-06
9.48601e-09    -6.306457e-07    7.239646e-07    1.367453e-06    -1.549737e-06    -5.227191e-07    -1.615957e-06    1.032646e-06    4.863043e-06    -2.402271e-06    4.567747e-07    1.013616e-06    3.24121e-07    -9.137029e-07    -8.642133e-07    2.978215e-07    1.979933e-06    -6.745109e-08    -2.11509e-07    -3.009917e-07    1.862568e-07    -5.857888e-07    -1.088703e-06    6.662863e-07    4.501272e-07    6.282063e-07    -3.521789e-06    -5.950873e-07    1.791856e-06    6.937961e-07    -6.950722e-07    8.183195e-07    2.518621e-07    -2.792666e-07    3.718487e-07
2.762064e-06    2.786014e-06    9.40428e-07    -1.912892e-06    -4.745453e-06    -1.309164e-06    -6.311525e-06    -5.41534e-06    -2.402271e-06    8.308284e-06    -3.475989e-06    1.628108e-06    6.529833e-06    -6.284871e-07    -2.51038e-06    5.770924e-06    -1.170496e-05    -6.550012e-06    6.590582e-06    2.097012e-06    1.215759e-07    -6.19476e-06    -3.507253e-06    1.115585e-06    3.86476e-06    -1.766492e-06    8.861359e-06    6.665002e-06    -3.081615e-06    -4.560136e-06    1.808725e-06    1.422485e-06    2.162467e-06    -1.853908e-06    -4.745393e-06
-1.865124e-06    -3.930057e-06    -2.599743e-06    9.86558e-07    3.318527e-06    1.69395e-06    4.969946e-06    2.454428e-06    4.567747e-07    -3.475989e-06    6.083899e-06    -3.527483e-06    -7.850096e-06    1.566626e-06    1.638805e-06    -3.280454e-06    7.402071e-06    4.956987e-06    -5.356982e-06    -1.939759e-06    8.880671e-08    5.304457e-06    3.527155e-06    -1.030758e-06    -3.711859e-06    1.425619e-06    -5.349915e-06    -4.548363e-06    1.753807e-06    2.995042e-06    -1.24084e-06    -1.631211e-06    -1.188111e-06    2.4823e-06    2.749126e-06
2.789416e-06    3.296699e-06    1.469649e-06    2.625116e-07    -3.344315e-06    -1.143011e-06    -5.19231e-06    -1.933775e-06    1.013616e-06    1.628108e-06    -3.527483e-06    9.916049e-06    1.608575e-06    -2.440016e-06    -1.727434e-06    3.914361e-06    -6.057297e-06    -4.487642e-06    4.27872e-06    1.90009e-06    2.403355e-07    -6.904975e-06    -3.725066e-06    3.293888e-06    3.259576e-06    -1.65317e-06    7.158082e-07    4.518209e-06    8.29159e-07    -2.367407e-06    -6.193593e-07    2.573408e-06    1.72268e-06    -2.611629e-06    -9.884203e-07
4.92367e-06    5.907054e-06    6.485176e-06    -1.238068e-06    -1.1995e-05    -3.486081e-06    -1.203711e-05    -5.839685e-06    3.24121e-07    6.529833e-06    -7.850096e-06    1.608575e-06    2.279692e-05    -6.019564e-06    -8.131292e-06    6.81024e-06    -1.521268e-05    -9.082953e-06    1.106946e-05    3.214376e-06    1.589045e-06    -9.663921e-06    -9.914409e-06    3.330697e-07    8.866462e-06    -1.641296e-06    1.143007e-05    9.861365e-06    -3.676556e-06    -6.743568e-06    1.370021e-06    3.158741e-06    4.963668e-06    -2.902088e-06    -8.013778e-06
-1.257527e-06    -2.248533e-06    -2.425474e-06    6.756955e-07    4.6963e-06    8.806263e-07    3.904025e-06    1.291711e-06    -9.137029e-07    -6.284871e-07    1.566626e-06    -2.440016e-06    -6.019564e-06    4.554526e-06    2.284657e-06    -2.085286e-06    3.938099e-06    2.122274e-06    -2.82715e-06    -6.139364e-07    -3.764334e-07    2.970194e-06    2.915847e-06    -2.405236e-08    -2.737383e-06    2.55837e-07    -1.879862e-06    -2.620465e-06    1.131865e-07    1.765217e-06    7.872181e-07    -1.044998e-06    -1.825625e-06    5.92181e-07    1.305599e-06
-2.669498e-06    -1.54836e-06    -1.929023e-06    -3.004256e-09    6.168724e-06    1.595294e-06    5.846187e-06    2.559381e-06    -8.642133e-07    -2.51038e-06    1.638805e-06    -1.727434e-06    -8.131292e-06    2.284657e-06    5.33751e-06    -3.746477e-06    6.803787e-06    3.990544e-06    -4.557064e-06    -1.439636e-06    -9.893636e-07    5.10199e-06    4.744499e-06    -1.026962e-06    -3.892444e-06    6.466108e-07    -3.551028e-06    -4.644394e-06    8.172595e-07    2.804272e-06    -9.330058e-08    -1.704327e-06    -2.944198e-06    8.009756e-07    3.713217e-06
3.000981e-06    3.131516e-06    1.451901e-06    -1.87217e-06    -6.65826e-06    -1.530965e-06    -8.754483e-06    -5.81874e-06    2.978215e-07    5.770924e-06    -3.280454e-06    3.914361e-06    6.81024e-06    -2.085286e-06    -3.746477e-06    9.058368e-06    -1.225435e-05    -8.840395e-06    7.09576e-06    2.036562e-06    -2.268438e-07    -8.174544e-06    -4.387356e-06    2.185964e-06    4.806286e-06    -2.137618e-06    7.297582e-06    7.821983e-06    -1.869887e-06    -4.815683e-06    7.592322e-07    2.710382e-06    3.389179e-06    -2.189495e-06    -5.073399e-06
-6.466741e-06    -5.731469e-06    -3.183147e-06    2.786781e-06    1.211046e-05    3.385318e-06    1.548506e-05    9.606011e-06    1.979933e-06    -1.170496e-05    7.402071e-06    -6.057297e-06    -1.521268e-05    3.938099e-06    6.803787e-06    -1.225435e-05    2.640138e-05    1.169717e-05    -1.438958e-05    -3.910931e-06    -6.35762e-07    1.512117e-05    9.135265e-06    -3.707435e-06    -9.319659e-06    3.170626e-06    -1.479669e-05    -1.423622e-05    3.875739e-06    9.594852e-06    -1.423236e-06    -4.676836e-06    -6.625929e-06    3.815488e-06    1.066712e-05
-3.298111e-06    -4.681134e-06    -2.324883e-06    2.298173e-06    6.517431e-06    2.132505e-06    9.698283e-06    6.66631e-06    -6.745109e-08    -6.550012e-06    4.956987e-06    -4.487642e-06    -9.082953e-06    2.122274e-06    3.990544e-06    -8.840395e-06    1.169717e-05    1.287541e-05    -8.982866e-06    -3.87357e-06    5.312658e-07    8.499152e-06    5.051252e-06    -1.651222e-06    -5.632054e-06    3.172322e-06    -9.411131e-06    -9.280982e-06    3.445128e-06    5.254429e-06    -2.112423e-06    -2.829293e-06    -2.553338e-06    3.452569e-06    5.18941e-06
3.791712e-06    4.59128e-06    3.342443e-06    -1.520719e-06    -7.29747e-06    -1.813284e-06    -1.053455e-05    -6.198217e-06    -2.11509e-07    6.590582e-06    -5.356982e-06    4.27872e-06    1.106946e-05    -2.82715e-06    -4.557064e-06    7.09576e-06    -1.438958e-05    -8.982866e-06    1.120152e-05    2.183827e-06    -1.162243e-07    -8.769195e-06    -6.150116e-06    1.271539e-06    6.394889e-06    -2.478466e-06    9.436415e-06    9.317669e-06    -2.941591e-06    -5.634798e-06    2.022326e-06    3.376023e-06    3.570519e-06    -3.371695e-06    -6.693936e-06
1.608883e-06    1.28965e-06    5.231279e-07    -2.460101e-07    -2.023909e-06    -1.192527e-06    -2.782926e-06    -1.538025e-06    -3.009917e-07    2.097012e-06    -1.939759e-06    1.90009e-06    3.214376e-06    -6.139364e-07    -1.439636e-06    2.036562e-06    -3.910931e-06    -3.87357e-06    2.183827e-06    2.902669e-06    4.73179e-07    -3.203096e-06    -2.37509e-06    1.116045e-06    1.967241e-06    -8.386778e-07    2.576821e-06    2.922578e-06    -7.891852e-07    -1.888013e-06    1.775576e-07    7.433229e-07    9.849517e-07    -1.145725e-06    -1.645254e-06
1.681642e-06    -8.287858e-07    9.714857e-08    1.281596e-06    -1.893339e-06    -2.172419e-07    -3.353032e-07    -3.483652e-07    1.862568e-07    1.215759e-07    8.880671e-08    2.403355e-07    1.589045e-06    -3.764334e-07    -9.893636e-07    -2.268438e-07    -6.35762e-07    5.312658e-07    -1.162243e-07    4.73179e-07    3.542222e-06    -1.019945e-06    -3.484572e-06    4.533619e-07    8.609967e-07    1.054481e-06    -4.837088e-07    3.616094e-07    1.180573e-06    -1.483656e-06    -1.284404e-06    6.650102e-07    8.822859e-07    -3.531891e-08    -6.32143e-07
-5.512642e-06    -3.586322e-06    -1.997255e-06    3.469149e-07    8.921054e-06    3.010281e-06    1.028922e-05    5.549338e-06    -5.857888e-07    -6.19476e-06    5.304457e-06    -6.904975e-06    -9.663921e-06    2.970194e-06    5.10199e-06    -8.174544e-06    1.512117e-05    8.499152e-06    -8.769195e-06    -3.203096e-06    -1.019945e-06    1.376126e-05    7.27163e-06    -5.312984e-06    -6.64568e-06    1.655663e-06    -6.597435e-06    -9.489695e-06    7.434642e-07    6.548643e-06    3.298462e-08    -4.043516e-06    -4.730842e-06    2.921737e-06    6.586926e-06
-4.954072e-06    -1.894365e-06    -2.984274e-06    -7.761687e-07    8.208652e-06    1.900276e-06    7.395716e-06    4.152702e-06    -1.088703e-06    -3.507253e-06    3.527155e-06    -3.725066e-06    -9.914409e-06    2.915847e-06    4.744499e-06    -4.387356e-06    9.135265e-06    5.051252e-06    -6.150116e-06    -2.37509e-06    -3.484572e-06    7.27163e-06    9.840838e-06    -2.098703e-06    -6.409223e-06    6.990355e-07    -4.116277e-06    -7.368349e-06    -3.059643e-07    5.716801e-06    8.763444e-07    -3.374174e-06    -4.277468e-06    2.153537e-06    5.484314e-06
2.077872e-06    -2.835231e-08    -3.435726e-07    6.814649e-07    -1.899883e-06    -7.364677e-07    -2.099108e-06    -1.04982e-06    6.662863e-07    1.115585e-06    -1.030758e-06    3.293888e-06    3.330697e-07    -2.405236e-08    -1.026962e-06    2.185964e-06    -3.707435e-06    -1.651222e-06    1.271539e-06    1.116045e-06    4.533619e-07    -5.312984e-06    -2.098703e-06    4.494634e-06    9.966772e-07    -3.317751e-07    -7.657906e-07    2.35678e-06    1.43577e-06    -1.886893e-06    -9.449297e-07    1.363481e-06    1.480501e-06    -7.52433e-07    -1.302312e-06
3.46285e-06    2.816209e-06    2.591035e-06    -4.34716e-07    -6.649659e-06    -1.973343e-06    -7.171911e-06    -3.877387e-06    4.501272e-07    3.86476e-06    -3.711859e-06    3.259576e-06    8.866462e-06    -2.737383e-06    -3.892444e-06    4.806286e-06    -9.319659e-06    -5.632054e-06    6.394889e-06    1.967241e-06    8.609967e-07    -6.64568e-06    -6.409223e-06    9.966772e-07    6.422314e-06    -1.273029e-06    5.432786e-06    6.69118e-06    -1.22508e-06    -4.363678e-06    3.624942e-07    2.588033e-06    3.297906e-06    -1.913566e-06    -4.896322e-06
-4.645842e-07    -1.800711e-06    -9.919357e-07    1.402775e-06    1.109454e-06    1.65713e-07    2.366545e-06    2.118826e-06    6.282063e-07    -1.766492e-06    1.425619e-06    -1.65317e-06    -1.641296e-06    2.55837e-07    6.466108e-07    -2.137618e-06    3.170626e-06    3.172322e-06    -2.478466e-06    -8.386778e-07    1.054481e-06    1.655663e-06    6.990355e-07    -3.317751e-07    -1.273029e-06    3.535645e-06    -2.593624e-06    -4.360092e-06    1.270009e-06    1.338564e-06    -1.116873e-06    -4.971113e-07    -6.106873e-07    1.002655e-06    1.463958e-06
2.816605e-06    5.281485e-06    2.234427e-06    -3.698212e-06    -6.228594e-06    -2.35517e-06    -8.665894e-06    -6.786916e-06    -3.521789e-06    8.861359e-06    -5.349915e-06    7.158082e-07    1.143007e-05    -1.879862e-06    -3.551028e-06    7.297582e-06    -1.479669e-05    -9.411131e-06    9.436415e-06    2.576821e-06    -4.837088e-07    -6.597435e-06    -4.116277e-06    -7.657906e-07    5.432786e-06    -2.593624e-06    1.607521e-05    8.217366e-06    -7.258583e-06    -4.920429e-06    3.344931e-06    1.140064e-06    2.303476e-06    -1.997642e-06    -6.494662e-06
4.764353e-06    3.924547e-06    3.281324e-06    -1.77027e-06    -8.808449e-06    -1.506399e-06    -1.040584e-05    -7.678292e-06    -5.950873e-07    6.665002e-06    -4.548363e-06    4.518209e-06    9.861365e-06    -2.620465e-06    -4.644394e-06    7.821983e-06    -1.423622e-05    -9.280982e-06    9.317669e-06    2.922578e-06    3.616094e-07    -9.489695e-06    -7.368349e-06    2.35678e-06    6.69118e-06    -4.360092e-06    8.217366e-06    1.316667e-05    -1.923214e-06    -7.950075e-06    1.098895e-06    3.754704e-06    4.769366e-06    -3.138922e-06    -7.512522e-06
7.603472e-08    -2.365569e-06    -4.211572e-07    1.934838e-06    5.198746e-07    1.164701e-06    2.127292e-06    1.704352e-06    1.791856e-06    -3.081615e-06    1.753807e-06    8.29159e-07    -3.676556e-06    1.131865e-07    8.172595e-07    -1.869887e-06    3.875739e-06    3.445128e-06    -2.941591e-06    -7.891852e-07    1.180573e-06    7.434642e-07    -3.059643e-07    1.43577e-06    -1.22508e-06    1.270009e-06    -7.258583e-06    -1.923214e-06    5.376072e-06    -2.548979e-07    -2.554971e-06    9.586219e-07    5.624106e-07    9.934202e-10    1.645372e-06
-3.80456e-06    -1.871213e-06    -1.986328e-06    7.038055e-07    6.491143e-06    7.093879e-07    6.26622e-06    5.275769e-06    6.937961e-07    -4.560136e-06    2.995042e-06    -2.367407e-06    -6.743568e-06    1.765217e-06    2.804272e-06    -4.815683e-06    9.594852e-06    5.254429e-06    -5.634798e-06    -1.888013e-06    -1.483656e-06    6.548643e-06    5.716801e-06    -1.886893e-06    -4.363678e-06    1.338564e-06    -4.920429e-06    -7.950075e-06    -2.548979e-07    7.218052e-06    4.114107e-07    -3.074874e-06    -3.614978e-06    2.350925e-06    4.908064e-06
-7.179549e-07    1.290996e-06    2.740639e-07    -8.86048e-07    7.680989e-07    -2.749373e-07    -1.31937e-06    -8.622209e-07    -6.950722e-07    1.808725e-06    -1.24084e-06    -6.193593e-07    1.370021e-06    7.872181e-07    -9.330058e-08    7.592322e-07    -1.423236e-06    -2.112423e-06    2.022326e-06    1.775576e-07    -1.284404e-06    3.298462e-08    8.763444e-07    -9.449297e-07    3.624942e-07    -1.116873e-06    3.344931e-06    1.098895e-06    -2.554971e-06    4.114107e-07    4.002588e-06    -1.224321e-06    -1.88157e-06    2.219525e-07    -8.008506e-07
2.041889e-06    9.355581e-07    1.552602e-06    1.75522e-07    -3.468572e-06    -4.2565e-07    -3.6109e-06    -2.453266e-06    8.183195e-07    1.422485e-06    -1.631211e-06    2.573408e-06    3.158741e-06    -1.044998e-06    -1.704327e-06    2.710382e-06    -4.676836e-06    -2.829293e-06    3.376023e-06    7.433229e-07    6.650102e-07    -4.043516e-06    -3.374174e-06    1.363481e-06    2.588033e-06    -4.971113e-07    1.140064e-06    3.754704e-06    9.586219e-07    -3.074874e-06    -1.224321e-06    4.522789e-06    2.2663e-06    -3.119028e-06    -2.141938e-06
2.425163e-06    7.154745e-07    1.445543e-06    -2.527683e-07    -5.04164e-06    -6.663767e-07    -4.69255e-06    -2.73495e-06    2.518621e-07    2.162467e-06    -1.188111e-06    1.72268e-06    4.963668e-06    -1.825625e-06    -2.944198e-06    3.389179e-06    -6.625929e-06    -2.553338e-06    3.570519e-06    9.849517e-07    8.822859e-07    -4.730842e-06    -4.277468e-06    1.480501e-06    3.297906e-06    -6.106873e-07    2.303476e-06    4.769366e-06    5.624106e-07    -3.614978e-06    -1.88157e-06    2.2663e-06    5.084414e-06    -1.095633e-06    -4.586901e-06
-1.430541e-06    -1.790406e-06    -1.51091e-06    3.944617e-07    1.973865e-06    2.471288e-07    2.986148e-06    2.114595e-06    -2.792666e-07    -1.853908e-06    2.4823e-06    -2.611629e-06    -2.902088e-06    5.92181e-07    8.009756e-07    -2.189495e-06    3.815488e-06    3.452569e-06    -3.371695e-06    -1.145725e-06    -3.531891e-08    2.921737e-06    2.153537e-06    -7.52433e-07    -1.913566e-06    1.002655e-06    -1.997642e-06    -3.138922e-06    9.934202e-10    2.350925e-06    2.219525e-07    -3.119028e-06    -1.095633e-06    4.012977e-06    5.345152e-07
-3.03136e-06    -1.745449e-06    -1.999696e-06    8.187407e-07    6.332455e-06    1.486051e-06    7.292411e-06    4.824955e-06    3.718487e-07    -4.745393e-06    2.749126e-06    -9.884203e-07    -8.013778e-06    1.305599e-06    3.713217e-06    -5.073399e-06    1.066712e-05    5.18941e-06    -6.693936e-06    -1.645254e-06    -6.32143e-07    6.586926e-06    5.484314e-06    -1.302312e-06    -4.896322e-06    1.463958e-06    -6.494662e-06    -7.512522e-06    1.645372e-06    4.908064e-06    -8.008506e-07    -2.141938e-06    -4.586901e-06    5.345152e-07    7.937913e-06
