4.083067e-06    -7.209514e-07    -2.108591e-06    1.132269e-06    -8.348474e-07    -5.726287e-07    1.996684e-06    2.649773e-06    -1.488728e-06    -1.950216e-06    2.840175e-06    -3.597327e-06    -3.303034e-06    2.815874e-06    7.436144e-07    1.394932e-07    1.199978e-06    9.861485e-07    -8.047153e-07    -1.640699e-06
-7.209514e-07    3.225865e-06    1.042384e-06    -2.33534e-06    -4.072581e-07    8.467265e-07    -2.538635e-06    -1.687101e-06    1.519183e-06    1.286852e-06    -9.38493e-07    1.487121e-06    4.977301e-07    -1.097942e-06    -1.446921e-07    3.371288e-07    -4.396399e-07    -6.515453e-07    1.068301e-07    2.333117e-07
-2.108591e-06    1.042384e-06    5.821202e-06    -1.991838e-08    -3.365409e-06    -1.168902e-07    -2.659381e-06    -5.385399e-07    1.797612e-06    7.729208e-07    8.905141e-07    -3.199186e-06    -7.683166e-07    7.65041e-07    1.22051e-07    1.726003e-06    -1.196943e-06    -1.419015e-07    9.629813e-07    -1.703287e-06
1.132269e-06    -2.33534e-06    -1.991838e-08    5.180488e-06    -2.360911e-06    -1.30996e-06    3.293685e-06    2.394416e-06    -1.405498e-06    -2.305098e-06    4.251251e-06    -7.016555e-06    -3.634311e-06    3.735659e-06    1.119161e-06    -3.265991e-07    1.802032e-06    2.539183e-06    -1.111112e-06    -2.718849e-06
-8.348474e-07    -4.072581e-07    -3.365409e-06    -2.360911e-06    5.410115e-06    2.109686e-07    2.554016e-07    -8.139803e-07    -4.963299e-07    1.080232e-06    -3.400489e-06    6.850523e-06    3.047364e-06    -3.095198e-06    -7.913964e-07    -7.405631e-07    -7.806831e-07    -1.698685e-06    1.03549e-07    3.521735e-06
-5.726287e-07    8.467265e-07    -1.168902e-07    -1.30996e-06    2.109686e-07    6.083899e-06    -3.527483e-06    -7.850096e-06    1.566626e-06    1.638805e-06    -3.280454e-06    7.402071e-06    4.956987e-06    -5.356982e-06    -1.939759e-06    -1.24084e-06    -1.631211e-06    -1.188111e-06    2.4823e-06    2.749126e-06
1.996684e-06    -2.538635e-06    -2.659381e-06    3.293685e-06    2.554016e-07    -3.527483e-06    9.916049e-06    1.608575e-06    -2.440016e-06    -1.727434e-06    3.914361e-06    -6.057297e-06    -4.487642e-06    4.27872e-06    1.90009e-06    -6.193593e-07    2.573408e-06    1.72268e-06    -2.611629e-06    -9.884203e-07
2.649773e-06    -1.687101e-06    -5.385399e-07    2.394416e-06    -8.139803e-07    -7.850096e-06    1.608575e-06    2.279692e-05    -6.019564e-06    -8.131292e-06    6.81024e-06    -1.521268e-05    -9.082953e-06    1.106946e-05    3.214376e-06    1.370021e-06    3.158741e-06    4.963668e-06    -2.902088e-06    -8.013778e-06
-1.488728e-06    1.519183e-06    1.797612e-06    -1.405498e-06    -4.963299e-07    1.566626e-06    -2.440016e-06    -6.019564e-06    4.554526e-06    2.284657e-06    -2.085286e-06    3.938099e-06    2.122274e-06    -2.82715e-06    -6.139364e-07    7.872181e-07    -1.044998e-06    -1.825625e-06    5.92181e-07    1.305599e-06
-1.950216e-06    1.286852e-06    7.729208e-07    -2.305098e-06    1.080232e-06    1.638805e-06    -1.727434e-06    -8.131292e-06    2.284657e-06    5.33751e-06    -3.746477e-06    6.803787e-06    3.990544e-06    -4.557064e-06    -1.439636e-06    -9.330058e-08    -1.704327e-06    -2.944198e-06    8.009756e-07    3.713217e-06
2.840175e-06    -9.38493e-07    8.905141e-07    4.251251e-06    -3.400489e-06    -3.280454e-06    3.914361e-06    6.81024e-06    -2.085286e-06    -3.746477e-06    9.058368e-06    -1.225435e-05    -8.840395e-06    7.09576e-06    2.036562e-06    7.592322e-07    2.710382e-06    3.389179e-06    -2.189495e-06    -5.073399e-06
-3.597327e-06    1.487121e-06    -3.199186e-06    -7.016555e-06    6.850523e-06    7.402071e-06    -6.057297e-06    -1.521268e-05    3.938099e-06    6.803787e-06    -1.225435e-05    2.640138e-05    1.169717e-05    -1.438958e-05    -3.910931e-06    -1.423236e-06    -4.676836e-06    -6.625929e-06    3.815488e-06    1.066712e-05
-3.303034e-06    4.977301e-07    -7.683166e-07    -3.634311e-06    3.047364e-06    4.956987e-06    -4.487642e-06    -9.082953e-06    2.122274e-06    3.990544e-06    -8.840395e-06    1.169717e-05    1.287541e-05    -8.982866e-06    -3.87357e-06    -2.112423e-06    -2.829293e-06    -2.553338e-06    3.452569e-06    5.18941e-06
2.815874e-06    -1.097942e-06    7.65041e-07    3.735659e-06    -3.095198e-06    -5.356982e-06    4.27872e-06    1.106946e-05    -2.82715e-06    -4.557064e-06    7.09576e-06    -1.438958e-05    -8.982866e-06    1.120152e-05    2.183827e-06    2.022326e-06    3.376023e-06    3.570519e-06    -3.371695e-06    -6.693936e-06
7.436144e-07    -1.446921e-07    1.22051e-07    1.119161e-06    -7.913964e-07    -1.939759e-06    1.90009e-06    3.214376e-06    -6.139364e-07    -1.439636e-06    2.036562e-06    -3.910931e-06    -3.87357e-06    2.183827e-06    2.902669e-06    1.775576e-07    7.433229e-07    9.849517e-07    -1.145725e-06    -1.645254e-06
1.394932e-07    3.371288e-07    1.726003e-06    -3.265991e-07    -7.405631e-07    -1.24084e-06    -6.193593e-07    1.370021e-06    7.872181e-07    -9.330058e-08    7.592322e-07    -1.423236e-06    -2.112423e-06    2.022326e-06    1.775576e-07    4.002588e-06    -1.224321e-06    -1.88157e-06    2.219525e-07    -8.008506e-07
1.199978e-06    -4.396399e-07    -1.196943e-06    1.802032e-06    -7.806831e-07    -1.631211e-06    2.573408e-06    3.158741e-06    -1.044998e-06    -1.704327e-06    2.710382e-06    -4.676836e-06    -2.829293e-06    3.376023e-06    7.433229e-07    -1.224321e-06    4.522789e-06    2.2663e-06    -3.119028e-06    -2.141938e-06
9.861485e-07    -6.515453e-07    -1.419015e-07    2.539183e-06    -1.698685e-06    -1.188111e-06    1.72268e-06    4.963668e-06    -1.825625e-06    -2.944198e-06    3.389179e-06    -6.625929e-06    -2.553338e-06    3.570519e-06    9.849517e-07    -1.88157e-06    2.2663e-06    5.084414e-06    -1.095633e-06    -4.586901e-06
-8.047153e-07    1.068301e-07    9.629813e-07    -1.111112e-06    1.03549e-07    2.4823e-06    -2.611629e-06    -2.902088e-06    5.92181e-07    8.009756e-07    -2.189495e-06    3.815488e-06    3.452569e-06    -3.371695e-06    -1.145725e-06    2.219525e-07    -3.119028e-06    -1.095633e-06    4.012977e-06    5.345152e-07
-1.640699e-06    2.333117e-07    -1.703287e-06    -2.718849e-06    3.521735e-06    2.749126e-06    -9.884203e-07    -8.013778e-06    1.305599e-06    3.713217e-06    -5.073399e-06    1.066712e-05    5.18941e-06    -6.693936e-06    -1.645254e-06    -8.008506e-07    -2.141938e-06    -4.586901e-06    5.345152e-07    7.937913e-06
