1.50224e-06    8.840528e-08    -8.956167e-07    -7.148572e-08    1.182897e-09    1.531463e-07    1.20163e-07    -6.305483e-09    2.412854e-07    -2.35695e-07    5.920285e-08    5.608572e-09    -3.017396e-08    -1.60147e-09    1.75388e-08
8.840528e-08    1.435959e-06    -2.204547e-07    -9.522975e-07    2.322514e-07    -3.395651e-07    2.369549e-07    4.037644e-07    -3.430704e-07    -2.440391e-08    1.822884e-09    1.879597e-08    -2.637671e-08    -1.351032e-08    2.460219e-08
-8.956167e-07    -2.204547e-07    1.417768e-06    -1.869782e-09    -5.391077e-07    -3.148604e-07    2.473145e-07    3.422208e-07    -3.450533e-07    4.398287e-08    -5.002275e-08    -2.488132e-08    3.04871e-08    5.062763e-09    -8.911563e-09
-7.148572e-08    -9.522975e-07    -1.869782e-09    1.52686e-06    -6.059923e-07    2.047551e-07    5.996462e-08    -6.994254e-08    2.543509e-07    -1.845656e-07    2.02192e-09    3.420194e-09    4.611599e-09    -2.604262e-08    2.710984e-08
1.182897e-09    2.322514e-07    -5.391077e-07    -6.059923e-07    1.410909e-06    1.49191e-07    -3.396956e-07    -3.306229e-07    1.009585e-07    1.816503e-07    2.533759e-08    -3.707861e-08    6.478424e-09    5.058241e-08    -5.196964e-08
1.531463e-07    -3.395651e-07    -3.148604e-07    2.047551e-07    1.49191e-07    1.234127e-06    -4.804401e-07    -3.595327e-07    2.420844e-08    -2.228069e-07    -1.833988e-07    -8.352092e-09    1.986713e-07    1.423319e-07    1.919447e-08
1.20163e-07    2.369549e-07    2.473145e-07    5.996462e-08    -3.396956e-07    -4.804401e-07    2.059324e-06    -3.350662e-07    -5.089342e-07    1.258872e-07    3.816761e-08    1.060896e-07    2.622913e-08    -5.417845e-08    8.008282e-08
-6.305483e-09    4.037644e-07    3.422208e-07    -6.994254e-08    -3.306229e-07    -3.595327e-07    -3.350662e-07    2.003166e-06    -3.070425e-07    -9.751981e-07    -5.390229e-08    5.873592e-08    1.817164e-07    5.700253e-08    -1.996639e-07
2.412854e-07    -3.430704e-07    -3.450533e-07    2.543509e-07    1.009585e-07    2.420844e-08    -5.089342e-07    -3.070425e-07    1.35192e-06    -3.081432e-07    2.267297e-07    1.767643e-07    -6.272078e-08    -2.066549e-07    -1.734126e-07
-2.35695e-07    -2.440391e-08    4.398287e-08    -1.845656e-07    1.816503e-07    -2.228069e-07    1.258872e-07    -9.751981e-07    -3.081432e-07    1.448944e-06    -3.338984e-08    -1.821154e-07    -1.43891e-07    -2.092911e-08    2.929873e-09
5.920285e-08    1.822884e-09    -5.002275e-08    2.02192e-09    2.533759e-08    -1.833988e-07    3.816761e-08    -5.390229e-08    2.267297e-07    -3.338984e-08    1.444516e-06    -1.939162e-07    -9.293725e-07    1.499415e-07    5.878618e-08
5.608572e-09    1.879597e-08    -2.488132e-08    3.420194e-09    -3.707861e-08    -8.352092e-09    1.060896e-07    5.873592e-08    1.767643e-07    -1.821154e-07    -1.939162e-07    1.465682e-06    4.995097e-08    -9.667921e-07    3.112e-07
-3.017396e-08    -2.637671e-08    3.04871e-08    4.611599e-09    6.478424e-09    1.986713e-07    2.622913e-08    1.817164e-07    -6.272078e-08    -1.43891e-07    -9.293725e-07    4.995097e-08    1.456154e-06    2.002684e-08    -6.826053e-07
-1.60147e-09    -1.351032e-08    5.062763e-09    -2.604262e-08    5.058241e-08    1.423319e-07    -5.417845e-08    5.700253e-08    -2.066549e-07    -2.092911e-08    1.499415e-07    -9.667921e-07    2.002684e-08    1.5434e-06    -8.089421e-07
1.75388e-08    2.460219e-08    -8.911563e-09    2.710984e-08    -5.196964e-08    1.919447e-08    8.008282e-08    -1.996639e-07    -1.734126e-07    2.929873e-09    5.878618e-08    3.112e-07    -6.826053e-07    -8.089421e-07    1.387049e-06
