6.083899e-06    -3.527483e-06    -7.850096e-06    1.566626e-06    1.638805e-06    -3.280454e-06    7.402071e-06    4.956987e-06    -5.356982e-06    -1.939759e-06    -1.062243e-06    5.086965e-06    5.168987e-06    -9.065617e-07    -4.236674e-06    1.425619e-06    -5.349915e-06    -4.548363e-06    1.753807e-06    2.995042e-06    -1.24084e-06    -1.631211e-06    -1.188111e-06    2.4823e-06    2.749126e-06
-3.527483e-06    9.916049e-06    1.608575e-06    -2.440016e-06    -1.727434e-06    3.914361e-06    -6.057297e-06    -4.487642e-06    4.27872e-06    1.90009e-06    1.749455e-06    -5.577616e-06    -4.659565e-06    1.385784e-06    2.837586e-06    -1.65317e-06    7.158082e-07    4.518209e-06    8.29159e-07    -2.367407e-06    -6.193593e-07    2.573408e-06    1.72268e-06    -2.611629e-06    -9.884203e-07
-7.850096e-06    1.608575e-06    2.279692e-05    -6.019564e-06    -8.131292e-06    6.81024e-06    -1.521268e-05    -9.082953e-06    1.106946e-05    3.214376e-06    3.152629e-06    -1.085022e-05    -1.216464e-05    1.737159e-06    1.045989e-05    -1.641296e-06    1.143007e-05    9.861365e-06    -3.676556e-06    -6.743568e-06    1.370021e-06    3.158741e-06    4.963668e-06    -2.902088e-06    -8.013778e-06
1.566626e-06    -2.440016e-06    -6.019564e-06    4.554526e-06    2.284657e-06    -2.085286e-06    3.938099e-06    2.122274e-06    -2.82715e-06    -6.139364e-07    -1.319288e-09    2.978511e-06    3.020771e-06    -1.999922e-07    -3.044081e-06    2.55837e-07    -1.879862e-06    -2.620465e-06    1.131865e-07    1.765217e-06    7.872181e-07    -1.044998e-06    -1.825625e-06    5.92181e-07    1.305599e-06
1.638805e-06    -1.727434e-06    -8.131292e-06    2.284657e-06    5.33751e-06    -3.746477e-06    6.803787e-06    3.990544e-06    -4.557064e-06    -1.439636e-06    -2.799042e-06    4.907753e-06    5.886783e-06    -4.722615e-07    -4.382685e-06    6.466108e-07    -3.551028e-06    -4.644394e-06    8.172595e-07    2.804272e-06    -9.330058e-08    -1.704327e-06    -2.944198e-06    8.009756e-07    3.713217e-06
-3.280454e-06    3.914361e-06    6.81024e-06    -2.085286e-06    -3.746477e-06    9.058368e-06    -1.225435e-05    -8.840395e-06    7.09576e-06    2.036562e-06    2.858822e-06    -6.086533e-06    -7.51734e-06    -3.239266e-07    5.555583e-06    -2.137618e-06    7.297582e-06    7.821983e-06    -1.869887e-06    -4.815683e-06    7.592322e-07    2.710382e-06    3.389179e-06    -2.189495e-06    -5.073399e-06
7.402071e-06    -6.057297e-06    -1.521268e-05    3.938099e-06    6.803787e-06    -1.225435e-05    2.640138e-05    1.169717e-05    -1.438958e-05    -3.910931e-06    -6.548385e-06    1.315337e-05    1.435361e-05    -1.288426e-06    -1.019433e-05    3.170626e-06    -1.479669e-05    -1.423622e-05    3.875739e-06    9.594852e-06    -1.423236e-06    -4.676836e-06    -6.625929e-06    3.815488e-06    1.066712e-05
4.956987e-06    -4.487642e-06    -9.082953e-06    2.122274e-06    3.990544e-06    -8.840395e-06    1.169717e-05    1.287541e-05    -8.982866e-06    -3.87357e-06    -2.740554e-06    7.037526e-06    8.771531e-06    2.309752e-07    -6.749893e-06    3.172322e-06    -9.411131e-06    -9.280982e-06    3.445128e-06    5.254429e-06    -2.112423e-06    -2.829293e-06    -2.553338e-06    3.452569e-06    5.18941e-06
-5.356982e-06    4.27872e-06    1.106946e-05    -2.82715e-06    -4.557064e-06    7.09576e-06    -1.438958e-05    -8.982866e-06    1.120152e-05    2.183827e-06    2.949429e-06    -8.266515e-06    -9.071979e-06    4.23897e-07    7.3172e-06    -2.478466e-06    9.436415e-06    9.317669e-06    -2.941591e-06    -5.634798e-06    2.022326e-06    3.376023e-06    3.570519e-06    -3.371695e-06    -6.693936e-06
-1.939759e-06    1.90009e-06    3.214376e-06    -6.139364e-07    -1.439636e-06    2.036562e-06    -3.910931e-06    -3.87357e-06    2.183827e-06    2.902669e-06    1.825687e-06    -3.010539e-06    -3.333115e-06    7.065867e-07    2.017956e-06    -8.386778e-07    2.576821e-06    2.922578e-06    -7.891852e-07    -1.888013e-06    1.775576e-07    7.433229e-07    9.849517e-07    -1.145725e-06    -1.645254e-06
-1.062243e-06    1.749455e-06    3.152629e-06    -1.319288e-09    -2.799042e-06    2.858822e-06    -6.548385e-06    -2.740554e-06    2.949429e-06    1.825687e-06    6.867902e-06    -4.759725e-06    -7.350703e-06    1.113934e-06    2.777515e-06    2.836013e-07    3.068159e-06    3.23045e-06    -5.995036e-07    -2.462802e-06    -1.510425e-07    1.001871e-06    2.186484e-06    -1.631207e-07    -3.361189e-06
5.086965e-06    -5.577616e-06    -1.085022e-05    2.978511e-06    4.907753e-06    -6.086533e-06    1.315337e-05    7.037526e-06    -8.266515e-06    -3.010539e-06    -4.759725e-06    1.306539e-05    1.000034e-05    -4.688718e-06    -6.59452e-06    1.362851e-06    -6.505165e-06    -9.599963e-06    4.871419e-07    7.397651e-06    5.843641e-07    -4.072111e-06    -4.598025e-06    3.09233e-06    6.400805e-06
5.168987e-06    -4.659565e-06    -1.216464e-05    3.020771e-06    5.886783e-06    -7.51734e-06    1.435361e-05    8.771531e-06    -9.071979e-06    -3.333115e-06    -7.350703e-06    1.000034e-05    1.445614e-05    -1.675097e-06    -8.651078e-06    9.809189e-07    -9.088076e-06    -8.789817e-06    2.49873e-06    6.022614e-06    -4.790029e-07    -3.353194e-06    -4.075297e-06    2.526526e-06    6.772186e-06
-9.065617e-07    1.385784e-06    1.737159e-06    -1.999922e-07    -4.722615e-07    -3.239266e-07    -1.288426e-06    2.309752e-07    4.23897e-07    7.065867e-07    1.113934e-06    -4.688718e-06    -1.675097e-06    4.719441e-06    -2.889734e-07    7.939945e-07    -6.679513e-07    1.082412e-06    1.450654e-06    -2.215497e-06    -1.390085e-06    1.383502e-06    8.494648e-07    -8.795293e-07    -5.571494e-07
-4.236674e-06    2.837586e-06    1.045989e-05    -3.044081e-06    -4.382685e-06    5.555583e-06    -1.019433e-05    -6.749893e-06    7.3172e-06    2.017956e-06    2.777515e-06    -6.59452e-06    -8.651078e-06    -2.889734e-07    8.011456e-06    -1.734249e-06    6.88239e-06    7.467234e-06    -2.219646e-06    -4.379439e-06    1.071715e-06    2.226647e-06    3.20702e-06    -1.911918e-06    -5.394339e-06
1.425619e-06    -1.65317e-06    -1.641296e-06    2.55837e-07    6.466108e-07    -2.137618e-06    3.170626e-06    3.172322e-06    -2.478466e-06    -8.386778e-07    2.836013e-07    1.362851e-06    9.809189e-07    7.939945e-07    -1.734249e-06    3.535645e-06    -2.593624e-06    -4.360092e-06    1.270009e-06    1.338564e-06    -1.116873e-06    -4.971113e-07    -6.106873e-07    1.002655e-06    1.463958e-06
-5.349915e-06    7.158082e-07    1.143007e-05    -1.879862e-06    -3.551028e-06    7.297582e-06    -1.479669e-05    -9.411131e-06    9.436415e-06    2.576821e-06    3.068159e-06    -6.505165e-06    -9.088076e-06    -6.679513e-07    6.88239e-06    -2.593624e-06    1.607521e-05    8.217366e-06    -7.258583e-06    -4.920429e-06    3.344931e-06    1.140064e-06    2.303476e-06    -1.997642e-06    -6.494662e-06
-4.548363e-06    4.518209e-06    9.861365e-06    -2.620465e-06    -4.644394e-06    7.821983e-06    -1.423622e-05    -9.280982e-06    9.317669e-06    2.922578e-06    3.23045e-06    -9.599963e-06    -8.789817e-06    1.082412e-06    7.467234e-06    -4.360092e-06    8.217366e-06    1.316667e-05    -1.923214e-06    -7.950075e-06    1.098895e-06    3.754704e-06    4.769366e-06    -3.138922e-06    -7.512522e-06
1.753807e-06    8.29159e-07    -3.676556e-06    1.131865e-07    8.172595e-07    -1.869887e-06    3.875739e-06    3.445128e-06    -2.941591e-06    -7.891852e-07    -5.995036e-07    4.871419e-07    2.49873e-06    1.450654e-06    -2.219646e-06    1.270009e-06    -7.258583e-06    -1.923214e-06    5.376072e-06    -2.548979e-07    -2.554971e-06    9.586219e-07    5.624106e-07    9.934202e-10    1.645372e-06
2.995042e-06    -2.367407e-06    -6.743568e-06    1.765217e-06    2.804272e-06    -4.815683e-06    9.594852e-06    5.254429e-06    -5.634798e-06    -1.888013e-06    -2.462802e-06    7.397651e-06    6.022614e-06    -2.215497e-06    -4.379439e-06    1.338564e-06    -4.920429e-06    -7.950075e-06    -2.548979e-07    7.218052e-06    4.114107e-07    -3.074874e-06    -3.614978e-06    2.350925e-06    4.908064e-06
-1.24084e-06    -6.193593e-07    1.370021e-06    7.872181e-07    -9.330058e-08    7.592322e-07    -1.423236e-06    -2.112423e-06    2.022326e-06    1.775576e-07    -1.510425e-07    5.843641e-07    -4.790029e-07    -1.390085e-06    1.071715e-06    -1.116873e-06    3.344931e-06    1.098895e-06    -2.554971e-06    4.114107e-07    4.002588e-06    -1.224321e-06    -1.88157e-06    2.219525e-07    -8.008506e-07
-1.631211e-06    2.573408e-06    3.158741e-06    -1.044998e-06    -1.704327e-06    2.710382e-06    -4.676836e-06    -2.829293e-06    3.376023e-06    7.433229e-07    1.001871e-06    -4.072111e-06    -3.353194e-06    1.383502e-06    2.226647e-06    -4.971113e-07    1.140064e-06    3.754704e-06    9.586219e-07    -3.074874e-06    -1.224321e-06    4.522789e-06    2.2663e-06    -3.119028e-06    -2.141938e-06
-1.188111e-06    1.72268e-06    4.963668e-06    -1.825625e-06    -2.944198e-06    3.389179e-06    -6.625929e-06    -2.553338e-06    3.570519e-06    9.849517e-07    2.186484e-06    -4.598025e-06    -4.075297e-06    8.494648e-07    3.20702e-06    -6.106873e-07    2.303476e-06    4.769366e-06    5.624106e-07    -3.614978e-06    -1.88157e-06    2.2663e-06    5.084414e-06    -1.095633e-06    -4.586901e-06
2.4823e-06    -2.611629e-06    -2.902088e-06    5.92181e-07    8.009756e-07    -2.189495e-06    3.815488e-06    3.452569e-06    -3.371695e-06    -1.145725e-06    -1.631207e-07    3.09233e-06    2.526526e-06    -8.795293e-07    -1.911918e-06    1.002655e-06    -1.997642e-06    -3.138922e-06    9.934202e-10    2.350925e-06    2.219525e-07    -3.119028e-06    -1.095633e-06    4.012977e-06    5.345152e-07
2.749126e-06    -9.884203e-07    -8.013778e-06    1.305599e-06    3.713217e-06    -5.073399e-06    1.066712e-05    5.18941e-06    -6.693936e-06    -1.645254e-06    -3.361189e-06    6.400805e-06    6.772186e-06    -5.571494e-07    -5.394339e-06    1.463958e-06    -6.494662e-06    -7.512522e-06    1.645372e-06    4.908064e-06    -8.008506e-07    -2.141938e-06    -4.586901e-06    5.345152e-07    7.937913e-06
