4.633149e-06    -2.226528e-08    -2.577992e-06    -5.526539e-07    -3.784037e-08    4.355623e-07    -2.92045e-07    -4.277583e-07    4.093628e-07    -3.561226e-08
-2.226528e-08    4.314035e-06    -1.467289e-07    -2.935138e-06    3.404764e-07    -2.645716e-07    -6.280989e-08    -1.518906e-07    -3.717165e-07    4.605441e-07
-2.577992e-06    -1.467289e-07    3.894266e-06    -7.059169e-08    -1.365414e-06    -2.23685e-07    -2.143566e-07    -1.091695e-07    -2.694039e-07    3.866626e-07
-5.526539e-07    -2.935138e-06    -7.059169e-08    4.830318e-06    -1.433847e-06    4.961483e-07    -4.289631e-07    -4.104387e-07    5.088352e-07    -1.237144e-07
-3.784037e-08    3.404764e-07    -1.365414e-06    -1.433847e-06    3.642288e-06    -2.158069e-07    5.564476e-07    5.62881e-07    -1.4952e-07    -3.552172e-07
4.355623e-07    -2.645716e-07    -2.23685e-07    4.961483e-07    -2.158069e-07    4.450782e-06    -2.010048e-07    -3.128666e-06    3.419283e-07    2.703366e-08
-2.92045e-07    -6.280989e-08    -2.143566e-07    -4.289631e-07    5.564476e-07    -2.010048e-07    5.097023e-06    -1.304585e-06    -3.029647e-06    9.681869e-07
-4.277583e-07    -1.518906e-07    -1.091695e-07    -4.104387e-07    5.62881e-07    -3.128666e-06    -1.304585e-06    5.264917e-06    -8.953145e-08    -1.682977e-06
4.093628e-07    -3.717165e-07    -2.694039e-07    5.088352e-07    -1.4952e-07    3.419283e-07    -3.029647e-06    -8.953145e-08    4.412261e-06    -1.565472e-06
-3.561226e-08    4.605441e-07    3.866626e-07    -1.237144e-07    -3.552172e-07    2.703366e-08    9.681869e-07    -1.682977e-06    -1.565472e-06    2.880845e-06
