5.172255e-06    2.427888e-07    -2.809872e-06    -2.827094e-07    2.905719e-07    -1.328756e-07    -7.071262e-08    -4.592376e-08    7.270737e-08    2.400064e-07    3.643904e-07    -3.986668e-07    -6.618855e-07    3.417128e-07    2.663697e-07    7.437434e-08    -5.506039e-09    1.21976e-08    -1.04087e-08    -5.051537e-08    2.514928e-07    -5.484215e-08    -1.153385e-07    1.277381e-07    -7.564023e-08
2.427888e-07    3.569178e-06    -4.04574e-07    -2.42069e-06    8.808811e-07    -1.195317e-07    -5.63339e-08    2.064305e-08    5.185557e-08    7.181799e-08    -4.277904e-07    -1.187774e-07    -3.977814e-08    -2.76012e-07    3.560607e-07    -5.997555e-08    -4.425757e-08    7.697552e-08    3.00015e-09    -7.141012e-08    -1.834564e-07    5.356368e-07    2.498686e-07    -3.769178e-07    -1.277192e-07
-2.809872e-06    -4.04574e-07    3.938312e-06    4.107296e-07    -2.125435e-06    1.162161e-07    -3.904354e-08    -6.130299e-08    1.48422e-08    -8.608081e-08    -2.001076e-07    -6.604241e-08    -5.238408e-08    -4.157957e-07    3.374902e-07    -2.098728e-08    -1.414647e-08    3.619338e-08    4.160641e-08    2.149384e-08    -2.614967e-07    4.000537e-07    5.179034e-07    -2.837928e-07    -2.02319e-07
-2.827094e-07    -2.42069e-06    4.107296e-07    5.054463e-06    -2.842432e-06    2.0308e-07    5.567239e-08    -7.75813e-08    -1.648634e-07    -4.786235e-08    3.980162e-07    -4.584399e-07    -5.077927e-07    2.573538e-07    1.96081e-07    -3.428865e-08    -6.014957e-09    1.371563e-08    8.815109e-08    2.397101e-08    3.162733e-07    -8.002817e-08    -1.72543e-09    3.226079e-07    -2.58281e-07
2.905719e-07    8.808811e-07    -2.125435e-06    -2.842432e-06    6.504933e-06    1.672594e-08    6.874421e-08    9.065036e-08    -5.260534e-08    -3.535181e-07    -4.390533e-08    5.804974e-07    6.229161e-07    -7.086475e-08    -5.889895e-07    -1.454301e-07    -9.0868e-08    -1.706553e-08    7.459968e-08    1.602147e-07    -3.974396e-08    -4.60703e-07    -2.952286e-07    1.483495e-07    3.310849e-07
-1.328756e-07    -1.195317e-07    1.162161e-07    2.0308e-07    1.672594e-08    5.182159e-06    3.853866e-07    -2.464886e-06    -2.743596e-07    -9.928149e-08    5.674552e-08    1.215475e-08    -2.048119e-08    -4.035942e-08    -8.910587e-08    2.667516e-07    -6.242125e-07    -4.402122e-07    5.207956e-07    1.429148e-07    3.175896e-07    -2.383132e-08    -4.70939e-08    1.975537e-07    -2.345089e-07
-7.071262e-08    -5.63339e-08    -3.904354e-08    5.567239e-08    6.874421e-08    3.853866e-07    4.010525e-06    -3.291143e-07    -2.734395e-06    8.042172e-07    5.591104e-08    5.62557e-08    3.296767e-08    -3.389619e-08    -1.567599e-07    -3.41022e-07    -8.942565e-08    -1.217882e-07    -3.647699e-07    5.075824e-07    -3.842579e-07    3.38814e-07    6.392908e-07    -2.438147e-07    -2.878457e-07
-4.592376e-08    2.064305e-08    -6.130299e-08    -7.75813e-08    9.065036e-08    -2.464886e-06    -3.291143e-07    3.647567e-06    1.099244e-07    -1.724072e-06    -2.500299e-08    1.001467e-07    -4.591796e-09    -7.030543e-08    1.11297e-07    -2.676931e-07    -3.353711e-08    -9.429736e-08    -4.072184e-07    4.709093e-07    -3.512851e-07    5.80629e-07    4.514206e-07    -4.522314e-07    -7.243569e-08
7.270737e-08    5.185557e-08    1.48422e-08    -1.648634e-07    -5.260534e-08    -2.743596e-07    -2.734395e-06    1.099244e-07    5.123746e-06    -2.446878e-06    -3.630349e-08    -2.058856e-08    -5.253333e-08    8.978286e-08    8.988558e-08    2.27735e-07    -5.86682e-07    -3.660868e-07    4.694487e-07    1.170904e-07    4.269583e-07    -1.982516e-08    -2.801073e-07    2.166039e-07    -1.290793e-07
2.400064e-07    7.181799e-08    -8.608081e-08    -4.786235e-08    -3.535181e-07    -9.928149e-08    8.042172e-07    -1.724072e-06    -2.446878e-06    5.950417e-06    -1.468598e-07    -1.639111e-07    2.685797e-08    2.134174e-07    1.617511e-08    1.660239e-07    7.964426e-07    3.837232e-07    -2.288069e-07    -5.122339e-07    -1.100071e-08    -5.218238e-07    -3.273898e-07    1.10853e-07    3.007753e-07
3.643904e-07    -4.277904e-07    -2.001076e-07    3.980162e-07    -4.390533e-08    5.674552e-08    5.591104e-08    -2.500299e-08    -3.630349e-08    -1.468598e-07    4.725822e-06    -2.000979e-07    -2.906086e-06    -4.483164e-07    1.731308e-07    -4.467649e-08    -2.734826e-08    6.902142e-08    6.857893e-08    -3.009029e-08    4.789754e-07    -2.401718e-07    -1.942518e-07    4.422129e-07    -2.31069e-07
-3.986668e-07    -1.187774e-07    -6.604241e-08    -4.584399e-07    5.804974e-07    1.215475e-08    5.62557e-08    1.001467e-07    -2.058856e-08    -1.639111e-07    -2.000979e-07    3.915343e-06    -1.885232e-07    -2.538816e-06    3.615295e-07    1.010476e-07    6.373484e-08    -8.029741e-08    -1.128079e-07    5.455828e-08    -3.71214e-07    7.847762e-07    5.675607e-07    -5.002398e-07    -2.227966e-07
-6.618855e-07    -3.977814e-08    -5.238408e-08    -5.077927e-07    6.229161e-07    -2.048119e-08    3.296767e-08    -4.591796e-09    -5.253333e-08    2.685797e-08    -2.906086e-06    -1.885232e-07    4.379507e-06    3.138876e-09    -1.650605e-06    -6.733583e-10    2.888692e-08    -1.393534e-11    4.564239e-08    -2.596733e-08    -4.779122e-07    7.333569e-07    6.486255e-07    -4.590227e-07    -2.454933e-07
3.417128e-07    -2.76012e-07    -4.157957e-07    2.573538e-07    -7.086475e-08    -4.035942e-08    -3.389619e-08    -7.030543e-08    8.978286e-08    2.134174e-07    -4.483164e-07    -2.538816e-06    3.138876e-09    4.626585e-06    -1.536757e-06    -2.51944e-08    2.580524e-08    1.604798e-08    7.967762e-09    -6.419836e-08    2.535671e-07    -1.869557e-07    -1.418587e-08    3.992982e-07    -2.724228e-07
2.663697e-07    3.560607e-07    3.374902e-07    1.96081e-07    -5.889895e-07    -8.910587e-08    -1.567599e-07    1.11297e-07    8.988558e-08    1.617511e-08    1.731308e-07    3.615295e-07    -1.650605e-06    -1.536757e-06    3.862514e-06    9.210886e-08    -7.033332e-09    -3.418396e-08    -1.100362e-07    3.505567e-09    8.705036e-08    -5.342004e-07    -4.7615e-07    8.553806e-08    4.6582e-07
7.437434e-08    -5.997555e-08    -2.098728e-08    -3.428865e-08    -1.454301e-07    2.667516e-07    -3.41022e-07    -2.676931e-07    2.27735e-07    1.660239e-07    -4.467649e-08    1.010476e-07    -6.733583e-10    -2.51944e-08    9.210886e-08    4.633149e-06    -2.226528e-08    -2.577992e-06    -5.526539e-07    -3.784037e-08    2.797478e-07    -1.890432e-07    -1.974341e-07    3.880471e-07    -1.863882e-07
-5.506039e-09    -4.425757e-08    -1.414647e-08    -6.014957e-09    -9.0868e-08    -6.242125e-07    -8.942565e-08    -3.353711e-08    -5.86682e-07    7.964426e-07    -2.734826e-08    6.373484e-08    2.888692e-08    2.580524e-08    -7.033332e-09    -2.226528e-08    4.314035e-06    -1.467289e-07    -2.935138e-06    3.404764e-07    -3.644724e-07    6.001708e-07    4.539575e-07    -4.914338e-07    -7.851233e-08
1.21976e-08    7.697552e-08    3.619338e-08    1.371563e-08    -1.706553e-08    -4.402122e-07    -1.217882e-07    -9.429736e-08    -3.660868e-07    3.837232e-07    6.902142e-08    -8.029741e-08    -1.393534e-11    1.604798e-08    -3.418396e-08    -2.577992e-06    -1.467289e-07    3.894266e-06    -7.059169e-08    -1.365414e-06    -3.876304e-07    6.545571e-07    7.18087e-07    -3.693809e-07    -3.002134e-07
-1.04087e-08    3.00015e-09    4.160641e-08    8.815109e-08    7.459968e-08    5.207956e-07    -3.647699e-07    -4.072184e-07    4.694487e-07    -2.288069e-07    6.857893e-08    -1.128079e-07    4.564239e-08    7.967762e-09    -1.100362e-07    -5.526539e-07    -2.935138e-06    -7.059169e-08    4.830318e-06    -1.433847e-06    4.063994e-07    -1.408717e-07    -1.503263e-08    4.697136e-07    -3.459882e-07
-5.051537e-08    -7.141012e-08    2.149384e-08    2.397101e-08    1.602147e-07    1.429148e-07    5.075824e-07    4.709093e-07    1.170904e-07    -5.122339e-07    -3.009029e-08    5.455828e-08    -2.596733e-08    -6.419836e-08    3.505567e-09    -3.784037e-08    3.404764e-07    -1.365414e-06    -1.433847e-06    3.642288e-06    6.724368e-08    -4.781996e-07    -6.290633e-07    -1.337332e-08    4.877199e-07
2.514928e-07    -1.834564e-07    -2.614967e-07    3.162733e-07    -3.974396e-08    3.175896e-07    -3.842579e-07    -3.512851e-07    4.269583e-07    -1.100071e-08    4.789754e-07    -3.71214e-07    -4.779122e-07    2.535671e-07    8.705036e-08    2.797478e-07    -3.644724e-07    -3.876304e-07    4.063994e-07    6.724368e-08    1.097541e-05    1.100321e-06    -8.138657e-06    -3.203094e-07    6.647987e-08
-5.484215e-08    5.356368e-07    4.000537e-07    -8.002817e-08    -4.60703e-07    -2.383132e-08    3.38814e-07    5.80629e-07    -1.982516e-08    -5.218238e-07    -2.401718e-07    7.847762e-07    7.333569e-07    -1.869557e-07    -5.342004e-07    -1.890432e-07    6.001708e-07    6.545571e-07    -1.408717e-07    -4.781996e-07    1.100321e-06    1.30728e-05    -3.444884e-06    -8.142735e-06    2.563034e-06
-1.153385e-07    2.498686e-07    5.179034e-07    -1.72543e-09    -2.952286e-07    -4.70939e-08    6.392908e-07    4.514206e-07    -2.801073e-07    -3.273898e-07    -1.942518e-07    5.675607e-07    6.486255e-07    -1.418587e-08    -4.7615e-07    -1.974341e-07    4.539575e-07    7.18087e-07    -1.503263e-08    -6.290633e-07    -8.138657e-06    -3.444884e-06    1.306918e-05    9.975466e-07    -5.104382e-06
1.277381e-07    -3.769178e-07    -2.837928e-07    3.226079e-07    1.483495e-07    1.975537e-07    -2.438147e-07    -4.522314e-07    2.166039e-07    1.10853e-07    4.422129e-07    -5.002398e-07    -4.590227e-07    3.992982e-07    8.553806e-08    3.880471e-07    -4.914338e-07    -3.693809e-07    4.697136e-07    -1.337332e-08    -3.203094e-07    -8.142735e-06    9.975466e-07    1.096325e-05    -3.878048e-06
-7.564023e-08    -1.277192e-07    -2.02319e-07    -2.58281e-07    3.310849e-07    -2.345089e-07    -2.878457e-07    -7.243569e-08    -1.290793e-07    3.007753e-07    -2.31069e-07    -2.227966e-07    -2.454933e-07    -2.724228e-07    4.6582e-07    -1.863882e-07    -7.851233e-08    -3.002134e-07    -3.459882e-07    4.877199e-07    6.647987e-08    2.563034e-06    -5.104382e-06    -3.878048e-06    8.086519e-06
