4.633149e-06    -2.226528e-08    -2.577992e-06    -5.526539e-07    -3.784037e-08    4.021808e-07    -2.830514e-08    -2.496403e-07    2.235083e-07    -1.495864e-07
-2.226528e-08    4.314035e-06    -1.467289e-07    -2.935138e-06    3.404764e-07    -3.703442e-07    2.652752e-07    4.9928e-07    -1.718453e-07    -1.352649e-07
-2.577992e-06    -1.467289e-07    3.894266e-06    -7.059169e-08    -1.365414e-06    -3.564524e-07    3.276738e-07    5.716892e-07    -1.550055e-07    -1.305485e-07
-5.526539e-07    -2.935138e-06    -7.059169e-08    4.830318e-06    -1.433847e-06    3.46154e-07    -2.410312e-08    -1.32061e-07    2.734663e-07    -1.916243e-07
-3.784037e-08    3.404764e-07    -1.365414e-06    -1.433847e-06    3.642288e-06    -4.586092e-08    -3.470916e-07    -3.278222e-07    -5.551856e-08    3.2039e-07
4.021808e-07    -3.703442e-07    -3.564524e-07    3.46154e-07    -4.586092e-08    5.089656e-06    1.888015e-07    -3.277961e-06    8.594094e-08    -2.952586e-07
-2.830514e-08    2.652752e-07    3.276738e-07    -2.410312e-08    -3.470916e-07    1.888015e-07    6.066389e-06    -1.616651e-06    -3.337731e-06    1.28354e-06
-2.496403e-07    4.9928e-07    5.716892e-07    -1.32061e-07    -3.278222e-07    -3.277961e-06    -1.616651e-06    5.880102e-06    2.169844e-07    -2.446277e-06
2.235083e-07    -1.718453e-07    -1.550055e-07    2.734663e-07    -5.551856e-08    8.594094e-08    -3.337731e-06    2.169844e-07    5.069693e-06    -1.798967e-06
-1.495864e-07    -1.352649e-07    -1.305485e-07    -1.916243e-07    3.2039e-07    -2.952586e-07    1.28354e-06    -2.446277e-06    -1.798967e-06    4.716638e-06
