5.172255e-06    2.427888e-07    -2.809872e-06    -2.827094e-07    2.905719e-07    -1.328756e-07    -7.071262e-08    -4.592376e-08    7.270737e-08    2.400064e-07    3.643904e-07    -3.986668e-07    -6.618855e-07    3.417128e-07    2.663697e-07    7.437434e-08    -5.506039e-09    1.21976e-08    -1.04087e-08    -5.051537e-08    8.922107e-07    -7.778553e-07    -9.374428e-07    7.622021e-07    9.428132e-08
2.427888e-07    3.569178e-06    -4.04574e-07    -2.42069e-06    8.808811e-07    -1.195317e-07    -5.63339e-08    2.064305e-08    5.185557e-08    7.181799e-08    -4.277904e-07    -1.187774e-07    -3.977814e-08    -2.76012e-07    3.560607e-07    -5.997555e-08    -4.425757e-08    7.697552e-08    3.00015e-09    -7.141012e-08    -3.550019e-07    -1.718802e-07    -1.185834e-07    -2.008408e-07    4.219511e-07
-2.809872e-06    -4.04574e-07    3.938312e-06    4.107296e-07    -2.125435e-06    1.162161e-07    -3.904354e-08    -6.130299e-08    1.48422e-08    -8.608081e-08    -2.001076e-07    -6.604241e-08    -5.238408e-08    -4.157957e-07    3.374902e-07    -2.098728e-08    -1.414647e-08    3.619338e-08    4.160641e-08    2.149384e-08    -3.011848e-07    -3.251402e-07    -1.130536e-07    -1.077335e-07    3.897377e-07
-2.827094e-07    -2.42069e-06    4.107296e-07    5.054463e-06    -2.842432e-06    2.0308e-07    5.567239e-08    -7.75813e-08    -1.648634e-07    -4.786235e-08    3.980162e-07    -4.584399e-07    -5.077927e-07    2.573538e-07    1.96081e-07    -3.428865e-08    -6.014957e-09    1.371563e-08    8.815109e-08    2.397101e-08    8.785881e-07    -9.499154e-07    -8.90794e-07    6.855213e-07    1.359446e-07
2.905719e-07    8.808811e-07    -2.125435e-06    -2.842432e-06    6.504933e-06    1.672594e-08    6.874421e-08    9.065036e-08    -5.260534e-08    -3.535181e-07    -4.390533e-08    5.804974e-07    6.229161e-07    -7.086475e-08    -5.889895e-07    -1.454301e-07    -9.0868e-08    -1.706553e-08    7.459968e-08    1.602147e-07    -5.493799e-07    1.081907e-06    9.674437e-07    -4.667143e-07    -5.489001e-07
-1.328756e-07    -1.195317e-07    1.162161e-07    2.0308e-07    1.672594e-08    5.182159e-06    3.853866e-07    -2.464886e-06    -2.743596e-07    -9.928149e-08    5.674552e-08    1.215475e-08    -2.048119e-08    -4.035942e-08    -8.910587e-08    2.667516e-07    -6.242125e-07    -4.402122e-07    5.207956e-07    1.429148e-07    8.192553e-07    -1.041503e-06    -8.995293e-07    8.872313e-07    1.044107e-07
-7.071262e-08    -5.63339e-08    -3.904354e-08    5.567239e-08    6.874421e-08    3.853866e-07    4.010525e-06    -3.291143e-07    -2.734395e-06    8.042172e-07    5.591104e-08    5.62557e-08    3.296767e-08    -3.389619e-08    -1.567599e-07    -3.41022e-07    -8.942565e-08    -1.217882e-07    -3.647699e-07    5.075824e-07    -1.590209e-07    -2.787323e-07    -3.165465e-07    -1.511171e-07    4.301988e-07
-4.592376e-08    2.064305e-08    -6.130299e-08    -7.75813e-08    9.065036e-08    -2.464886e-06    -3.291143e-07    3.647567e-06    1.099244e-07    -1.724072e-06    -2.500299e-08    1.001467e-07    -4.591796e-09    -7.030543e-08    1.11297e-07    -2.676931e-07    -3.353711e-08    -9.429736e-08    -4.072184e-07    4.709093e-07    -3.422286e-07    -9.554027e-08    -1.328927e-07    -2.927158e-07    4.181482e-07
7.270737e-08    5.185557e-08    1.48422e-08    -1.648634e-07    -5.260534e-08    -2.743596e-07    -2.734395e-06    1.099244e-07    5.123746e-06    -2.446878e-06    -3.630349e-08    -2.058856e-08    -5.253333e-08    8.978286e-08    8.988558e-08    2.27735e-07    -5.86682e-07    -3.660868e-07    4.694487e-07    1.170904e-07    7.297956e-07    -7.997725e-07    -7.012623e-07    6.673676e-07    5.06302e-08
2.400064e-07    7.181799e-08    -8.608081e-08    -4.786235e-08    -3.535181e-07    -9.928149e-08    8.042172e-07    -1.724072e-06    -2.446878e-06    5.950417e-06    -1.468598e-07    -1.639111e-07    2.685797e-08    2.134174e-07    1.617511e-08    1.660239e-07    7.964426e-07    3.837232e-07    -2.288069e-07    -5.122339e-07    -4.706447e-07    1.198658e-06    8.104466e-07    -5.62771e-07    -4.487988e-07
3.643904e-07    -4.277904e-07    -2.001076e-07    3.980162e-07    -4.390533e-08    5.674552e-08    5.591104e-08    -2.500299e-08    -3.630349e-08    -1.468598e-07    4.725822e-06    -2.000979e-07    -2.906086e-06    -4.483164e-07    1.731308e-07    -4.467649e-08    -2.734826e-08    6.902142e-08    6.857893e-08    -3.009029e-08    4.285266e-07    -4.355593e-07    -2.139747e-07    4.249535e-07    -8.901858e-08
-3.986668e-07    -1.187774e-07    -6.604241e-08    -4.584399e-07    5.804974e-07    1.215475e-08    5.62557e-08    1.001467e-07    -2.058856e-08    -1.639111e-07    -2.000979e-07    3.915343e-06    -1.885232e-07    -2.538816e-06    3.615295e-07    1.010476e-07    6.373484e-08    -8.029741e-08    -1.128079e-07    5.455828e-08    -4.8141e-07    5.214289e-07    6.481888e-07    -2.848472e-07    -1.70795e-07
-6.618855e-07    -3.977814e-08    -5.238408e-08    -5.077927e-07    6.229161e-07    -2.048119e-08    3.296767e-08    -4.591796e-09    -5.253333e-08    2.685797e-08    -2.906086e-06    -1.885232e-07    4.379507e-06    3.138876e-09    -1.650605e-06    -6.733583e-10    2.888692e-08    -1.393534e-11    4.564239e-08    -2.596733e-08    -4.699646e-07    9.398431e-07    6.198414e-07    -6.863669e-07    -2.012681e-07
3.417128e-07    -2.76012e-07    -4.157957e-07    2.573538e-07    -7.086475e-08    -4.035942e-08    -3.389619e-08    -7.030543e-08    8.978286e-08    2.134174e-07    -4.483164e-07    -2.538816e-06    3.138876e-09    4.626585e-06    -1.536757e-06    -2.51944e-08    2.580524e-08    1.604798e-08    7.967762e-09    -6.419836e-08    3.960199e-07    -3.486238e-08    -2.934595e-07    1.443346e-07    -8.961084e-08
2.663697e-07    3.560607e-07    3.374902e-07    1.96081e-07    -5.889895e-07    -8.910587e-08    -1.567599e-07    1.11297e-07    8.988558e-08    1.617511e-08    1.731308e-07    3.615295e-07    -1.650605e-06    -1.536757e-06    3.862514e-06    9.210886e-08    -7.033332e-09    -3.418396e-08    -1.100362e-07    3.505567e-09    4.437054e-08    -5.517646e-07    -3.378379e-07    2.719876e-07    2.75877e-07
7.437434e-08    -5.997555e-08    -2.098728e-08    -3.428865e-08    -1.454301e-07    2.667516e-07    -3.41022e-07    -2.676931e-07    2.27735e-07    1.660239e-07    -4.467649e-08    1.010476e-07    -6.733583e-10    -2.51944e-08    9.210886e-08    4.633149e-06    -2.226528e-08    -2.577992e-06    -5.526539e-07    -3.784037e-08    2.910839e-07    -1.041973e-07    -2.028097e-07    1.998749e-07    -1.016959e-07
-5.506039e-09    -4.425757e-08    -1.414647e-08    -6.014957e-09    -9.0868e-08    -6.242125e-07    -8.942565e-08    -3.353711e-08    -5.86682e-07    7.964426e-07    -2.734826e-08    6.373484e-08    2.888692e-08    2.580524e-08    -7.033332e-09    -2.226528e-08    4.314035e-06    -1.467289e-07    -2.935138e-06    3.404764e-07    -5.660784e-07    6.763335e-07    8.412421e-07    -4.630778e-07    -2.664306e-07
1.21976e-08    7.697552e-08    3.619338e-08    1.371563e-08    -1.706553e-08    -4.402122e-07    -1.217882e-07    -9.429736e-08    -3.660868e-07    3.837232e-07    6.902142e-08    -8.029741e-08    -1.393534e-11    1.604798e-08    -3.418396e-08    -2.577992e-06    -1.467289e-07    3.894266e-06    -7.059169e-08    -1.365414e-06    -4.014675e-07    6.518014e-07    6.166871e-07    -3.916449e-07    -1.821262e-07
-1.04087e-08    3.00015e-09    4.160641e-08    8.815109e-08    7.459968e-08    5.207956e-07    -3.647699e-07    -4.072184e-07    4.694487e-07    -2.288069e-07    6.857893e-08    -1.128079e-07    4.564239e-08    7.967762e-09    -1.100362e-07    -5.526539e-07    -2.935138e-06    -7.059169e-08    4.830318e-06    -1.433847e-06    5.373337e-07    -3.203707e-07    -3.680252e-07    3.617038e-07    -1.117264e-07
-5.051537e-08    -7.141012e-08    2.149384e-08    2.397101e-08    1.602147e-07    1.429148e-07    5.075824e-07    4.709093e-07    1.170904e-07    -5.122339e-07    -3.009029e-08    5.455828e-08    -2.596733e-08    -6.419836e-08    3.505567e-09    -3.784037e-08    3.404764e-07    -1.365414e-06    -1.433847e-06    3.642288e-06    3.379634e-08    -5.465675e-07    -3.709288e-07    9.425425e-08    3.472015e-07
8.922107e-07    -3.550019e-07    -3.011848e-07    8.785881e-07    -5.493799e-07    8.192553e-07    -1.590209e-07    -3.422286e-07    7.297956e-07    -4.706447e-07    4.285266e-07    -4.8141e-07    -4.699646e-07    3.960199e-07    4.437054e-08    2.910839e-07    -5.660784e-07    -4.014675e-07    5.373337e-07    3.379634e-08    1.133604e-05    -4.830607e-07    -9.574782e-06    1.700488e-07    3.543101e-07
-7.778553e-07    -1.718802e-07    -3.251402e-07    -9.499154e-07    1.081907e-06    -1.041503e-06    -2.787323e-07    -9.554027e-08    -7.997725e-07    1.198658e-06    -4.355593e-07    5.214289e-07    9.398431e-07    -3.486238e-08    -5.517646e-07    -1.041973e-07    6.763335e-07    6.518014e-07    -3.203707e-07    -5.465675e-07    -4.830607e-07    1.44715e-05    -2.302421e-06    -9.600773e-06    1.007374e-06
-9.374428e-07    -1.185834e-07    -1.130536e-07    -8.90794e-07    9.674437e-07    -8.995293e-07    -3.165465e-07    -1.328927e-07    -7.012623e-07    8.104466e-07    -2.139747e-07    6.481888e-07    6.198414e-07    -2.934595e-07    -3.378379e-07    -2.028097e-07    8.412421e-07    6.166871e-07    -3.680252e-07    -3.709288e-07    -9.574782e-06    -2.302421e-06    1.432088e-05    -5.137219e-07    -2.89303e-06
7.622021e-07    -2.008408e-07    -1.077335e-07    6.855213e-07    -4.667143e-07    8.872313e-07    -1.511171e-07    -2.927158e-07    6.673676e-07    -5.62771e-07    4.249535e-07    -2.848472e-07    -6.863669e-07    1.443346e-07    2.719876e-07    1.998749e-07    -4.630778e-07    -3.916449e-07    3.617038e-07    9.425425e-08    1.700488e-07    -9.600773e-06    -5.137219e-07    1.10853e-05    -1.76495e-06
9.428132e-08    4.219511e-07    3.897377e-07    1.359446e-07    -5.489001e-07    1.044107e-07    4.301988e-07    4.181482e-07    5.06302e-08    -4.487988e-07    -8.901858e-08    -1.70795e-07    -2.012681e-07    -8.961084e-08    2.75877e-07    -1.016959e-07    -2.664306e-07    -1.821262e-07    -1.117264e-07    3.472015e-07    3.543101e-07    1.007374e-06    -2.89303e-06    -1.76495e-06    3.451853e-06
