4.633149e-06    -2.226528e-08    -2.577992e-06    -5.526539e-07    -3.784037e-08    4.554006e-07    -2.837427e-07    -4.219777e-08    5.930196e-07    -2.790469e-07
-2.226528e-08    4.314035e-06    -1.467289e-07    -2.935138e-06    3.404764e-07    -1.197468e-06    1.110297e-06    1.216484e-06    -1.03292e-06    -1.22857e-08
-2.577992e-06    -1.467289e-07    3.894266e-06    -7.059169e-08    -1.365414e-06    -1.004715e-06    1.036136e-06    9.697041e-07    -9.436935e-07    -4.174263e-08
-5.526539e-07    -2.935138e-06    -7.059169e-08    4.830318e-06    -1.433847e-06    7.454807e-07    -2.669994e-07    -3.90639e-07    5.584895e-07    -2.680226e-07
-3.784037e-08    3.404764e-07    -1.365414e-06    -1.433847e-06    3.642288e-06    5.199296e-07    -7.745317e-07    -9.416435e-07    3.714423e-07    3.107753e-07
4.554006e-07    -1.197468e-06    -1.004715e-06    7.454807e-07    5.199296e-07    4.198355e-06    -3.570896e-07    -3.268864e-06    -2.005086e-07    -1.219386e-07
-2.837427e-07    1.110297e-06    1.036136e-06    -2.669994e-07    -7.745317e-07    -3.570896e-07    1.233661e-05    -8.056497e-06    -2.337646e-06    6.702505e-07
-4.219777e-08    1.216484e-06    9.697041e-07    -3.90639e-07    -9.416435e-07    -3.268864e-06    -8.056497e-06    1.231061e-05    -7.233887e-07    -1.183478e-06
5.930196e-07    -1.03292e-06    -9.436935e-07    5.584895e-07    3.714423e-07    -2.005086e-07    -2.337646e-06    -7.233887e-07    3.857491e-06    -3.243028e-07
-2.790469e-07    -1.22857e-08    -4.174263e-08    -2.680226e-07    3.107753e-07    -1.219386e-07    6.702505e-07    -1.183478e-06    -3.243028e-07    1.055329e-06
