5.605946e-06    1.486493e-06    -2.293789e-06    1.309581e-06    -2.433349e-06    1.145665e-06    1.939706e-06    1.242081e-06    2.801994e-07    -2.577914e-06    -1.409646e-06    -2.280806e-06    -1.835796e-06    -1.016302e-06    4.331187e-06    4.66591e-06    1.593761e-07    -5.037235e-06    3.593078e-07    -1.370504e-06
1.486493e-06    5.406271e-06    1.7896e-06    -1.2035e-06    -1.855255e-06    -1.834255e-07    2.906993e-06    2.333319e-06    8.858913e-07    -3.880775e-06    -9.340764e-07    -3.189428e-06    -2.529588e-06    -1.069452e-07    4.549016e-06    4.40798e-06    6.993368e-07    -3.024481e-06    -1.608202e-06    -9.44576e-07
-2.293789e-06    1.7896e-06    6.210638e-06    -2.104701e-07    -2.8184e-06    -7.644335e-07    1.715713e-06    1.501058e-06    1.924602e-06    -2.239165e-06    -3.34109e-07    -2.65958e-06    -2.003138e-06    1.08932e-06    2.32379e-06    3.121981e-06    -5.099513e-07    -1.471974e-06    -1.969899e-06    -3.69788e-08
1.309581e-06    -1.2035e-06    -2.104701e-07    4.356599e-06    -3.707009e-06    6.496419e-07    2.402099e-07    6.432744e-07    7.415432e-07    -1.98556e-06    -6.140616e-07    -6.28396e-07    -7.434998e-07    -4.767542e-08    9.786314e-07    3.168377e-06    -7.278714e-07    -2.366203e-06    -1.409349e-07    -7.831823e-08
-2.433349e-06    -1.855255e-06    -2.8184e-06    -3.707009e-06    8.222035e-06    -2.645896e-07    -2.543789e-06    -3.178517e-06    -2.327729e-06    5.007096e-06    1.275731e-06    3.531342e-06    3.440734e-06    -4.163531e-07    -4.883264e-06    -7.00399e-06    4.967134e-07    4.290701e-06    6.021604e-07    2.318709e-06
1.145665e-06    -1.834255e-07    -7.644335e-07    6.496419e-07    -2.645896e-07    3.230536e-06    6.521993e-07    -8.292902e-07    -4.694414e-08    -8.449585e-07    -9.340663e-07    -1.49329e-06    -1.100641e-06    -5.711311e-07    2.210006e-06    1.404988e-06    2.362269e-07    -2.733861e-06    -2.029281e-07    -1.824621e-07
1.939706e-06    2.906993e-06    1.715713e-06    2.402099e-07    -2.543789e-06    6.521993e-07    4.815387e-06    1.475379e-06    -1.762443e-07    -3.655233e-06    -1.140218e-06    -3.318096e-06    -2.806639e-06    -2.539299e-07    5.017818e-06    4.373172e-06    1.938569e-07    -3.414798e-06    -7.877169e-07    -1.325221e-06
1.242081e-06    2.333319e-06    1.501058e-06    6.432744e-07    -3.178517e-06    -8.292902e-07    1.475379e-06    4.226065e-06    1.280345e-06    -3.448641e-06    -7.064596e-07    -2.801999e-06    -2.53365e-06    5.970389e-08    3.524327e-06    3.508611e-06    9.707937e-07    -1.962616e-06    -9.904314e-07    -1.333903e-06
2.801994e-07    8.858913e-07    1.924602e-06    7.415432e-07    -2.327729e-06    -4.694414e-08    -1.762443e-07    1.280345e-06    3.315228e-06    -2.547434e-06    -1.258819e-07    -2.789807e-06    -2.548968e-06    6.958612e-07    2.601885e-06    3.928575e-06    -2.722042e-07    -3.10774e-06    -1.111585e-06    -1.706119e-07
-2.577914e-06    -3.880775e-06    -2.239165e-06    -1.98556e-06    5.007096e-06    -8.449585e-07    -3.655233e-06    -3.448641e-06    -2.547434e-06    8.46548e-06    1.412832e-06    4.832708e-06    4.513522e-06    -1.502621e-07    -6.903168e-06    -8.038579e-06    1.629568e-07    5.392322e-06    1.413695e-06    2.700997e-06
-1.409646e-06    -9.340764e-07    -3.34109e-07    -6.140616e-07    1.275731e-06    -9.340663e-07    -1.140218e-06    -7.064596e-07    -1.258819e-07    1.412832e-06    3.502338e-06    1.690176e-06    -2.952455e-07    6.864354e-07    -3.169499e-06    -2.84118e-06    4.727443e-07    4.059754e-06    7.477829e-07    5.015923e-08
-2.280806e-06    -3.189428e-06    -2.65958e-06    -6.28396e-07    3.531342e-06    -1.49329e-06    -3.318096e-06    -2.801999e-06    -2.789807e-06    4.832708e-06    1.690176e-06    1.046231e-05    7.095796e-06    -1.626257e-06    -9.350905e-06    -1.101901e-05    6.615386e-07    1.213487e-05    2.344534e-06    -1.237994e-06
-1.835796e-06    -2.529588e-06    -2.003138e-06    -7.434998e-07    3.440734e-06    -1.100641e-06    -2.806639e-06    -2.53365e-06    -2.548968e-06    4.513522e-06    -2.952455e-07    7.095796e-06    8.35616e-06    -1.019709e-06    -8.068913e-06    -9.219738e-06    4.387811e-07    8.909854e-06    1.593456e-06    -1.024223e-07
-1.016302e-06    -1.069452e-07    1.08932e-06    -4.767542e-08    -4.163531e-07    -5.711311e-07    -2.539299e-07    5.970389e-08    6.958612e-07    -1.502621e-07    6.864354e-07    -1.626257e-06    -1.019709e-06    3.021005e-06    -1.03191e-06    1.074234e-06    -3.589742e-07    3.910865e-07    -1.404699e-08    2.671492e-07
4.331187e-06    4.549016e-06    2.32379e-06    9.786314e-07    -4.883264e-06    2.210006e-06    5.017818e-06    3.524327e-06    2.601885e-06    -6.903168e-06    -3.169499e-06    -9.350905e-06    -8.068913e-06    -1.03191e-06    1.406656e-05    1.290472e-05    -6.091863e-07    -1.410575e-05    -2.502533e-06    -9.036209e-07
4.66591e-06    4.40798e-06    3.121981e-06    3.168377e-06    -7.00399e-06    1.404988e-06    4.373172e-06    3.508611e-06    3.928575e-06    -8.038579e-06    -2.84118e-06    -1.101901e-05    -9.219738e-06    1.074234e-06    1.290472e-05    2.099947e-05    -1.563036e-06    -1.996824e-05    -3.849787e-06    9.066406e-07
1.593761e-07    6.993368e-07    -5.099513e-07    -7.278714e-07    4.967134e-07    2.362269e-07    1.938569e-07    9.707937e-07    -2.722042e-07    1.629568e-07    4.727443e-07    6.615386e-07    4.387811e-07    -3.589742e-07    -6.091863e-07    -1.563036e-06    3.944773e-06    1.726005e-06    -1.224903e-06    -5.151496e-09
-5.037235e-06    -3.024481e-06    -1.471974e-06    -2.366203e-06    4.290701e-06    -2.733861e-06    -3.414798e-06    -1.962616e-06    -3.10774e-06    5.392322e-06    4.059754e-06    1.213487e-05    8.909854e-06    3.910865e-07    -1.410575e-05    -1.996824e-05    1.726005e-06    2.530594e-05    3.793932e-06    -5.008966e-06
3.593078e-07    -1.608202e-06    -1.969899e-06    -1.409349e-07    6.021604e-07    -2.029281e-07    -7.877169e-07    -9.904314e-07    -1.111585e-06    1.413695e-06    7.477829e-07    2.344534e-06    1.593456e-06    -1.404699e-08    -2.502533e-06    -3.849787e-06    -1.224903e-06    3.793932e-06    4.580484e-06    -2.293531e-06
-1.370504e-06    -9.44576e-07    -3.69788e-08    -7.831823e-08    2.318709e-06    -1.824621e-07    -1.325221e-06    -1.333903e-06    -1.706119e-07    2.700997e-06    5.015923e-08    -1.237994e-06    -1.024223e-07    2.671492e-07    -9.036209e-07    9.066406e-07    -5.151496e-09    -5.008966e-06    -2.293531e-06    8.364997e-06
