3.399707e-06    2.125229e-06    -5.915166e-07    -5.227191e-07    -1.309164e-06    -8.859844e-07    -1.671297e-06    -4.405644e-07    -1.788965e-07    1.410886e-06
2.125229e-06    1.348276e-05    6.354984e-06    -1.615957e-06    -6.311525e-06    -3.742407e-06    -5.332277e-06    -3.714829e-06    -1.14621e-06    5.211563e-06
-5.915166e-07    6.354984e-06    7.522459e-06    1.032646e-06    -5.41534e-06    -1.588031e-06    -1.822169e-06    -2.767476e-06    -1.214885e-06    3.137462e-06
-5.227191e-07    -1.615957e-06    1.032646e-06    4.863043e-06    -2.402271e-06    9.418901e-07    4.054486e-07    -8.396845e-07    7.296741e-07    -1.522602e-06
-1.309164e-06    -6.311525e-06    -5.41534e-06    -2.402271e-06    8.308284e-06    1.409479e-06    2.43295e-06    2.5343e-06    2.076482e-07    -1.694893e-06
-8.859844e-07    -3.742407e-06    -1.588031e-06    9.418901e-07    1.409479e-06    5.605946e-06    1.486493e-06    -2.293789e-06    1.309581e-06    -2.433349e-06
-1.671297e-06    -5.332277e-06    -1.822169e-06    4.054486e-07    2.43295e-06    1.486493e-06    5.406271e-06    1.7896e-06    -1.2035e-06    -1.855255e-06
-4.405644e-07    -3.714829e-06    -2.767476e-06    -8.396845e-07    2.5343e-06    -2.293789e-06    1.7896e-06    6.210638e-06    -2.104701e-07    -2.8184e-06
-1.788965e-07    -1.14621e-06    -1.214885e-06    7.296741e-07    2.076482e-07    1.309581e-06    -1.2035e-06    -2.104701e-07    4.356599e-06    -3.707009e-06
1.410886e-06    5.211563e-06    3.137462e-06    -1.522602e-06    -1.694893e-06    -2.433349e-06    -1.855255e-06    -2.8184e-06    -3.707009e-06    8.222035e-06
