1    0.3622799    -0.1455975    -0.1322459    -0.4410096    -0.07773379    -0.5859326    -0.5110544    0.04158914    0.5122604    -0.3081643    0.3876836    0.2773672    -0.1345622    -0.4525744    -0.2067294    0.4477373    0.4820972    -0.1632323    -0.4360479
0.3622799    1    0.2804532    -0.6129492    -0.3164429    -0.151107    -0.4750439    -0.4031434    -0.1196847    0.435331    -0.6366548    0.3972583    0.5193224    -0.4438152    -0.4079776    -0.2031756    0.4915044    0.4180462    -0.2673764    -0.3281402
-0.1455975    0.2804532    1    0.04304514    -0.4762449    -0.1001553    -0.1902744    -0.15284    -0.1492756    0.1332256    -0.4665846    0.1010264    0.5050001    -0.3358106    -0.280667    -0.07222699    0.2149054    0.1813432    -0.1152906    -0.1879885
-0.1322459    -0.6129492    0.04304514    1    0.00847779    0.0762863    0.2307071    0.2259114    0.07443878    -0.2930001    0.2191233    -0.1260194    -0.1947342    0.3264909    0.1632379    0.08142235    -0.3424515    -0.1910443    0.2085417    0.1313667
-0.4410096    -0.3164429    -0.4762449    0.00847779    1    0.1083825    0.6185297    0.5181787    -0.06978406    -0.4473758    0.3473407    -0.2601627    -0.4792382    0.343179    0.632446    0.1612381    -0.4394843    -0.4691434    0.1503894    0.4453246
-0.07773379    -0.151107    -0.1001553    0.0762863    0.1083825    1    0.05957203    -0.4007196    -0.1074709    -0.1343564    0.1013602    -0.03853915    -0.1627475    0.116842    0.1720098    0.02439282    -0.1222834    -0.1230384    0.02022053    0.18429
-0.5859326    -0.4750439    -0.1902744    0.2307071    0.6185297    0.05957203    1    0.563625    -0.2870436    -0.4798465    0.4246074    -0.3667016    -0.3669775    0.2043457    0.4968123    0.1944807    -0.536794    -0.5483045    0.1760705    0.5287916
-0.5110544    -0.4031434    -0.15284    0.2259114    0.5181787    -0.4007196    0.563625    1    0.1053805    -0.6316245    0.348806    -0.2513405    -0.3058127    0.1023019    0.409234    0.2286178    -0.483497    -0.5203933    0.2065613    0.4293436
0.04158914    -0.1196847    -0.1492756    0.07443878    -0.06978406    -0.1074709    -0.2870436    0.1053805    1    -0.2962808    0.1727112    0.1428589    -0.1618579    -0.05076671    -0.03612594    0.1974537    -0.1718213    -0.1125989    0.1994975    -0.04107687
0.5122604    0.435331    0.1332256    -0.2930001    -0.4473758    -0.1343564    -0.4798465    -0.6316245    -0.2962808    1    -0.3735562    0.1946171    0.3289708    -0.06889973    -0.3829964    -0.2101468    0.5399413    0.5085294    -0.2190911    -0.4680974
-0.3081643    -0.6366548    -0.4665846    0.2191233    0.3473407    0.1013602    0.4246074    0.348806    0.1727112    -0.3735562    1    -0.3594829    -0.5702683    0.2343407    0.2264468    0.196965    -0.4929025    -0.3861715    0.2489393    0.3195374
0.3876836    0.3972583    0.1010264    -0.1260194    -0.2601627    -0.03853915    -0.3667016    -0.2513405    0.1428589    0.1946171    -0.3594829    1    -0.175771    -0.3437631    -0.05963109    -0.1711589    0.2081352    0.3156481    -0.07518721    -0.2568144
0.2773672    0.5193224    0.5050001    -0.1947342    -0.4792382    -0.1627475    -0.3669775    -0.3058127    -0.1618579    0.3289708    -0.5702683    -0.175771    1    -0.4582405    -0.7041022    -0.04257343    0.4555816    0.2735243    -0.2100433    -0.3243698
-0.1345622    -0.4438152    -0.3358106    0.3264909    0.343179    0.116842    0.2043457    0.1023019    -0.05076671    -0.06889973    0.2343407    -0.3437631    -0.4582405    1    0.3417084    -0.07783319    -0.2368211    -0.1254074    0.07038444    0.2237554
-0.4525744    -0.4079776    -0.280667    0.1632379    0.632446    0.1720098    0.4968123    0.409234    -0.03612594    -0.3829964    0.2264468    -0.05963109    -0.7041022    0.3417084    1    0.08982637    -0.3851845    -0.3486374    0.1656117    0.3504512
-0.2067294    -0.2031756    -0.07222699    0.08142235    0.1612381    0.02439282    0.1944807    0.2286178    0.1974537    -0.2101468    0.196965    -0.1711589    -0.04257343    -0.07783319    0.08982637    1    -0.2099838    -0.639589    0.2021948    0.148635
0.4477373    0.4915044    0.2149054    -0.3424515    -0.4394843    -0.1222834    -0.536794    -0.483497    -0.1718213    0.5399413    -0.4929025    0.2081352    0.4555816    -0.2368211    -0.3851845    -0.2099838    1    0.2976746    -0.6280262    -0.2447407
0.4820972    0.4180462    0.1813432    -0.1910443    -0.4691434    -0.1230384    -0.5483045    -0.5203933    -0.1125989    0.5085294    -0.3861715    0.3156481    0.2735243    -0.1254074    -0.3486374    -0.639589    0.2976746    1    -0.2405214    -0.6202122
-0.1632323    -0.2673764    -0.1152906    0.2085417    0.1503894    0.02022053    0.1760705    0.2065613    0.1994975    -0.2190911    0.2489393    -0.07518721    -0.2100433    0.07038444    0.1656117    0.2021948    -0.6280262    -0.2405214    1    -0.2275061
-0.4360479    -0.3281402    -0.1879885    0.1313667    0.4453246    0.18429    0.5287916    0.4293436    -0.04107687    -0.4680974    0.3195374    -0.2568144    -0.3243698    0.2237554    0.3504512    0.148635    -0.2447407    -0.6202122    -0.2275061    1
