1    0.3622799    -0.1455975    -0.1322459    -0.4410096    -0.07773379    -0.5859326    -0.5110544    0.04158914    0.5122604    0.1932609    -0.1159093    0.0544415    0.3801045    -0.3095674    -0.3081643    0.3876836    0.2773672    -0.1345622    -0.4525744
0.3622799    1    0.2804532    -0.6129492    -0.3164429    -0.151107    -0.4750439    -0.4031434    -0.1196847    0.435331    0.2012122    -0.1923368    -0.05424556    0.2952076    -0.1118493    -0.6366548    0.3972583    0.5193224    -0.4438152    -0.4079776
-0.1455975    0.2804532    1    0.04304514    -0.4762449    -0.1001553    -0.1902744    -0.15284    -0.1492756    0.1332256    0.05789371    -0.08267096    -0.1208177    -0.02127754    0.1739846    -0.4665846    0.1010264    0.5050001    -0.3358106    -0.280667
-0.1322459    -0.6129492    0.04304514    1    0.00847779    0.0762863    0.2307071    0.2259114    0.07443878    -0.2930001    -0.1788958    0.102494    -0.07447266    -0.260209    0.2300918    0.2191233    -0.1260194    -0.1947342    0.3264909    0.1632379
-0.4410096    -0.3164429    -0.4762449    0.00847779    1    0.1083825    0.6185297    0.5181787    -0.06978406    -0.4473758    -0.2770842    0.1366351    0.03199842    -0.3422117    0.206999    0.3473407    -0.2601627    -0.4792382    0.343179    0.632446
-0.07773379    -0.151107    -0.1001553    0.0762863    0.1083825    1    0.05957203    -0.4007196    -0.1074709    -0.1343564    -0.1524692    0.0236894    0.1010187    -0.004319563    0.100531    0.1013602    -0.03853915    -0.1627475    0.116842    0.1720098
-0.5859326    -0.4750439    -0.1902744    0.2307071    0.6185297    0.05957203    1    0.563625    -0.2870436    -0.4798465    -0.3286793    0.1223487    -0.03414067    -0.4292572    0.3566158    0.4246074    -0.3667016    -0.3669775    0.2043457    0.4968123
-0.5110544    -0.4031434    -0.15284    0.2259114    0.5181787    -0.4007196    0.563625    1    0.1053805    -0.6316245    -0.1581459    0.02715436    -0.1824297    -0.3902032    0.3712545    0.348806    -0.2513405    -0.3058127    0.1023019    0.409234
0.04158914    -0.1196847    -0.1492756    0.07443878    -0.06978406    -0.1074709    -0.2870436    0.1053805    1    -0.2962808    0.1688964    -0.1528447    -0.2408683    0.0547738    0.07075219    0.1727112    0.1428589    -0.1618579    -0.05076671    -0.03612594
0.5122604    0.435331    0.1332256    -0.2930001    -0.4473758    -0.1343564    -0.4798465    -0.6316245    -0.2962808    1    0.159723    0.025113    0.2736393    0.3294911    -0.5130361    -0.3735562    0.1946171    0.3289708    -0.06889973    -0.3829964
0.1932609    0.2012122    0.05789371    -0.1788958    -0.2770842    -0.1524692    -0.3286793    -0.1581459    0.1688964    0.159723    1    -0.1056302    -0.5090539    0.06912975    -0.1068795    -0.06704162    0.1567483    0.177213    -0.1998364    -0.298239
-0.1159093    -0.1923368    -0.08267096    0.102494    0.1366351    0.0236894    0.1223487    0.02715436    -0.1528447    0.025113    -0.1056302    1    0.1359468    -0.5457157    -0.1184161    0.137926    -0.2731966    -0.09077962    0.2099248    0.2040438
0.0544415    -0.05424556    -0.1208177    -0.07447266    0.03199842    0.1010187    -0.03414067    -0.1824297    -0.2408683    0.2736393    -0.5090539    0.1359468    1    0.005684328    -0.5467107    -0.005828946    -0.2030382    -0.06507898    0.2691314    0.1062177
0.3801045    0.2952076    -0.02127754    -0.260209    -0.3422117    -0.004319563    -0.4292572    -0.3902032    0.0547738    0.3294911    0.06912975    -0.5457157    0.005684328    1    -0.3967013    -0.1460005    0.2484205    0.1063482    -0.1102741    -0.33113
-0.3095674    -0.1118493    0.1739846    0.2300918    0.206999    0.100531    0.3566158    0.3712545    0.07075219    -0.5130361    -0.1068795    -0.1184161    -0.5467107    -0.3967013    1    0.004326491    0.06145961    -0.02579005    -0.1460549    0.1874128
-0.3081643    -0.6366548    -0.4665846    0.2191233    0.3473407    0.1013602    0.4246074    0.348806    0.1727112    -0.3735562    -0.06704162    0.137926    -0.005828946    -0.1460005    0.004326491    1    -0.3594829    -0.5702683    0.2343407    0.2264468
0.3876836    0.3972583    0.1010264    -0.1260194    -0.2601627    -0.03853915    -0.3667016    -0.2513405    0.1428589    0.1946171    0.1567483    -0.2731966    -0.2030382    0.2484205    0.06145961    -0.3594829    1    -0.175771    -0.3437631    -0.05963109
0.2773672    0.5193224    0.5050001    -0.1947342    -0.4792382    -0.1627475    -0.3669775    -0.3058127    -0.1618579    0.3289708    0.177213    -0.09077962    -0.06507898    0.1063482    -0.02579005    -0.5702683    -0.175771    1    -0.4582405    -0.7041022
-0.1345622    -0.4438152    -0.3358106    0.3264909    0.343179    0.116842    0.2043457    0.1023019    -0.05076671    -0.06889973    -0.1998364    0.2099248    0.2691314    -0.1102741    -0.1460549    0.2343407    -0.3437631    -0.4582405    1    0.3417084
-0.4525744    -0.4079776    -0.280667    0.1632379    0.632446    0.1720098    0.4968123    0.409234    -0.03612594    -0.3829964    -0.298239    0.2040438    0.1062177    -0.33113    0.1874128    0.2264468    -0.05963109    -0.7041022    0.3417084    1
