1    0.3622799    -0.1455975    -0.1322459    -0.4410096    -0.07773379    -0.5859326    -0.5110544    0.04158914    0.5122604    0.5063133    -0.5534517    -0.3616014    0.5228442    0.4372357
0.3622799    1    0.2804532    -0.6129492    -0.3164429    -0.151107    -0.4750439    -0.4031434    -0.1196847    0.435331    0.4520477    -0.4625392    -0.3980281    0.5126222    0.4007976
-0.1455975    0.2804532    1    0.04304514    -0.4762449    -0.1001553    -0.1902744    -0.15284    -0.1492756    0.1332256    0.1178813    -0.1565433    -0.1600493    0.2015165    0.2832781
-0.1322459    -0.6129492    0.04304514    1    0.00847779    0.0762863    0.2307071    0.2259114    0.07443878    -0.2930001    -0.339793    0.3109259    0.2256779    -0.2706705    -0.09113787
-0.4410096    -0.3164429    -0.4762449    0.00847779    1    0.1083825    0.6185297    0.5181787    -0.06978406    -0.4473758    -0.5548652    0.5240634    0.3819007    -0.4540042    -0.4364238
-0.07773379    -0.151107    -0.1001553    0.0762863    0.1083825    1    0.05957203    -0.4007196    -0.1074709    -0.1343564    0.04255697    0.07395735    -0.0106793    0.004486948    -0.1895777
-0.5859326    -0.4750439    -0.1902744    0.2307071    0.6185297    0.05957203    1    0.563625    -0.2870436    -0.4798465    -0.727413    0.6340524    0.5472993    -0.6522855    -0.4731442
-0.5110544    -0.4031434    -0.15284    0.2259114    0.5181787    -0.4007196    0.563625    1    0.1053805    -0.6316245    -0.6849803    0.6083162    0.5009012    -0.6048905    -0.4223288
0.04158914    -0.1196847    -0.1492756    0.07443878    -0.06978406    -0.1074709    -0.2870436    0.1053805    1    -0.2962808    0.08429406    0.09269776    0.03896947    -0.05825178    -0.1889998
0.5122604    0.435331    0.1332256    -0.2930001    -0.4473758    -0.1343564    -0.4798465    -0.6316245    -0.2962808    1    0.5532869    -0.6793341    -0.3582132    0.5529254    0.4151789
0.5063133    0.4520477    0.1178813    -0.339793    -0.5548652    0.04255697    -0.727413    -0.6849803    0.08429406    0.5532869    1    -0.5889263    -0.6905772    0.5508281    0.360491
-0.5534517    -0.4625392    -0.1565433    0.3109259    0.5240634    0.07395735    0.6340524    0.6083162    0.09269776    -0.6793341    -0.5889263    1    0.1292851    -0.7202416    -0.3259849
-0.3616014    -0.3980281    -0.1600493    0.2256779    0.3819007    -0.0106793    0.5472993    0.5009012    0.03896947    -0.3582132    -0.6905772    0.1292851    1    -0.5300982    -0.5326174
0.5228442    0.5126222    0.2015165    -0.2706705    -0.4540042    0.004486948    -0.6522855    -0.6048905    -0.05825178    0.5529254    0.5508281    -0.7202416    -0.5300982    1    0.3449104
0.4372357    0.4007976    0.2832781    -0.09113787    -0.4364238    -0.1895777    -0.4731442    -0.4223288    -0.1889998    0.4151789    0.360491    -0.3259849    -0.5326174    0.3449104    1
