1    0.3622799    -0.1455975    -0.1322459    -0.4410096    -0.07773379    -0.5859326    -0.5110544    0.04158914    0.5122604    -0.3081643    0.3876836    0.2773672    -0.1345622    -0.4525744    0.2467531    -0.3896595    -0.3020891    0.276278    0.1738595
0.3622799    1    0.2804532    -0.6129492    -0.3164429    -0.151107    -0.4750439    -0.4031434    -0.1196847    0.435331    -0.6366548    0.3972583    0.5193224    -0.4438152    -0.4079776    0.1649738    -0.2650391    -0.2000467    0.1769175    0.09397758
-0.1455975    0.2804532    1    0.04304514    -0.4762449    -0.1001553    -0.1902744    -0.15284    -0.1492756    0.1332256    -0.4665846    0.1010264    0.5050001    -0.3358106    -0.280667    -0.005734407    0.04936411    0.03839666    -0.06074943    -0.06821721
-0.1322459    -0.6129492    0.04304514    1    0.00847779    0.0762863    0.2307071    0.2259114    0.07443878    -0.2930001    0.2191233    -0.1260194    -0.1947342    0.3264909    0.1632379    -0.0878621    0.3086042    0.1853517    -0.2059283    -0.1597007
-0.4410096    -0.3164429    -0.4762449    0.00847779    1    0.1083825    0.6185297    0.5181787    -0.06978406    -0.4473758    0.3473407    -0.2601627    -0.4792382    0.343179    0.632446    -0.2656093    0.3453764    0.2540232    -0.2507777    -0.08127034
-0.07773379    -0.151107    -0.1001553    0.0762863    0.1083825    1    0.05957203    -0.4007196    -0.1074709    -0.1343564    0.1013602    -0.03853915    -0.1627475    0.116842    0.1720098    -0.1238983    -0.004361187    0.1003628    0.02241455    -0.03685639
-0.5859326    -0.4750439    -0.1902744    0.2307071    0.6185297    0.05957203    1    0.563625    -0.2870436    -0.4798465    0.4246074    -0.3667016    -0.3669775    0.2043457    0.4968123    -0.3810534    0.4969641    0.4826165    -0.3248864    -0.2947831
-0.5110544    -0.4031434    -0.15284    0.2259114    0.5181787    -0.4007196    0.563625    1    0.1053805    -0.6316245    0.348806    -0.2513405    -0.3058127    0.1023019    0.409234    -0.3039135    0.5603074    0.4299867    -0.3547487    -0.26757
0.04158914    -0.1196847    -0.1492756    0.07443878    -0.06978406    -0.1074709    -0.2870436    0.1053805    1    -0.2962808    0.1727112    0.1428589    -0.1618579    -0.05076671    -0.03612594    0.09923804    0.1437989    0.01168064    -0.07030577    -0.05407611
0.5122604    0.435331    0.1332256    -0.2930001    -0.4473758    -0.1343564    -0.4798465    -0.6316245    -0.2962808    1    -0.3735562    0.1946171    0.3289708    -0.06889973    -0.3829964    0.293334    -0.5878341    -0.3997343    0.3258343    0.2092072
-0.3081643    -0.6366548    -0.4665846    0.2191233    0.3473407    0.1013602    0.4246074    0.348806    0.1727112    -0.3735562    1    -0.3594829    -0.5702683    0.2343407    0.2264468    -0.09858185    0.2334386    0.1435116    -0.1668452    -0.09165786
0.3876836    0.3972583    0.1010264    -0.1260194    -0.2601627    -0.03853915    -0.3667016    -0.2513405    0.1428589    0.1946171    -0.3594829    1    -0.175771    -0.3437631    -0.05963109    0.07089918    -0.0390075    -0.04460841    0.008758252    0.03298564
0.2773672    0.5193224    0.5050001    -0.1947342    -0.4792382    -0.1627475    -0.3669775    -0.3058127    -0.1618579    0.3289708    -0.5702683    -0.175771    1    -0.4582405    -0.7041022    0.1219479    -0.2890395    -0.183193    0.2083697    0.07038609
-0.1345622    -0.4438152    -0.3358106    0.3264909    0.343179    0.116842    0.2043457    0.1023019    -0.05076671    -0.06889973    0.2343407    -0.3437631    -0.4582405    1    0.3417084    -0.01576077    0.02377643    -0.02718782    -0.04656038    0.08039848
-0.4525744    -0.4079776    -0.280667    0.1632379    0.632446    0.1720098    0.4968123    0.409234    -0.03612594    -0.3829964    0.2264468    -0.05963109    -0.7041022    0.3417084    1    -0.2711451    0.3739952    0.2930893    -0.248292    -0.1080199
0.2467531    0.1649738    -0.005734407    -0.0878621    -0.2656093    -0.1238983    -0.3810534    -0.3039135    0.09923804    0.293334    -0.09858185    0.07089918    0.1219479    -0.01576077    -0.2711451    1    -0.2528617    -0.7115452    0.22127    0.1058309
-0.3896595    -0.2650391    0.04936411    0.3086042    0.3453764    -0.004361187    0.4969641    0.5603074    0.1437989    -0.5878341    0.2334386    -0.0390075    -0.2890395    0.02377643    0.3739952    -0.2528617    1    0.2967899    -0.7120302    -0.1420761
-0.3020891    -0.2000467    0.03839666    0.1853517    0.2540232    0.1003628    0.4826165    0.4299867    0.01168064    -0.3997343    0.1435116    -0.04460841    -0.183193    -0.02718782    0.2930893    -0.7115452    0.2967899    1    -0.2621357    -0.5743639
0.276278    0.1769175    -0.06074943    -0.2059283    -0.2507777    0.02241455    -0.3248864    -0.3547487    -0.07030577    0.3258343    -0.1668452    0.008758252    0.2083697    -0.04656038    -0.248292    0.22127    -0.7120302    -0.2621357    1    -0.1114128
0.1738595    0.09397758    -0.06821721    -0.1597007    -0.08127034    -0.03685639    -0.2947831    -0.26757    -0.05407611    0.2092072    -0.09165786    0.03298564    0.07038609    0.08039848    -0.1080199    0.1058309    -0.1420761    -0.5743639    -0.1114128    1
