1    0.3622799    -0.1455975    -0.1322459    -0.4410096    -0.03834947    0.08954643    0.1073731    -0.2808412    -0.1159328
0.3622799    1    0.2804532    -0.6129492    -0.3164429    -0.05468865    0.07193536    0.1096278    -0.1929105    -0.1250828
-0.1455975    0.2804532    1    0.04304514    -0.4762449    -0.1069636    0.06545876    0.05197709    -0.04833238    -0.01107312
-0.1322459    -0.6129492    0.04304514    1    0.00847779    -0.08506727    -0.03067693    -0.0266262    0.1190055    0.1503889
-0.4410096    -0.3164429    -0.4762449    0.00847779    1    0.1058063    -0.1516963    -0.1833109    0.2225524    0.1880897
-0.03834947    -0.05468865    -0.1069636    -0.08506727    0.1058063    1    -0.1228896    -0.795554    0.03622886    0.1535628
0.08954643    0.07193536    0.06545876    -0.03067693    -0.1516963    -0.1228896    1    0.2461418    -0.7312569    0.0347245
0.1073731    0.1096278    0.05197709    -0.0266262    -0.1833109    -0.795554    0.2461418    1    -0.09969109    -0.5163728
-0.2808412    -0.1929105    -0.04833238    0.1190055    0.2225524    0.03622886    -0.7312569    -0.09969109    1    -0.3282296
-0.1159328    -0.1250828    -0.01107312    0.1503889    0.1880897    0.1535628    0.0347245    -0.5163728    -0.3282296    1
