1    0.3622799    -0.1455975    -0.1322459    -0.4410096    0.1932609    -0.1159093    0.0544415    0.3801045    -0.3095674
0.3622799    1    0.2804532    -0.6129492    -0.3164429    0.2012122    -0.1923368    -0.05424556    0.2952076    -0.1118493
-0.1455975    0.2804532    1    0.04304514    -0.4762449    0.05789371    -0.08267096    -0.1208177    -0.02127754    0.1739846
-0.1322459    -0.6129492    0.04304514    1    0.00847779    -0.1788958    0.102494    -0.07447266    -0.260209    0.2300918
-0.4410096    -0.3164429    -0.4762449    0.00847779    1    -0.2770842    0.1366351    0.03199842    -0.3422117    0.206999
0.1932609    0.2012122    0.05789371    -0.1788958    -0.2770842    1    -0.1056302    -0.5090539    0.06912975    -0.1068795
-0.1159093    -0.1923368    -0.08267096    0.102494    0.1366351    -0.1056302    1    0.1359468    -0.5457157    -0.1184161
0.0544415    -0.05424556    -0.1208177    -0.07447266    0.03199842    -0.5090539    0.1359468    1    0.005684328    -0.5467107
0.3801045    0.2952076    -0.02127754    -0.260209    -0.3422117    0.06912975    -0.5457157    0.005684328    1    -0.3967013
-0.3095674    -0.1118493    0.1739846    0.2300918    0.206999    -0.1068795    -0.1184161    -0.5467107    -0.3967013    1
