1    0.1513493    -0.04186283    0.1138702    -0.4404941    -0.1206956    -0.4966137    -0.4147527    -0.005682062    0.3687367    0.232818    -0.05201413    -0.01738393    0.1966872    -0.2266894
0.1513493    1    0.3110405    -0.5531649    -0.1947917    -0.2498947    -0.4486158    -0.2766947    -0.08340924    0.3575694    0.09989571    -0.01710379    -0.1305962    0.1145985    -0.01085692
-0.04186283    0.3110405    1    0.02341418    -0.5469089    -0.1476021    -0.3624062    -0.2308682    0.1167298    0.1749629    0.06691568    -0.1155162    -0.1068004    0.1103208    0.04093239
0.1138702    -0.5531649    0.02341418    1    -0.1764102    0.1257045    0.07018602    0.09599848    0.1691704    -0.187886    -0.05579889    -0.07802613    -0.02299142    -0.08184215    0.1151877
-0.4404941    -0.1947917    -0.5469089    -0.1764102    1    0.1984899    0.6391685    0.4818819    -0.1449595    -0.414675    -0.3123785    0.07639898    0.07203577    -0.2571265    0.260461
-0.1206956    -0.2498947    -0.1476021    0.1257045    0.1984899    1    0.1894219    -0.3429943    -0.1385012    -0.1661251    -0.1228529    0.0386153    0.02659459    -0.04673226    0.1042673
-0.4966137    -0.4486158    -0.3624062    0.07018602    0.6391685    0.1894219    1    0.5062199    -0.2663477    -0.4823125    -0.3427423    -0.0008628187    0.03066144    -0.2600093    0.3447391
-0.4147527    -0.2766947    -0.2308682    0.09599848    0.4818819    -0.3429943    0.5062199    1    0.1364205    -0.601621    -0.2443189    -0.08563765    -0.05376926    -0.2900864    0.3614886
-0.005682062    -0.08340924    0.1167298    0.1691704    -0.1449595    -0.1385012    -0.2663477    0.1364205    1    -0.3475727    -0.03964092    -0.1430612    0.02695604    -0.02006095    0.07510928
0.3687367    0.3575694    0.1749629    -0.187886    -0.414675    -0.1661251    -0.4823125    -0.601621    -0.3475727    1    0.2904611    0.1832927    0.04043216    0.1740731    -0.3844538
0.232818    0.09989571    0.06691568    -0.05579889    -0.3123785    -0.1228529    -0.3427423    -0.2443189    -0.03964092    0.2904611    1    -0.008402032    -0.4408461    0.009183726    -0.2630833
-0.05201413    -0.01710379    -0.1155162    -0.07802613    0.07639898    0.0386153    -0.0008628187    -0.08563765    -0.1430612    0.1832927    -0.008402032    1    0.01415365    -0.5127982    -0.1166718
-0.01738393    -0.1305962    -0.1068004    -0.02299142    0.07203577    0.02659459    0.03066144    -0.05376926    0.02695604    0.04043216    -0.4408461    0.01415365    1    -0.01183016    -0.4399315
0.1966872    0.1145985    0.1103208    -0.08184215    -0.2571265    -0.04673226    -0.2600093    -0.2900864    -0.02006095    0.1740731    0.009183726    -0.5127982    -0.01183016    1    -0.3565121
-0.2266894    -0.01085692    0.04093239    0.1151877    0.260461    0.1042673    0.3447391    0.3614886    0.07510928    -0.3844538    -0.2630833    -0.1166718    -0.4399315    -0.3565121    1
