1    0.3622799    -0.1455975    -0.1322459    -0.4410096    0.2467531    -0.3896595    -0.3020891    0.276278    0.1738595
0.3622799    1    0.2804532    -0.6129492    -0.3164429    0.1649738    -0.2650391    -0.2000467    0.1769175    0.09397758
-0.1455975    0.2804532    1    0.04304514    -0.4762449    -0.005734407    0.04936411    0.03839666    -0.06074943    -0.06821721
-0.1322459    -0.6129492    0.04304514    1    0.00847779    -0.0878621    0.3086042    0.1853517    -0.2059283    -0.1597007
-0.4410096    -0.3164429    -0.4762449    0.00847779    1    -0.2656093    0.3453764    0.2540232    -0.2507777    -0.08127034
0.2467531    0.1649738    -0.005734407    -0.0878621    -0.2656093    1    -0.2528617    -0.7115452    0.22127    0.1058309
-0.3896595    -0.2650391    0.04936411    0.3086042    0.3453764    -0.2528617    1    0.2967899    -0.7120302    -0.1420761
-0.3020891    -0.2000467    0.03839666    0.1853517    0.2540232    -0.7115452    0.2967899    1    -0.2621357    -0.5743639
0.276278    0.1769175    -0.06074943    -0.2059283    -0.2507777    0.22127    -0.7120302    -0.2621357    1    -0.1114128
0.1738595    0.09397758    -0.06821721    -0.1597007    -0.08127034    0.1058309    -0.1420761    -0.5743639    -0.1114128    1
