1    0.3622799    -0.1455975    -0.1322459    -0.4410096    -0.07773379    -0.5859326    -0.5110544    0.04158914    0.5122604    -0.07593569    0.1918384    -0.01108624    0.2504266    0.09570768
0.3622799    1    0.2804532    -0.6129492    -0.3164429    -0.151107    -0.4750439    -0.4031434    -0.1196847    0.435331    -0.003155187    0.03716415    -0.06350299    0.2792398    0.2260784
-0.1455975    0.2804532    1    0.04304514    -0.4762449    -0.1001553    -0.1902744    -0.15284    -0.1492756    0.1332256    0.1511009    -0.1094643    -0.16442    0.1602299    0.2305048
-0.1322459    -0.6129492    0.04304514    1    0.00847779    0.0762863    0.2307071    0.2259114    0.07443878    -0.2930001    0.2106868    -0.1656527    -0.1038368    -0.1233859    -0.01366361
-0.4410096    -0.3164429    -0.4762449    0.00847779    1    0.1083825    0.6185297    0.5181787    -0.06978406    -0.4473758    -0.02525144    -0.1334685    0.08150928    -0.3112004    -0.0934451
-0.07773379    -0.151107    -0.1001553    0.0762863    0.1083825    1    0.05957203    -0.4007196    -0.1074709    -0.1343564    0.07939136    -0.08475921    0.08348209    -0.1180434    -0.1176036
-0.5859326    -0.4750439    -0.1902744    0.2307071    0.6185297    0.05957203    1    0.563625    -0.2870436    -0.4798465    0.1873325    -0.2520661    -0.1060451    -0.260549    -0.00204007
-0.5110544    -0.4031434    -0.15284    0.2259114    0.5181787    -0.4007196    0.563625    1    0.1053805    -0.6316245    0.2160019    -0.3252756    -0.1648766    -0.08677013    0.06641057
0.04158914    -0.1196847    -0.1492756    0.07443878    -0.06978406    -0.1074709    -0.2870436    0.1053805    1    -0.2962808    0.2102916    -0.1585912    -0.09827869    0.1320169    -0.008975268
0.5122604    0.435331    0.1332256    -0.2930001    -0.4473758    -0.1343564    -0.4798465    -0.6316245    -0.2962808    1    -0.3461212    0.4200058    0.1459115    0.08606939    -0.02640588
-0.07593569    -0.003155187    0.1511009    0.2106868    -0.02525144    0.07939136    0.1873325    0.2160019    0.2102916    -0.3461212    1    -0.4774775    -0.4538181    0.1378426    0.1167466
0.1918384    0.03716415    -0.1094643    -0.1656527    -0.1334685    -0.08475921    -0.2520661    -0.3252756    -0.1585912    0.4200058    -0.4774775    1    -0.2704573    -0.27668    0.00682912
-0.01108624    -0.06350299    -0.16442    -0.1038368    0.08150928    0.08348209    -0.1060451    -0.1648766    -0.09827869    0.1459115    -0.4538181    -0.2704573    1    -0.2854063    -0.3209596
0.2504266    0.2792398    0.1602299    -0.1233859    -0.3112004    -0.1180434    -0.260549    -0.08677013    0.1320169    0.08606939    0.1378426    -0.27668    -0.2854063    1    -0.1334371
0.09570768    0.2260784    0.2305048    -0.01366361    -0.0934451    -0.1176036    -0.00204007    0.06641057    -0.008975268    -0.02640588    0.1167466    0.00682912    -0.3209596    -0.1334371    1
