3.863951e-06    -2.746377e-06    1.033061e-06    2.461746e-07    -6.797458e-07    -4.051244e-07    7.402175e-07    5.479858e-07    -2.900202e-07    -6.539274e-07
-2.746377e-06    1.342481e-05    -2.918674e-06    -8.842506e-06    1.155224e-06    6.052862e-07    1.051997e-07    -6.377867e-07    -1.277788e-06    1.800001e-06
1.033061e-06    -2.918674e-06    1.365761e-05    9.955864e-08    -2.830791e-06    5.161221e-07    2.546866e-07    -4.118342e-07    -1.577999e-06    1.838549e-06
2.461746e-07    -8.842506e-06    9.955864e-08    1.110086e-05    -1.868476e-06    -1.386416e-07    -7.467978e-07    3.706953e-08    1.511604e-06    -1.080219e-06
-6.797458e-07    1.155224e-06    -2.830791e-06    -1.868476e-06    3.877914e-06    -4.288065e-07    5.684592e-07    4.604927e-07    -5.03953e-08    -6.652064e-07
-4.051244e-07    6.052862e-07    5.161221e-07    -1.386416e-07    -4.288065e-07    2.75575e-06    -1.954519e-06    5.331822e-07    5.167047e-07    -5.817203e-07
7.402175e-07    1.051997e-07    2.546866e-07    -7.467978e-07    5.684592e-07    -1.954519e-06    7.815443e-06    1.383674e-07    -6.663295e-06    1.660319e-06
5.479858e-07    -6.377867e-07    -4.118342e-07    3.706953e-08    4.604927e-07    5.331822e-07    1.383674e-07    7.518609e-06    -1.413045e-07    -3.821124e-06
-2.900202e-07    -1.277788e-06    -1.577999e-06    1.511604e-06    -5.03953e-08    5.167047e-07    -6.663295e-06    -1.413045e-07    1.141726e-05    -5.775576e-06
-6.539274e-07    1.800001e-06    1.838549e-06    -1.080219e-06    -6.652064e-07    -5.817203e-07    1.660319e-06    -3.821124e-06    -5.775576e-06    8.267262e-06
