4.065097e-06    -3.505408e-06    6.738335e-07    -6.664246e-07    -1.176777e-07    5.972776e-09    1.043167e-06    9.572412e-07    -9.921974e-07    -1.180092e-07    -2.540881e-08    -6.27671e-07    -8.046529e-07    3.656553e-07    1.094351e-06
-3.505408e-06    1.431796e-05    -7.680848e-06    -2.394548e-06    1.495503e-06    5.140642e-07    -1.340149e-06    -1.520729e-06    8.949338e-07    6.141325e-07    -5.626793e-07    3.853471e-07    -2.138322e-07    -5.371373e-07    7.205358e-07
6.738335e-07    -7.680848e-06    1.310714e-05    -1.264576e-06    -3.266868e-06    9.833954e-07    -1.482712e-06    -1.478071e-06    4.237781e-07    8.42791e-07    8.982731e-08    1.204314e-07    9.206868e-07    4.515478e-07    -1.281994e-06
-6.664246e-07    -2.394548e-06    -1.264576e-06    4.723407e-06    -6.774142e-07    -6.963913e-07    3.610896e-07    5.27672e-07    3.473906e-07    -7.02742e-07    1.590587e-07    8.034052e-07    -2.178212e-07    -9.516779e-07    -6.631386e-07
-1.176777e-07    1.495503e-06    -3.266868e-06    -6.774142e-07    2.971596e-06    -8.230632e-08    8.077639e-07    6.964993e-07    -7.555376e-07    7.94081e-09    7.844949e-07    -5.245451e-07    -3.824111e-07    3.471428e-08    1.203747e-07
5.972776e-09    5.140642e-07    9.833954e-07    -6.963913e-07    -8.230632e-08    3.863951e-06    -2.746377e-06    1.033061e-06    2.461746e-07    -6.797458e-07    -4.051244e-07    7.402175e-07    5.479858e-07    -2.900202e-07    -6.539274e-07
1.043167e-06    -1.340149e-06    -1.482712e-06    3.610896e-07    8.077639e-07    -2.746377e-06    1.342481e-05    -2.918674e-06    -8.842506e-06    1.155224e-06    6.052862e-07    1.051997e-07    -6.377867e-07    -1.277788e-06    1.800001e-06
9.572412e-07    -1.520729e-06    -1.478071e-06    5.27672e-07    6.964993e-07    1.033061e-06    -2.918674e-06    1.365761e-05    9.955864e-08    -2.830791e-06    5.161221e-07    2.546866e-07    -4.118342e-07    -1.577999e-06    1.838549e-06
-9.921974e-07    8.949338e-07    4.237781e-07    3.473906e-07    -7.555376e-07    2.461746e-07    -8.842506e-06    9.955864e-08    1.110086e-05    -1.868476e-06    -1.386416e-07    -7.467978e-07    3.706953e-08    1.511604e-06    -1.080219e-06
-1.180092e-07    6.141325e-07    8.42791e-07    -7.02742e-07    7.94081e-09    -6.797458e-07    1.155224e-06    -2.830791e-06    -1.868476e-06    3.877914e-06    -4.288065e-07    5.684592e-07    4.604927e-07    -5.03953e-08    -6.652064e-07
-2.540881e-08    -5.626793e-07    8.982731e-08    1.590587e-07    7.844949e-07    -4.051244e-07    6.052862e-07    5.161221e-07    -1.386416e-07    -4.288065e-07    2.75575e-06    -1.954519e-06    5.331822e-07    5.167047e-07    -5.817203e-07
-6.27671e-07    3.853471e-07    1.204314e-07    8.034052e-07    -5.245451e-07    7.402175e-07    1.051997e-07    2.546866e-07    -7.467978e-07    5.684592e-07    -1.954519e-06    7.815443e-06    1.383674e-07    -6.663295e-06    1.660319e-06
-8.046529e-07    -2.138322e-07    9.206868e-07    -2.178212e-07    -3.824111e-07    5.479858e-07    -6.377867e-07    -4.118342e-07    3.706953e-08    4.604927e-07    5.331822e-07    1.383674e-07    7.518609e-06    -1.413045e-07    -3.821124e-06
3.656553e-07    -5.371373e-07    4.515478e-07    -9.516779e-07    3.471428e-08    -2.900202e-07    -1.277788e-06    -1.577999e-06    1.511604e-06    -5.03953e-08    5.167047e-07    -6.663295e-06    -1.413045e-07    1.141726e-05    -5.775576e-06
1.094351e-06    7.205358e-07    -1.281994e-06    -6.631386e-07    1.203747e-07    -6.539274e-07    1.800001e-06    1.838549e-06    -1.080219e-06    -6.652064e-07    -5.817203e-07    1.660319e-06    -3.821124e-06    -5.775576e-06    8.267262e-06
