2.664023e-06    -3.00702e-06    1.187505e-06    -3.623283e-07    -1.41675e-07    -2.258475e-08    -2.840386e-07    -2.692383e-07    2.785555e-08    6.445499e-07
-3.00702e-06    1.566878e-05    -1.006537e-05    -2.956142e-06    8.704938e-07    -7.697414e-07    -9.254093e-08    -5.905171e-07    9.799998e-08    1.270149e-06
1.187505e-06    -1.006537e-05    1.5513e-05    -8.485911e-07    -1.633861e-06    3.594536e-07    2.080783e-07    7.273297e-07    2.697436e-07    -1.532649e-06
-3.623283e-07    -2.956142e-06    -8.485911e-07    4.880557e-06    -4.537114e-07    2.951484e-07    5.307865e-07    -1.676628e-07    -7.764844e-07    -7.056054e-07
-1.41675e-07    8.704938e-07    -1.633861e-06    -4.537114e-07    1.545122e-06    5.711884e-07    -1.964683e-07    -2.110436e-07    -1.107908e-07    6.179385e-08
-2.258475e-08    -7.697414e-07    3.594536e-07    2.951484e-07    5.711884e-07    2.75575e-06    -1.954519e-06    5.331822e-07    5.167047e-07    -5.817203e-07
-2.840386e-07    -9.254093e-08    2.080783e-07    5.307865e-07    -1.964683e-07    -1.954519e-06    7.815443e-06    1.383674e-07    -6.663295e-06    1.660319e-06
-2.692383e-07    -5.905171e-07    7.273297e-07    -1.676628e-07    -2.110436e-07    5.331822e-07    1.383674e-07    7.518609e-06    -1.413045e-07    -3.821124e-06
2.785555e-08    9.799998e-08    2.697436e-07    -7.764844e-07    -1.107908e-07    5.167047e-07    -6.663295e-06    -1.413045e-07    1.141726e-05    -5.775576e-06
6.445499e-07    1.270149e-06    -1.532649e-06    -7.056054e-07    6.179385e-08    -5.817203e-07    1.660319e-06    -3.821124e-06    -5.775576e-06    8.267262e-06
