7.921588e-06    -1.910649e-06    -4.086676e-07    -1.435829e-06    -1.420507e-06    -9.072594e-07    7.141276e-07    1.082598e-06    2.198132e-07    -7.299719e-07    -6.942875e-08    3.229045e-08    1.27807e-10    -9.241669e-09    3.386836e-09    1.379753e-06    -1.637387e-06    -1.171375e-06    2.722693e-07    2.43997e-07    -2.529511e-07    6.26628e-07    6.227699e-07    -4.531073e-07    -1.068023e-07    -2.171131e-07    3.696084e-08    -9.712059e-08    1.024507e-07    1.485526e-07
-1.910649e-06    5.705701e-06    -3.735691e-08    -4.883672e-06    1.635184e-06    8.095e-07    -1.336025e-07    2.202303e-07    -4.567205e-07    6.176432e-07    -1.06853e-07    4.258099e-08    2.36181e-09    7.430377e-09    -7.687208e-09    9.060857e-08    1.597209e-06    1.438264e-06    -1.604458e-06    9.657168e-08    2.96574e-07    -3.863086e-07    -2.796497e-07    2.402444e-08    2.428095e-07    8.585492e-08    -8.999528e-08    1.256515e-07    -3.378725e-09    -6.650887e-10
-4.086676e-07    -3.735691e-08    5.996522e-06    5.377581e-07    -3.6571e-06    8.569369e-07    -4.954145e-07    -8.093951e-09    -1.479987e-07    6.267496e-07    -6.417314e-08    2.623401e-09    -1.621522e-07    -9.180082e-08    1.465907e-07    -1.977036e-07    4.205479e-07    2.747666e-06    -1.22727e-06    -3.668108e-07    2.726147e-07    -3.264531e-07    -4.199887e-07    8.791564e-08    2.207849e-07    1.927546e-08    1.197467e-08    -8.079003e-08    -6.412863e-08    5.095507e-08
-1.435829e-06    -4.883672e-06    5.377581e-07    1.035133e-05    -5.556354e-06    2.761806e-07    -1.248115e-06    -1.290442e-06    7.274037e-07    1.543684e-07    1.596001e-07    -4.994942e-08    1.271e-08    -1.049466e-08    -1.079841e-08    -1.372668e-06    -2.321865e-08    -2.172324e-07    1.777728e-06    -8.092034e-07    -9.744497e-08    -3.9264e-07    -4.748472e-07    5.604461e-07    -8.5985e-08    3.691293e-08    9.082055e-08    -1.069311e-07    -1.687271e-07    -3.170824e-08
-1.420507e-06    1.635184e-06    -3.6571e-06    -5.556354e-06    8.818069e-06    -1.333142e-06    1.771003e-06    8.730014e-07    -6.023657e-07    -8.75315e-07    1.170658e-07    -1.363492e-07    -3.62301e-08    4.551762e-08    3.946544e-08    9.946949e-07    -1.204242e-06    -1.987307e-06    3.058284e-07    1.183504e-06    -1.913712e-07    6.318984e-07    9.930744e-07    -5.365876e-07    -2.200428e-07    1.425285e-07    -1.022709e-07    1.022881e-07    1.59038e-07    -3.059038e-07
-9.072594e-07    8.095e-07    8.569369e-07    2.761806e-07    -1.333142e-06    7.108277e-06    -3.324507e-06    3.425274e-07    -3.115977e-08    -1.652251e-06    -1.011559e-07    5.484116e-08    2.863701e-07    7.805016e-08    -2.007553e-07    -2.695793e-07    7.682411e-07    7.563106e-07    -4.4539e-07    -1.32955e-07    7.377621e-07    -1.63705e-06    -1.628073e-06    7.735815e-07    7.428307e-07    1.779649e-07    8.255028e-08    -4.768627e-08    -1.341737e-07    -2.055811e-07
7.141276e-07    -1.336025e-07    -4.954145e-07    -1.248115e-06    1.771003e-06    -3.324507e-06    8.098188e-06    -3.918248e-07    -4.46657e-06    6.848257e-07    9.897379e-08    -3.659602e-08    -2.17559e-07    -1.21567e-07    1.931841e-07    5.462773e-07    -5.392169e-07    -5.315973e-07    1.391501e-07    2.067957e-07    -1.815631e-07    2.106454e-06    1.671006e-06    -1.608723e-06    -4.477258e-08    -1.0391e-07    -1.14968e-08    -2.399978e-07    -2.060949e-08    2.695612e-07
1.082598e-06    2.202303e-07    -8.093951e-09    -1.290442e-06    8.730014e-07    3.425274e-07    -3.918248e-07    9.024091e-06    3.16819e-07    -2.124461e-06    -2.81938e-08    1.796596e-08    5.680078e-08    7.764067e-09    -9.940705e-08    5.913023e-07    -4.51379e-07    -2.123446e-07    -9.009688e-08    2.052408e-07    6.405793e-08    1.418713e-06    1.781782e-06    -1.550558e-06    2.309422e-08    -7.15813e-08    -1.160678e-07    -2.378251e-08    3.248746e-07    -7.630065e-08
2.198132e-07    -4.567205e-07    -1.479987e-07    7.274037e-07    -6.023657e-07    -3.115977e-08    -4.46657e-06    3.16819e-07    7.107719e-06    -2.044824e-06    -2.935039e-09    7.258137e-08    3.127439e-08    2.422395e-08    -1.581694e-07    -8.739327e-08    -2.052485e-07    -1.726389e-07    2.089168e-07    1.235826e-08    -4.998781e-07    -5.920673e-07    -2.47776e-07    6.430498e-07    -3.749179e-07    1.954466e-08    -1.369009e-07    1.577209e-07    2.200511e-07    -3.450561e-08
-7.299719e-07    6.176432e-07    6.267496e-07    1.543684e-07    -8.75315e-07    -1.652251e-06    6.848257e-07    -2.124461e-06    -2.044824e-06    5.037991e-06    -1.602464e-07    3.631993e-08    -7.552223e-08    4.139832e-08    1.1959e-07    -3.586385e-07    4.372354e-07    6.907315e-07    -2.231732e-07    -2.252663e-07    6.104377e-07    -1.140504e-06    -8.19649e-07    5.552761e-07    2.40407e-07    -3.323437e-08    2.194807e-07    1.572534e-07    -1.770709e-07    -1.757745e-07
-6.942875e-08    -1.06853e-07    -6.417314e-08    1.596001e-07    1.170658e-07    -1.011559e-07    9.897379e-08    -2.81938e-08    -2.935039e-09    -1.602464e-07    3.957192e-06    -2.267286e-06    2.222406e-07    2.615703e-07    -7.64667e-07    -3.424063e-07    6.164721e-07    7.347884e-07    -3.161844e-07    -2.489037e-07    -3.517251e-07    6.623713e-07    5.970517e-07    -3.078285e-07    -1.529026e-07    -6.059495e-08    -4.121825e-09    -9.811194e-08    -1.277756e-07    3.198794e-07
3.229045e-08    4.258099e-08    2.623401e-09    -4.994942e-08    -1.363492e-07    5.484116e-08    -3.659602e-08    1.796596e-08    7.258137e-08    3.631993e-08    -2.267286e-06    8.342115e-06    -1.072624e-06    -4.80564e-06    1.653387e-07    4.509692e-07    -2.594308e-07    -5.146311e-07    -1.128942e-07    3.283787e-07    4.413347e-07    -2.812634e-07    -5.819061e-07    -3.787059e-08    2.847889e-07    -5.928999e-09    4.903767e-09    7.367142e-08    2.627757e-07    -2.932642e-07
1.27807e-10    2.36181e-09    -1.621522e-07    1.271e-08    -3.62301e-08    2.863701e-07    -2.17559e-07    5.680078e-08    3.127439e-08    -7.552223e-08    2.222406e-07    -1.072624e-06    8.384295e-06    -4.465167e-07    -2.21047e-06    4.959735e-07    -3.057197e-07    -8.280471e-07    5.036376e-08    5.614335e-07    4.591788e-07    -5.620529e-07    -2.651033e-07    9.89049e-08    2.624748e-07    8.824592e-08    7.436197e-08    -2.545055e-08    -8.546257e-10    -2.385509e-07
-9.241669e-09    7.430377e-09    -9.180082e-08    -1.049466e-08    4.551762e-08    7.805016e-08    -1.21567e-07    7.764067e-09    2.422395e-08    4.139832e-08    2.615703e-07    -4.80564e-06    -4.465167e-07    7.327569e-06    -1.387693e-06    -1.535238e-07    -3.704801e-07    -2.431776e-07    4.671391e-07    -1.02491e-07    -1.270331e-07    -2.720911e-07    -1.393552e-07    3.205106e-07    -1.154908e-07    1.062402e-08    5.464003e-08    7.199145e-08    -2.10482e-07    -2.143733e-08
3.386836e-09    -7.687208e-09    1.465907e-07    -1.079841e-08    3.946544e-08    -2.007553e-07    1.931841e-07    -9.940705e-08    -1.581694e-07    1.1959e-07    -7.64667e-07    1.653387e-07    -2.21047e-06    -1.387693e-06    4.039088e-06    -3.34218e-07    6.182459e-07    9.732006e-07    -4.324306e-07    -3.046416e-07    -2.287671e-07    5.264242e-07    6.535052e-07    -3.253133e-07    -1.855865e-07    -1.101811e-07    -2.362599e-08    -6.094972e-08    -7.832242e-09    2.815239e-07
1.379753e-06    9.060857e-08    -1.977036e-07    -1.372668e-06    9.946949e-07    -2.695793e-07    5.462773e-07    5.913023e-07    -8.739327e-08    -3.586385e-07    -3.424063e-07    4.509692e-07    4.959735e-07    -1.535238e-07    -3.34218e-07    4.065097e-06    -3.505408e-06    6.738335e-07    -6.664246e-07    -1.176777e-07    3.100462e-08    4.145235e-07    4.070804e-07    -4.642658e-07    6.60742e-08    -2.540881e-08    -6.27671e-07    -8.046529e-07    3.656553e-07    1.094351e-06
-1.637387e-06    1.597209e-06    4.205479e-07    -2.321865e-08    -1.204242e-06    7.682411e-07    -5.392169e-07    -4.51379e-07    -2.052485e-07    4.372354e-07    6.164721e-07    -2.594308e-07    -3.057197e-07    -3.704801e-07    6.182459e-07    -3.505408e-06    1.431796e-05    -7.680848e-06    -2.394548e-06    1.495503e-06    2.826186e-07    -1.059064e-06    -6.511159e-07    6.784194e-07    2.272996e-07    -5.626793e-07    3.853471e-07    -2.138322e-07    -5.371373e-07    7.205358e-07
-1.171375e-06    1.438264e-06    2.747666e-06    -2.172324e-07    -1.987307e-06    7.563106e-07    -5.315973e-07    -2.123446e-07    -1.726389e-07    6.907315e-07    7.347884e-07    -5.146311e-07    -8.280471e-07    -2.431776e-07    9.732006e-07    6.738335e-07    -7.680848e-06    1.310714e-05    -1.264576e-06    -3.266868e-06    2.678565e-07    -5.235991e-07    -1.120854e-06    4.045226e-07    2.811144e-07    8.982731e-08    1.204314e-07    9.206868e-07    4.515478e-07    -1.281994e-06
2.722693e-07    -1.604458e-06    -1.22727e-06    1.777728e-06    3.058284e-07    -4.4539e-07    1.391501e-07    -9.009688e-08    2.089168e-07    -2.231732e-07    -3.161844e-07    -1.128942e-07    5.036376e-08    4.671391e-07    -4.324306e-07    -6.664246e-07    -2.394548e-06    -1.264576e-06    4.723407e-06    -6.774142e-07    -3.190584e-07    4.141273e-07    5.349787e-07    -9.337362e-08    -2.537234e-07    1.590587e-07    8.034052e-07    -2.178212e-07    -9.516779e-07    -6.631386e-07
2.43997e-07    9.657168e-08    -3.668108e-07    -8.092034e-07    1.183504e-06    -1.32955e-07    2.067957e-07    2.052408e-07    1.235826e-08    -2.252663e-07    -2.489037e-07    3.283787e-07    5.614335e-07    -1.02491e-07    -3.046416e-07    -1.176777e-07    1.495503e-06    -3.266868e-06    -6.774142e-07    2.971596e-06    1.0606e-07    7.612411e-08    3.267659e-07    -2.681592e-07    6.514091e-09    7.844949e-07    -5.245451e-07    -3.824111e-07    3.471428e-08    1.203747e-07
-2.529511e-07    2.96574e-07    2.726147e-07    -9.744497e-08    -1.913712e-07    7.377621e-07    -1.815631e-07    6.405793e-08    -4.998781e-07    6.104377e-07    -3.517251e-07    4.413347e-07    4.591788e-07    -1.270331e-07    -2.287671e-07    3.100462e-08    2.826186e-07    2.678565e-07    -3.190584e-07    1.0606e-07    2.664023e-06    -3.00702e-06    1.187505e-06    -3.623283e-07    -1.41675e-07    -2.258475e-08    -2.840386e-07    -2.692383e-07    2.785555e-08    6.445499e-07
6.26628e-07    -3.863086e-07    -3.264531e-07    -3.9264e-07    6.318984e-07    -1.63705e-06    2.106454e-06    1.418713e-06    -5.920673e-07    -1.140504e-06    6.623713e-07    -2.812634e-07    -5.620529e-07    -2.720911e-07    5.264242e-07    4.145235e-07    -1.059064e-06    -5.235991e-07    4.141273e-07    7.612411e-08    -3.00702e-06    1.566878e-05    -1.006537e-05    -2.956142e-06    8.704938e-07    -7.697414e-07    -9.254093e-08    -5.905171e-07    9.799998e-08    1.270149e-06
6.227699e-07    -2.796497e-07    -4.199887e-07    -4.748472e-07    9.930744e-07    -1.628073e-06    1.671006e-06    1.781782e-06    -2.47776e-07    -8.19649e-07    5.970517e-07    -5.819061e-07    -2.651033e-07    -1.393552e-07    6.535052e-07    4.070804e-07    -6.511159e-07    -1.120854e-06    5.349787e-07    3.267659e-07    1.187505e-06    -1.006537e-05    1.5513e-05    -8.485911e-07    -1.633861e-06    3.594536e-07    2.080783e-07    7.273297e-07    2.697436e-07    -1.532649e-06
-4.531073e-07    2.402444e-08    8.791564e-08    5.604461e-07    -5.365876e-07    7.735815e-07    -1.608723e-06    -1.550558e-06    6.430498e-07    5.552761e-07    -3.078285e-07    -3.787059e-08    9.89049e-08    3.205106e-07    -3.253133e-07    -4.642658e-07    6.784194e-07    4.045226e-07    -9.337362e-08    -2.681592e-07    -3.623283e-07    -2.956142e-06    -8.485911e-07    4.880557e-06    -4.537114e-07    2.951484e-07    5.307865e-07    -1.676628e-07    -7.764844e-07    -7.056054e-07
-1.068023e-07    2.428095e-07    2.207849e-07    -8.5985e-08    -2.200428e-07    7.428307e-07    -4.477258e-08    2.309422e-08    -3.749179e-07    2.40407e-07    -1.529026e-07    2.847889e-07    2.624748e-07    -1.154908e-07    -1.855865e-07    6.60742e-08    2.272996e-07    2.811144e-07    -2.537234e-07    6.514091e-09    -1.41675e-07    8.704938e-07    -1.633861e-06    -4.537114e-07    1.545122e-06    5.711884e-07    -1.964683e-07    -2.110436e-07    -1.107908e-07    6.179385e-08
-2.171131e-07    8.585492e-08    1.927546e-08    3.691293e-08    1.425285e-07    1.779649e-07    -1.0391e-07    -7.15813e-08    1.954466e-08    -3.323437e-08    -6.059495e-08    -5.928999e-09    8.824592e-08    1.062402e-08    -1.101811e-07    -2.540881e-08    -5.626793e-07    8.982731e-08    1.590587e-07    7.844949e-07    -2.258475e-08    -7.697414e-07    3.594536e-07    2.951484e-07    5.711884e-07    2.75575e-06    -1.954519e-06    5.331822e-07    5.167047e-07    -5.817203e-07
3.696084e-08    -8.999528e-08    1.197467e-08    9.082055e-08    -1.022709e-07    8.255028e-08    -1.14968e-08    -1.160678e-07    -1.369009e-07    2.194807e-07    -4.121825e-09    4.903767e-09    7.436197e-08    5.464003e-08    -2.362599e-08    -6.27671e-07    3.853471e-07    1.204314e-07    8.034052e-07    -5.245451e-07    -2.840386e-07    -9.254093e-08    2.080783e-07    5.307865e-07    -1.964683e-07    -1.954519e-06    7.815443e-06    1.383674e-07    -6.663295e-06    1.660319e-06
-9.712059e-08    1.256515e-07    -8.079003e-08    -1.069311e-07    1.022881e-07    -4.768627e-08    -2.399978e-07    -2.378251e-08    1.577209e-07    1.572534e-07    -9.811194e-08    7.367142e-08    -2.545055e-08    7.199145e-08    -6.094972e-08    -8.046529e-07    -2.138322e-07    9.206868e-07    -2.178212e-07    -3.824111e-07    -2.692383e-07    -5.905171e-07    7.273297e-07    -1.676628e-07    -2.110436e-07    5.331822e-07    1.383674e-07    7.518609e-06    -1.413045e-07    -3.821124e-06
1.024507e-07    -3.378725e-09    -6.412863e-08    -1.687271e-07    1.59038e-07    -1.341737e-07    -2.060949e-08    3.248746e-07    2.200511e-07    -1.770709e-07    -1.277756e-07    2.627757e-07    -8.546257e-10    -2.10482e-07    -7.832242e-09    3.656553e-07    -5.371373e-07    4.515478e-07    -9.516779e-07    3.471428e-08    2.785555e-08    9.799998e-08    2.697436e-07    -7.764844e-07    -1.107908e-07    5.167047e-07    -6.663295e-06    -1.413045e-07    1.141726e-05    -5.775576e-06
1.485526e-07    -6.650887e-10    5.095507e-08    -3.170824e-08    -3.059038e-07    -2.055811e-07    2.695612e-07    -7.630065e-08    -3.450561e-08    -1.757745e-07    3.198794e-07    -2.932642e-07    -2.385509e-07    -2.143733e-08    2.815239e-07    1.094351e-06    7.205358e-07    -1.281994e-06    -6.631386e-07    1.203747e-07    6.445499e-07    1.270149e-06    -1.532649e-06    -7.056054e-07    6.179385e-08    -5.817203e-07    1.660319e-06    -3.821124e-06    -5.775576e-06    8.267262e-06
