4.065097e-06    -3.505408e-06    6.738335e-07    -6.664246e-07    -1.176777e-07    -4.428213e-07    3.530736e-07    2.583501e-07    9.716732e-08    -3.262605e-07    -2.540881e-08    -6.27671e-07    -8.046529e-07    3.656553e-07    1.094351e-06
-3.505408e-06    1.431796e-05    -7.680848e-06    -2.394548e-06    1.495503e-06    4.371851e-08    7.508917e-08    3.785604e-07    -1.960827e-07    -1.282218e-07    -5.626793e-07    3.853471e-07    -2.138322e-07    -5.371373e-07    7.205358e-07
6.738335e-07    -7.680848e-06    1.310714e-05    -1.264576e-06    -3.266868e-06    -4.037485e-07    8.392173e-07    5.380606e-07    -3.389192e-07    -6.200454e-07    8.982731e-08    1.204314e-07    9.206868e-07    4.515478e-07    -1.281994e-06
-6.664246e-07    -2.394548e-06    -1.264576e-06    4.723407e-06    -6.774142e-07    5.13416e-07    -8.716707e-07    -7.049042e-07    3.281106e-07    6.096884e-07    1.590587e-07    8.034052e-07    -2.178212e-07    -9.516779e-07    -6.631386e-07
-1.176777e-07    1.495503e-06    -3.266868e-06    -6.774142e-07    2.971596e-06    -1.113738e-07    1.290762e-07    2.885368e-07    -3.900361e-08    -1.471244e-07    7.844949e-07    -5.245451e-07    -3.824111e-07    3.471428e-08    1.203747e-07
-4.428213e-07    4.371851e-08    -4.037485e-07    5.13416e-07    -1.113738e-07    1.056552e-05    -6.702669e-06    3.144299e-06    3.635903e-07    -2.554383e-06    2.796421e-07    -1.842535e-07    1.97939e-09    -2.417371e-08    -1.305148e-07
3.530736e-07    7.508917e-08    8.392173e-07    -8.716707e-07    1.290762e-07    -6.702669e-06    1.500839e-05    -3.784274e-06    -8.959425e-06    3.039465e-06    -2.353254e-07    -8.389881e-08    -1.867775e-07    1.936867e-07    4.902243e-07
2.583501e-07    3.785604e-07    5.380606e-07    -7.049042e-07    2.885368e-07    3.144299e-06    -3.784274e-06    1.508909e-05    1.345291e-06    -6.597541e-06    6.600161e-08    -2.635585e-07    -2.880586e-07    1.409395e-07    3.322148e-07
9.716732e-08    -1.960827e-07    -3.389192e-07    3.281106e-07    -3.900361e-08    3.635903e-07    -8.959425e-06    1.345291e-06    1.235757e-05    -4.902349e-06    -8.418099e-08    2.719857e-07    2.980895e-07    -6.555953e-08    -5.247263e-07
-3.262605e-07    -1.282218e-07    -6.200454e-07    6.096884e-07    -1.471244e-07    -2.554383e-06    3.039465e-06    -6.597541e-06    -4.902349e-06    1.102627e-05    3.448981e-07    -3.386291e-07    -1.869605e-07    1.279307e-07    1.612447e-07
-2.540881e-08    -5.626793e-07    8.982731e-08    1.590587e-07    7.844949e-07    2.796421e-07    -2.353254e-07    6.600161e-08    -8.418099e-08    3.448981e-07    2.75575e-06    -1.954519e-06    5.331822e-07    5.167047e-07    -5.817203e-07
-6.27671e-07    3.853471e-07    1.204314e-07    8.034052e-07    -5.245451e-07    -1.842535e-07    -8.389881e-08    -2.635585e-07    2.719857e-07    -3.386291e-07    -1.954519e-06    7.815443e-06    1.383674e-07    -6.663295e-06    1.660319e-06
-8.046529e-07    -2.138322e-07    9.206868e-07    -2.178212e-07    -3.824111e-07    1.97939e-09    -1.867775e-07    -2.880586e-07    2.980895e-07    -1.869605e-07    5.331822e-07    1.383674e-07    7.518609e-06    -1.413045e-07    -3.821124e-06
3.656553e-07    -5.371373e-07    4.515478e-07    -9.516779e-07    3.471428e-08    -2.417371e-08    1.936867e-07    1.409395e-07    -6.555953e-08    1.279307e-07    5.167047e-07    -6.663295e-06    -1.413045e-07    1.141726e-05    -5.775576e-06
1.094351e-06    7.205358e-07    -1.281994e-06    -6.631386e-07    1.203747e-07    -1.305148e-07    4.902243e-07    3.322148e-07    -5.247263e-07    1.612447e-07    -5.817203e-07    1.660319e-06    -3.821124e-06    -5.775576e-06    8.267262e-06
