7.18543e-06    -3.513998e-06    3.85326e-07    1.419533e-07    -1.750835e-06    2.340387e-07    -4.54178e-08    1.808675e-08    4.06504e-08    -2.360016e-07
-3.513998e-06    8.060099e-06    -4.962635e-07    -4.332971e-06    7.033176e-07    -2.111552e-07    1.079445e-07    -7.694067e-08    -8.637683e-08    2.282464e-07
3.85326e-07    -4.962635e-07    9.075734e-06    3.481599e-07    -2.02595e-06    -1.066961e-08    -1.084327e-07    -2.678952e-07    1.784263e-07    2.971555e-07
1.419533e-07    -4.332971e-06    3.481599e-07    7.107595e-06    -2.13563e-06    2.10364e-07    -2.549075e-07    1.225779e-07    1.905701e-07    -7.09315e-08
-1.750835e-06    7.033176e-07    -2.02595e-06    -2.13563e-06    5.079082e-06    -7.424799e-08    1.418098e-07    2.25024e-08    -8.522652e-08    -1.530246e-07
2.340387e-07    -2.111552e-07    -1.066961e-08    2.10364e-07    -7.424799e-08    2.75575e-06    -1.954519e-06    5.331822e-07    5.167047e-07    -5.817203e-07
-4.54178e-08    1.079445e-07    -1.084327e-07    -2.549075e-07    1.418098e-07    -1.954519e-06    7.815443e-06    1.383674e-07    -6.663295e-06    1.660319e-06
1.808675e-08    -7.694067e-08    -2.678952e-07    1.225779e-07    2.25024e-08    5.331822e-07    1.383674e-07    7.518609e-06    -1.413045e-07    -3.821124e-06
4.06504e-08    -8.637683e-08    1.784263e-07    1.905701e-07    -8.522652e-08    5.167047e-07    -6.663295e-06    -1.413045e-07    1.141726e-05    -5.775576e-06
-2.360016e-07    2.282464e-07    2.971555e-07    -7.09315e-08    -1.530246e-07    -5.817203e-07    1.660319e-06    -3.821124e-06    -5.775576e-06    8.267262e-06
