6.69985e-07    -7.878282e-07    2.004983e-07    3.771169e-08    1.12201e-08    -3.793518e-08    -1.228844e-07    -3.313034e-07    -1.663415e-07    7.13448e-07
-7.878282e-07    7.039219e-06    -3.659238e-06    -2.014206e-06    3.498563e-07    -4.903269e-07    2.637819e-07    -1.342515e-08    -1.456835e-07    3.828462e-07
2.004983e-07    -3.659238e-06    6.717358e-06    -6.480489e-07    -8.040552e-07    2.278178e-07    2.314289e-07    4.671691e-07    1.032891e-07    -9.995018e-07
3.771169e-08    -2.014206e-06    -6.480489e-07    2.333372e-06    -2.108046e-07    1.37394e-07    2.200885e-07    -3.769395e-07    -3.868951e-07    -2.310397e-07
1.12201e-08    3.498563e-07    -8.040552e-07    -2.108046e-07    5.948797e-07    3.769858e-07    -2.278254e-07    -1.1894e-07    -9.038496e-09    8.237202e-09
-3.793518e-08    -4.903269e-07    2.278178e-07    1.37394e-07    3.769858e-07    2.75575e-06    -1.954519e-06    5.331822e-07    5.167047e-07    -5.817203e-07
-1.228844e-07    2.637819e-07    2.314289e-07    2.200885e-07    -2.278254e-07    -1.954519e-06    7.815443e-06    1.383674e-07    -6.663295e-06    1.660319e-06
-3.313034e-07    -1.342515e-08    4.671691e-07    -3.769395e-07    -1.1894e-07    5.331822e-07    1.383674e-07    7.518609e-06    -1.413045e-07    -3.821124e-06
-1.663415e-07    -1.456835e-07    1.032891e-07    -3.868951e-07    -9.038496e-09    5.167047e-07    -6.663295e-06    -1.413045e-07    1.141726e-05    -5.775576e-06
7.13448e-07    3.828462e-07    -9.995018e-07    -2.310397e-07    8.237202e-09    -5.817203e-07    1.660319e-06    -3.821124e-06    -5.775576e-06    8.267262e-06
