7.596992e-06    -4.588896e-06    2.581799e-06    8.825004e-08    -1.615126e-06    1.272421e-07    -2.499379e-07    -4.25007e-07    -1.017015e-07    7.31459e-07
-4.588896e-06    1.375389e-05    -3.134834e-06    -8.926662e-06    2.374881e-06    -1.304087e-08    2.64603e-07    2.4583e-07    4.316673e-08    -5.078023e-07
2.581799e-06    -3.134834e-06    1.418088e-05    1.828573e-07    -4.55443e-06    -2.602827e-08    6.080713e-09    -1.177956e-07    1.805803e-07    -1.66997e-07
8.825004e-08    -8.926662e-06    1.828573e-07    1.220596e-05    -3.88262e-06    -1.339809e-07    3.250027e-08    8.602057e-08    -6.276959e-08    -7.296337e-08
-1.615126e-06    2.374881e-06    -4.55443e-06    -3.88262e-06    7.46546e-06    1.285497e-07    -1.044284e-07    -7.87774e-08    -9.045974e-08    3.596837e-07
1.272421e-07    -1.304087e-08    -2.602827e-08    -1.339809e-07    1.285497e-07    2.75575e-06    -1.954519e-06    5.331822e-07    5.167047e-07    -5.817203e-07
-2.499379e-07    2.64603e-07    6.080713e-09    3.250027e-08    -1.044284e-07    -1.954519e-06    7.815443e-06    1.383674e-07    -6.663295e-06    1.660319e-06
-4.25007e-07    2.4583e-07    -1.177956e-07    8.602057e-08    -7.87774e-08    5.331822e-07    1.383674e-07    7.518609e-06    -1.413045e-07    -3.821124e-06
-1.017015e-07    4.316673e-08    1.805803e-07    -6.276959e-08    -9.045974e-08    5.167047e-07    -6.663295e-06    -1.413045e-07    1.141726e-05    -5.775576e-06
7.31459e-07    -5.078023e-07    -1.66997e-07    -7.296337e-08    3.596837e-07    -5.817203e-07    1.660319e-06    -3.821124e-06    -5.775576e-06    8.267262e-06
