6.215024e-06    -2.834436e-06    4.816918e-07    3.69729e-07    -1.826313e-06    6.765282e-08    5.545799e-08    4.837032e-08    -1.20827e-08    -2.067068e-07
-2.834436e-06    8.505904e-06    -4.906984e-07    -5.677109e-06    5.947735e-07    -5.493549e-08    -6.729387e-09    -2.196675e-07    -4.28293e-09    2.971116e-07
4.816918e-07    -4.906984e-07    7.842436e-06    -1.931162e-07    -2.589819e-06    -2.109142e-07    4.930542e-08    -1.300707e-07    4.222659e-08    2.492482e-07
3.69729e-07    -5.677109e-06    -1.931162e-07    8.875169e-06    -2.437979e-06    -7.103829e-08    -1.276709e-08    1.372544e-07    1.528795e-08    -2.163717e-08
-1.826313e-06    5.947735e-07    -2.589819e-06    -2.437979e-06    6.245234e-06    8.816228e-08    4.388366e-08    -7.122787e-09    -3.318416e-08    -1.804401e-07
6.765282e-08    -5.493549e-08    -2.109142e-07    -7.103829e-08    8.816228e-08    2.75575e-06    -1.954519e-06    5.331822e-07    5.167047e-07    -5.817203e-07
5.545799e-08    -6.729387e-09    4.930542e-08    -1.276709e-08    4.388366e-08    -1.954519e-06    7.815443e-06    1.383674e-07    -6.663295e-06    1.660319e-06
4.837032e-08    -2.196675e-07    -1.300707e-07    1.372544e-07    -7.122787e-09    5.331822e-07    1.383674e-07    7.518609e-06    -1.413045e-07    -3.821124e-06
-1.20827e-08    -4.28293e-09    4.222659e-08    1.528795e-08    -3.318416e-08    5.167047e-07    -6.663295e-06    -1.413045e-07    1.141726e-05    -5.775576e-06
-2.067068e-07    2.971116e-07    2.492482e-07    -2.163717e-08    -1.804401e-07    -5.817203e-07    1.660319e-06    -3.821124e-06    -5.775576e-06    8.267262e-06
