1    0.3622799    -0.1455975    -0.1322459    -0.4410096    -0.00359042    0.2919237    0.2872652    -0.2025634    -0.3597859
0.3622799    1    0.2804532    -0.6129492    -0.3164429    0.09450101    0.2523997    0.2389863    -0.1969818    -0.3537875
-0.1455975    0.2804532    1    0.04304514    -0.4762449    0.04181503    0.08177717    0.1008261    -0.1393957    -0.1155318
-0.1322459    -0.6129492    0.04304514    1    0.00847779    -0.0934178    -0.1094504    -0.158696    0.02045839    0.2668642
-0.4410096    -0.3164429    -0.4762449    0.00847779    1    0.007901699    -0.263207    -0.302945    0.1461762    0.3552441
-0.00359042    0.09450101    0.04181503    -0.0934178    0.007901699    1    -0.1695333    -0.5201249    0.02960654    -0.1103101
0.2919237    0.2523997    0.08177717    -0.1094504    -0.263207    -0.1695333    1    0.31856    -0.6899216    -0.2298555
0.2872652    0.2389863    0.1008261    -0.158696    -0.302945    -0.5201249    0.31856    1    -0.1292416    -0.6212203
-0.2025634    -0.1969818    -0.1393957    0.02045839    0.1461762    0.02960654    -0.6899216    -0.1292416    1    -0.1871279
-0.3597859    -0.3537875    -0.1155318    0.2668642    0.3552441    -0.1103101    -0.2298555    -0.6212203    -0.1871279    1
