1    -0.4774775    -0.4538181    0.1378426    0.1167466    -0.15265    0.06914332    0.09963154    0.01934468    -0.04676362    0.07652913    -0.3750112    -0.1930628    0.2389916    0.2050266    0.08850889    0.1599171    -0.139472    -0.1522633    -0.09902989    -0.2415873    -0.09278759    0.0001420806    0.1183099    0.2459549
-0.4774775    1    -0.2704573    -0.27668    0.00682912    0.2413778    -0.2056002    -0.1580214    0.02416761    0.1434799    -0.04053288    0.1931003    0.2036209    0.008704197    -0.2827485    0.06571718    -0.008295624    0.04122862    0.08315627    0.005361577    -0.03935591    0.1721633    0.2889605    -0.03706128    -0.3210472
-0.4538181    -0.2704573    1    -0.2854063    -0.3209596    0.01723798    0.09127468    0.05529603    -0.1019292    -0.06545556    -0.09356919    0.2079944    0.06119871    -0.1948849    -0.005583419    -0.02440629    0.007736984    0.06994781    -0.04141592    0.134796    0.1851766    -0.0386227    -0.05580821    0.008868603    -0.1057828
0.1378426    -0.27668    -0.2854063    1    -0.1334371    0.09636347    -0.2674252    -0.3206827    0.03320412    0.4337361    -0.06106064    0.111983    0.2814127    -0.1345277    -0.1240711    -0.08704592    -0.1678627    0.177478    0.3227427    -0.1076728    0.2159473    0.2320248    0.05912311    -0.1318994    -0.2643116
0.1167466    0.00682912    -0.3209596    -0.1334371    1    -0.005229442    -0.08668841    -0.07958962    0.07223001    0.0802685    0.01681637    0.09203363    0.02677755    0.001057072    -0.1225159    -0.009244832    0.04309966    -0.08042693    -0.07471047    0.1245794    -0.1043738    -0.04284979    0.05636041    -0.1017023    -0.02072733
-0.15265    0.2413778    0.01723798    0.09636347    -0.005229442    1    -0.2854361    -0.7194519    0.06167188    0.2449637    0.07250544    0.06329258    0.1775618    0.03932882    -0.2192219    0.1923157    -0.1277178    -0.06022413    0.2325556    -0.05392613    -0.02563653    0.1249556    0.2075403    -0.01203033    -0.2667712
0.06914332    -0.2056002    0.09127468    -0.2674252    -0.08668841    -0.2854361    1    0.2700116    -0.6854755    -0.3287533    0.01802525    -0.2447036    -0.3833696    0.01972148    0.4796141    -0.1564471    0.02036278    -0.05342712    -0.2206389    0.1810643    0.03705754    -0.324848    -0.3356567    0.2100724    0.3997659
0.09963154    -0.1580214    0.05529603    -0.3206827    -0.07958962    -0.7194519    0.2700116    1    -0.09220107    -0.6530083    0.01008718    -0.2754297    -0.3507929    0.09113055    0.3526716    -0.1235222    -0.007597243    -0.1133191    -0.2297323    0.1902154    -0.0548634    -0.2439189    -0.2248498    0.1459756    0.3703591
0.01934468    0.02416761    -0.1019292    0.03320412    0.07223001    0.06167188    -0.6854755    -0.09220107    1    -0.1518189    0.1374709    -0.05372902    0.03706903    0.1398638    -0.2252095    0.1709992    -0.07137114    -0.1451603    0.1372384    -0.1398082    -0.1611782    0.146939    0.1033701    -0.1035057    -0.04915514
-0.04676362    0.1434799    -0.06545556    0.4337361    0.0802685    0.2449637    -0.3287533    -0.6530083    -0.1518189    1    -0.1535006    0.4166325    0.5010693    -0.2152183    -0.4013625    -0.01602895    0.1066901    0.2886973    0.1668357    -0.2142765    0.1873216    0.2677133    0.3123837    -0.1822985    -0.5151916
0.07652913    -0.04053288    -0.09356919    -0.06106064    0.01681637    0.07250544    0.01802525    0.01008718    0.1374709    -0.1535006    1    -0.1279048    -0.6774055    0.1253901    0.1332067    0.2102031    -0.1538229    -0.2586054    0.1677808    -0.03766213    -0.1398583    -0.05648051    -0.03413259    0.07970277    0.1417612
-0.3750112    0.1931003    0.2079944    0.111983    0.09203363    0.06329258    -0.2447036    -0.2754297    -0.05372902    0.4166325    -0.1279048    1    0.1886508    -0.7521571    -0.1450584    -0.09561022    0.000840702    0.1888882    0.01968382    0.07128927    0.2843231    0.12132    0.1000583    -0.1612587    -0.3361957
-0.1930628    0.2036209    0.06119871    0.2814127    0.02677755    0.1775618    -0.3833696    -0.3507929    0.03706903    0.5010693    -0.6774055    0.1886508    1    -0.1060445    -0.6383874    -0.1031444    0.01719379    0.1983515    0.07194225    0.04159535    0.1201479    0.3242956    0.3269882    -0.2036121    -0.4911264
0.2389916    0.008704197    -0.1948849    -0.1345277    0.001057072    0.03932882    0.01972148    0.09113055    0.1398638    -0.2152183    0.1253901    -0.7521571    -0.1060445    1    -0.2244778    0.1899925    -0.06247119    -0.2526895    0.08255771    -0.06299838    -0.285462    0.03982187    0.09504126    0.06858309    0.08642998
0.2050266    -0.2827485    -0.005583419    -0.1240711    -0.1225159    -0.2192219    0.4796141    0.3526716    -0.2252095    -0.4013625    0.1332067    -0.1450584    -0.6383874    -0.2244778    1    -0.08095567    0.05825862    0.05349972    -0.1450856    -0.07051964    0.02046178    -0.3364922    -0.3877354    0.1986198    0.4750686
0.08850889    0.06571718    -0.02440629    -0.08704592    -0.009244832    0.1923157    -0.1564471    -0.1235222    0.1709992    -0.01602895    0.2102031    -0.09561022    -0.1031444    0.1899925    -0.08095567    1    -0.1725068    -0.7027936    0.116493    0.08094118    -0.001785365    0.02099902    0.01585515    0.004025675    -0.04429489
0.1599171    -0.008295624    0.007736984    -0.1678627    0.04309966    -0.1277178    0.02036278    -0.007597243    -0.07137114    0.1066901    -0.1538229    0.000840702    0.01719379    -0.06247119    0.05825862    -0.1725068    1    0.1574847    -0.7513166    0.1351055    -0.01266924    0.1017366    0.004638792    -0.149716    0.04251783
-0.139472    0.04122862    0.06994781    0.177478    -0.08042693    -0.06022413    -0.05342712    -0.1133191    -0.1451603    0.2886973    -0.2586054    0.1888882    0.1983515    -0.2526895    0.05349972    -0.7027936    0.1574847    1    -0.1113507    -0.3998048    0.1680154    0.064044    0.03127808    -0.09082699    -0.1394175
-0.1522633    0.08315627    -0.04141592    0.3227427    -0.07471047    0.2325556    -0.2206389    -0.2297323    0.1372384    0.1668357    0.1677808    0.01968382    0.07194225    0.08255771    -0.1450856    0.116493    -0.7513166    -0.1113507    1    -0.4600299    0.008245384    0.0699364    0.1697588    0.08911444    -0.2568212
-0.09902989    0.005361577    0.134796    -0.1076728    0.1245794    -0.05392613    0.1810643    0.1902154    -0.1398082    -0.2142765    -0.03766213    0.07128927    0.04159535    -0.06299838    -0.07051964    0.08094118    0.1351055    -0.3998048    -0.4600299    1    -0.1067568    -0.03900898    -0.007309094    0.04504776    0.1087956
-0.2415873    -0.03935591    0.1851766    0.2159473    -0.1043738    -0.02563653    0.03705754    -0.0548634    -0.1611782    0.1873216    -0.1398583    0.2843231    0.1201479    -0.285462    0.02046178    -0.001785365    -0.01266924    0.1680154    0.008245384    -0.1067568    1    -0.1695333    -0.5201249    0.02960654    -0.1103101
-0.09278759    0.1721633    -0.0386227    0.2320248    -0.04284979    0.1249556    -0.324848    -0.2439189    0.146939    0.2677133    -0.05648051    0.12132    0.3242956    0.03982187    -0.3364922    0.02099902    0.1017366    0.064044    0.0699364    -0.03900898    -0.1695333    1    0.31856    -0.6899216    -0.2298555
0.0001420806    0.2889605    -0.05580821    0.05912311    0.05636041    0.2075403    -0.3356567    -0.2248498    0.1033701    0.3123837    -0.03413259    0.1000583    0.3269882    0.09504126    -0.3877354    0.01585515    0.004638792    0.03127808    0.1697588    -0.007309094    -0.5201249    0.31856    1    -0.1292416    -0.6212203
0.1183099    -0.03706128    0.008868603    -0.1318994    -0.1017023    -0.01203033    0.2100724    0.1459756    -0.1035057    -0.1822985    0.07970277    -0.1612587    -0.2036121    0.06858309    0.1986198    0.004025675    -0.149716    -0.09082699    0.08911444    0.04504776    0.02960654    -0.6899216    -0.1292416    1    -0.1871279
0.2459549    -0.3210472    -0.1057828    -0.2643116    -0.02072733    -0.2667712    0.3997659    0.3703591    -0.04915514    -0.5151916    0.1417612    -0.3361957    -0.4911264    0.08642998    0.4750686    -0.04429489    0.04251783    -0.1394175    -0.2568212    0.1087956    -0.1103101    -0.2298555    -0.6212203    -0.1871279    1
