1    0.2671    -0.8075088    -0.3127521    0.2726119    0.1897412    -0.009673679    -0.07618167    -0.009087963    -0.05370961
0.2671    1    0.05249734    -0.7928898    0.1062123    0.2035838    0.1329784    0.06224316    -0.1274518    -0.1844032
-0.8075088    0.05249734    1    0.1878545    -0.5510975    -0.1185885    0.1241516    0.1849098    -0.07157999    -0.1422312
-0.3127521    -0.7928898    0.1878545    1    -0.5218773    -0.09358441    -0.04848389    0.04861049    0.1327955    -0.03713684
0.2726119    0.1062123    -0.5510975    -0.5218773    1    -0.06811092    -0.1696457    -0.2159936    0.06386319    0.3411408
0.1897412    0.2035838    -0.1185885    -0.09358441    -0.06811092    1    -0.1695333    -0.5201249    0.02960654    -0.1103101
-0.009673679    0.1329784    0.1241516    -0.04848389    -0.1696457    -0.1695333    1    0.31856    -0.6899216    -0.2298555
-0.07618167    0.06224316    0.1849098    0.04861049    -0.2159936    -0.5201249    0.31856    1    -0.1292416    -0.6212203
-0.009087963    -0.1274518    -0.07157999    0.1327955    0.06386319    0.02960654    -0.6899216    -0.1292416    1    -0.1871279
-0.05370961    -0.1844032    -0.1422312    -0.03713684    0.3411408    -0.1103101    -0.2298555    -0.6212203    -0.1871279    1
