1    0.1120652    -0.3681135    -0.001060997    -0.08082685    -0.01879237    0.1280483    -0.02252993    0.002622121    -0.02065416    0.3171432    -0.2646215    -0.1909373    0.173732    0.06184646    0.09554661    0.01143942    -0.07315753    0.01385111    0.006636018    -0.04782855    0.01440271    0.07578263    -0.02127106    -0.06431871
0.1120652    1    0.2555411    -0.289436    -0.3011503    0.01413369    0.03523768    -0.1015132    0.2732888    0.1848166    0.1462413    -0.364529    -0.3436588    0.06431864    0.4819301    -0.002150481    0.07754195    0.145474    0.1051326    -0.1701968    0.08447919    0.1479974    0.2127125    -0.09123165    -0.3255562
-0.3681135    0.2555411    1    0.1903292    -0.5369004    0.08620079    -0.07660942    -0.1073756    0.2635311    0.2354378    0.05004255    -0.2290319    -0.3635034    0.01221842    0.4794048    -0.0180685    0.1433839    0.1598295    0.007150667    -0.1377369    0.05105975    0.2363989    0.1746854    -0.2397846    -0.2184936
-0.001060997    -0.289436    0.1903292    1    -0.4704953    0.08061681    -0.002159049    -0.03472854    0.1302869    0.06767922    0.1139644    -0.1939876    -0.2230045    0.06986397    0.2049267    0.01868196    0.08643449    0.1016919    -0.02437349    -0.05693727    0.01886873    0.2272519    0.08812846    -0.2081668    -0.1129219
-0.08082685    -0.3011503    -0.5369004    -0.4704953    1    -0.05980385    0.04369334    0.1724593    -0.4227113    -0.239922    -0.2293689    0.4197997    0.4894582    -0.165482    -0.4919019    -0.0245022    -0.06493765    -0.129549    -0.1176261    0.1337537    0.04410777    -0.3268922    -0.2388725    0.2373166    0.2952573
-0.01879237    0.01413369    0.08620079    0.08061681    -0.05980385    1    -0.4774775    -0.4538181    0.1378426    0.1167466    -0.15265    0.06914332    0.09963154    0.01934468    -0.04676362    0.08850889    0.1599171    -0.139472    -0.1522633    -0.09902989    -0.2415873    -0.09278759    0.0001420806    0.1183099    0.2459549
0.1280483    0.03523768    -0.07660942    -0.002159049    0.04369334    -0.4774775    1    -0.2704573    -0.27668    0.00682912    0.2413778    -0.2056002    -0.1580214    0.02416761    0.1434799    0.06571718    -0.008295624    0.04122862    0.08315627    0.005361577    -0.03935591    0.1721633    0.2889605    -0.03706128    -0.3210472
-0.02252993    -0.1015132    -0.1073756    -0.03472854    0.1724593    -0.4538181    -0.2704573    1    -0.2854063    -0.3209596    0.01723798    0.09127468    0.05529603    -0.1019292    -0.06545556    -0.02440629    0.007736984    0.06994781    -0.04141592    0.134796    0.1851766    -0.0386227    -0.05580821    0.008868603    -0.1057828
0.002622121    0.2732888    0.2635311    0.1302869    -0.4227113    0.1378426    -0.27668    -0.2854063    1    -0.1334371    0.09636347    -0.2674252    -0.3206827    0.03320412    0.4337361    -0.08704592    -0.1678627    0.177478    0.3227427    -0.1076728    0.2159473    0.2320248    0.05912311    -0.1318994    -0.2643116
-0.02065416    0.1848166    0.2354378    0.06767922    -0.239922    0.1167466    0.00682912    -0.3209596    -0.1334371    1    -0.005229442    -0.08668841    -0.07958962    0.07223001    0.0802685    -0.009244832    0.04309966    -0.08042693    -0.07471047    0.1245794    -0.1043738    -0.04284979    0.05636041    -0.1017023    -0.02072733
0.3171432    0.1462413    0.05004255    0.1139644    -0.2293689    -0.15265    0.2413778    0.01723798    0.09636347    -0.005229442    1    -0.2854361    -0.7194519    0.06167188    0.2449637    0.1923157    -0.1277178    -0.06022413    0.2325556    -0.05392613    -0.02563653    0.1249556    0.2075403    -0.01203033    -0.2667712
-0.2646215    -0.364529    -0.2290319    -0.1939876    0.4197997    0.06914332    -0.2056002    0.09127468    -0.2674252    -0.08668841    -0.2854361    1    0.2700116    -0.6854755    -0.3287533    -0.1564471    0.02036278    -0.05342712    -0.2206389    0.1810643    0.03705754    -0.324848    -0.3356567    0.2100724    0.3997659
-0.1909373    -0.3436588    -0.3635034    -0.2230045    0.4894582    0.09963154    -0.1580214    0.05529603    -0.3206827    -0.07958962    -0.7194519    0.2700116    1    -0.09220107    -0.6530083    -0.1235222    -0.007597243    -0.1133191    -0.2297323    0.1902154    -0.0548634    -0.2439189    -0.2248498    0.1459756    0.3703591
0.173732    0.06431864    0.01221842    0.06986397    -0.165482    0.01934468    0.02416761    -0.1019292    0.03320412    0.07223001    0.06167188    -0.6854755    -0.09220107    1    -0.1518189    0.1709992    -0.07137114    -0.1451603    0.1372384    -0.1398082    -0.1611782    0.146939    0.1033701    -0.1035057    -0.04915514
0.06184646    0.4819301    0.4794048    0.2049267    -0.4919019    -0.04676362    0.1434799    -0.06545556    0.4337361    0.0802685    0.2449637    -0.3287533    -0.6530083    -0.1518189    1    -0.01602895    0.1066901    0.2886973    0.1668357    -0.2142765    0.1873216    0.2677133    0.3123837    -0.1822985    -0.5151916
0.09554661    -0.002150481    -0.0180685    0.01868196    -0.0245022    0.08850889    0.06571718    -0.02440629    -0.08704592    -0.009244832    0.1923157    -0.1564471    -0.1235222    0.1709992    -0.01602895    1    -0.1725068    -0.7027936    0.116493    0.08094118    -0.001785365    0.02099902    0.01585515    0.004025675    -0.04429489
0.01143942    0.07754195    0.1433839    0.08643449    -0.06493765    0.1599171    -0.008295624    0.007736984    -0.1678627    0.04309966    -0.1277178    0.02036278    -0.007597243    -0.07137114    0.1066901    -0.1725068    1    0.1574847    -0.7513166    0.1351055    -0.01266924    0.1017366    0.004638792    -0.149716    0.04251783
-0.07315753    0.145474    0.1598295    0.1016919    -0.129549    -0.139472    0.04122862    0.06994781    0.177478    -0.08042693    -0.06022413    -0.05342712    -0.1133191    -0.1451603    0.2886973    -0.7027936    0.1574847    1    -0.1113507    -0.3998048    0.1680154    0.064044    0.03127808    -0.09082699    -0.1394175
0.01385111    0.1051326    0.007150667    -0.02437349    -0.1176261    -0.1522633    0.08315627    -0.04141592    0.3227427    -0.07471047    0.2325556    -0.2206389    -0.2297323    0.1372384    0.1668357    0.116493    -0.7513166    -0.1113507    1    -0.4600299    0.008245384    0.0699364    0.1697588    0.08911444    -0.2568212
0.006636018    -0.1701968    -0.1377369    -0.05693727    0.1337537    -0.09902989    0.005361577    0.134796    -0.1076728    0.1245794    -0.05392613    0.1810643    0.1902154    -0.1398082    -0.2142765    0.08094118    0.1351055    -0.3998048    -0.4600299    1    -0.1067568    -0.03900898    -0.007309094    0.04504776    0.1087956
-0.04782855    0.08447919    0.05105975    0.01886873    0.04410777    -0.2415873    -0.03935591    0.1851766    0.2159473    -0.1043738    -0.02563653    0.03705754    -0.0548634    -0.1611782    0.1873216    -0.001785365    -0.01266924    0.1680154    0.008245384    -0.1067568    1    -0.1695333    -0.5201249    0.02960654    -0.1103101
0.01440271    0.1479974    0.2363989    0.2272519    -0.3268922    -0.09278759    0.1721633    -0.0386227    0.2320248    -0.04284979    0.1249556    -0.324848    -0.2439189    0.146939    0.2677133    0.02099902    0.1017366    0.064044    0.0699364    -0.03900898    -0.1695333    1    0.31856    -0.6899216    -0.2298555
0.07578263    0.2127125    0.1746854    0.08812846    -0.2388725    0.0001420806    0.2889605    -0.05580821    0.05912311    0.05636041    0.2075403    -0.3356567    -0.2248498    0.1033701    0.3123837    0.01585515    0.004638792    0.03127808    0.1697588    -0.007309094    -0.5201249    0.31856    1    -0.1292416    -0.6212203
-0.02127106    -0.09123165    -0.2397846    -0.2081668    0.2373166    0.1183099    -0.03706128    0.008868603    -0.1318994    -0.1017023    -0.01203033    0.2100724    0.1459756    -0.1035057    -0.1822985    0.004025675    -0.149716    -0.09082699    0.08911444    0.04504776    0.02960654    -0.6899216    -0.1292416    1    -0.1871279
-0.06431871    -0.3255562    -0.2184936    -0.1129219    0.2952573    0.2459549    -0.3210472    -0.1057828    -0.2643116    -0.02072733    -0.2667712    0.3997659    0.3703591    -0.04915514    -0.5151916    -0.04429489    0.04251783    -0.1394175    -0.2568212    0.1087956    -0.1103101    -0.2298555    -0.6212203    -0.1871279    1
