1    -0.2854361    -0.7194519    0.06167188    0.2449637    -0.02563653    0.1249556    0.2075403    -0.01203033    -0.2667712
-0.2854361    1    0.2700116    -0.6854755    -0.3287533    0.03705754    -0.324848    -0.3356567    0.2100724    0.3997659
-0.7194519    0.2700116    1    -0.09220107    -0.6530083    -0.0548634    -0.2439189    -0.2248498    0.1459756    0.3703591
0.06167188    -0.6854755    -0.09220107    1    -0.1518189    -0.1611782    0.146939    0.1033701    -0.1035057    -0.04915514
0.2449637    -0.3287533    -0.6530083    -0.1518189    1    0.1873216    0.2677133    0.3123837    -0.1822985    -0.5151916
-0.02563653    0.03705754    -0.0548634    -0.1611782    0.1873216    1    -0.1695333    -0.5201249    0.02960654    -0.1103101
0.1249556    -0.324848    -0.2439189    0.146939    0.2677133    -0.1695333    1    0.31856    -0.6899216    -0.2298555
0.2075403    -0.3356567    -0.2248498    0.1033701    0.3123837    -0.5201249    0.31856    1    -0.1292416    -0.6212203
-0.01203033    0.2100724    0.1459756    -0.1035057    -0.1822985    0.02960654    -0.6899216    -0.1292416    1    -0.1871279
-0.2667712    0.3997659    0.3703591    -0.04915514    -0.5151916    -0.1103101    -0.2298555    -0.6212203    -0.1871279    1
