1    -0.3594829    -0.5702683    0.2343407    0.2264468    -0.2376624    -0.2271752    -0.1179585    0.3115946    0.3145826
-0.3594829    1    -0.175771    -0.3437631    -0.05963109    -0.06226729    0.2134715    0.1325317    -0.1829406    -0.04588148
-0.5702683    -0.175771    1    -0.4582405    -0.7041022    0.1327166    0.2346385    0.2971465    -0.1614077    -0.4609059
0.2343407    -0.3437631    -0.4582405    1    0.3417084    0.1574053    -0.1013638    -0.2406764    -0.008786362    0.1229631
0.2264468    -0.05963109    -0.7041022    0.3417084    1    -0.03101926    -0.3298072    -0.4084363    0.1097851    0.4650173
-0.2376624    -0.06226729    0.1327166    0.1574053    -0.03101926    1    -0.1695333    -0.5201249    0.02960654    -0.1103101
-0.2271752    0.2134715    0.2346385    -0.1013638    -0.3298072    -0.1695333    1    0.31856    -0.6899216    -0.2298555
-0.1179585    0.1325317    0.2971465    -0.2406764    -0.4084363    -0.5201249    0.31856    1    -0.1292416    -0.6212203
0.3115946    -0.1829406    -0.1614077    -0.008786362    0.1097851    0.02960654    -0.6899216    -0.1292416    1    -0.1871279
0.3145826    -0.04588148    -0.4609059    0.1229631    0.4650173    -0.1103101    -0.2298555    -0.6212203    -0.1871279    1
