1    -0.4774775    -0.4538181    0.1378426    0.1167466    -0.15265    0.06914332    0.09963154    0.01934468    -0.04676362    0.08850889    0.1599171    -0.139472    -0.1522633    -0.09902989    -0.346434    -0.1287532    0.2534376    0.1030343    0.1987496    -0.2415873    -0.09278759    0.0001420806    0.1183099    0.2459549
-0.4774775    1    -0.2704573    -0.27668    0.00682912    0.2413778    -0.2056002    -0.1580214    0.02416761    0.1434799    0.06571718    -0.008295624    0.04122862    0.08315627    0.005361577    0.2246998    0.1072014    -0.09356408    -0.03907697    -0.1612878    -0.03935591    0.1721633    0.2889605    -0.03706128    -0.3210472
-0.4538181    -0.2704573    1    -0.2854063    -0.3209596    0.01723798    0.09127468    0.05529603    -0.1019292    -0.06545556    -0.02440629    0.007736984    0.06994781    -0.04141592    0.134796    0.05669743    0.08620986    -0.08739058    -0.05263141    -0.08599796    0.1851766    -0.0386227    -0.05580821    0.008868603    -0.1057828
0.1378426    -0.27668    -0.2854063    1    -0.1334371    0.09636347    -0.2674252    -0.3206827    0.03320412    0.4337361    -0.08704592    -0.1678627    0.177478    0.3227427    -0.1076728    0.09145173    0.1562529    0.1121582    -0.07739028    -0.2853351    0.2159473    0.2320248    0.05912311    -0.1318994    -0.2643116
0.1167466    0.00682912    -0.3209596    -0.1334371    1    -0.005229442    -0.08668841    -0.07958962    0.07223001    0.0802685    -0.009244832    0.04309966    -0.08042693    -0.07471047    0.1245794    -0.05820635    -0.1368765    -0.008189513    0.03009229    -0.01031957    -0.1043738    -0.04284979    0.05636041    -0.1017023    -0.02072733
-0.15265    0.2413778    0.01723798    0.09636347    -0.005229442    1    -0.2854361    -0.7194519    0.06167188    0.2449637    0.1923157    -0.1277178    -0.06022413    0.2325556    -0.05392613    0.3438061    -0.06478812    -0.1600212    0.0776725    -0.1756601    -0.02563653    0.1249556    0.2075403    -0.01203033    -0.2667712
0.06914332    -0.2056002    0.09127468    -0.2674252    -0.08668841    -0.2854361    1    0.2700116    -0.6854755    -0.3287533    -0.1564471    0.02036278    -0.05342712    -0.2206389    0.1810643    -0.194433    -0.08904471    -0.05711079    -0.02941284    0.3941562    0.03705754    -0.324848    -0.3356567    0.2100724    0.3997659
0.09963154    -0.1580214    0.05529603    -0.3206827    -0.07958962    -0.7194519    0.2700116    1    -0.09220107    -0.6530083    -0.1235222    -0.007597243    -0.1133191    -0.2297323    0.1902154    -0.2459415    -0.08455193    0.01011337    0.007371001    0.3303692    -0.0548634    -0.2439189    -0.2248498    0.1459756    0.3703591
0.01934468    0.02416761    -0.1019292    0.03320412    0.07223001    0.06167188    -0.6854755    -0.09220107    1    -0.1518189    0.1709992    -0.07137114    -0.1451603    0.1372384    -0.1398082    0.1294368    -0.1368113    0.008720662    0.1705038    -0.172828    -0.1611782    0.146939    0.1033701    -0.1035057    -0.04915514
-0.04676362    0.1434799    -0.06545556    0.4337361    0.0802685    0.2449637    -0.3287533    -0.6530083    -0.1518189    1    -0.01602895    0.1066901    0.2886973    0.1668357    -0.2142765    0.05000632    0.2897638    0.1700399    -0.1258933    -0.4372136    0.1873216    0.2677133    0.3123837    -0.1822985    -0.5151916
0.08850889    0.06571718    -0.02440629    -0.08704592    -0.009244832    0.1923157    -0.1564471    -0.1235222    0.1709992    -0.01602895    1    -0.1725068    -0.7027936    0.116493    0.08094118    0.07713722    -0.09352444    -0.006524002    0.0976322    -0.06412787    -0.001785365    0.02099902    0.01585515    0.004025675    -0.04429489
0.1599171    -0.008295624    0.007736984    -0.1678627    0.04309966    -0.1277178    0.02036278    -0.007597243    -0.07137114    0.1066901    -0.1725068    1    0.1574847    -0.7513166    0.1351055    -0.2042075    0.0512579    0.08127755    -0.06060221    0.04598742    -0.01266924    0.1017366    0.004638792    -0.149716    0.04251783
-0.139472    0.04122862    0.06994781    0.177478    -0.08042693    -0.06022413    -0.05342712    -0.1133191    -0.1451603    0.2886973    -0.7027936    0.1574847    1    -0.1113507    -0.3998048    -0.0228353    0.2120256    -0.01761738    -0.152322    -0.06082035    0.1680154    0.064044    0.03127808    -0.09082699    -0.1394175
-0.1522633    0.08315627    -0.04141592    0.3227427    -0.07471047    0.2325556    -0.2206389    -0.2297323    0.1372384    0.1668357    0.116493    -0.7513166    -0.1113507    1    -0.4600299    0.1868408    0.02396236    0.02972408    0.01436885    -0.1988965    0.008245384    0.0699364    0.1697588    0.08911444    -0.2568212
-0.09902989    0.005361577    0.134796    -0.1076728    0.1245794    -0.05392613    0.1810643    0.1902154    -0.1398082    -0.2142765    0.08094118    0.1351055    -0.3998048    -0.4600299    1    -0.009563526    -0.0730922    -0.01458995    0.05938238    0.02772312    -0.1067568    -0.03900898    -0.007309094    0.04504776    0.1087956
-0.346434    0.2246998    0.05669743    0.09145173    -0.05820635    0.3438061    -0.194433    -0.2459415    0.1294368    0.05000632    0.07713722    -0.2042075    -0.0228353    0.1868408    -0.009563526    1    -0.02924275    -0.7679929    -0.06677109    0.04839401    0.1025333    0.004477448    -0.03226401    -0.01944884    -0.1017338
-0.1287532    0.1072014    0.08620986    0.1562529    -0.1368765    -0.06478812    -0.08904471    -0.08455193    -0.1368113    0.2897638    -0.09352444    0.0512579    0.2120256    0.02396236    -0.0730922    -0.02924275    1    0.1079617    -0.7953458    -0.00102924    0.2080969    0.2049509    0.06962405    -0.1686509    -0.1985934
0.2534376    -0.09356408    -0.08739058    0.1121582    -0.008189513    -0.1600212    -0.05711079    0.01011337    0.008720662    0.1700399    -0.006524002    0.08127755    -0.01761738    0.02972408    -0.01458995    -0.7679929    0.1079617    1    0.1316883    -0.5109379    -0.1119365    0.1516252    0.2342949    -0.00257519    -0.1629554
0.1030343    -0.03907697    -0.05263141    -0.07739028    0.03009229    0.0776725    -0.02941284    0.007371001    0.1705038    -0.1258933    0.0976322    -0.06060221    -0.152322    0.01436885    0.05938238    -0.06677109    -0.7953458    0.1316883    1    -0.4126565    -0.1252317    -0.1493414    0.01667326    0.209565    0.03025788
0.1987496    -0.1612878    -0.08599796    -0.2853351    -0.01031957    -0.1756601    0.3941562    0.3303692    -0.172828    -0.4372136    -0.06412787    0.04598742    -0.06082035    -0.1988965    0.02772312    0.04839401    -0.00102924    -0.5109379    -0.4126565    1    -0.1366654    -0.2289595    -0.3127944    0.05231337    0.5458367
-0.2415873    -0.03935591    0.1851766    0.2159473    -0.1043738    -0.02563653    0.03705754    -0.0548634    -0.1611782    0.1873216    -0.001785365    -0.01266924    0.1680154    0.008245384    -0.1067568    0.1025333    0.2080969    -0.1119365    -0.1252317    -0.1366654    1    -0.1695333    -0.5201249    0.02960654    -0.1103101
-0.09278759    0.1721633    -0.0386227    0.2320248    -0.04284979    0.1249556    -0.324848    -0.2439189    0.146939    0.2677133    0.02099902    0.1017366    0.064044    0.0699364    -0.03900898    0.004477448    0.2049509    0.1516252    -0.1493414    -0.2289595    -0.1695333    1    0.31856    -0.6899216    -0.2298555
0.0001420806    0.2889605    -0.05580821    0.05912311    0.05636041    0.2075403    -0.3356567    -0.2248498    0.1033701    0.3123837    0.01585515    0.004638792    0.03127808    0.1697588    -0.007309094    -0.03226401    0.06962405    0.2342949    0.01667326    -0.3127944    -0.5201249    0.31856    1    -0.1292416    -0.6212203
0.1183099    -0.03706128    0.008868603    -0.1318994    -0.1017023    -0.01203033    0.2100724    0.1459756    -0.1035057    -0.1822985    0.004025675    -0.149716    -0.09082699    0.08911444    0.04504776    -0.01944884    -0.1686509    -0.00257519    0.209565    0.05231337    0.02960654    -0.6899216    -0.1292416    1    -0.1871279
0.2459549    -0.3210472    -0.1057828    -0.2643116    -0.02072733    -0.2667712    0.3997659    0.3703591    -0.04915514    -0.5151916    -0.04429489    0.04251783    -0.1394175    -0.2568212    0.1087956    -0.1017338    -0.1985934    -0.1629554    0.03025788    0.5458367    -0.1103101    -0.2298555    -0.6212203    -0.1871279    1
