1.62064e-06    -1.651653e-06    -1.458043e-06    1.938578e-07    1.489974e-07    -1.475304e-06    9.492139e-07    3.443721e-06    5.613304e-07    -1.502926e-06
-1.651653e-06    4.443923e-06    7.937537e-07    -8.431933e-07    -1.561265e-07    4.191164e-06    -1.080597e-06    -7.488805e-06    -3.176973e-07    1.079228e-06
-1.458043e-06    7.937537e-07    2.179687e-06    -5.967358e-07    -3.02069e-07    2.182158e-08    -6.786923e-07    -1.719542e-06    -4.649942e-07    2.008624e-06
1.938578e-07    -8.431933e-07    -5.967358e-07    2.027902e-06    8.231542e-08    3.481402e-06    1.183993e-07    -2.128603e-06    -7.204075e-07    -2.152221e-07
1.489974e-07    -1.561265e-07    -3.02069e-07    8.231542e-08    1.394023e-07    9.756733e-08    9.613616e-08    2.545512e-07    -1.678845e-07    -4.339659e-07
-1.475304e-06    4.191164e-06    2.182158e-08    3.481402e-06    9.756733e-08    1.954222e-05    -1.737348e-06    -1.898621e-05    -3.820782e-06    9.159736e-07
9.492139e-07    -1.080597e-06    -6.786923e-07    1.183993e-07    9.613616e-08    -1.737348e-06    2.328116e-06    2.061881e-06    -2.440185e-07    -3.453083e-07
3.443721e-06    -7.488805e-06    -1.719542e-06    -2.128603e-06    2.545512e-07    -1.898621e-05    2.061881e-06    2.370788e-05    3.645123e-06    -4.239654e-06
5.613304e-07    -3.176973e-07    -4.649942e-07    -7.204075e-07    -1.678845e-07    -3.820782e-06    -2.440185e-07    3.645123e-06    3.125698e-06    -1.676828e-06
-1.502926e-06    1.079228e-06    2.008624e-06    -2.152221e-07    -4.339659e-07    9.159736e-07    -3.453083e-07    -4.239654e-06    -1.676828e-06    6.966204e-06
