1.895892e-06    2.157595e-06    4.194005e-07    -4.144055e-07    -1.334651e-06    6.1059e-07    2.18832e-06    1.890596e-06    2.281166e-07    -2.873547e-06    1.003645e-07    -2.31243e-07    1.265517e-07    -8.839982e-07    -1.428729e-07
2.157595e-06    1.204235e-05    6.41291e-06    -7.662621e-07    -6.450913e-06    1.799997e-06    8.984619e-06    7.38762e-06    -6.306418e-07    -1.031064e-05    8.170719e-07    -2.27124e-06    -7.905217e-08    -2.959835e-06    -1.931535e-07
4.194005e-07    6.41291e-06    6.045488e-06    9.926894e-07    -4.932386e-06    1.818584e-06    5.497339e-06    3.982106e-06    -3.681141e-07    -5.915418e-06    1.708825e-06    -2.788915e-06    -1.011623e-06    -1.145027e-06    4.273897e-08
-4.144055e-07    -7.662621e-07    9.926894e-07    3.37897e-06    -1.880869e-06    1.176049e-06    3.445641e-08    -6.833599e-07    7.508028e-07    -8.775712e-07    1.259876e-06    -1.594927e-06    -9.730812e-07    8.467758e-07    -2.711312e-08
-1.334651e-06    -6.450913e-06    -4.932386e-06    -1.880869e-06    7.032047e-06    -2.073109e-06    -6.498536e-06    -4.382771e-06    -3.359995e-07    7.056881e-06    -2.170028e-06    3.401358e-06    1.639862e-06    3.363082e-07    1.033773e-07
6.1059e-07    1.799997e-06    1.818584e-06    1.176049e-06    -2.073109e-06    2.001764e-06    1.686116e-06    5.904205e-07    8.1742e-07    -3.160535e-06    7.145767e-07    -1.675638e-06    1.318822e-07    -1.809166e-07    -2.021415e-07
2.18832e-06    8.984619e-06    5.497339e-06    3.445641e-08    -6.498536e-06    1.686116e-06    8.997597e-06    7.171972e-06    -6.955095e-07    -9.452042e-06    1.620459e-06    -3.606714e-06    -1.190895e-06    -1.165207e-06    -4.706325e-08
1.890596e-06    7.38762e-06    3.982106e-06    -6.833599e-07    -4.382771e-06    5.904205e-07    7.171972e-06    6.910058e-06    -1.004171e-06    -7.518411e-06    8.175022e-07    -2.311456e-06    -7.007991e-07    -1.318159e-06    6.80493e-08
2.281166e-07    -6.306418e-07    -3.681141e-07    7.508028e-07    -3.359995e-07    8.1742e-07    -6.955095e-07    -1.004171e-06    1.524391e-06    -5.479888e-07    3.144599e-07    -4.923352e-07    1.239754e-07    1.037052e-07    -7.034847e-08
-2.873547e-06    -1.031064e-05    -5.915418e-06    -8.775712e-07    7.056881e-06    -3.160535e-06    -9.452042e-06    -7.518411e-06    -5.479888e-07    1.26785e-05    -1.397891e-06    4.572963e-06    4.776097e-09    1.645937e-06    3.121645e-07
1.003645e-07    8.170719e-07    1.708825e-06    1.259876e-06    -2.170028e-06    7.145767e-07    1.620459e-06    8.175022e-07    3.144599e-07    -1.397891e-06    1.62064e-06    -1.651653e-06    -1.458043e-06    1.938578e-07    1.489974e-07
-2.31243e-07    -2.27124e-06    -2.788915e-06    -1.594927e-06    3.401358e-06    -1.675638e-06    -3.606714e-06    -2.311456e-06    -4.923352e-07    4.572963e-06    -1.651653e-06    4.443923e-06    7.937537e-07    -8.431933e-07    -1.561265e-07
1.265517e-07    -7.905217e-08    -1.011623e-06    -9.730812e-07    1.639862e-06    1.318822e-07    -1.190895e-06    -7.007991e-07    1.239754e-07    4.776097e-09    -1.458043e-06    7.937537e-07    2.179687e-06    -5.967358e-07    -3.02069e-07
-8.839982e-07    -2.959835e-06    -1.145027e-06    8.467758e-07    3.363082e-07    -1.809166e-07    -1.165207e-06    -1.318159e-06    1.037052e-07    1.645937e-06    1.938578e-07    -8.431933e-07    -5.967358e-07    2.027902e-06    8.231542e-08
-1.428729e-07    -1.931535e-07    4.273897e-08    -2.711312e-08    1.033773e-07    -2.021415e-07    -4.706325e-08    6.80493e-08    -7.034847e-08    3.121645e-07    1.489974e-07    -1.561265e-07    -3.02069e-07    8.231542e-08    1.394023e-07
