1.895892e-06    2.157595e-06    4.194005e-07    -4.144055e-07    -1.334651e-06    -1.034664e-06    -1.49626e-06    -2.777662e-07    -3.150987e-07    1.367095e-06    -8.450887e-07    -1.695649e-06    -1.294084e-06    -3.573937e-07    2.339475e-06    -1.723774e-06    3.352767e-06    2.170339e-06    -2.050047e-06    -9.753555e-07    1.003645e-07    -2.31243e-07    1.265517e-07    -8.839982e-07    -1.428729e-07
2.157595e-06    1.204235e-05    6.41291e-06    -7.662621e-07    -6.450913e-06    -3.596334e-06    -5.281109e-06    -3.668015e-06    -1.00007e-06    4.995784e-06    -4.685446e-07    -4.866722e-06    -3.578771e-06    -2.812134e-06    6.440135e-06    -8.381776e-06    1.50652e-05    9.33742e-06    -1.020525e-05    -2.761882e-06    8.170719e-07    -2.27124e-06    -7.905217e-08    -2.959835e-06    -1.931535e-07
4.194005e-07    6.41291e-06    6.045488e-06    9.926894e-07    -4.932386e-06    -1.408667e-06    -1.84463e-06    -2.803652e-06    -1.061525e-06    3.023653e-06    -2.788986e-07    -1.973889e-06    -1.205138e-06    -1.909846e-06    2.813526e-06    -5.484406e-06    9.305214e-06    6.324797e-06    -5.87727e-06    -1.538787e-06    1.708825e-06    -2.788915e-06    -1.011623e-06    -1.145027e-06    4.273897e-08
-4.144055e-07    -7.662621e-07    9.926894e-07    3.37897e-06    -1.880869e-06    8.508565e-07    4.956221e-07    -7.817945e-07    6.433082e-07    -1.470891e-06    -8.880617e-07    -5.49398e-08    1.428119e-06    1.524844e-07    -5.1852e-07    4.697929e-08    2.028143e-06    -6.292716e-08    -3.746938e-07    -1.216642e-07    1.259876e-06    -1.594927e-06    -9.730812e-07    8.467758e-07    -2.711312e-08
-1.334651e-06    -6.450913e-06    -4.932386e-06    -1.880869e-06    7.032047e-06    1.364413e-06    2.296398e-06    2.435183e-06    1.879731e-07    -1.571139e-06    1.466564e-06    2.587825e-06    1.275128e-06    1.523729e-06    -2.742975e-06    5.67191e-06    -1.141559e-05    -6.307162e-06    6.472871e-06    1.992462e-06    -2.170028e-06    3.401358e-06    1.639862e-06    3.363082e-07    1.033773e-07
-1.034664e-06    -3.596334e-06    -1.408667e-06    8.508565e-07    1.364413e-06    4.065874e-06    1.444463e-06    -1.30919e-06    1.393739e-06    -2.555243e-06    1.183162e-06    1.960318e-06    1.255236e-06    2.576251e-07    -2.640801e-06    1.538193e-06    -4.713683e-06    -1.145648e-06    2.568358e-06    1.07069e-06    2.145659e-07    1.337031e-06    -1.064876e-06    1.064139e-06    9.549228e-08
-1.49626e-06    -5.281109e-06    -1.84463e-06    4.956221e-07    2.296398e-06    1.444463e-06    3.996512e-06    2.036594e-06    -2.94904e-07    -2.130989e-06    -1.434692e-07    2.927481e-06    2.321761e-06    8.670177e-07    -3.900193e-06    2.797326e-06    -6.089543e-06    -3.727137e-06    4.904763e-06    1.024765e-06    1.304949e-07    -7.76563e-08    -8.001388e-07    1.900346e-06    3.644998e-07
-2.777662e-07    -3.668015e-06    -2.803652e-06    -7.817945e-07    2.435183e-06    -1.30919e-06    2.036594e-06    4.786242e-06    -3.044692e-07    -2.243706e-06    -8.044723e-07    1.72862e-06    1.522935e-06    1.919059e-06    -2.211479e-06    2.947775e-06    -4.552985e-06    -4.323515e-06    3.947966e-06    8.626069e-07    -5.30949e-08    -4.418867e-07    1.320975e-07    7.898849e-07    3.097624e-07
-3.150987e-07    -1.00007e-06    -1.061525e-06    6.433082e-07    1.879731e-07    1.393739e-06    -2.94904e-07    -3.044692e-07    2.846093e-06    -3.047384e-06    5.896088e-07    2.193361e-07    6.686074e-07    7.908022e-07    -1.971513e-06    5.631519e-07    -8.060287e-07    -7.359921e-07    5.497081e-07    7.044683e-07    1.35966e-07    -2.474453e-07    -5.529737e-07    7.056737e-07    1.045813e-07
1.367095e-06    4.995784e-06    3.023653e-06    -1.470891e-06    -1.571139e-06    -2.555243e-06    -2.130989e-06    -2.243706e-06    -3.047384e-06    6.855159e-06    -2.661775e-07    -2.564516e-06    -3.20556e-06    -2.312788e-06    5.085137e-06    -3.352013e-06    5.565462e-06    4.455393e-06    -4.175931e-06    -1.928153e-06    -7.662568e-07    2.110049e-07    1.388572e-06    -1.540414e-06    -4.011475e-07
-8.450887e-07    -4.685446e-07    -2.788986e-07    -8.880617e-07    1.466564e-06    1.183162e-06    -1.434692e-07    -8.044723e-07    5.896088e-07    -2.661775e-07    1.728296e-06    5.63794e-07    6.632652e-08    2.454159e-08    -8.461414e-07    6.535688e-07    -2.403671e-06    -5.393783e-07    5.898118e-07    8.5536e-07    -5.258981e-07    1.401208e-06    1.287707e-07    -1.973571e-07    4.571327e-08
-1.695649e-06    -4.866722e-06    -1.973889e-06    -5.49398e-08    2.587825e-06    1.960318e-06    2.927481e-06    1.72862e-06    2.193361e-07    -2.564516e-06    5.63794e-07    3.379428e-06    1.695834e-06    7.760532e-07    -3.887484e-06    3.055964e-06    -6.900952e-06    -3.388309e-06    4.367171e-06    1.251337e-06    1.034724e-07    2.974059e-07    -5.143986e-07    1.490858e-06    2.605233e-07
-1.294084e-06    -3.578771e-06    -1.205138e-06    1.428119e-06    1.275128e-06    1.255236e-06    2.321761e-06    1.522935e-06    6.686074e-07    -3.20556e-06    6.632652e-08    1.695834e-06    2.808297e-06    1.282215e-06    -2.909534e-06    2.221011e-06    -3.489498e-06    -3.475757e-06    3.181549e-06    1.362839e-06    4.576211e-07    -3.093367e-07    -7.004566e-07    1.0106e-06    3.075208e-07
-3.573937e-07    -2.812134e-06    -1.909846e-06    1.524844e-07    1.523729e-06    2.576251e-07    8.670177e-07    1.919059e-06    7.908022e-07    -2.312788e-06    2.454159e-08    7.760532e-07    1.282215e-06    1.788368e-06    -1.941441e-06    2.444417e-06    -3.634121e-06    -2.986755e-06    2.724817e-06    8.917262e-07    -3.142283e-08    3.945559e-07    1.199803e-08    4.902089e-07    9.404004e-08
2.339475e-06    6.440135e-06    2.813526e-06    -5.1852e-07    -2.742975e-06    -2.640801e-06    -3.900193e-06    -2.211479e-06    -1.971513e-06    5.085137e-06    -8.461414e-07    -3.887484e-06    -2.909534e-06    -1.941441e-06    7.054571e-06    -4.017296e-06    8.581747e-06    4.936835e-06    -6.189522e-06    -1.85322e-06    -1.742207e-07    -5.233855e-08    1.23835e-06    -2.59858e-06    -4.804087e-07
-1.723774e-06    -8.381776e-06    -5.484406e-06    4.697929e-08    5.67191e-06    1.538193e-06    2.797326e-06    2.947775e-06    5.631519e-07    -3.352013e-06    6.535688e-07    3.055964e-06    2.221011e-06    2.444417e-06    -4.017296e-06    7.716902e-06    -1.213243e-05    -8.158074e-06    7.231402e-06    2.228366e-06    -1.37261e-06    2.895468e-06    1.2318e-06    1.277425e-06    -7.005998e-08
3.352767e-06    1.50652e-05    9.305214e-06    2.028143e-06    -1.141559e-05    -4.713683e-06    -6.089543e-06    -4.552985e-06    -8.060287e-07    5.565462e-06    -2.403671e-06    -6.900952e-06    -3.489498e-06    -3.634121e-06    8.581747e-06    -1.213243e-05    2.44415e-05    1.208992e-05    -1.38656e-05    -3.893199e-06    2.51376e-06    -6.064602e-06    -1.16752e-06    -2.249609e-06    -2.558177e-07
2.170339e-06    9.33742e-06    6.324797e-06    -6.292716e-08    -6.307162e-06    -1.145648e-06    -3.727137e-06    -4.323515e-06    -7.359921e-07    4.455393e-06    -5.393783e-07    -3.388309e-06    -3.475757e-06    -2.986755e-06    4.936835e-06    -8.158074e-06    1.208992e-05    1.090864e-05    -8.808035e-06    -3.11613e-06    1.765789e-06    -2.176004e-06    -1.64478e-06    -1.927224e-06    -5.074203e-08
-2.050047e-06    -1.020525e-05    -5.87727e-06    -3.746938e-07    6.472871e-06    2.568358e-06    4.904763e-06    3.947966e-06    5.497081e-07    -4.175931e-06    5.898118e-07    4.367171e-06    3.181549e-06    2.724817e-06    -6.189522e-06    7.231402e-06    -1.38656e-05    -8.808035e-06    9.812327e-06    2.518798e-06    -1.305804e-06    2.25017e-06    4.534735e-07    2.429193e-06    2.878615e-07
-9.753555e-07    -2.761882e-06    -1.538787e-06    -1.216642e-07    1.992462e-06    1.07069e-06    1.024765e-06    8.626069e-07    7.044683e-07    -1.928153e-06    8.5536e-07    1.251337e-06    1.362839e-06    8.917262e-07    -1.85322e-06    2.228366e-06    -3.893199e-06    -3.11613e-06    2.518798e-06    1.462973e-06    -3.669867e-07    8.026388e-07    2.460802e-07    4.11634e-07    1.190943e-07
1.003645e-07    8.170719e-07    1.708825e-06    1.259876e-06    -2.170028e-06    2.145659e-07    1.304949e-07    -5.30949e-08    1.35966e-07    -7.662568e-07    -5.258981e-07    1.034724e-07    4.576211e-07    -3.142283e-08    -1.742207e-07    -1.37261e-06    2.51376e-06    1.765789e-06    -1.305804e-06    -3.669867e-07    1.62064e-06    -1.651653e-06    -1.458043e-06    1.938578e-07    1.489974e-07
-2.31243e-07    -2.27124e-06    -2.788915e-06    -1.594927e-06    3.401358e-06    1.337031e-06    -7.76563e-08    -4.418867e-07    -2.474453e-07    2.110049e-07    1.401208e-06    2.974059e-07    -3.093367e-07    3.945559e-07    -5.233855e-08    2.895468e-06    -6.064602e-06    -2.176004e-06    2.25017e-06    8.026388e-07    -1.651653e-06    4.443923e-06    7.937537e-07    -8.431933e-07    -1.561265e-07
1.265517e-07    -7.905217e-08    -1.011623e-06    -9.730812e-07    1.639862e-06    -1.064876e-06    -8.001388e-07    1.320975e-07    -5.529737e-07    1.388572e-06    1.287707e-07    -5.143986e-07    -7.004566e-07    1.199803e-08    1.23835e-06    1.2318e-06    -1.16752e-06    -1.64478e-06    4.534735e-07    2.460802e-07    -1.458043e-06    7.937537e-07    2.179687e-06    -5.967358e-07    -3.02069e-07
-8.839982e-07    -2.959835e-06    -1.145027e-06    8.467758e-07    3.363082e-07    1.064139e-06    1.900346e-06    7.898849e-07    7.056737e-07    -1.540414e-06    -1.973571e-07    1.490858e-06    1.0106e-06    4.902089e-07    -2.59858e-06    1.277425e-06    -2.249609e-06    -1.927224e-06    2.429193e-06    4.11634e-07    1.938578e-07    -8.431933e-07    -5.967358e-07    2.027902e-06    8.231542e-08
-1.428729e-07    -1.931535e-07    4.273897e-08    -2.711312e-08    1.033773e-07    9.549228e-08    3.644998e-07    3.097624e-07    1.045813e-07    -4.011475e-07    4.571327e-08    2.605233e-07    3.075208e-07    9.404004e-08    -4.804087e-07    -7.005998e-08    -2.558177e-07    -5.074203e-08    2.878615e-07    1.190943e-07    1.489974e-07    -1.561265e-07    -3.02069e-07    8.231542e-08    1.394023e-07
