1.895892e-06    2.157595e-06    4.194005e-07    -4.144055e-07    -1.334651e-06    1.003645e-07    -2.31243e-07    1.265517e-07    -8.839982e-07    -1.428729e-07    -1.051188e-06    1.954611e-06    4.806276e-07    -1.106102e-06    1.908811e-07
2.157595e-06    1.204235e-05    6.41291e-06    -7.662621e-07    -6.450913e-06    8.170719e-07    -2.27124e-06    -7.905217e-08    -2.959835e-06    -1.931535e-07    -3.410957e-06    8.484664e-06    5.064099e-06    -3.889718e-06    -2.017576e-06
4.194005e-07    6.41291e-06    6.045488e-06    9.926894e-07    -4.932386e-06    1.708825e-06    -2.788915e-06    -1.011623e-06    -1.145027e-06    4.273897e-08    -2.042503e-06    6.380973e-06    4.191443e-06    -3.064422e-06    -2.442863e-06
-4.144055e-07    -7.662621e-07    9.926894e-07    3.37897e-06    -1.880869e-06    1.259876e-06    -1.594927e-06    -9.730812e-07    8.467758e-07    -2.711312e-08    2.994416e-07    2.098492e-06    4.747897e-07    -1.03357e-06    -6.86526e-07
-1.334651e-06    -6.450913e-06    -4.932386e-06    -1.880869e-06    7.032047e-06    -2.170028e-06    3.401358e-06    1.639862e-06    3.363082e-07    1.033773e-07    2.198138e-06    -7.494797e-06    -3.847171e-06    3.195481e-06    2.073878e-06
1.003645e-07    8.170719e-07    1.708825e-06    1.259876e-06    -2.170028e-06    1.62064e-06    -1.651653e-06    -1.458043e-06    1.938578e-07    1.489974e-07    -8.09938e-07    2.922683e-06    1.57564e-06    -1.211291e-06    -1.087062e-06
-2.31243e-07    -2.27124e-06    -2.788915e-06    -1.594927e-06    3.401358e-06    -1.651653e-06    4.443923e-06    7.937537e-07    -8.431933e-07    -1.561265e-07    3.081132e-06    -4.680393e-06    -4.474355e-06    2.442973e-06    1.61095e-06
1.265517e-07    -7.905217e-08    -1.011623e-06    -9.730812e-07    1.639862e-06    -1.458043e-06    7.937537e-07    2.179687e-06    -5.967358e-07    -3.02069e-07    -7.168351e-08    -2.38967e-06    -5.471618e-07    6.736412e-07    9.669608e-07
-8.839982e-07    -2.959835e-06    -1.145027e-06    8.467758e-07    3.363082e-07    1.938578e-07    -8.431933e-07    -5.967358e-07    2.027902e-06    8.231542e-08    4.288933e-07    -1.251665e-06    -4.010116e-08    7.134754e-07    -1.521815e-07
-1.428729e-07    -1.931535e-07    4.273897e-08    -2.711312e-08    1.033773e-07    1.489974e-07    -1.561265e-07    -3.02069e-07    8.231542e-08    1.394023e-07    -7.642716e-08    2.278196e-07    7.79659e-08    -3.580761e-08    -9.300528e-08
-1.051188e-06    -3.410957e-06    -2.042503e-06    2.994416e-07    2.198138e-06    -8.09938e-07    3.081132e-06    -7.168351e-08    4.288933e-07    -7.642716e-08    3.754343e-06    -3.832111e-06    -4.291812e-06    2.138215e-06    9.871281e-07
1.954611e-06    8.484664e-06    6.380973e-06    2.098492e-06    -7.494797e-06    2.922683e-06    -4.680393e-06    -2.38967e-06    -1.251665e-06    2.278196e-07    -3.832111e-06    1.135959e-05    5.702841e-06    -5.382542e-06    -2.633526e-06
4.806276e-07    5.064099e-06    4.191443e-06    4.747897e-07    -3.847171e-06    1.57564e-06    -4.474355e-06    -5.471618e-07    -4.010116e-08    7.79659e-08    -4.291812e-06    5.702841e-06    6.4487e-06    -3.053533e-06    -2.333134e-06
-1.106102e-06    -3.889718e-06    -3.064422e-06    -1.03357e-06    3.195481e-06    -1.211291e-06    2.442973e-06    6.736412e-07    7.134754e-07    -3.580761e-08    2.138215e-06    -5.382542e-06    -3.053533e-06    3.048471e-06    1.052605e-06
1.908811e-07    -2.017576e-06    -2.442863e-06    -6.86526e-07    2.073878e-06    -1.087062e-06    1.61095e-06    9.669608e-07    -1.521815e-07    -9.300528e-08    9.871281e-07    -2.633526e-06    -2.333134e-06    1.052605e-06    1.67151e-06
