1.62064e-06    -1.651653e-06    -1.458043e-06    1.938578e-07    1.489974e-07    -1.064784e-06    6.468179e-07    1.358835e-06    2.05394e-07    -5.695631e-07
-1.651653e-06    4.443923e-06    7.937537e-07    -8.431933e-07    -1.561265e-07    2.536929e-06    -2.670197e-06    -2.833841e-06    1.310868e-07    1.583468e-06
-1.458043e-06    7.937537e-07    2.179687e-06    -5.967358e-07    -3.02069e-07    3.91032e-07    9.496866e-07    4.551535e-08    -7.534615e-07    -4.035299e-07
1.938578e-07    -8.431933e-07    -5.967358e-07    2.027902e-06    8.231542e-08    7.344805e-07    -2.43543e-06    -2.717576e-06    1.544913e-07    2.320941e-06
1.489974e-07    -1.561265e-07    -3.02069e-07    8.231542e-08    1.394023e-07    -2.002715e-08    -3.947136e-07    -3.623684e-07    1.96257e-07    2.957093e-07
-1.064784e-06    2.536929e-06    3.91032e-07    7.344805e-07    -2.002715e-08    5.343634e-06    -4.80044e-06    -6.384368e-06    1.096752e-06    2.820316e-06
6.468179e-07    -2.670197e-06    9.496866e-07    -2.43543e-06    -3.947136e-07    -4.80044e-06    1.152969e-05    1.00048e-05    -3.703091e-06    -6.718147e-06
1.358835e-06    -2.833841e-06    4.551535e-08    -2.717576e-06    -3.623684e-07    -6.384368e-06    1.00048e-05    1.296327e-05    -1.702172e-06    -7.98713e-06
2.05394e-07    1.310868e-07    -7.534615e-07    1.544913e-07    1.96257e-07    1.096752e-06    -3.703091e-06    -1.702172e-06    3.213827e-06    2.9082e-07
-5.695631e-07    1.583468e-06    -4.035299e-07    2.320941e-06    2.957093e-07    2.820316e-06    -6.718147e-06    -7.98713e-06    2.9082e-07    6.611452e-06
