1.895892e-06    2.157595e-06    4.194005e-07    -4.144055e-07    -1.334651e-06    -1.034664e-06    -1.49626e-06    -2.777662e-07    -3.150987e-07    1.367095e-06    -1.723774e-06    3.352767e-06    2.170339e-06    -2.050047e-06    -9.753555e-07    1.003645e-07    -2.31243e-07    1.265517e-07    -8.839982e-07    -1.428729e-07    1.474904e-08    -2.211087e-06    -1.404647e-06    9.881394e-07    7.736426e-07
2.157595e-06    1.204235e-05    6.41291e-06    -7.662621e-07    -6.450913e-06    -3.596334e-06    -5.281109e-06    -3.668015e-06    -1.00007e-06    4.995784e-06    -8.381776e-06    1.50652e-05    9.33742e-06    -1.020525e-05    -2.761882e-06    8.170719e-07    -2.27124e-06    -7.905217e-08    -2.959835e-06    -1.931535e-07    2.494924e-06    -8.598658e-06    -1.034952e-05    2.248873e-06    6.080295e-06
4.194005e-07    6.41291e-06    6.045488e-06    9.926894e-07    -4.932386e-06    -1.408667e-06    -1.84463e-06    -2.803652e-06    -1.061525e-06    3.023653e-06    -5.484406e-06    9.305214e-06    6.324797e-06    -5.87727e-06    -1.538787e-06    1.708825e-06    -2.788915e-06    -1.011623e-06    -1.145027e-06    4.273897e-08    2.220789e-06    -6.740459e-06    -7.615849e-06    1.822286e-06    5.105769e-06
-4.144055e-07    -7.662621e-07    9.926894e-07    3.37897e-06    -1.880869e-06    8.508565e-07    4.956221e-07    -7.817945e-07    6.433082e-07    -1.470891e-06    4.697929e-08    2.028143e-06    -6.292716e-08    -3.746938e-07    -1.216642e-07    1.259876e-06    -1.594927e-06    -9.730812e-07    8.467758e-07    -2.711312e-08    4.661619e-07    -3.390079e-06    -4.684762e-07    1.6387e-06    7.151106e-07
-1.334651e-06    -6.450913e-06    -4.932386e-06    -1.880869e-06    7.032047e-06    1.364413e-06    2.296398e-06    2.435183e-06    1.879731e-07    -1.571139e-06    5.67191e-06    -1.141559e-05    -6.307162e-06    6.472871e-06    1.992462e-06    -2.170028e-06    3.401358e-06    1.639862e-06    3.363082e-07    1.033773e-07    -1.735677e-06    8.692024e-06    6.530776e-06    -3.036401e-06    -4.468353e-06
-1.034664e-06    -3.596334e-06    -1.408667e-06    8.508565e-07    1.364413e-06    4.065874e-06    1.444463e-06    -1.30919e-06    1.393739e-06    -2.555243e-06    1.538193e-06    -4.713683e-06    -1.145648e-06    2.568358e-06    1.07069e-06    2.145659e-07    1.337031e-06    -1.064876e-06    1.064139e-06    9.549228e-08    3.034566e-07    3.098496e-07    3.505754e-06    1.076269e-06    -2.877028e-06
-1.49626e-06    -5.281109e-06    -1.84463e-06    4.956221e-07    2.296398e-06    1.444463e-06    3.996512e-06    2.036594e-06    -2.94904e-07    -2.130989e-06    2.797326e-06    -6.089543e-06    -3.727137e-06    4.904763e-06    1.024765e-06    1.304949e-07    -7.76563e-08    -8.001388e-07    1.900346e-06    3.644998e-07    -6.326765e-07    4.630429e-06    3.582355e-06    -1.81684e-06    -1.944679e-06
-2.777662e-07    -3.668015e-06    -2.803652e-06    -7.817945e-07    2.435183e-06    -1.30919e-06    2.036594e-06    4.786242e-06    -3.044692e-07    -2.243706e-06    2.947775e-06    -4.552985e-06    -4.323515e-06    3.947966e-06    8.626069e-07    -5.30949e-08    -4.418867e-07    1.320975e-07    7.898849e-07    3.097624e-07    -2.382834e-06    4.98642e-06    3.756549e-06    -2.220731e-06    -1.695935e-06
-3.150987e-07    -1.00007e-06    -1.061525e-06    6.433082e-07    1.879731e-07    1.393739e-06    -2.94904e-07    -3.044692e-07    2.846093e-06    -3.047384e-06    5.631519e-07    -8.060287e-07    -7.359921e-07    5.497081e-07    7.044683e-07    1.35966e-07    -2.474453e-07    -5.529737e-07    7.056737e-07    1.045813e-07    2.157358e-07    -6.730269e-07    1.583976e-06    1.23197e-06    -1.791712e-06
1.367095e-06    4.995784e-06    3.023653e-06    -1.470891e-06    -1.571139e-06    -2.555243e-06    -2.130989e-06    -2.243706e-06    -3.047384e-06    6.855159e-06    -3.352013e-06    5.565462e-06    4.455393e-06    -4.175931e-06    -1.928153e-06    -7.662568e-07    2.110049e-07    1.388572e-06    -1.540414e-06    -4.011475e-07    8.962479e-07    -1.756647e-06    -5.132799e-06    -8.349443e-07    4.056539e-06
-1.723774e-06    -8.381776e-06    -5.484406e-06    4.697929e-08    5.67191e-06    1.538193e-06    2.797326e-06    2.947775e-06    5.631519e-07    -3.352013e-06    7.716902e-06    -1.213243e-05    -8.158074e-06    7.231402e-06    2.228366e-06    -1.37261e-06    2.895468e-06    1.2318e-06    1.277425e-06    -7.005998e-08    -2.232231e-06    7.205597e-06    7.727194e-06    -1.966752e-06    -4.635505e-06
3.352767e-06    1.50652e-05    9.305214e-06    2.028143e-06    -1.141559e-05    -4.713683e-06    -6.089543e-06    -4.552985e-06    -8.060287e-07    5.565462e-06    -1.213243e-05    2.44415e-05    1.208992e-05    -1.38656e-05    -3.893199e-06    2.51376e-06    -6.064602e-06    -1.16752e-06    -2.249609e-06    -2.558177e-07    3.098526e-06    -1.453592e-05    -1.396551e-05    3.812896e-06    9.385665e-06
2.170339e-06    9.33742e-06    6.324797e-06    -6.292716e-08    -6.307162e-06    -1.145648e-06    -3.727137e-06    -4.323515e-06    -7.359921e-07    4.455393e-06    -8.158074e-06    1.208992e-05    1.090864e-05    -8.808035e-06    -3.11613e-06    1.765789e-06    -2.176004e-06    -1.64478e-06    -1.927224e-06    -5.074203e-08    3.087684e-06    -9.123609e-06    -9.02004e-06    3.358489e-06    5.069419e-06
-2.050047e-06    -1.020525e-05    -5.87727e-06    -3.746938e-07    6.472871e-06    2.568358e-06    4.904763e-06    3.947966e-06    5.497081e-07    -4.175931e-06    7.231402e-06    -1.38656e-05    -8.808035e-06    9.812327e-06    2.518798e-06    -1.305804e-06    2.25017e-06    4.534735e-07    2.429193e-06    2.878615e-07    -2.574243e-06    9.31085e-06    9.240765e-06    -2.990247e-06    -5.475627e-06
-9.753555e-07    -2.761882e-06    -1.538787e-06    -1.216642e-07    1.992462e-06    1.07069e-06    1.024765e-06    8.626069e-07    7.044683e-07    -1.928153e-06    2.228366e-06    -3.893199e-06    -3.11613e-06    2.518798e-06    1.462973e-06    -3.669867e-07    8.026388e-07    2.460802e-07    4.11634e-07    1.190943e-07    -6.81722e-07    2.403169e-06    2.763747e-06    -6.315515e-07    -1.869465e-06
1.003645e-07    8.170719e-07    1.708825e-06    1.259876e-06    -2.170028e-06    2.145659e-07    1.304949e-07    -5.30949e-08    1.35966e-07    -7.662568e-07    -1.37261e-06    2.51376e-06    1.765789e-06    -1.305804e-06    -3.669867e-07    1.62064e-06    -1.651653e-06    -1.458043e-06    1.938578e-07    1.489974e-07    4.447811e-07    -3.076148e-06    -1.515134e-06    1.417546e-06    1.0975e-06
-2.31243e-07    -2.27124e-06    -2.788915e-06    -1.594927e-06    3.401358e-06    1.337031e-06    -7.76563e-08    -4.418867e-07    -2.474453e-07    2.110049e-07    2.895468e-06    -6.064602e-06    -2.176004e-06    2.25017e-06    8.026388e-07    -1.651653e-06    4.443923e-06    7.937537e-07    -8.431933e-07    -1.561265e-07    -5.050091e-07    3.441895e-06    3.49318e-06    -4.306414e-07    -3.067675e-06
1.265517e-07    -7.905217e-08    -1.011623e-06    -9.730812e-07    1.639862e-06    -1.064876e-06    -8.001388e-07    1.320975e-07    -5.529737e-07    1.388572e-06    1.2318e-06    -1.16752e-06    -1.64478e-06    4.534735e-07    2.460802e-07    -1.458043e-06    7.937537e-07    2.179687e-06    -5.967358e-07    -3.02069e-07    -5.752248e-07    2.049726e-06    3.790882e-07    -1.399833e-06    1.291134e-07
-8.839982e-07    -2.959835e-06    -1.145027e-06    8.467758e-07    3.363082e-07    1.064139e-06    1.900346e-06    7.898849e-07    7.056737e-07    -1.540414e-06    1.277425e-06    -2.249609e-06    -1.927224e-06    2.429193e-06    4.11634e-07    1.938578e-07    -8.431933e-07    -5.967358e-07    2.027902e-06    8.231542e-08    -4.36523e-07    1.512906e-06    2.297802e-06    -6.592272e-07    -9.804103e-07
-1.428729e-07    -1.931535e-07    4.273897e-08    -2.711312e-08    1.033773e-07    9.549228e-08    3.644998e-07    3.097624e-07    1.045813e-07    -4.011475e-07    -7.005998e-08    -2.558177e-07    -5.074203e-08    2.878615e-07    1.190943e-07    1.489974e-07    -1.561265e-07    -3.02069e-07    8.231542e-08    1.394023e-07    5.206247e-09    3.41983e-07    1.115575e-07    -7.265849e-08    -1.818521e-07
1.474904e-08    2.494924e-06    2.220789e-06    4.661619e-07    -1.735677e-06    3.034566e-07    -6.326765e-07    -2.382834e-06    2.157358e-07    8.962479e-07    -2.232231e-06    3.098526e-06    3.087684e-06    -2.574243e-06    -6.81722e-07    4.447811e-07    -5.050091e-07    -5.752248e-07    -4.36523e-07    5.206247e-09    2.042946e-06    -2.69479e-06    -3.387163e-06    1.215098e-06    1.34942e-06
-2.211087e-06    -8.598658e-06    -6.740459e-06    -3.390079e-06    8.692024e-06    3.098496e-07    4.630429e-06    4.98642e-06    -6.730269e-07    -1.756647e-06    7.205597e-06    -1.453592e-05    -9.123609e-06    9.31085e-06    2.403169e-06    -3.076148e-06    3.441895e-06    2.049726e-06    1.512906e-06    3.41983e-07    -2.69479e-06    1.45984e-05    8.449231e-06    -6.309037e-06    -5.211504e-06
-1.404647e-06    -1.034952e-05    -7.615849e-06    -4.684762e-07    6.530776e-06    3.505754e-06    3.582355e-06    3.756549e-06    1.583976e-06    -5.132799e-06    7.727194e-06    -1.396551e-05    -9.02004e-06    9.240765e-06    2.763747e-06    -1.515134e-06    3.49318e-06    3.790882e-07    2.297802e-06    1.115575e-07    -3.387163e-06    8.449231e-06    1.166077e-05    -1.988424e-06    -7.266528e-06
9.881394e-07    2.248873e-06    1.822286e-06    1.6387e-06    -3.036401e-06    1.076269e-06    -1.81684e-06    -2.220731e-06    1.23197e-06    -8.349443e-07    -1.966752e-06    3.812896e-06    3.358489e-06    -2.990247e-06    -6.315515e-07    1.417546e-06    -4.306414e-07    -1.399833e-06    -6.592272e-07    -7.265849e-08    1.215098e-06    -6.309037e-06    -1.988424e-06    3.870671e-06    3.912732e-07
7.736426e-07    6.080295e-06    5.105769e-06    7.151106e-07    -4.468353e-06    -2.877028e-06    -1.944679e-06    -1.695935e-06    -1.791712e-06    4.056539e-06    -4.635505e-06    9.385665e-06    5.069419e-06    -5.475627e-06    -1.869465e-06    1.0975e-06    -3.067675e-06    1.291134e-07    -9.804103e-07    -1.818521e-07    1.34942e-06    -5.211504e-06    -7.266528e-06    3.912732e-07    5.803184e-06
