4.065874e-06    1.444463e-06    -1.30919e-06    1.393739e-06    -2.555243e-06    2.145659e-07    1.337031e-06    -1.064876e-06    1.064139e-06    9.549228e-08
1.444463e-06    3.996512e-06    2.036594e-06    -2.94904e-07    -2.130989e-06    1.304949e-07    -7.76563e-08    -8.001388e-07    1.900346e-06    3.644998e-07
-1.30919e-06    2.036594e-06    4.786242e-06    -3.044692e-07    -2.243706e-06    -5.30949e-08    -4.418867e-07    1.320975e-07    7.898849e-07    3.097624e-07
1.393739e-06    -2.94904e-07    -3.044692e-07    2.846093e-06    -3.047384e-06    1.35966e-07    -2.474453e-07    -5.529737e-07    7.056737e-07    1.045813e-07
-2.555243e-06    -2.130989e-06    -2.243706e-06    -3.047384e-06    6.855159e-06    -7.662568e-07    2.110049e-07    1.388572e-06    -1.540414e-06    -4.011475e-07
2.145659e-07    1.304949e-07    -5.30949e-08    1.35966e-07    -7.662568e-07    1.62064e-06    -1.651653e-06    -1.458043e-06    1.938578e-07    1.489974e-07
1.337031e-06    -7.76563e-08    -4.418867e-07    -2.474453e-07    2.110049e-07    -1.651653e-06    4.443923e-06    7.937537e-07    -8.431933e-07    -1.561265e-07
-1.064876e-06    -8.001388e-07    1.320975e-07    -5.529737e-07    1.388572e-06    -1.458043e-06    7.937537e-07    2.179687e-06    -5.967358e-07    -3.02069e-07
1.064139e-06    1.900346e-06    7.898849e-07    7.056737e-07    -1.540414e-06    1.938578e-07    -8.431933e-07    -5.967358e-07    2.027902e-06    8.231542e-08
9.549228e-08    3.644998e-07    3.097624e-07    1.045813e-07    -4.011475e-07    1.489974e-07    -1.561265e-07    -3.02069e-07    8.231542e-08    1.394023e-07
