1.895892e-06    2.157595e-06    4.194005e-07    -4.144055e-07    -1.334651e-06    6.733109e-07    2.510383e-06    1.795792e-06    5.712957e-08    -1.847302e-06    -1.034664e-06    -1.49626e-06    -2.777662e-07    -3.150987e-07    1.367095e-06    1.003645e-07    -2.31243e-07    1.265517e-07    -8.839982e-07    -1.428729e-07
2.157595e-06    1.204235e-05    6.41291e-06    -7.662621e-07    -6.450913e-06    1.119988e-06    8.419492e-06    7.753318e-06    1.726159e-07    -7.536254e-06    -3.596334e-06    -5.281109e-06    -3.668015e-06    -1.00007e-06    4.995784e-06    8.170719e-07    -2.27124e-06    -7.905217e-08    -2.959835e-06    -1.931535e-07
4.194005e-07    6.41291e-06    6.045488e-06    9.926894e-07    -4.932386e-06    9.19017e-07    5.028171e-06    4.557907e-06    1.858583e-07    -4.643314e-06    -1.408667e-06    -1.84463e-06    -2.803652e-06    -1.061525e-06    3.023653e-06    1.708825e-06    -2.788915e-06    -1.011623e-06    -1.145027e-06    4.273897e-08
-4.144055e-07    -7.662621e-07    9.926894e-07    3.37897e-06    -1.880869e-06    -1.412371e-07    -3.219228e-07    -9.382394e-08    1.719984e-06    -1.468115e-06    8.508565e-07    4.956221e-07    -7.817945e-07    6.433082e-07    -1.470891e-06    1.259876e-06    -1.594927e-06    -9.730812e-07    8.467758e-07    -2.711312e-08
-1.334651e-06    -6.450913e-06    -4.932386e-06    -1.880869e-06    7.032047e-06    -7.269085e-07    -5.587386e-06    -5.313499e-06    -1.483907e-06    7.282762e-06    1.364413e-06    2.296398e-06    2.435183e-06    1.879731e-07    -1.571139e-06    -2.170028e-06    3.401358e-06    1.639862e-06    3.363082e-07    1.033773e-07
6.733109e-07    1.119988e-06    9.19017e-07    -1.412371e-07    -7.269085e-07    2.938365e-06    5.52461e-07    -3.828623e-07    -3.597655e-07    -1.475985e-06    -1.897577e-06    -8.442491e-07    7.882014e-07    -1.698734e-06    1.766326e-06    1.269727e-07    -7.152175e-07    1.013296e-06    -8.176373e-07    -2.397155e-07
2.510383e-06    8.419492e-06    5.028171e-06    -3.219228e-07    -5.587386e-06    5.52461e-07    8.959781e-06    7.379887e-06    -3.554531e-07    -6.442373e-06    -2.036524e-06    -2.964435e-06    -2.623308e-06    -1.222559e-06    4.217066e-06    1.370852e-06    -2.655639e-06    -1.063748e-06    -1.67887e-06    -1.920347e-08
1.795792e-06    7.753318e-06    4.557907e-06    -9.382394e-08    -5.313499e-06    -3.828623e-07    7.379887e-06    7.571474e-06    4.759414e-07    -6.435171e-06    -2.112924e-06    -2.470401e-06    -1.995937e-06    -1.669598e-07    2.929449e-06    1.255438e-06    -3.315892e-06    -1.199979e-06    -7.588327e-07    1.179058e-07
5.712957e-08    1.726159e-07    1.858583e-07    1.719984e-06    -1.483907e-06    -3.597655e-07    -3.554531e-07    4.759414e-07    2.226733e-06    -1.332381e-06    -2.316327e-07    -5.808406e-07    -3.305851e-07    1.234884e-06    -9.18701e-07    6.319283e-07    -1.064915e-06    -4.858601e-07    7.150792e-07    -1.186963e-07
-1.847302e-06    -7.536254e-06    -4.643314e-06    -1.468115e-06    7.282762e-06    -1.475985e-06    -6.442373e-06    -6.435171e-06    -1.332381e-06    9.474392e-06    3.077701e-06    2.565239e-06    9.564532e-07    6.154322e-07    -1.787379e-06    -1.9952e-06    4.214863e-06    1.253758e-06    5.9794e-07    1.176472e-09
-1.034664e-06    -3.596334e-06    -1.408667e-06    8.508565e-07    1.364413e-06    -1.897577e-06    -2.036524e-06    -2.112924e-06    -2.316327e-07    3.077701e-06    4.065874e-06    1.444463e-06    -1.30919e-06    1.393739e-06    -2.555243e-06    2.145659e-07    1.337031e-06    -1.064876e-06    1.064139e-06    9.549228e-08
-1.49626e-06    -5.281109e-06    -1.84463e-06    4.956221e-07    2.296398e-06    -8.442491e-07    -2.964435e-06    -2.470401e-06    -5.808406e-07    2.565239e-06    1.444463e-06    3.996512e-06    2.036594e-06    -2.94904e-07    -2.130989e-06    1.304949e-07    -7.76563e-08    -8.001388e-07    1.900346e-06    3.644998e-07
-2.777662e-07    -3.668015e-06    -2.803652e-06    -7.817945e-07    2.435183e-06    7.882014e-07    -2.623308e-06    -1.995937e-06    -3.305851e-07    9.564532e-07    -1.30919e-06    2.036594e-06    4.786242e-06    -3.044692e-07    -2.243706e-06    -5.30949e-08    -4.418867e-07    1.320975e-07    7.898849e-07    3.097624e-07
-3.150987e-07    -1.00007e-06    -1.061525e-06    6.433082e-07    1.879731e-07    -1.698734e-06    -1.222559e-06    -1.669598e-07    1.234884e-06    6.154322e-07    1.393739e-06    -2.94904e-07    -3.044692e-07    2.846093e-06    -3.047384e-06    1.35966e-07    -2.474453e-07    -5.529737e-07    7.056737e-07    1.045813e-07
1.367095e-06    4.995784e-06    3.023653e-06    -1.470891e-06    -1.571139e-06    1.766326e-06    4.217066e-06    2.929449e-06    -9.18701e-07    -1.787379e-06    -2.555243e-06    -2.130989e-06    -2.243706e-06    -3.047384e-06    6.855159e-06    -7.662568e-07    2.110049e-07    1.388572e-06    -1.540414e-06    -4.011475e-07
1.003645e-07    8.170719e-07    1.708825e-06    1.259876e-06    -2.170028e-06    1.269727e-07    1.370852e-06    1.255438e-06    6.319283e-07    -1.9952e-06    2.145659e-07    1.304949e-07    -5.30949e-08    1.35966e-07    -7.662568e-07    1.62064e-06    -1.651653e-06    -1.458043e-06    1.938578e-07    1.489974e-07
-2.31243e-07    -2.27124e-06    -2.788915e-06    -1.594927e-06    3.401358e-06    -7.152175e-07    -2.655639e-06    -3.315892e-06    -1.064915e-06    4.214863e-06    1.337031e-06    -7.76563e-08    -4.418867e-07    -2.474453e-07    2.110049e-07    -1.651653e-06    4.443923e-06    7.937537e-07    -8.431933e-07    -1.561265e-07
1.265517e-07    -7.905217e-08    -1.011623e-06    -9.730812e-07    1.639862e-06    1.013296e-06    -1.063748e-06    -1.199979e-06    -4.858601e-07    1.253758e-06    -1.064876e-06    -8.001388e-07    1.320975e-07    -5.529737e-07    1.388572e-06    -1.458043e-06    7.937537e-07    2.179687e-06    -5.967358e-07    -3.02069e-07
-8.839982e-07    -2.959835e-06    -1.145027e-06    8.467758e-07    3.363082e-07    -8.176373e-07    -1.67887e-06    -7.588327e-07    7.150792e-07    5.9794e-07    1.064139e-06    1.900346e-06    7.898849e-07    7.056737e-07    -1.540414e-06    1.938578e-07    -8.431933e-07    -5.967358e-07    2.027902e-06    8.231542e-08
-1.428729e-07    -1.931535e-07    4.273897e-08    -2.711312e-08    1.033773e-07    -2.397155e-07    -1.920347e-08    1.179058e-07    -1.186963e-07    1.176472e-09    9.549228e-08    3.644998e-07    3.097624e-07    1.045813e-07    -4.011475e-07    1.489974e-07    -1.561265e-07    -3.02069e-07    8.231542e-08    1.394023e-07
