1    -0.06179415    -0.5939001    -0.1180336    0.02355674    0.1162531    -0.1139267    0.00128487    0.1293206    -0.05547518    0.01695272    -0.01407648    -0.03416736    0.06627287    -0.04323028
-0.06179415    1    -0.1008464    -0.6099681    0.04573424    -0.001550482    -0.01378769    -0.05543593    0.009300404    0.06775517    0.05017908    0.03859853    0.0003286684    0.003572982    -0.05133569
-0.5939001    -0.1008464    1    -0.06423964    -0.3811407    -0.01950941    -0.01188849    -0.02186892    -0.05353666    0.09461715    -0.02512137    0.03133349    0.05872744    -0.01318928    -0.05255804
-0.1180336    -0.6099681    -0.06423964    1    -0.2719001    0.09659845    -0.05081481    -0.007237194    0.04845973    -0.02623888    -0.002344669    -0.02653181    -0.01451307    -0.00431456    0.01790585
0.02355674    0.04573424    -0.3811407    -0.2719001    1    -0.1325456    0.1167388    0.05831755    -0.07513279    -0.06290769    -0.01086225    -0.01229876    0.01213007    -0.03356012    0.0535438
0.1162531    -0.001550482    -0.01950941    0.09659845    -0.1325456    1    -0.218888    -0.3308694    0.08306893    -0.09162578    -0.1409734    0.02028686    0.05504397    0.07824208    0.04217838
-0.1139267    -0.01378769    -0.01188849    -0.05081481    0.1167388    -0.218888    1    -0.5246829    -0.383431    0.2626359    -0.02336418    -0.01071071    0.02764055    -0.01490469    0.08265093
0.00128487    -0.05543593    -0.02186892    -0.007237194    0.05831755    -0.3308694    -0.5246829    1    -0.1363358    -0.5814342    0.03751466    0.006400481    0.04040486    0.02129473    -0.1184249
0.1293206    0.009300404    -0.05353666    0.04845973    -0.07513279    0.08306893    -0.383431    -0.1363358    1    -0.08966739    0.1388728    0.1385646    -0.05229533    -0.1499688    -0.07583151
-0.05547518    0.06775517    0.09461715    -0.02623888    -0.06290769    -0.09162578    0.2626359    -0.5814342    -0.08966739    1    -0.009999257    -0.1220648    -0.04896083    0.01803577    -0.004669578
0.01695272    0.05017908    -0.02512137    -0.002344669    -0.01086225    -0.1409734    -0.02336418    0.03751466    0.1388728    -0.009999257    1    -0.1376514    -0.6676179    0.09997202    0.0203232
-0.01407648    0.03859853    0.03133349    -0.02653181    -0.01229876    0.02028686    -0.01071071    0.006400481    0.1385646    -0.1220648    -0.1376514    1    0.03542279    -0.676552    0.1943159
-0.03416736    0.0003286684    0.05872744    -0.01451307    0.01213007    0.05504397    0.02764055    0.04040486    -0.05229533    -0.04896083    -0.6676179    0.03542279    1    -0.05155417    -0.452103
0.06627287    0.003572982    -0.01318928    -0.00431456    -0.03356012    0.07824208    -0.01490469    0.02129473    -0.1499688    0.01803577    0.09997202    -0.676552    -0.05155417    1    -0.5967933
-0.04323028    -0.05133569    -0.05255804    0.01790585    0.0535438    0.04217838    0.08265093    -0.1184249    -0.07583151    -0.004669578    0.0203232    0.1943159    -0.452103    -0.5967933    1
