1    -0.218888    -0.3308694    0.08306893    -0.09162578    -0.1258383    -0.02320729    0.07522568    0.05545163    0.08974795    0.02879211    0.05879974    0.005755298    -0.05404761    -0.0129772    -0.1409734    0.02028686    0.05504397    0.07824208    0.04217838
-0.218888    1    -0.5246829    -0.383431    0.2626359    -0.01455692    0.06198104    0.03869588    -0.02254292    0.01435585    -0.05456168    -0.02548276    0.02715219    0.03680484    -0.0107734    -0.02336418    -0.01071071    0.02764055    -0.01490469    0.08265093
-0.3308694    -0.5246829    1    -0.1363358    -0.5814342    0.06273874    -0.02058693    0.001870807    0.05382585    -0.1476819    0.004097723    -0.09662301    -0.03263222    0.02233212    0.04831779    0.03751466    0.006400481    0.04040486    0.02129473    -0.1184249
0.08306893    -0.383431    -0.1363358    1    -0.08966739    0.04279115    0.0654401    -0.000152359    -0.07644511    -0.0834524    -0.003521026    -0.002227745    -0.0295787    0.005798343    0.004181365    0.1388728    0.1385646    -0.05229533    -0.1499688    -0.07583151
-0.09162578    0.2626359    -0.5814342    -0.08966739    1    -0.009388509    -0.06429029    -0.03563237    -0.02437464    0.01308207    0.02540195    0.07666948    0.03243086    0.008883128    -0.07207009    -0.009999257    -0.1220648    -0.04896083    0.01803577    -0.004669578
-0.1258383    -0.01455692    0.06273874    0.04279115    -0.009388509    1    -0.2296069    -0.743259    0.1712309    0.09838464    -0.02593812    -0.1296829    0.03661345    0.1564445    -0.06552805    0.0856522    -0.04523471    -0.01801394    0.04003625    -0.04664262
-0.02320729    0.06198104    -0.02058693    0.0654401    -0.06429029    -0.2296069    1    0.1247282    -0.7481843    0.2853823    -0.09825008    0.03743671    0.1321753    -0.01771388    -0.0229312    -0.005273077    0.02508515    0.01570861    -0.03861038    0.02998282
0.07522568    0.03869588    0.001870807    -0.000152359    -0.03563237    -0.743259    0.1247282    1    -0.1546872    -0.4145793    0.03731971    0.1553127    -0.0364625    -0.09780267    0.003624047    -0.04089768    0.01373279    0.02227346    -0.03342417    0.01561103
0.05545163    -0.02254292    0.05382585    -0.07644511    -0.02437464    0.1712309    -0.7481843    -0.1546872    1    -0.613247    0.1563122    -0.01865699    -0.08847769    0.02681803    -0.06346066    0.02113682    -0.02903033    0.01013477    0.07918532    -0.08067909
0.08974795    0.01435585    -0.1476819    -0.0834524    0.01308207    0.09838464    0.2853823    -0.4145793    -0.613247    1    -0.1155605    -0.04391248    0.04167564    -0.0501001    0.02250212    -0.03872268    0.03142138    -0.01628364    -0.03578866    0.07470589
0.02879211    -0.05456168    0.004097723    -0.003521026    0.02540195    -0.02593812    -0.09825008    0.03731971    0.1563122    -0.1155605    1    -0.1169316    -0.7228295    0.1430365    0.1130299    0.1757378    0.02504304    -0.105211    -0.008841889    -0.02511926
0.05879974    -0.02548276    -0.09662301    -0.002227745    0.07666948    -0.1296829    0.03743671    0.1553127    -0.01865699    -0.04391248    -0.1169316    1    0.1225456    -0.708288    0.1717449    0.03620365    0.0936842    -0.0119282    -0.0254776    -0.01258437
0.005755298    0.02715219    -0.03263222    -0.0295787    0.03243086    0.03661345    0.1321753    -0.0364625    -0.08847769    0.04167564    -0.7228295    0.1225456    1    -0.1843117    -0.4438617    -0.113282    0.04960023    0.1477838    -0.01328394    -0.06908165
-0.05404761    0.03680484    0.02233212    0.005798343    0.008883128    0.1564445    -0.01771388    -0.09780267    0.02681803    -0.0501001    0.1430365    -0.708288    -0.1843117    1    -0.5048047    -0.05155008    -0.09524614    0.06263443    0.1308298    -0.08923405
-0.0129772    -0.0107734    0.04831779    0.004181365    -0.07207009    -0.06552805    -0.0229312    0.003624047    -0.06346066    0.02250212    0.1130299    0.1717449    -0.4438617    -0.5048047    1    0.02834152    -0.01744921    -0.1629022    -0.1021666    0.3065855
-0.1409734    -0.02336418    0.03751466    0.1388728    -0.009999257    0.0856522    -0.005273077    -0.04089768    0.02113682    -0.03872268    0.1757378    0.03620365    -0.113282    -0.05155008    0.02834152    1    -0.1376514    -0.6676179    0.09997202    0.0203232
0.02028686    -0.01071071    0.006400481    0.1385646    -0.1220648    -0.04523471    0.02508515    0.01373279    -0.02903033    0.03142138    0.02504304    0.0936842    0.04960023    -0.09524614    -0.01744921    -0.1376514    1    0.03542279    -0.676552    0.1943159
0.05504397    0.02764055    0.04040486    -0.05229533    -0.04896083    -0.01801394    0.01570861    0.02227346    0.01013477    -0.01628364    -0.105211    -0.0119282    0.1477838    0.06263443    -0.1629022    -0.6676179    0.03542279    1    -0.05155417    -0.452103
0.07824208    -0.01490469    0.02129473    -0.1499688    0.01803577    0.04003625    -0.03861038    -0.03342417    0.07918532    -0.03578866    -0.008841889    -0.0254776    -0.01328394    0.1308298    -0.1021666    0.09997202    -0.676552    -0.05155417    1    -0.5967933
0.04217838    0.08265093    -0.1184249    -0.07583151    -0.004669578    -0.04664262    0.02998282    0.01561103    -0.08067909    0.07470589    -0.02511926    -0.01258437    -0.06908165    -0.08923405    0.3065855    0.0203232    0.1943159    -0.452103    -0.5967933    1
