1    -0.1946423    -0.4709472    0.235111    -0.02529814    0.09385781    -0.08776051    -0.1242036    0.03258501    0.0502754    -0.03402786    0.01615191    0.04375832    0.0177145    -0.05348501    0.1905081    0.05805054    -0.0849397    0.1405373    -0.1113575    0.01580902    -0.04429785    0.01512312    0.04417408    -0.02605909    0.01165382    -0.01953328    -0.0062315    0.005046346    -0.01143562    0.008855724    0.01897996    0.02590964    -0.000684535    0.0008350465    -0.09196398    0.007111502    0.01919093    -0.0115296    0.03615598
-0.1946423    1    0.005353657    -0.6506694    0.2672641    -0.1390567    0.05639625    0.068539    -0.1577087    0.1101471    -0.05235081    -0.02692965    0.03687401    0.01014877    0.08388266    -0.3011684    0.1858754    0.1408033    -0.2889913    0.04265037    -0.05991311    -0.0005669999    0.03145227    0.01238109    -0.01437138    -0.008077062    -0.007483896    0.03566922    0.05549236    -0.04671823    -0.001968681    0.02933543    0.03657617    -0.001541433    -0.06695369    -0.01949221    -0.04198734    0.02874585    0.03525049    -0.04166531
-0.4709472    0.005353657    1    0.06514224    -0.5083593    -0.1177488    -0.0588366    -0.038929    -0.06430305    0.1876393    -0.04594803    0.005109896    0.01969329    0.01949729    -0.02142297    -0.3443431    0.0793444    0.3050037    -0.286987    -0.07075013    -0.08382258    0.1084163    0.1165131    -0.07260895    -0.05519722    -0.01555761    -0.0006513207    -0.01489961    0.006143999    0.06532508    0.02068747    -0.01760481    -0.05566284    -0.01842356    0.03019028    0.02641534    -0.02992343    0.002548544    -0.05080884    0.04667453
0.235111    -0.6506694    0.06514224    1    -0.6078586    0.1166931    -0.1987784    -0.2100947    0.158768    0.09811559    0.03154265    0.04646957    -0.05828302    -0.02929902    -0.02493193    0.08408126    -0.0411414    0.04453072    0.2060878    -0.1905402    0.06193581    0.06285861    -0.005116542    -0.02456669    -0.01243414    0.03309106    -0.0007959545    -0.0509    -0.04873637    0.08804173    0.02310187    -0.02738831    -0.0408583    0.001390919    0.01819173    0.0144666    0.05111462    -0.03096351    -0.06306929    0.04605624
-0.02529814    0.2672641    -0.5083593    -0.6078586    1    -0.04899594    0.2044164    0.2562508    -0.05158134    -0.2554506    0.00943302    -0.05730638    -0.002408001    0.00987881    0.03771453    0.1313482    -0.1075655    -0.2165976    0.1146056    0.2692149    -0.04092893    -0.1104018    -0.06480707    0.02008828    0.103033    -0.01608065    0.04638846    0.06175519    0.007692531    -0.0809541    -0.005811172    0.04047556    0.0275908    -0.01688287    -0.03421185    0.01933827    -0.02711124    0.02084406    0.05430986    -0.08850135
0.09385781    -0.1390567    -0.1177488    0.1166931    -0.04899594    1    -0.06179415    -0.5939001    -0.1180336    0.02355674    0.03778674    -0.005553675    0.002071574    -0.01161905    -0.02875373    0.1162531    -0.1139267    0.00128487    0.1293206    -0.05547518    0.09717232    -0.08722816    -0.08667009    0.1380336    -0.01523424    0.01634699    0.00380016    -0.004393445    0.008885326    -0.01188798    -0.03900693    0.010278    0.04526071    0.001371452    -0.02929836    0.01695272    -0.01407648    -0.03416736    0.06627287    -0.04323028
-0.08776051    0.05639625    -0.0588366    -0.1987784    0.2044164    -0.06179415    1    -0.1008464    -0.6099681    0.04573424    -0.1096057    -0.0344562    0.07934024    0.01081083    0.01388016    -0.001550482    -0.01378769    -0.05543593    0.009300404    0.06775517    -0.03067778    -0.06843121    -0.0343644    -0.03209805    0.1146362    0.0537893    0.005927495    -0.01351157    0.01667249    -0.05022251    0.02731022    0.005732828    -0.03554778    -0.0358857    0.03533958    0.05017908    0.03859853    0.0003286684    0.003572982    -0.05133569
-0.1242036    0.068539    -0.038929    -0.2100947    0.2562508    -0.5939001    -0.1008464    1    -0.06423964    -0.3811407    -0.01944893    -0.05171702    0.01285704    0.02854312    0.01525333    -0.01950941    -0.01188849    -0.02186892    -0.05353666    0.09461715    -0.05156854    0.009508551    -0.07544323    -0.1066749    0.1357757    -0.0203523    0.0371417    0.02756475    -0.02537533    -0.0297098    -0.01514986    0.03284415    -0.01835454    -0.03479407    0.05644895    -0.02512137    0.03133349    0.05872744    -0.01318928    -0.05255804
0.03258501    -0.1577087    -0.06430305    0.158768    -0.05158134    -0.1180336    -0.6099681    -0.06423964    1    -0.2719001    0.09477362    0.0265755    -0.1105379    -0.007460088    0.01657019    0.09659845    -0.05081481    -0.007237194    0.04845973    -0.02623888    0.08828579    -0.01406343    -0.08150698    0.04104409    -0.007125094    -0.01292824    0.008092942    0.002764414    -0.0248288    -0.0006085312    -0.02370409    -0.04042511    0.02851746    0.03624631    -0.004519646    -0.002344669    -0.02653181    -0.01451307    -0.00431456    0.01790585
0.0502754    0.1101471    0.1876393    0.09811559    -0.2554506    0.02355674    0.04573424    -0.3811407    -0.2719001    1    -0.02075961    0.03412797    0.03032551    0.01628158    -0.04739361    -0.1325456    0.1167388    0.05831755    -0.07513279    -0.06290769    -0.04240613    0.08882602    0.1915411    -0.01750514    -0.1416398    -0.01217325    -0.02460629    -0.009801652    0.01471605    0.04585703    0.007547382    -0.02871708    -0.004351915    0.01826415    -0.03944485    -0.01086225    -0.01229876    0.01213007    -0.03356012    0.0535438
-0.03402786    -0.05235081    -0.04594803    0.03154265    0.00943302    0.03778674    -0.1096057    -0.01944893    0.09477362    -0.02075961    1    -0.07097652    -0.6286305    -0.03675972    0.02730792    0.07133116    0.0009880514    -0.08331216    0.0666371    0.03308407    0.0689343    0.007783313    -0.0212918    0.07752301    -0.06880227    -0.02728783    -0.03765196    -0.009063143    0.02389594    0.02791286    -0.0485784    -0.006247317    0.01380697    0.01945282    0.02531664    -0.008896891    0.009869074    0.003122145    -0.009680778    0.02362222
0.01615191    -0.02692965    0.005109896    0.04646957    -0.05730638    -0.005553675    -0.0344562    -0.05171702    0.0265755    0.03412797    -0.07097652    1    -0.0791724    -0.5835572    0.1192374    0.07350226    -0.03731959    -0.0562935    0.005618738    0.04166083    -0.02575429    0.08160993    0.09425702    -0.03981627    -0.07526258    0.02629894    -0.06592303    -0.08086873    -0.02031981    0.09905445    0.006735273    0.04411676    0.01933043    0.004330459    -0.02977172    -0.06359591    0.008297618    0.01793905    0.005015956    0.02436472
0.04375832    0.03687401    0.01969329    -0.05828302    -0.002408001    0.002071574    0.07934024    0.01285704    -0.1105379    0.03032551    -0.6286305    -0.0791724    1    -0.02143606    -0.3763256    -0.005433263    -0.01529972    -0.04156744    -0.03103105    0.06343927    -0.05758539    0.04204721    0.08289322    -0.04544069    -0.04537007    0.01645754    0.002476394    -0.01432922    0.006328358    0.01636737    0.006903994    -0.0137359    -0.003053504    -0.0004015848    0.03564189    -0.01497102    0.03701657    -0.02526247    0.02080239    0.01459992
0.0177145    0.01014877    0.01949729    -0.02929902    0.00987881    -0.01161905    0.01081083    0.02854312    -0.007460088    0.01628158    -0.03675972    -0.5835572    -0.02143606    1    -0.4130093    0.06806232    -0.02288523    -0.005968933    0.0244222    -0.04194133    -0.008007704    -0.0271273    -0.008622669    0.0471318    -0.0192737    -0.0161732    0.0254502    0.03847716    0.0145307    -0.08453703    -0.000374508    -0.05539037    0.001364103    0.02382451    1.169548e-05    0.03168262    -0.01068729    0.01469403    0.002564623    -0.02624095
-0.05348501    0.08388266    -0.02142297    -0.02493193    0.03771453    -0.02875373    0.01388016    0.01525333    0.01657019    -0.04739361    0.02730792    0.1192374    -0.3763256    -0.4130093    1    -0.1138256    0.05415237    0.07514607    -0.04304432    -0.0297231    -0.02454855    -0.02518229    -0.05908019    -0.0291618    0.1029901    0.006587987    0.02238162    0.005637427    -0.01770216    -0.007600626    0.006364587    0.08855132    -0.001914479    -0.05545927    -0.02451019    0.007275371    -0.05941935    -0.0005473347    -0.009962569    -0.004733897
0.1905081    -0.3011684    -0.3443431    0.08408126    0.1313482    0.1162531    -0.001550482    -0.01950941    0.09659845    -0.1325456    0.07133116    0.07350226    -0.005433263    0.06806232    -0.1138256    1    -0.218888    -0.3308694    0.08306893    -0.09162578    0.04442717    -0.08378651    -0.08012579    0.0740386    0.03115873    0.116546    0.07369322    -0.06692659    -0.137418    -0.1397809    -0.1594635    -0.1036889    0.1272537    0.1577092    0.07570223    -0.1409734    0.02028686    0.05504397    0.07824208    0.04217838
0.05805054    0.1858754    0.0793444    -0.0411414    -0.1075655    -0.1139267    -0.01378769    -0.01188849    -0.05081481    0.1167388    0.0009880514    -0.03731959    -0.01529972    -0.02288523    0.05415237    -0.218888    1    -0.5246829    -0.383431    0.2626359    -0.03844186    0.03924879    0.06687638    -0.009079785    -0.06990387    -0.002405848    0.02517151    0.07966656    0.04464812    -0.1429145    0.05951184    0.06081229    -0.02328887    -0.02801036    0.04705104    -0.02336418    -0.01071071    0.02764055    -0.01490469    0.08265093
-0.0849397    0.1408033    0.3050037    0.04453072    -0.2165976    0.00128487    -0.05543593    -0.02186892    -0.007237194    0.05831755    -0.08331216    -0.0562935    -0.04156744    -0.005968933    0.07514607    -0.3308694    -0.5246829    1    -0.1363358    -0.5814342    -0.029307    0.03718132    0.01236598    -0.03433463    0.04014523    0.04747675    0.03678069    -0.04122174    -0.007058313    0.1017846    -0.01181768    0.03469571    0.06565866    0.01227663    -0.1548977    0.03751466    0.006400481    0.04040486    0.02129473    -0.1184249
0.1405373    -0.2889913    -0.286987    0.2060878    0.1146056    0.1293206    0.009300404    -0.05353666    0.04845973    -0.07513279    0.0666371    0.005618738    -0.03103105    0.0244222    -0.04304432    0.08306893    -0.383431    -0.1363358    1    -0.08966739    0.04506263    -0.09650101    -0.09709368    0.02375383    0.08929247    -0.09506395    0.004591667    0.08724918    0.07022003    0.04324774    0.08319598    0.08148973    -0.01572387    -0.1031207    -0.1436911    0.1388728    0.1385646    -0.05229533    -0.1499688    -0.07583151
-0.1113575    0.04265037    -0.07075013    -0.1905402    0.2692149    -0.05547518    0.06775517    0.09461715    -0.02623888    -0.06290769    0.03308407    0.04166083    0.06343927    -0.04194133    -0.0297231    -0.09162578    0.2626359    -0.5814342    -0.08966739    1    0.02572939    0.05939543    -0.004673176    -0.03393417    -0.00785499    -0.03573198    -0.04869228    -0.04965424    -0.009240701    0.1870871    0.005946093    -0.1029674    -0.1050454    -0.0283234    0.06182745    -0.009999257    -0.1220648    -0.04896083    0.01803577    -0.004669578
0.01580902    -0.05991311    -0.08382258    0.06193581    -0.04092893    0.09717232    -0.03067778    -0.05156854    0.08828579    -0.04240613    0.0689343    -0.02575429    -0.05758539    -0.008007704    -0.02454855    0.04442717    -0.03844186    -0.029307    0.04506263    0.02572939    1    0.1175183    -0.6888881    -0.007499106    0.04592695    0.09522771    -0.09204214    -0.07977132    0.1170341    -0.07538418    -0.05247648    -0.06287038    0.01559836    0.01989635    0.00947159    0.03811379    0.0649115    -0.01489147    -0.01745127    -0.04125743
-0.04429785    -0.0005669999    0.1084163    0.06285861    -0.1104018    -0.08722816    -0.06843121    0.009508551    -0.01406343    0.08882602    0.007783313    0.08160993    0.04204721    -0.0271273    -0.02518229    -0.08378651    0.03924879    0.03718132    -0.09650101    0.05939543    0.1175183    1    -0.2907878    -0.6958708    0.2802592    -0.04105729    -0.03431518    -0.09020196    -0.08061953    0.2086654    0.05543488    -0.06671004    -0.07136681    0.04426683    0.01652237    0.003563782    -0.03867463    -0.0274839    0.0240722    0.01749138
0.01512312    0.03145227    0.1165131    -0.005116542    -0.06480707    -0.08667009    -0.0343644    -0.07544323    -0.08150698    0.1915411    -0.0212918    0.09425702    0.08289322    -0.008622669    -0.05908019    -0.08012579    0.06687638    0.01236598    -0.09709368    -0.004673176    -0.6888881    -0.2907878    1    0.09759804    -0.538035    -0.083692    -0.09252621    -0.03048099    -0.02866181    0.1496614    0.06996076    0.02175862    -0.07768749    -0.03088349    0.05794758    -0.04921008    -0.006044469    0.01836305    -0.003917189    0.04829828
0.04417408    0.01238109    -0.07260895    -0.02456669    0.02008828    0.1380336    -0.03209805    -0.1066749    0.04104409    -0.01750514    0.07752301    -0.03981627    -0.04544069    0.0471318    -0.0291618    0.0740386    -0.009079785    -0.03433463    0.02375383    -0.03393417    -0.007499106    -0.6958708    0.09759804    1    -0.4298296    0.09174029    -0.02010248    -0.02645048    0.08885645    -0.1217763    -0.09681479    0.02869979    0.09249291    -0.01988521    -0.003017078    0.02671605    0.07705192    0.02414094    -0.006282117    -0.04155574
-0.02605909    -0.01437138    -0.05519722    -0.01243414    0.103033    -0.01523424    0.1146362    0.1357757    -0.007125094    -0.1416398    -0.06880227    -0.07526258    -0.04537007    -0.0192737    0.1029901    0.03115873    -0.06990387    0.04014523    0.08929247    -0.00785499    0.04592695    0.2802592    -0.538035    -0.4298296    1    0.01070133    0.1767705    0.1080461    -0.04915973    -0.1121769    -0.0101924    0.006944417    0.04364735    0.02965258    -0.07357629    -0.02745773    -0.07163876    0.009207482    0.04189701    -0.04891097
0.01165382    -0.008077062    -0.01555761    0.03309106    -0.01608065    0.01634699    0.0537893    -0.0203523    -0.01292824    -0.01217325    -0.02728783    0.02629894    0.01645754    -0.0161732    0.006587987    0.116546    -0.002405848    0.04747675    -0.09506395    -0.03573198    0.09522771    -0.04105729    -0.083692    0.09174029    0.01070133    1    0.1400241    -0.8017412    -0.2016428    0.2533022    0.08109797    -0.03101699    -0.04724303    -0.01047319    0.07067749    0.1505055    0.01463641    -0.08259465    -0.009590243    0.007012099
-0.01953328    -0.007483896    -0.0006513207    -0.0007959545    0.04638846    0.00380016    0.005927495    0.0371417    0.008092942    -0.02460629    -0.03765196    -0.06592303    0.002476394    0.0254502    0.02238162    0.07369322    0.02517151    0.03678069    0.004591667    -0.04869228    -0.09204214    -0.03431518    -0.09252621    -0.02010248    0.1767705    0.1400241    1    0.1472722    -0.7823827    0.08175681    0.01943102    0.0467386    -0.07314648    -0.1266719    0.1397819    0.05029851    0.1195945    -0.03536964    -0.07018548    0.003337377
-0.0062315    0.03566922    -0.01489961    -0.0509    0.06175519    -0.004393445    -0.01351157    0.02756475    0.002764414    -0.009801652    -0.009063143    -0.08086873    -0.01432922    0.03847716    0.005637427    -0.06692659    0.07966656    -0.04122174    0.08724918    -0.04965424    -0.07977132    -0.09020196    -0.03048099    -0.02645048    0.1080461    -0.8017412    0.1472722    1    0.08810614    -0.5706687    -0.1090971    0.02210913    -7.234861e-05    -0.03144008    0.04439909    -0.1021701    0.0291711    0.1122944    -0.001305928    -0.07595497
0.005046346    0.05549236    0.006143999    -0.04873637    0.007692531    0.008885326    0.01667249    -0.02537533    -0.0248288    0.01471605    0.02389594    -0.02031981    0.006328358    0.0145307    -0.01770216    -0.137418    0.04464812    -0.007058313    0.07022003    -0.009240701    0.1170341    -0.08061953    -0.02866181    0.08885645    -0.04915973    -0.2016428    -0.7823827    0.08810614    1    -0.4619127    -0.05645285    -0.1023445    0.04924931    0.1216477    -0.1091911    -0.05785682    -0.09681303    0.07878019    0.09896317    -0.05325679
-0.01143562    -0.04671823    0.06532508    0.08804173    -0.0809541    -0.01188798    -0.05022251    -0.0297098    -0.0006085312    0.04585703    0.02791286    0.09905445    0.01636737    -0.08453703    -0.007600626    -0.1397809    -0.1429145    0.1017846    0.04324774    0.1870871    -0.07538418    0.2086654    0.1496614    -0.1217763    -0.1121769    0.2533022    0.08175681    -0.5706687    -0.4619127    1    0.1599995    0.1078013    -0.02187313    -0.07460972    -0.1212047    -0.004920112    -0.03197663    -0.09976217    -0.03825894    0.2072811
0.008855724    -0.001968681    0.02068747    0.02310187    -0.005811172    -0.03900693    0.02731022    -0.01514986    -0.02370409    0.007547382    -0.0485784    0.006735273    0.006903994    -0.000374508    0.006364587    -0.1594635    0.05951184    -0.01181768    0.08319598    0.005946093    -0.05247648    0.05543488    0.06996076    -0.09681479    -0.0101924    0.08109797    0.01943102    -0.1090971    -0.05645285    0.1599995    1    0.02908078    -0.7833883    -0.1832564    0.1855046    -0.04770671    -0.06125778    0.04310393    0.08447078    -0.08224589
0.01897996    0.02933543    -0.01760481    -0.02738831    0.04047556    0.010278    0.005732828    0.03284415    -0.04042511    -0.02871708    -0.006247317    0.04411676    -0.0137359    -0.05539037    0.08855132    -0.1036889    0.06081229    0.03469571    0.08148973    -0.1029674    -0.06287038    -0.06671004    0.02175862    0.02869979    0.006944417    -0.03101699    0.0467386    0.02210913    -0.1023445    0.1078013    0.02908078    1    0.1197286    -0.7818992    0.104468    -0.09875956    0.02147977    0.0574648    -0.07599739    0.04724947
0.02590964    0.03657617    -0.05566284    -0.0408583    0.0275908    0.04526071    -0.03554778    -0.01835454    0.02851746    -0.004351915    0.01380697    0.01933043    -0.003053504    0.001364103    -0.001914479    0.1272537    -0.02328887    0.06565866    -0.01572387    -0.1050454    0.01559836    -0.07136681    -0.07768749    0.09249291    0.04364735    -0.04724303    -0.07314648    -7.234861e-05    0.04924931    -0.02187313    -0.7833883    0.1197286    1    0.183956    -0.5796155    0.02061411    0.009775405    -0.05974862    -0.1146549    0.151426
-0.000684535    -0.001541433    -0.01842356    0.001390919    -0.01688287    0.001371452    -0.0358857    -0.03479407    0.03624631    0.01826415    0.01945282    0.004330459    -0.0004015848    0.02382451    -0.05545927    0.1577092    -0.02801036    0.01227663    -0.1031207    -0.0283234    0.01989635    0.04426683    -0.03088349    -0.01988521    0.02965258    -0.01047319    -0.1266719    -0.03144008    0.1216477    -0.07460972    -0.1832564    -0.7818992    0.183956    1    -0.5016877    0.0992627    -0.08801021    -0.1117138    0.07056019    0.05887932
0.0008350465    -0.06695369    0.03019028    0.01819173    -0.03421185    -0.02929836    0.03533958    0.05644895    -0.004519646    -0.03944485    0.02531664    -0.02977172    0.03564189    1.169548e-05    -0.02451019    0.07570223    0.04705104    -0.1548977    -0.1436911    0.06182745    0.00947159    0.01652237    0.05794758    -0.003017078    -0.07357629    0.07067749    0.1397819    0.04439909    -0.1091911    -0.1212047    0.1855046    0.104468    -0.5796155    -0.5016877    1    -0.09082348    0.08659771    0.1111492    0.04930926    -0.08575363
-0.09196398    -0.01949221    0.02641534    0.0144666    0.01933827    0.01695272    0.05017908    -0.02512137    -0.002344669    -0.01086225    -0.008896891    -0.06359591    -0.01497102    0.03168262    0.007275371    -0.1409734    -0.02336418    0.03751466    0.1388728    -0.009999257    0.03811379    0.003563782    -0.04921008    0.02671605    -0.02745773    0.1505055    0.05029851    -0.1021701    -0.05785682    -0.004920112    -0.04770671    -0.09875956    0.02061411    0.0992627    -0.09082348    1    -0.1376514    -0.6676179    0.09997202    0.0203232
0.007111502    -0.04198734    -0.02992343    0.05111462    -0.02711124    -0.01407648    0.03859853    0.03133349    -0.02653181    -0.01229876    0.009869074    0.008297618    0.03701657    -0.01068729    -0.05941935    0.02028686    -0.01071071    0.006400481    0.1385646    -0.1220648    0.0649115    -0.03867463    -0.006044469    0.07705192    -0.07163876    0.01463641    0.1195945    0.0291711    -0.09681303    -0.03197663    -0.06125778    0.02147977    0.009775405    -0.08801021    0.08659771    -0.1376514    1    0.03542279    -0.676552    0.1943159
0.01919093    0.02874585    0.002548544    -0.03096351    0.02084406    -0.03416736    0.0003286684    0.05872744    -0.01451307    0.01213007    0.003122145    0.01793905    -0.02526247    0.01469403    -0.0005473347    0.05504397    0.02764055    0.04040486    -0.05229533    -0.04896083    -0.01489147    -0.0274839    0.01836305    0.02414094    0.009207482    -0.08259465    -0.03536964    0.1122944    0.07878019    -0.09976217    0.04310393    0.0574648    -0.05974862    -0.1117138    0.1111492    -0.6676179    0.03542279    1    -0.05155417    -0.452103
-0.0115296    0.03525049    -0.05080884    -0.06306929    0.05430986    0.06627287    0.003572982    -0.01318928    -0.00431456    -0.03356012    -0.009680778    0.005015956    0.02080239    0.002564623    -0.009962569    0.07824208    -0.01490469    0.02129473    -0.1499688    0.01803577    -0.01745127    0.0240722    -0.003917189    -0.006282117    0.04189701    -0.009590243    -0.07018548    -0.001305928    0.09896317    -0.03825894    0.08447078    -0.07599739    -0.1146549    0.07056019    0.04930926    0.09997202    -0.676552    -0.05155417    1    -0.5967933
0.03615598    -0.04166531    0.04667453    0.04605624    -0.08850135    -0.04323028    -0.05133569    -0.05255804    0.01790585    0.0535438    0.02362222    0.02436472    0.01459992    -0.02624095    -0.004733897    0.04217838    0.08265093    -0.1184249    -0.07583151    -0.004669578    -0.04125743    0.01749138    0.04829828    -0.04155574    -0.04891097    0.007012099    0.003337377    -0.07595497    -0.05325679    0.2072811    -0.08224589    0.04724947    0.151426    0.05887932    -0.08575363    0.0203232    0.1943159    -0.452103    -0.5967933    1
