1    -0.1750601    -0.4248295    0.2174913    0.002515153    0.1079122    -0.1208308    -0.1016283    0.02446583    0.01695501    0.1128037    -0.005627156    0.01896328    0.1118635    -0.134257    0.06960626    -0.05946263    0.01124724    0.06525906    -0.0422528    -0.03868388    0.02683497    0.02435256    -0.03779789    0.01498125    -0.0324485    0.03713678    -0.01089743    -0.0252368    0.02411072    0.0009747135    0.03327251    -0.05064715    -0.0215638    0.05025186
-0.1750601    1    -0.01491714    -0.6222392    0.2333305    -0.1610701    -0.05555202    0.06741579    -0.01584294    0.07706995    -0.2980614    0.1760931    0.1299954    -0.2695016    0.02233199    0.05904949    -0.003635176    -0.07226143    0.02426811    0.06971675    0.02570057    0.005629873    -0.02206836    0.0267326    -0.01257761    0.06517634    -0.02067189    -0.0349201    0.02311271    -0.007536412    0.03858535    -0.04293042    -0.03044503    0.020002    0.0008537819
-0.4248295    -0.01491714    1    0.05952327    -0.5232977    -0.1389593    -0.03479942    -0.02128682    -0.001143197    0.1773051    -0.228924    0.1715365    0.146916    -0.2619994    -0.07211953    -0.03717377    -0.0524544    -0.01608579    0.07371991    0.07790413    0.05941823    -0.02345454    -0.03673244    -0.0009793452    0.0164058    0.07469758    -0.07160698    -0.04301916    0.03843172    -0.007932219    0.002771592    -0.05800285    0.03287454    0.02958227    -0.02717925
0.2174913    -0.6222392    0.05952327    1    -0.5990358    0.1374584    -0.1120579    -0.1576606    0.03290222    0.0470667    0.1493598    0.01297192    0.02439789    0.1390625    -0.2113299    0.03295568    -0.03238618    -0.03195911    0.05777876    0.04540745    0.01295194    -0.007756155    -0.01507274    -0.04536799    0.0123655    -0.01060321    0.00331427    -0.004962427    -0.03767499    0.01569491    0.009905022    0.03889825    -0.01558606    -0.06794439    0.05679076
0.002515153    0.2333305    -0.5232977    -0.5990358    1    0.007183483    0.1960142    0.132439    -0.05088529    -0.1721358    0.0563764    -0.1666056    -0.1437062    0.1269514    0.2345591    -0.05598918    0.07469587    0.06070256    -0.1086727    -0.1021506    0.01103227    0.02341695    -0.00105645    0.003877634    -0.02687516    -0.0139021    0.006085149    0.01554656    0.001828074    -0.0170674    -0.01513226    -0.03677966    0.009636552    0.05131929    -0.06605082
0.1079122    -0.1610701    -0.1389593    0.1374584    0.007183483    1    -0.0653515    -0.7025817    -0.07246449    -0.03990777    0.09323476    -0.07455797    -0.003064017    0.09044197    -0.05538841    0.1119487    -0.0306998    -0.02404761    0.1615659    -0.1017869    -0.05735186    -0.03068268    0.03731908    0.0339948    -0.01774125    -0.04656379    -0.02450968    0.06832775    0.05737959    -0.08723703    -0.0211035    -0.02844851    0.04425556    0.03614543    -0.04129023
-0.1208308    -0.05555202    -0.03479942    -0.1120579    0.1960142    -0.0653515    1    -0.05452125    -0.5470611    0.1192943    -0.007842824    -0.09966343    0.003779823    0.06419739    0.05837466    -0.2691293    0.1216071    0.1612525    -0.2220394    -0.02468432    -0.02122781    -0.03761231    0.01279158    0.04081183    0.01646836    -0.02305848    0.02032462    -0.02303756    -0.008309708    0.05213728    -0.05571547    0.03124489    -0.005263358    0.01292093    0.0196505
-0.1016283    0.06741579    -0.02128682    -0.1576606    0.132439    -0.7025817    -0.05452125    1    0.01906412    -0.3010253    -0.01716437    0.02716833    -0.06362584    -0.01539027    0.09762453    -0.2112911    0.149687    0.1137867    -0.2744241    -0.01365065    -0.007419551    0.04277517    0.002508647    -0.02401571    0.04124434    -0.01388494    0.03191903    -0.02555524    -0.01929723    0.07371488    -0.01354869    0.02381293    -0.0120049    -0.0008737186    0.03446948
0.02446583    -0.01584294    -0.001143197    0.03290222    -0.05088529    -0.07246449    -0.5470611    0.01906412    1    -0.3474456    0.0278285    0.02331577    -0.04784114    0.005202215    0.007331946    0.1036328    -0.005337062    -0.02918636    0.1222977    -0.1364391    0.03306556    0.0692363    0.003159733    -0.07714675    0.03158206    0.04312793    0.03024446    -0.006829902    -0.03666107    0.01409886    0.04149865    0.02677067    -0.03036496    -0.04351334    0.04054505
0.01695501    0.07706995    0.1773051    0.0470667    -0.1721358    -0.03990777    0.1192943    -0.3010253    -0.3474456    1    -0.05734948    0.0618687    0.08338836    -0.06273125    -0.05928799    0.1045796    -0.102774    -0.1068129    0.08444076    0.1738623    -0.008806754    -0.03036565    0.009668594    0.0296788    -0.06149167    -0.007968931    -0.04523761    0.01878411    0.007284937    -0.02672611    0.01341937    -0.0240525    0.003897094    -0.01999872    0.009542477
0.1128037    -0.2980614    -0.228924    0.1493598    0.0563764    0.09323476    -0.007842824    -0.01716437    0.0278285    -0.05734948    1    -0.04959194    -0.3653458    -0.1231477    -0.235414    -0.02862622    0.008955436    0.09073879    -0.06501339    -0.09447889    0.01666408    0.05693432    -0.0006484418    -0.04199493    0.005914286    -0.009136779    0.01059224    -0.008654176    0.01641797    -0.01315003    -0.01040112    0.06133382    0.01911049    0.01675741    -0.06221591
-0.005627156    0.1760931    0.1715365    0.01297192    -0.1666056    -0.07455797    -0.09966343    0.02716833    0.02331577    0.0618687    -0.04959194    1    -0.6263962    -0.3809867    0.2643759    0.09542287    -0.05329368    -0.0703135    0.04889042    0.07020334    0.01350773    0.02125024    0.0173065    -0.02122322    -0.04818402    -0.00372597    -0.0032623    0.04163321    0.00351536    -0.05522946    -0.01894117    0.006198445    0.07756309    -0.008251203    -0.05519194
0.01896328    0.1299954    0.146916    0.02439789    -0.1437062    -0.003064017    0.003779823    -0.06362584    -0.04784114    0.08338836    -0.3653458    -0.6263962    1    -0.04479658    -0.5652813    0.04048802    -0.03210165    -0.04785495    0.07808669    0.03893889    0.01486091    0.01783109    0.03012459    0.01105537    -0.03527674    0.05830373    0.03183936    0.009057584    -0.00370616    -0.03802861    0.05545266    0.005284587    -0.02549082    -0.004592954    0.01060062
0.1118635    -0.2695016    -0.2619994    0.1390625    0.1269514    0.09044197    0.06419739    -0.01539027    0.005202215    -0.06273125    -0.1231477    -0.3809867    -0.04479658    1    0.1156272    -0.08727965    0.05419702    0.07491683    -0.05713886    -0.08470179    -0.05895    0.0442306    0.05582072    0.002050091    -0.008719888    -0.07425488    0.08680586    0.06399375    -0.06517439    0.01595199    -0.000464846    0.07262736    -0.02296771    -0.08316854    0.07031703
-0.134257    0.02233199    -0.07211953    -0.2113299    0.2345591    -0.05538841    0.05837466    0.09762453    0.007331946    -0.05928799    -0.235414    0.2643759    -0.5652813    0.1156272    1    -0.08042156    0.05047742    0.02358717    -0.09094592    0.01972786    -0.05329875    -0.1104846    -0.04987427    0.04384095    0.08359652    -0.06741344    -0.08952706    -0.0383147    0.009030861    0.1118037    -0.05747459    -0.1235436    -0.007489111    0.04218325    0.04934349
0.06960626    0.05904949    -0.03717377    0.03295568    -0.05598918    0.1119487    -0.2691293    -0.2112911    0.1036328    0.1045796    -0.02862622    0.09542287    0.04048802    -0.08727965    -0.08042156    1    0.1802937    -0.5691702    -0.2002636    -0.1141258    -0.03518199    0.04406992    0.08748384    -0.006565689    -0.09400843    -0.1603644    0.01298608    0.1604654    0.08648642    -0.03671642    0.02973779    0.05498523    0.07407697    -0.01060514    -0.09392598
-0.05946263    -0.003635176    -0.0524544    -0.03238618    0.07469587    -0.0306998    0.1216071    0.149687    -0.005337062    -0.102774    0.008955436    -0.05329368    -0.03210165    0.05419702    0.05047742    0.1802937    1    -0.712963    -0.5634511    0.2419349    -0.004117329    -0.05887365    0.02810096    0.07208845    -0.01944009    -0.02048981    -0.04206599    -0.01845305    0.05780439    0.1025666    -0.00674628    0.01408197    0.04352533    0.03240485    -0.03614079
0.01124724    -0.07226143    -0.01608579    -0.03195911    0.06070256    -0.02404761    0.1612525    0.1137867    -0.02918636    -0.1068129    0.09073879    -0.0703135    -0.04785495    0.07491683    0.02358717    -0.5691702    -0.712963    1    0.1600804    -0.4300399    0.004094961    0.08498085    -0.01357486    -0.04992367    0.03569054    0.04503312    0.06082599    -0.01556947    -0.04923939    -0.05356981    0.008916974    0.02095433    -0.05981778    -0.02081737    0.05972902
0.06525906    0.02426811    0.07371991    0.05777876    -0.1086727    0.1615659    -0.2220394    -0.2744241    0.1222977    0.08444076    -0.06501339    0.04889042    0.07808669    -0.05713886    -0.09094592    -0.2002636    -0.5634511    0.1600804    1    -0.04550196    0.04088292    0.03016526    -0.01105948    -0.05378308    -0.03262829    0.1436854    0.03978726    -0.04075165    -0.09282286    -0.1352477    0.006911928    -0.03437708    0.01492334    0.008254262    -0.02685137
-0.0422528    0.06971675    0.07790413    0.04540745    -0.1021506    -0.1017869    -0.02468432    -0.01365065    -0.1364391    0.1738623    -0.09447889    0.07020334    0.03893889    -0.08470179    0.01972786    -0.1141258    0.2419349    -0.4300399    -0.04550196    1    -0.01434644    -0.1607475    -0.08457745    0.04869665    0.08412436    -0.04299442    -0.1391635    -0.0326559    0.01498628    -0.005949784    -0.05358654    -0.09921473    -0.02379207    -0.006139206    0.05736875
-0.03868388    0.02570057    0.05941823    0.01295194    0.01103227    -0.05735186    -0.02122781    -0.007419551    0.03306556    -0.008806754    0.01666408    0.01350773    0.01486091    -0.05895    -0.05329875    -0.03518199    -0.004117329    0.004094961    0.04088292    -0.01434644    1    0.05016715    -0.7652618    -0.2164396    0.2527462    0.5959399    0.008867918    -0.4352198    -0.1327181    0.1665932    0.1757093    -0.01902461    -0.08365833    -0.06035079    0.02954738
0.02683497    0.005629873    -0.02345454    -0.007756155    0.02341695    -0.03068268    -0.03761231    0.04277517    0.0692363    -0.03036565    0.05693432    0.02125024    0.01783109    0.0442306    -0.1104846    0.04406992    -0.05887365    0.08498085    0.03016526    -0.1607475    0.05016715    1    0.07725506    -0.7808682    0.1179414    0.03727942    0.5768487    0.003365721    -0.4236526    0.06463427    0.04511379    0.1572304    -0.01627114    -0.09815471    -0.01748515
0.02435256    -0.02206836    -0.03673244    -0.01507274    -0.00105645    0.03731908    0.01279158    0.002508647    0.003159733    0.009668594    -0.0006484418    0.0173065    0.03012459    0.05582072    -0.04987427    0.08748384    0.02810096    -0.01357486    -0.01105948    -0.08457745    -0.7652618    0.07725506    1    0.210168    -0.6410685    -0.4368008    0.05310049    0.5855373    0.1218832    -0.4151067    -0.1032741    0.05570676    0.1396427    0.0561913    -0.1408994
-0.03779789    0.0267326    -0.0009793452    -0.04536799    0.003877634    0.0339948    0.04081183    -0.02401571    -0.07714675    0.0296788    -0.04199493    -0.02122322    0.01105537    0.002050091    0.04384095    -0.006565689    0.07208845    -0.04992367    -0.05378308    0.04869665    -0.2164396    -0.7808682    0.210168    1    -0.5415401    -0.1096388    -0.43125    0.1203527    0.5588632    -0.3183744    -0.02245147    -0.0877916    0.04534361    0.128129    -0.06091721
0.01498125    -0.01257761    0.0164058    0.0123655    -0.02687516    -0.01774125    0.01646836    0.04124434    0.03158206    -0.06149167    0.005914286    -0.04818402    -0.03527674    -0.008719888    0.08359652    -0.09400843    -0.01944009    0.03569054    -0.03262829    0.08412436    0.2527462    0.1179414    -0.6410685    -0.5415401    1    0.08022032    0.03772683    -0.3454525    -0.2947401    0.6483583    -0.06040446    -0.04292855    -0.09685357    -0.04914318    0.253015
-0.0324485    0.06517634    0.07469758    -0.01060321    -0.0139021    -0.04656379    -0.02305848    -0.01388494    0.04312793    -0.007968931    -0.009136779    -0.00372597    0.05830373    -0.07425488    -0.06741344    -0.1603644    -0.02048981    0.04503312    0.1436854    -0.04299442    0.5959399    0.03727942    -0.4368008    -0.1096388    0.08022032    1    -0.07100112    -0.728322    -0.04729772    0.1596486    0.5977577    -0.08046202    -0.3984988    0.0001008383    0.04818253
0.03713678    -0.02067189    -0.07160698    0.00331427    0.006085149    -0.02450968    0.02032462    0.03191903    0.03024446    -0.04523761    0.01059224    -0.0032623    0.03183936    0.08680586    -0.08952706    0.01298608    -0.04206599    0.06082599    0.03978726    -0.1391635    0.008867918    0.5768487    0.05310049    -0.43125    0.03772683    -0.07100112    1    0.0881019    -0.7726396    0.1730508    -0.02102613    0.5589629    0.01665341    -0.4008157    0.09564381
-0.01089743    -0.0349201    -0.04301916    -0.004962427    0.01554656    0.06832775    -0.02303756    -0.02555524    -0.006829902    0.01878411    -0.008654176    0.04163321    0.009057584    0.06399375    -0.0383147    0.1604654    -0.01845305    -0.01556947    -0.04075165    -0.0326559    -0.4352198    0.003365721    0.5855373    0.1203527    -0.3454525    -0.728322    0.0881019    1    0.04617607    -0.5515985    -0.4168925    0.06428404    0.5812836    0.01412991    -0.3068639
-0.0252368    0.02311271    0.03843172    -0.03767499    0.001828074    0.05737959    -0.008309708    -0.01929723    -0.03666107    0.007284937    0.01641797    0.00351536    -0.00370616    -0.06517439    0.009030861    0.08648642    0.05780439    -0.04923939    -0.09282286    0.01498628    -0.1327181    -0.4236526    0.1218832    0.5588632    -0.2947401    -0.04729772    -0.7726396    0.04617607    1    -0.5459898    0.007878584    -0.412785    0.01791493    0.5618735    -0.3169163
0.02411072    -0.007536412    -0.007932219    0.01569491    -0.0170674    -0.08723703    0.05213728    0.07371488    0.01409886    -0.02672611    -0.01315003    -0.05522946    -0.03802861    0.01595199    0.1118037    -0.03671642    0.1025666    -0.05356981    -0.1352477    -0.005949784    0.1665932    0.06463427    -0.4151067    -0.3183744    0.6483583    0.1596486    0.1730508    -0.5515985    -0.5459898    1    0.0122435    0.08702397    -0.3026942    -0.3122294    0.6186472
0.0009747135    0.03858535    0.002771592    0.009905022    -0.01513226    -0.0211035    -0.05571547    -0.01354869    0.04149865    0.01341937    -0.01040112    -0.01894117    0.05545266    -0.000464846    -0.05747459    0.02973779    -0.00674628    0.008916974    0.006911928    -0.05358654    0.1757093    0.04511379    -0.1032741    -0.02245147    -0.06040446    0.5977577    -0.02102613    -0.4168925    0.007878584    0.0122435    1    -0.1376514    -0.6676179    0.09997202    0.0203232
0.03327251    -0.04293042    -0.05800285    0.03889825    -0.03677966    -0.02844851    0.03124489    0.02381293    0.02677067    -0.0240525    0.06133382    0.006198445    0.005284587    0.07262736    -0.1235436    0.05498523    0.01408197    0.02095433    -0.03437708    -0.09921473    -0.01902461    0.1572304    0.05570676    -0.0877916    -0.04292855    -0.08046202    0.5589629    0.06428404    -0.412785    0.08702397    -0.1376514    1    0.03542279    -0.676552    0.1943159
-0.05064715    -0.03044503    0.03287454    -0.01558606    0.009636552    0.04425556    -0.005263358    -0.0120049    -0.03036496    0.003897094    0.01911049    0.07756309    -0.02549082    -0.02296771    -0.007489111    0.07407697    0.04352533    -0.05981778    0.01492334    -0.02379207    -0.08365833    -0.01627114    0.1396427    0.04534361    -0.09685357    -0.3984988    0.01665341    0.5812836    0.01791493    -0.3026942    -0.6676179    0.03542279    1    -0.05155417    -0.452103
-0.0215638    0.020002    0.02958227    -0.06794439    0.05131929    0.03614543    0.01292093    -0.0008737186    -0.04351334    -0.01999872    0.01675741    -0.008251203    -0.004592954    -0.08316854    0.04218325    -0.01060514    0.03240485    -0.02081737    0.008254262    -0.006139206    -0.06035079    -0.09815471    0.0561913    0.128129    -0.04914318    0.0001008383    -0.4008157    0.01412991    0.5618735    -0.3122294    0.09997202    -0.676552    -0.05155417    1    -0.5967933
0.05025186    0.0008537819    -0.02717925    0.05679076    -0.06605082    -0.04129023    0.0196505    0.03446948    0.04054505    0.009542477    -0.06221591    -0.05519194    0.01060062    0.07031703    0.04934349    -0.09392598    -0.03614079    0.05972902    -0.02685137    0.05736875    0.02954738    -0.01748515    -0.1408994    -0.06091721    0.253015    0.04818253    0.09564381    -0.3068639    -0.3169163    0.6186472    0.0203232    0.1943159    -0.452103    -0.5967933    1
