1    -0.218888    -0.3308694    0.08306893    -0.09162578    -0.006368971    -0.04329304    -0.08595956    0.02265268    0.08691645    -0.04313522    0.1662597    0.1203848    -0.03794289    -0.1928003    -0.0139257    0.07659465    0.06809344    -0.06066953    -0.06088495    0.000772366    -0.02915694    -0.05180105    -0.02429164    0.05671439    -0.1409734    0.02028686    0.05504397    0.07824208    0.04217838
-0.218888    1    -0.5246829    -0.383431    0.2626359    -0.05504183    0.06966226    0.09488769    -0.03314472    -0.07217607    0.1252952    -0.05203166    -0.1582999    0.0107946    0.1174107    0.01460239    0.004252653    -0.03222128    -0.03056547    0.06349673    -0.03115448    -0.05437448    -0.01827569    0.007428058    0.08126789    -0.02336418    -0.01071071    0.02764055    -0.01490469    0.08265093
-0.3308694    -0.5246829    1    -0.1363358    -0.5814342    0.02478243    -0.01988749    0.008243997    -0.02981386    -0.003308977    0.0157406    -0.1661017    -0.08651686    0.07833916    0.134241    -0.04183772    -0.09273361    -0.0274204    0.05620217    0.05764332    -0.04401784    0.06262593    0.06774478    -0.01926834    -0.03455619    0.03751466    0.006400481    0.04040486    0.02129473    -0.1184249
0.08306893    -0.383431    -0.1363358    1    -0.08966739    0.02158302    -0.06651151    -0.1126085    0.06137809    0.08885827    0.008212394    0.02065512    0.09736063    0.06262095    -0.1820714    0.0109756    0.002509773    0.01024413    0.01306389    -0.06040209    0.04990897    0.008179364    -0.07080094    -0.03651238    0.01984207    0.1388728    0.1385646    -0.05229533    -0.1499688    -0.07583151
-0.09162578    0.2626359    -0.5814342    -0.08966739    1    -0.00816904    0.05112316    0.03152837    0.001816811    -0.06408102    -0.1018866    0.1288453    0.08142952    -0.1207571    0.01467783    0.02303773    0.07362351    0.01845056    -0.01573626    -0.03090848    0.04034749    -0.0129474    0.01082853    0.05598858    -0.08272262    -0.009999257    -0.1220648    -0.04896083    0.01803577    -0.004669578
-0.006368971    -0.05504183    0.02478243    0.02158302    -0.00816904    1    0.002486199    -0.6084731    0.05587275    -0.03522792    0.1088512    -0.06644037    -0.1028358    0.05544688    0.03159115    -0.1403092    -0.1537993    0.09859517    0.2540009    -0.05083952    0.02354366    -0.0831819    -0.05109222    0.08887405    -0.003009004    0.09095607    -0.06859168    -0.009341701    0.1407293    -0.161299
-0.04329304    0.06966226    -0.01988749    -0.06651151    0.05112316    0.002486199    1    -0.2610428    -0.5998652    0.2709889    -0.05057511    -0.003926934    0.02484109    -0.02241865    0.04915013    -0.1459785    0.03524693    0.1463833    0.03726333    -0.03151572    -0.01961274    0.03182518    0.007025521    -0.06892219    0.08436301    -0.1110361    -0.06292476    -0.006989258    -0.06792301    0.16369
-0.08595956    0.09488769    0.008243997    -0.1126085    0.03152837    -0.6084731    -0.2610428    1    0.02869043    -0.4800809    -0.09915214    0.04044227    0.03009792    -0.06964021    0.09857411    0.03233552    0.1907375    0.09185373    -0.07703353    -0.1215191    -0.05431528    0.006978044    0.02865815    -0.03263844    0.01732734    -0.05352539    0.01811998    -0.1078386    -0.09816858    0.2236656
0.02265268    -0.03314472    -0.02981386    0.06137809    0.001816811    0.05587275    -0.5998652    0.02869043    1    -0.3962035    0.09346618    -0.008937186    -0.08943497    0.03692319    -0.02995317    0.3303664    0.1271854    -0.1577562    -0.1435505    -0.1113097    0.005326752    -0.07455766    -0.04383044    0.03366387    0.001369671    0.06787055    -0.03876995    -0.0425336    0.112223    -0.1113637
0.08691645    -0.07217607    -0.003308977    0.08885827    -0.06408102    -0.03522792    0.2709889    -0.4800809    -0.3962035    1    -0.04439478    -0.002613666    0.09712877    0.03962462    -0.1025498    -0.1321209    -0.2144391    -0.02250504    0.03366274    -0.06404811    0.04998715    0.08075949    0.01236239    -0.04215891    -0.003206776    0.02353699    0.09098666    0.06354639    -0.07686904    -0.0244858
-0.04313522    0.1252952    0.0157406    0.008212394    -0.1018866    0.1088512    -0.05057511    -0.09915214    0.09346618    -0.04439478    1    0.0416845    -0.7534453    -0.07856249    0.08736875    0.022855    -0.03562955    -0.02384459    -0.005375154    0.04778652    0.04423311    0.007274151    -0.02927285    -0.02410915    0.0131825    0.00842127    0.02994683    0.02517646    -0.01692716    -0.01852224
0.1662597    -0.05203166    -0.1661017    0.02065512    0.1288453    -0.06644037    -0.003926934    0.04044227    -0.008937186    -0.002613666    0.0416845    1    -0.220745    -0.7680268    0.1760315    0.01273815    0.03540663    0.03037555    -0.038986    -0.01478262    -0.01693033    -0.07736583    -0.01278089    0.0232962    -0.02579125    -0.004542744    -0.03163716    -0.008899058    0.06320033    -0.0249436
0.1203848    -0.1582999    -0.08651686    0.09736063    0.08142952    -0.1028358    0.02484109    0.03009792    -0.08943497    0.09712877    -0.7534453    -0.220745    1    0.05457984    -0.4539195    -0.0204676    -0.02858958    -0.01140272    0.01898478    0.002132372    -0.01117022    -0.01604535    -0.02325429    -0.001754954    0.03626493    -0.03623932    0.04263955    0.0264194    -0.01795736    -0.004440584
-0.03794289    0.0107946    0.07833916    0.06262095    -0.1207571    0.05544688    -0.02241865    -0.06964021    0.03692319    0.03962462    -0.07856249    -0.7680268    0.05457984    1    -0.3206691    0.008496994    0.02003968    -0.05686135    -0.03113823    0.04562732    0.02706337    0.04388985    -0.0334981    -0.04083577    0.06293204    0.01918204    0.03027521    0.01889109    -0.03680868    -0.008244375
-0.1928003    0.1174107    0.134241    -0.1820714    0.01467783    0.03159115    0.04915013    0.09857411    -0.02995317    -0.1025498    0.08736875    0.1760315    -0.4539195    -0.3206691    1    -0.007230739    0.02820431    0.0667175    0.05108713    -0.09684709    -0.03724851    -0.005623333    0.07255012    0.06058531    -0.08642742    0.03400765    -0.08088546    -0.04279001    0.01694961    0.01981231
-0.0139257    0.01460239    -0.04183772    0.0109756    0.02303773    -0.1403092    -0.1459785    0.03233552    0.3303664    -0.1321209    0.022855    0.01273815    -0.0204676    0.008496994    -0.007230739    1    -0.01208665    -0.7751805    -0.07643994    0.1642374    -0.06374869    -0.06111635    0.06095885    0.08144994    -0.06487302    -0.009373055    -0.01509577    0.03224401    0.03383987    -0.09029222
0.07659465    0.004252653    -0.09273361    0.002509773    0.07362351    -0.1537993    0.03524693    0.1907375    0.1271854    -0.2144391    -0.03562955    0.03540663    -0.02858958    0.02003968    0.02820431    -0.01208665    1    0.1663351    -0.7695498    0.07538156    -0.08376976    -0.1029627    0.01355829    0.0293152    0.03565497    -0.08040596    0.01265609    -0.02910225    0.01985668    0.01507886
0.06809344    -0.03222128    -0.0274204    0.01024413    0.01845056    0.09859517    0.1463833    0.09185373    -0.1577562    -0.02250504    -0.02384459    0.03037555    -0.01140272    -0.05686135    0.0667175    -0.7751805    0.1663351    1    0.03349777    -0.5361289    0.03097782    -0.02284643    -0.09320724    -0.06279076    0.1168027    -0.04407242    0.0121205    -0.01012586    -0.02725932    0.05512654
-0.06066953    -0.03056547    0.05620217    0.01306389    -0.01573626    0.2540009    0.03726333    -0.07703353    -0.1435505    0.03366274    -0.005375154    -0.038986    0.01898478    -0.03113823    0.05108713    -0.07643994    -0.7695498    0.03349777    1    -0.4759833    0.06023333    0.01394071    -0.07430565    -0.01199964    0.04866327    0.1151806    0.006940934    -0.05450186    -0.01843987    0.04088486
-0.06088495    0.06349673    0.05764332    -0.06040209    -0.03090848    -0.05083952    -0.03151572    -0.1215191    -0.1113097    -0.06404811    0.04778652    -0.01478262    0.002132372    0.04562732    -0.09684709    0.1642374    0.07538156    -0.5361289    -0.4759833    1    -0.0342073    0.05582732    0.1329493    0.05119407    -0.1656847    -0.102393    -0.0620109    0.09590239    0.07637262    0.01052134
0.000772366    -0.03115448    -0.04401784    0.04990897    0.04034749    0.02354366    -0.01961274    -0.05431528    0.005326752    0.04998715    0.04423311    -0.01693033    -0.01117022    0.02706337    -0.03724851    -0.06374869    -0.08376976    0.03097782    0.06023333    -0.0342073    1    0.2292549    -0.7925327    -0.3398313    0.2443113    0.1378754    0.01430813    -0.07594447    -0.006305397    -0.04839362
-0.02915694    -0.05437448    0.06262593    0.008179364    -0.0129474    -0.0831819    0.03182518    0.006978044    -0.07455766    0.08075949    0.007274151    -0.07736583    -0.01604535    0.04388985    -0.005623333    -0.06111635    -0.1029627    -0.02284643    0.01394071    0.05582732    0.2292549    1    0.0582692    -0.7753216    0.1000554    0.005578518    0.157625    0.004036359    -0.09551998    -0.01131214
-0.05180105    -0.01827569    0.06774478    -0.07080094    0.01082853    -0.05109222    0.007025521    0.02865815    -0.04383044    0.01236239    -0.02927285    -0.01278089    -0.02325429    -0.0334981    0.07255012    0.06095885    0.01355829    -0.09320724    -0.07430565    0.1329493    -0.7925327    0.0582692    1    0.2852451    -0.6086443    -0.116667    0.05693531    0.1096152    -0.03011969    -0.0003704035
-0.02429164    0.007428058    -0.01926834    -0.03651238    0.05598858    0.08887405    -0.06892219    -0.03263844    0.03366387    -0.04215891    -0.02410915    0.0232962    -0.001754954    -0.04083577    0.06058531    0.08144994    0.0293152    -0.06279076    -0.01199964    0.05119407    -0.3398313    -0.7753216    0.2852451    1    -0.503745    0.007558403    -0.1073676    0.0242853    0.09828785    -0.02716121
0.05671439    0.08126789    -0.03455619    0.01984207    -0.08272262    -0.003009004    0.08436301    0.01732734    0.001369671    -0.003206776    0.0131825    -0.02579125    0.03626493    0.06293204    -0.08642742    -0.06487302    0.03565497    0.1168027    0.04866327    -0.1656847    0.2443113    0.1000554    -0.6086443    -0.503745    1    -0.01359294    -0.03985826    -0.05819444    -0.004065534    0.1113071
-0.1409734    -0.02336418    0.03751466    0.1388728    -0.009999257    0.09095607    -0.1110361    -0.05352539    0.06787055    0.02353699    0.00842127    -0.004542744    -0.03623932    0.01918204    0.03400765    -0.009373055    -0.08040596    -0.04407242    0.1151806    -0.102393    0.1378754    0.005578518    -0.116667    0.007558403    -0.01359294    1    -0.1376514    -0.6676179    0.09997202    0.0203232
0.02028686    -0.01071071    0.006400481    0.1385646    -0.1220648    -0.06859168    -0.06292476    0.01811998    -0.03876995    0.09098666    0.02994683    -0.03163716    0.04263955    0.03027521    -0.08088546    -0.01509577    0.01265609    0.0121205    0.006940934    -0.0620109    0.01430813    0.157625    0.05693531    -0.1073676    -0.03985826    -0.1376514    1    0.03542279    -0.676552    0.1943159
0.05504397    0.02764055    0.04040486    -0.05229533    -0.04896083    -0.009341701    -0.006989258    -0.1078386    -0.0425336    0.06354639    0.02517646    -0.008899058    0.0264194    0.01889109    -0.04279001    0.03224401    -0.02910225    -0.01012586    -0.05450186    0.09590239    -0.07594447    0.004036359    0.1096152    0.0242853    -0.05819444    -0.6676179    0.03542279    1    -0.05155417    -0.452103
0.07824208    -0.01490469    0.02129473    -0.1499688    0.01803577    0.1407293    -0.06792301    -0.09816858    0.112223    -0.07686904    -0.01692716    0.06320033    -0.01795736    -0.03680868    0.01694961    0.03383987    0.01985668    -0.02725932    -0.01843987    0.07637262    -0.006305397    -0.09551998    -0.03011969    0.09828785    -0.004065534    0.09997202    -0.676552    -0.05155417    1    -0.5967933
0.04217838    0.08265093    -0.1184249    -0.07583151    -0.004669578    -0.161299    0.16369    0.2236656    -0.1113637    -0.0244858    -0.01852224    -0.0249436    -0.004440584    -0.008244375    0.01981231    -0.09029222    0.01507886    0.05512654    0.04088486    0.01052134    -0.04839362    -0.01131214    -0.0003704035    -0.02716121    0.1113071    0.0203232    0.1943159    -0.452103    -0.5967933    1
