1    -0.218888    -0.3308694    0.08306893    -0.09162578    -0.004397635    -0.1131841    -0.02060707    0.004131331    0.05838671    0.02879211    0.05879974    0.005755298    -0.05404761    -0.0129772    -0.1409734    0.02028686    0.05504397    0.07824208    0.04217838
-0.218888    1    -0.5246829    -0.383431    0.2626359    0.01169668    0.03095176    0.01432378    0.0103874    -0.04591229    -0.05456168    -0.02548276    0.02715219    0.03680484    -0.0107734    -0.02336418    -0.01071071    0.02764055    -0.01490469    0.08265093
-0.3308694    -0.5246829    1    -0.1363358    -0.5814342    -0.02737978    0.03966452    0.0493839    0.03603937    -0.07871571    0.004097723    -0.09662301    -0.03263222    0.02233212    0.04831779    0.03751466    0.006400481    0.04040486    0.02129473    -0.1184249
0.08306893    -0.383431    -0.1363358    1    -0.08966739    -0.07060252    -0.03822031    -0.06024291    -0.05271219    0.1546576    -0.003521026    -0.002227745    -0.0295787    0.005798343    0.004181365    0.1388728    0.1385646    -0.05229533    -0.1499688    -0.07583151
-0.09162578    0.2626359    -0.5814342    -0.08966739    1    0.04524291    0.03674806    -0.004856884    -0.04562482    0.008447231    0.02540195    0.07666948    0.03243086    0.008883128    -0.07207009    -0.009999257    -0.1220648    -0.04896083    0.01803577    -0.004669578
-0.004397635    0.01169668    -0.02737978    -0.07060252    0.04524291    1    -0.09296697    -0.5872855    0.1205512    -0.008874198    -0.01160578    0.01980098    0.00916651    -0.07285987    0.04993602    0.05763775    -0.1311562    -0.03322864    0.1651721    -0.07828577
-0.1131841    0.03095176    0.03966452    -0.03822031    0.03674806    -0.09296697    1    -0.2674181    -0.5953015    0.2580198    5.82853e-05    -0.04651183    -0.06603296    0.02542935    0.02941391    -0.07122164    -0.01854234    -0.03378469    -0.1252391    0.1431448
-0.02060707    0.01432378    0.0493839    -0.06024291    -0.004856884    -0.5872855    -0.2674181    1    -0.09069658    -0.3813491    0.0008889303    -0.07119673    -0.03015922    0.05364785    0.02568993    -0.06970353    -0.01089588    -0.05592175    -0.1040838    0.1684001
0.004131331    0.0103874    0.03603937    -0.05271219    -0.04562482    0.1205512    -0.5953015    -0.09069658    1    -0.4833    -0.02764678    0.0317069    0.03524912    -0.05282616    0.04279138    0.07113511    -0.1224206    -0.005190791    0.1784945    -0.09433865
0.05838671    -0.04591229    -0.07871571    0.1546576    0.008447231    -0.008874198    0.2580198    -0.3813491    -0.4833    1    -0.006579247    0.07773688    0.04170448    0.01012504    -0.08038808    -0.005105011    0.1899199    0.08406861    -0.07565051    -0.09136203
0.02879211    -0.05456168    0.004097723    -0.003521026    0.02540195    -0.01160578    5.82853e-05    0.0008889303    -0.02764678    -0.006579247    1    -0.1169316    -0.7228295    0.1430365    0.1130299    0.1757378    0.02504304    -0.105211    -0.008841889    -0.02511926
0.05879974    -0.02548276    -0.09662301    -0.002227745    0.07666948    0.01980098    -0.04651183    -0.07119673    0.0317069    0.07773688    -0.1169316    1    0.1225456    -0.708288    0.1717449    0.03620365    0.0936842    -0.0119282    -0.0254776    -0.01258437
0.005755298    0.02715219    -0.03263222    -0.0295787    0.03243086    0.00916651    -0.06603296    -0.03015922    0.03524912    0.04170448    -0.7228295    0.1225456    1    -0.1843117    -0.4438617    -0.113282    0.04960023    0.1477838    -0.01328394    -0.06908165
-0.05404761    0.03680484    0.02233212    0.005798343    0.008883128    -0.07285987    0.02542935    0.05364785    -0.05282616    0.01012504    0.1430365    -0.708288    -0.1843117    1    -0.5048047    -0.05155008    -0.09524614    0.06263443    0.1308298    -0.08923405
-0.0129772    -0.0107734    0.04831779    0.004181365    -0.07207009    0.04993602    0.02941391    0.02568993    0.04279138    -0.08038808    0.1130299    0.1717449    -0.4438617    -0.5048047    1    0.02834152    -0.01744921    -0.1629022    -0.1021666    0.3065855
-0.1409734    -0.02336418    0.03751466    0.1388728    -0.009999257    0.05763775    -0.07122164    -0.06970353    0.07113511    -0.005105011    0.1757378    0.03620365    -0.113282    -0.05155008    0.02834152    1    -0.1376514    -0.6676179    0.09997202    0.0203232
0.02028686    -0.01071071    0.006400481    0.1385646    -0.1220648    -0.1311562    -0.01854234    -0.01089588    -0.1224206    0.1899199    0.02504304    0.0936842    0.04960023    -0.09524614    -0.01744921    -0.1376514    1    0.03542279    -0.676552    0.1943159
0.05504397    0.02764055    0.04040486    -0.05229533    -0.04896083    -0.03322864    -0.03378469    -0.05592175    -0.005190791    0.08406861    -0.105211    -0.0119282    0.1477838    0.06263443    -0.1629022    -0.6676179    0.03542279    1    -0.05155417    -0.452103
0.07824208    -0.01490469    0.02129473    -0.1499688    0.01803577    0.1651721    -0.1252391    -0.1040838    0.1784945    -0.07565051    -0.008841889    -0.0254776    -0.01328394    0.1308298    -0.1021666    0.09997202    -0.676552    -0.05155417    1    -0.5967933
0.04217838    0.08265093    -0.1184249    -0.07583151    -0.004669578    -0.07828577    0.1431448    0.1684001    -0.09433865    -0.09136203    -0.02511926    -0.01258437    -0.06908165    -0.08923405    0.3065855    0.0203232    0.1943159    -0.452103    -0.5967933    1
