1    -0.1946423    -0.4709472    0.235111    -0.02529814    0.09385781    -0.08776051    -0.1242036    0.03258501    0.0502754    0.1905081    0.05805054    -0.0849397    0.1405373    -0.1113575    0.01165382    -0.01953328    -0.0062315    0.005046346    -0.01143562    -0.05441887    0.03259111    0.042098    -0.01144002    0.01634724    -0.09196398    0.007111502    0.01919093    -0.0115296    0.03615598
-0.1946423    1    0.005353657    -0.6506694    0.2672641    -0.1390567    0.05639625    0.068539    -0.1577087    0.1101471    -0.3011684    0.1858754    0.1408033    -0.2889913    0.04265037    -0.008077062    -0.007483896    0.03566922    0.05549236    -0.04671823    0.04852323    -0.04285439    0.004806626    0.01411818    -0.07562327    -0.01949221    -0.04198734    0.02874585    0.03525049    -0.04166531
-0.4709472    0.005353657    1    0.06514224    -0.5083593    -0.1177488    -0.0588366    -0.038929    -0.06430305    0.1876393    -0.3443431    0.0793444    0.3050037    -0.286987    -0.07075013    -0.01555761    -0.0006513207    -0.01489961    0.006143999    0.06532508    0.004058885    -0.009180644    -0.03947601    -0.03934062    0.04766085    0.02641534    -0.02992343    0.002548544    -0.05080884    0.04667453
0.235111    -0.6506694    0.06514224    1    -0.6078586    0.1166931    -0.1987784    -0.2100947    0.158768    0.09811559    0.08408126    -0.0411414    0.04453072    0.2060878    -0.1905402    0.03309106    -0.0007959545    -0.0509    -0.04873637    0.08804173    -0.06069623    0.03151801    0.03092303    -0.04632147    0.05767631    0.0144666    0.05111462    -0.03096351    -0.06306929    0.04605624
-0.02529814    0.2672641    -0.5083593    -0.6078586    1    -0.04899594    0.2044164    0.2562508    -0.05158134    -0.2554506    0.1313482    -0.1075655    -0.2165976    0.1146056    0.2692149    -0.01608065    0.04638846    0.06175519    0.007692531    -0.0809541    0.03167666    0.02441669    0.004928975    0.02656286    -0.09268848    0.01933827    -0.02711124    0.02084406    0.05430986    -0.08850135
0.09385781    -0.1390567    -0.1177488    0.1166931    -0.04899594    1    -0.06179415    -0.5939001    -0.1180336    0.02355674    0.1162531    -0.1139267    0.00128487    0.1293206    -0.05547518    0.01634699    0.00380016    -0.004393445    0.008885326    -0.01188798    -0.03065267    -0.01769961    0.05009034    0.0559951    -0.06036414    0.01695272    -0.01407648    -0.03416736    0.06627287    -0.04323028
-0.08776051    0.05639625    -0.0588366    -0.1987784    0.2044164    -0.06179415    1    -0.1008464    -0.6099681    0.04573424    -0.001550482    -0.01378769    -0.05543593    0.009300404    0.06775517    0.0537893    0.005927495    -0.01351157    0.01667249    -0.05022251    0.0311435    0.02083692    -0.01284636    5.780415e-05    -0.009904912    0.05017908    0.03859853    0.0003286684    0.003572982    -0.05133569
-0.1242036    0.068539    -0.038929    -0.2100947    0.2562508    -0.5939001    -0.1008464    1    -0.06423964    -0.3811407    -0.01950941    -0.01188849    -0.02186892    -0.05353666    0.09461715    -0.0203523    0.0371417    0.02756475    -0.02537533    -0.0297098    0.02020352    0.04184439    -0.005928774    -0.01366671    -0.04291455    -0.02512137    0.03133349    0.05872744    -0.01318928    -0.05255804
0.03258501    -0.1577087    -0.06430305    0.158768    -0.05158134    -0.1180336    -0.6099681    -0.06423964    1    -0.2719001    0.09659845    -0.05081481    -0.007237194    0.04845973    -0.02623888    -0.01292824    0.008092942    0.002764414    -0.0248288    -0.0006085312    -0.03616802    0.003565345    0.0312197    -0.02646607    0.004106452    -0.002344669    -0.02653181    -0.01451307    -0.00431456    0.01790585
0.0502754    0.1101471    0.1876393    0.09811559    -0.2554506    0.02355674    0.04573424    -0.3811407    -0.2719001    1    -0.1325456    0.1167388    0.05831755    -0.07513279    -0.06290769    -0.01217325    -0.02460629    -0.009801652    0.01471605    0.04585703    0.006714172    -0.0517316    -0.02779441    0.009652567    0.05573689    -0.01086225    -0.01229876    0.01213007    -0.03356012    0.0535438
0.1905081    -0.3011684    -0.3443431    0.08408126    0.1313482    0.1162531    -0.001550482    -0.01950941    0.09659845    -0.1325456    1    -0.218888    -0.3308694    0.08306893    -0.09162578    0.116546    0.07369322    -0.06692659    -0.137418    -0.1397809    -0.1774762    -0.05454356    0.1140151    0.1297647    0.04706916    -0.1409734    0.02028686    0.05504397    0.07824208    0.04217838
0.05805054    0.1858754    0.0793444    -0.0411414    -0.1075655    -0.1139267    -0.01378769    -0.01188849    -0.05081481    0.1167388    -0.218888    1    -0.5246829    -0.383431    0.2626359    -0.002405848    0.02517151    0.07966656    0.04464812    -0.1429145    0.06696661    0.04712166    -0.06605885    -0.04572048    0.09029175    -0.02336418    -0.01071071    0.02764055    -0.01490469    0.08265093
-0.0849397    0.1408033    0.3050037    0.04453072    -0.2165976    0.00128487    -0.05543593    -0.02186892    -0.007237194    0.05831755    -0.3308694    -0.5246829    1    -0.1363358    -0.5814342    0.04747675    0.03678069    -0.04122174    -0.007058313    0.1017846    -0.05267561    -0.0229053    0.1202755    0.05595525    -0.1647853    0.03751466    0.006400481    0.04040486    0.02129473    -0.1184249
0.1405373    -0.2889913    -0.286987    0.2060878    0.1146056    0.1293206    0.009300404    -0.05353666    0.04845973    -0.07513279    0.08306893    -0.383431    -0.1363358    1    -0.08966739    -0.09506395    0.004591667    0.08724918    0.07022003    0.04324774    0.1065619    0.1623699    -0.0170199    -0.1619242    -0.09662589    0.1388728    0.1385646    -0.05229533    -0.1499688    -0.07583151
-0.1113575    0.04265037    -0.07075013    -0.1905402    0.2692149    -0.05547518    0.06775517    0.09461715    -0.02623888    -0.06290769    -0.09162578    0.2626359    -0.5814342    -0.08966739    1    -0.03573198    -0.04869228    -0.04965424    -0.009240701    0.1870871    0.04281121    -0.08357275    -0.1140839    -0.002553311    0.02594094    -0.009999257    -0.1220648    -0.04896083    0.01803577    -0.004669578
0.01165382    -0.008077062    -0.01555761    0.03309106    -0.01608065    0.01634699    0.0537893    -0.0203523    -0.01292824    -0.01217325    0.116546    -0.002405848    0.04747675    -0.09506395    -0.03573198    1    0.1400241    -0.8017412    -0.2016428    0.2533022    0.0008403928    -0.01221599    0.01055408    0.02234292    -0.00882542    0.1505055    0.01463641    -0.08259465    -0.009590243    0.007012099
-0.01953328    -0.007483896    -0.0006513207    -0.0007959545    0.04638846    0.00380016    0.005927495    0.0371417    0.008092942    -0.02460629    0.07369322    0.02517151    0.03678069    0.004591667    -0.04869228    0.1400241    1    0.1472722    -0.7823827    0.08175681    -0.0144742    -0.0267208    0.02725611    0.03695603    -0.05146004    0.05029851    0.1195945    -0.03536964    -0.07018548    0.003337377
-0.0062315    0.03566922    -0.01489961    -0.0509    0.06175519    -0.004393445    -0.01351157    0.02756475    0.002764414    -0.009801652    -0.06692659    0.07966656    -0.04122174    0.08724918    -0.04965424    -0.8017412    0.1472722    1    0.08810614    -0.5706687    0.007046621    0.0597377    -0.00615597    -0.03773207    -0.0142018    -0.1021701    0.0291711    0.1122944    -0.001305928    -0.07595497
0.005046346    0.05549236    0.006143999    -0.04873637    0.007692531    0.008885326    0.01667249    -0.02537533    -0.0248288    0.01471605    -0.137418    0.04464812    -0.007058313    0.07022003    -0.009240701    -0.2016428    -0.7823827    0.08810614    1    -0.4619127    0.05042576    0.06165633    -0.006232039    -0.07090873    0.006224635    -0.05785682    -0.09681303    0.07878019    0.09896317    -0.05325679
-0.01143562    -0.04671823    0.06532508    0.08804173    -0.0809541    -0.01188798    -0.05022251    -0.0297098    -0.0006085312    0.04585703    -0.1397809    -0.1429145    0.1017846    0.04324774    0.1870871    0.2533022    0.08175681    -0.5706687    -0.4619127    1    -0.01820343    -0.08595736    -0.0116641    0.04677631    0.008166156    -0.004920112    -0.03197663    -0.09976217    -0.03825894    0.2072811
-0.05441887    0.04852323    0.004058885    -0.06069623    0.03167666    -0.03065267    0.0311435    0.02020352    -0.03616802    0.006714172    -0.1774762    0.06696661    -0.05267561    0.1065619    0.04281121    0.0008403928    -0.0144742    0.007046621    0.05042576    -0.01820343    1    0.05016715    -0.7652618    -0.2164396    0.2527462    0.1757093    -0.01902461    -0.08365833    -0.06035079    0.02954738
0.03259111    -0.04285439    -0.009180644    0.03151801    0.02441669    -0.01769961    0.02083692    0.04184439    0.003565345    -0.0517316    -0.05454356    0.04712166    -0.0229053    0.1623699    -0.08357275    -0.01221599    -0.0267208    0.0597377    0.06165633    -0.08595736    0.05016715    1    0.07725506    -0.7808682    0.1179414    0.04511379    0.1572304    -0.01627114    -0.09815471    -0.01748515
0.042098    0.004806626    -0.03947601    0.03092303    0.004928975    0.05009034    -0.01284636    -0.005928774    0.0312197    -0.02779441    0.1140151    -0.06605885    0.1202755    -0.0170199    -0.1140839    0.01055408    0.02725611    -0.00615597    -0.006232039    -0.0116641    -0.7652618    0.07725506    1    0.210168    -0.6410685    -0.1032741    0.05570676    0.1396427    0.0561913    -0.1408994
-0.01144002    0.01411818    -0.03934062    -0.04632147    0.02656286    0.0559951    5.780415e-05    -0.01366671    -0.02646607    0.009652567    0.1297647    -0.04572048    0.05595525    -0.1619242    -0.002553311    0.02234292    0.03695603    -0.03773207    -0.07090873    0.04677631    -0.2164396    -0.7808682    0.210168    1    -0.5415401    -0.02245147    -0.0877916    0.04534361    0.128129    -0.06091721
0.01634724    -0.07562327    0.04766085    0.05767631    -0.09268848    -0.06036414    -0.009904912    -0.04291455    0.004106452    0.05573689    0.04706916    0.09029175    -0.1647853    -0.09662589    0.02594094    -0.00882542    -0.05146004    -0.0142018    0.006224635    0.008166156    0.2527462    0.1179414    -0.6410685    -0.5415401    1    -0.06040446    -0.04292855    -0.09685357    -0.04914318    0.253015
-0.09196398    -0.01949221    0.02641534    0.0144666    0.01933827    0.01695272    0.05017908    -0.02512137    -0.002344669    -0.01086225    -0.1409734    -0.02336418    0.03751466    0.1388728    -0.009999257    0.1505055    0.05029851    -0.1021701    -0.05785682    -0.004920112    0.1757093    0.04511379    -0.1032741    -0.02245147    -0.06040446    1    -0.1376514    -0.6676179    0.09997202    0.0203232
0.007111502    -0.04198734    -0.02992343    0.05111462    -0.02711124    -0.01407648    0.03859853    0.03133349    -0.02653181    -0.01229876    0.02028686    -0.01071071    0.006400481    0.1385646    -0.1220648    0.01463641    0.1195945    0.0291711    -0.09681303    -0.03197663    -0.01902461    0.1572304    0.05570676    -0.0877916    -0.04292855    -0.1376514    1    0.03542279    -0.676552    0.1943159
0.01919093    0.02874585    0.002548544    -0.03096351    0.02084406    -0.03416736    0.0003286684    0.05872744    -0.01451307    0.01213007    0.05504397    0.02764055    0.04040486    -0.05229533    -0.04896083    -0.08259465    -0.03536964    0.1122944    0.07878019    -0.09976217    -0.08365833    -0.01627114    0.1396427    0.04534361    -0.09685357    -0.6676179    0.03542279    1    -0.05155417    -0.452103
-0.0115296    0.03525049    -0.05080884    -0.06306929    0.05430986    0.06627287    0.003572982    -0.01318928    -0.00431456    -0.03356012    0.07824208    -0.01490469    0.02129473    -0.1499688    0.01803577    -0.009590243    -0.07018548    -0.001305928    0.09896317    -0.03825894    -0.06035079    -0.09815471    0.0561913    0.128129    -0.04914318    0.09997202    -0.676552    -0.05155417    1    -0.5967933
0.03615598    -0.04166531    0.04667453    0.04605624    -0.08850135    -0.04323028    -0.05133569    -0.05255804    0.01790585    0.0535438    0.04217838    0.08265093    -0.1184249    -0.07583151    -0.004669578    0.007012099    0.003337377    -0.07595497    -0.05325679    0.2072811    0.02954738    -0.01748515    -0.1408994    -0.06091721    0.253015    0.0203232    0.1943159    -0.452103    -0.5967933    1
