1    -0.218888    -0.3308694    0.08306893    -0.09162578    -0.0445336    0.05752026    0.06783418    -0.08612158    -0.1023918    -0.1962985    -0.04209818    0.1111254    0.1173346    0.03826283    -0.1409734    0.02028686    0.05504397    0.07824208    0.04217838
-0.218888    1    -0.5246829    -0.383431    0.2626359    0.04384772    -0.04590393    0.0002410609    0.006628475    0.02946979    0.03257044    0.02592098    -0.0158206    -0.02799969    0.07701366    -0.02336418    -0.01071071    0.02764055    -0.01490469    0.08265093
-0.3308694    -0.5246829    1    -0.1363358    -0.5814342    0.1107507    -0.04759448    -0.1321042    0.1279014    0.09266522    0.007189006    -0.01355433    0.07855651    0.05097429    -0.1653934    0.03751466    0.006400481    0.04040486    0.02129473    -0.1184249
0.08306893    -0.383431    -0.1363358    1    -0.08966739    -0.07242644    0.01542558    0.08955626    -0.02862585    -0.08447858    0.09597606    0.152567    -0.03032789    -0.1665496    -0.07782455    0.1388728    0.1385646    -0.05229533    -0.1499688    -0.07583151
-0.09162578    0.2626359    -0.5814342    -0.08966739    1    -0.08978556    0.03028669    0.06820338    -0.07600104    -0.02399047    0.04662617    -0.08612634    -0.1244351    -0.006223119    0.05145314    -0.009999257    -0.1220648    -0.04896083    0.01803577    -0.004669578
-0.0445336    0.04384772    0.1107507    -0.07242644    -0.08978556    1    0.1802937    -0.5691702    -0.2002636    -0.1141258    -0.1603644    0.01298608    0.1604654    0.08648642    -0.03671642    0.02973779    0.05498523    0.07407697    -0.01060514    -0.09392598
0.05752026    -0.04590393    -0.04759448    0.01542558    0.03028669    0.1802937    1    -0.712963    -0.5634511    0.2419349    -0.02048981    -0.04206599    -0.01845305    0.05780439    0.1025666    -0.00674628    0.01408197    0.04352533    0.03240485    -0.03614079
0.06783418    0.0002410609    -0.1321042    0.08955626    0.06820338    -0.5691702    -0.712963    1    0.1600804    -0.4300399    0.04503312    0.06082599    -0.01556947    -0.04923939    -0.05356981    0.008916974    0.02095433    -0.05981778    -0.02081737    0.05972902
-0.08612158    0.006628475    0.1279014    -0.02862585    -0.07600104    -0.2002636    -0.5634511    0.1600804    1    -0.04550196    0.1436854    0.03978726    -0.04075165    -0.09282286    -0.1352477    0.006911928    -0.03437708    0.01492334    0.008254262    -0.02685137
-0.1023918    0.02946979    0.09266522    -0.08447858    -0.02399047    -0.1141258    0.2419349    -0.4300399    -0.04550196    1    -0.04299442    -0.1391635    -0.0326559    0.01498628    -0.005949784    -0.05358654    -0.09921473    -0.02379207    -0.006139206    0.05736875
-0.1962985    0.03257044    0.007189006    0.09597606    0.04662617    -0.1603644    -0.02048981    0.04503312    0.1436854    -0.04299442    1    -0.07100112    -0.728322    -0.04729772    0.1596486    0.5977577    -0.08046202    -0.3984988    0.0001008383    0.04818253
-0.04209818    0.02592098    -0.01355433    0.152567    -0.08612634    0.01298608    -0.04206599    0.06082599    0.03978726    -0.1391635    -0.07100112    1    0.0881019    -0.7726396    0.1730508    -0.02102613    0.5589629    0.01665341    -0.4008157    0.09564381
0.1111254    -0.0158206    0.07855651    -0.03032789    -0.1244351    0.1604654    -0.01845305    -0.01556947    -0.04075165    -0.0326559    -0.728322    0.0881019    1    0.04617607    -0.5515985    -0.4168925    0.06428404    0.5812836    0.01412991    -0.3068639
0.1173346    -0.02799969    0.05097429    -0.1665496    -0.006223119    0.08648642    0.05780439    -0.04923939    -0.09282286    0.01498628    -0.04729772    -0.7726396    0.04617607    1    -0.5459898    0.007878584    -0.412785    0.01791493    0.5618735    -0.3169163
0.03826283    0.07701366    -0.1653934    -0.07782455    0.05145314    -0.03671642    0.1025666    -0.05356981    -0.1352477    -0.005949784    0.1596486    0.1730508    -0.5515985    -0.5459898    1    0.0122435    0.08702397    -0.3026942    -0.3122294    0.6186472
-0.1409734    -0.02336418    0.03751466    0.1388728    -0.009999257    0.02973779    -0.00674628    0.008916974    0.006911928    -0.05358654    0.5977577    -0.02102613    -0.4168925    0.007878584    0.0122435    1    -0.1376514    -0.6676179    0.09997202    0.0203232
0.02028686    -0.01071071    0.006400481    0.1385646    -0.1220648    0.05498523    0.01408197    0.02095433    -0.03437708    -0.09921473    -0.08046202    0.5589629    0.06428404    -0.412785    0.08702397    -0.1376514    1    0.03542279    -0.676552    0.1943159
0.05504397    0.02764055    0.04040486    -0.05229533    -0.04896083    0.07407697    0.04352533    -0.05981778    0.01492334    -0.02379207    -0.3984988    0.01665341    0.5812836    0.01791493    -0.3026942    -0.6676179    0.03542279    1    -0.05155417    -0.452103
0.07824208    -0.01490469    0.02129473    -0.1499688    0.01803577    -0.01060514    0.03240485    -0.02081737    0.008254262    -0.006139206    0.0001008383    -0.4008157    0.01412991    0.5618735    -0.3122294    0.09997202    -0.676552    -0.05155417    1    -0.5967933
0.04217838    0.08265093    -0.1184249    -0.07583151    -0.004669578    -0.09392598    -0.03614079    0.05972902    -0.02685137    0.05736875    0.04818253    0.09564381    -0.3068639    -0.3169163    0.6186472    0.0203232    0.1943159    -0.452103    -0.5967933    1
