1    -0.218888    -0.3308694    0.08306893    -0.09162578    -0.1049821    0.04015974    0.104218    -0.03950954    -0.04726554    -0.1409734    0.02028686    0.05504397    0.07824208    0.04217838
-0.218888    1    -0.5246829    -0.383431    0.2626359    0.05045737    -0.0203223    -0.03395516    0.004558426    -0.005977304    -0.02336418    -0.01071071    0.02764055    -0.01490469    0.08265093
-0.3308694    -0.5246829    1    -0.1363358    -0.5814342    0.1406627    -0.08642263    -0.1135213    0.1214367    0.08041019    0.03751466    0.006400481    0.04040486    0.02129473    -0.1184249
0.08306893    -0.383431    -0.1363358    1    -0.08966739    -0.05806156    0.05845928    0.06046609    -0.05341199    -0.05546652    0.1388728    0.1385646    -0.05229533    -0.1499688    -0.07583151
-0.09162578    0.2626359    -0.5814342    -0.08966739    1    -0.0929307    0.08294817    0.02574217    -0.08581093    -0.0110944    -0.009999257    -0.1220648    -0.04896083    0.01803577    -0.004669578
-0.1049821    0.05045737    0.1406627    -0.05806156    -0.0929307    1    0.009148284    -0.5227716    -0.02662411    -0.09164891    -0.100262    -0.05876979    0.1153365    0.08746204    -0.01207187
0.04015974    -0.0203223    -0.08642263    0.05845928    0.08294817    0.009148284    1    -0.6390093    -0.4031495    0.1813855    -0.00643592    0.007629718    -0.04101519    -0.002514353    0.101324
0.104218    -0.03395516    -0.1135213    0.06046609    0.02574217    -0.5227716    -0.6390093    1    -0.06712646    -0.3321347    0.008517349    0.02727629    0.02599453    0.01829302    -0.0881724
-0.03950954    0.004558426    0.1214367    -0.05341199    -0.08581093    -0.02662411    -0.4031495    -0.06712646    1    -0.130076    0.1530265    0.0912724    -0.0306517    -0.1043167    -0.1119837
-0.04726554    -0.005977304    0.08041019    -0.05546652    -0.0110944    -0.09164891    0.1813855    -0.3321347    -0.130076    1    -0.01698752    -0.09226233    -0.04700224    -0.01030879    -0.02343041
-0.1409734    -0.02336418    0.03751466    0.1388728    -0.009999257    -0.100262    -0.00643592    0.008517349    0.1530265    -0.01698752    1    -0.1376514    -0.6676179    0.09997202    0.0203232
0.02028686    -0.01071071    0.006400481    0.1385646    -0.1220648    -0.05876979    0.007629718    0.02727629    0.0912724    -0.09226233    -0.1376514    1    0.03542279    -0.676552    0.1943159
0.05504397    0.02764055    0.04040486    -0.05229533    -0.04896083    0.1153365    -0.04101519    0.02599453    -0.0306517    -0.04700224    -0.6676179    0.03542279    1    -0.05155417    -0.452103
0.07824208    -0.01490469    0.02129473    -0.1499688    0.01803577    0.08746204    -0.002514353    0.01829302    -0.1043167    -0.01030879    0.09997202    -0.676552    -0.05155417    1    -0.5967933
0.04217838    0.08265093    -0.1184249    -0.07583151    -0.004669578    -0.01207187    0.101324    -0.0881724    -0.1119837    -0.02343041    0.0203232    0.1943159    -0.452103    -0.5967933    1
