1    0.04906791    -0.5733122    -0.04768158    0.0270085    0.113602    0.01057423    -0.02248025    0.1953285    -0.1685993    -0.05059381    -0.0329235    0.01477745    0.02537843    0.009934855    0.006021854    0.08661026    -0.05965373    -0.06743866    0.07067536
0.04906791    1    -0.08481752    -0.5860951    0.1151126    -0.2784102    0.09110866    0.2343481    -0.2654887    -0.04758033    -0.004536296    -0.07101351    -0.02751667    0.07264293    0.02638772    -0.01096049    0.04856987    0.005389305    -0.03017387    0.01044359
-0.5733122    -0.08481752    1    0.06538671    -0.4271286    -0.2956426    0.1370424    0.2133949    -0.2903063    0.004382955    0.01952312    -0.0163269    -0.01756501    0.005524823    0.01296193    0.04775215    -0.1267458    -0.006969944    0.07157218    -0.0272016
-0.04768158    -0.5860951    0.06538671    1    -0.4462675    0.03069554    0.08166759    -0.03583531    0.1770326    -0.116594    -0.07120349    -0.004449681    0.06019496    -0.01251759    0.0023313    0.01164383    -0.0312953    0.002516863    -0.009689354    0.02482014
0.0270085    0.1151126    -0.4271286    -0.4462675    1    0.1516437    -0.1210943    -0.1535965    0.0788367    0.1381754    0.01892487    0.04942902    0.003579205    -0.02271986    -0.04174957    -0.05753192    0.07478476    0.07164271    -0.05237184    -0.02031929
0.113602    -0.2784102    -0.2956426    0.03069554    0.1516437    1    -0.218888    -0.3308694    0.08306893    -0.09162578    0.02879211    0.05879974    0.005755298    -0.05404761    -0.0129772    -0.1409734    0.02028686    0.05504397    0.07824208    0.04217838
0.01057423    0.09110866    0.1370424    0.08166759    -0.1210943    -0.218888    1    -0.5246829    -0.383431    0.2626359    -0.05456168    -0.02548276    0.02715219    0.03680484    -0.0107734    -0.02336418    -0.01071071    0.02764055    -0.01490469    0.08265093
-0.02248025    0.2343481    0.2133949    -0.03583531    -0.1535965    -0.3308694    -0.5246829    1    -0.1363358    -0.5814342    0.004097723    -0.09662301    -0.03263222    0.02233212    0.04831779    0.03751466    0.006400481    0.04040486    0.02129473    -0.1184249
0.1953285    -0.2654887    -0.2903063    0.1770326    0.0788367    0.08306893    -0.383431    -0.1363358    1    -0.08966739    -0.003521026    -0.002227745    -0.0295787    0.005798343    0.004181365    0.1388728    0.1385646    -0.05229533    -0.1499688    -0.07583151
-0.1685993    -0.04758033    0.004382955    -0.116594    0.1381754    -0.09162578    0.2626359    -0.5814342    -0.08966739    1    0.02540195    0.07666948    0.03243086    0.008883128    -0.07207009    -0.009999257    -0.1220648    -0.04896083    0.01803577    -0.004669578
-0.05059381    -0.004536296    0.01952312    -0.07120349    0.01892487    0.02879211    -0.05456168    0.004097723    -0.003521026    0.02540195    1    -0.1169316    -0.7228295    0.1430365    0.1130299    0.1757378    0.02504304    -0.105211    -0.008841889    -0.02511926
-0.0329235    -0.07101351    -0.0163269    -0.004449681    0.04942902    0.05879974    -0.02548276    -0.09662301    -0.002227745    0.07666948    -0.1169316    1    0.1225456    -0.708288    0.1717449    0.03620365    0.0936842    -0.0119282    -0.0254776    -0.01258437
0.01477745    -0.02751667    -0.01756501    0.06019496    0.003579205    0.005755298    0.02715219    -0.03263222    -0.0295787    0.03243086    -0.7228295    0.1225456    1    -0.1843117    -0.4438617    -0.113282    0.04960023    0.1477838    -0.01328394    -0.06908165
0.02537843    0.07264293    0.005524823    -0.01251759    -0.02271986    -0.05404761    0.03680484    0.02233212    0.005798343    0.008883128    0.1430365    -0.708288    -0.1843117    1    -0.5048047    -0.05155008    -0.09524614    0.06263443    0.1308298    -0.08923405
0.009934855    0.02638772    0.01296193    0.0023313    -0.04174957    -0.0129772    -0.0107734    0.04831779    0.004181365    -0.07207009    0.1130299    0.1717449    -0.4438617    -0.5048047    1    0.02834152    -0.01744921    -0.1629022    -0.1021666    0.3065855
0.006021854    -0.01096049    0.04775215    0.01164383    -0.05753192    -0.1409734    -0.02336418    0.03751466    0.1388728    -0.009999257    0.1757378    0.03620365    -0.113282    -0.05155008    0.02834152    1    -0.1376514    -0.6676179    0.09997202    0.0203232
0.08661026    0.04856987    -0.1267458    -0.0312953    0.07478476    0.02028686    -0.01071071    0.006400481    0.1385646    -0.1220648    0.02504304    0.0936842    0.04960023    -0.09524614    -0.01744921    -0.1376514    1    0.03542279    -0.676552    0.1943159
-0.05965373    0.005389305    -0.006969944    0.002516863    0.07164271    0.05504397    0.02764055    0.04040486    -0.05229533    -0.04896083    -0.105211    -0.0119282    0.1477838    0.06263443    -0.1629022    -0.6676179    0.03542279    1    -0.05155417    -0.452103
-0.06743866    -0.03017387    0.07157218    -0.009689354    -0.05237184    0.07824208    -0.01490469    0.02129473    -0.1499688    0.01803577    -0.008841889    -0.0254776    -0.01328394    0.1308298    -0.1021666    0.09997202    -0.676552    -0.05155417    1    -0.5967933
0.07067536    0.01044359    -0.0272016    0.02482014    -0.02031929    0.04217838    0.08265093    -0.1184249    -0.07583151    -0.004669578    -0.02511926    -0.01258437    -0.06908165    -0.08923405    0.3065855    0.0203232    0.1943159    -0.452103    -0.5967933    1
