1    0.04906791    -0.5733122    -0.04768158    0.0270085    0.113602    0.01057423    -0.02248025    0.1953285    -0.1685993    0.006021854    0.08661026    -0.05965373    -0.06743866    0.07067536
0.04906791    1    -0.08481752    -0.5860951    0.1151126    -0.2784102    0.09110866    0.2343481    -0.2654887    -0.04758033    -0.01096049    0.04856987    0.005389305    -0.03017387    0.01044359
-0.5733122    -0.08481752    1    0.06538671    -0.4271286    -0.2956426    0.1370424    0.2133949    -0.2903063    0.004382955    0.04775215    -0.1267458    -0.006969944    0.07157218    -0.0272016
-0.04768158    -0.5860951    0.06538671    1    -0.4462675    0.03069554    0.08166759    -0.03583531    0.1770326    -0.116594    0.01164383    -0.0312953    0.002516863    -0.009689354    0.02482014
0.0270085    0.1151126    -0.4271286    -0.4462675    1    0.1516437    -0.1210943    -0.1535965    0.0788367    0.1381754    -0.05753192    0.07478476    0.07164271    -0.05237184    -0.02031929
0.113602    -0.2784102    -0.2956426    0.03069554    0.1516437    1    -0.218888    -0.3308694    0.08306893    -0.09162578    -0.1409734    0.02028686    0.05504397    0.07824208    0.04217838
0.01057423    0.09110866    0.1370424    0.08166759    -0.1210943    -0.218888    1    -0.5246829    -0.383431    0.2626359    -0.02336418    -0.01071071    0.02764055    -0.01490469    0.08265093
-0.02248025    0.2343481    0.2133949    -0.03583531    -0.1535965    -0.3308694    -0.5246829    1    -0.1363358    -0.5814342    0.03751466    0.006400481    0.04040486    0.02129473    -0.1184249
0.1953285    -0.2654887    -0.2903063    0.1770326    0.0788367    0.08306893    -0.383431    -0.1363358    1    -0.08966739    0.1388728    0.1385646    -0.05229533    -0.1499688    -0.07583151
-0.1685993    -0.04758033    0.004382955    -0.116594    0.1381754    -0.09162578    0.2626359    -0.5814342    -0.08966739    1    -0.009999257    -0.1220648    -0.04896083    0.01803577    -0.004669578
0.006021854    -0.01096049    0.04775215    0.01164383    -0.05753192    -0.1409734    -0.02336418    0.03751466    0.1388728    -0.009999257    1    -0.1376514    -0.6676179    0.09997202    0.0203232
0.08661026    0.04856987    -0.1267458    -0.0312953    0.07478476    0.02028686    -0.01071071    0.006400481    0.1385646    -0.1220648    -0.1376514    1    0.03542279    -0.676552    0.1943159
-0.05965373    0.005389305    -0.006969944    0.002516863    0.07164271    0.05504397    0.02764055    0.04040486    -0.05229533    -0.04896083    -0.6676179    0.03542279    1    -0.05155417    -0.452103
-0.06743866    -0.03017387    0.07157218    -0.009689354    -0.05237184    0.07824208    -0.01490469    0.02129473    -0.1499688    0.01803577    0.09997202    -0.676552    -0.05155417    1    -0.5967933
0.07067536    0.01044359    -0.0272016    0.02482014    -0.02031929    0.04217838    0.08265093    -0.1184249    -0.07583151    -0.004669578    0.0203232    0.1943159    -0.452103    -0.5967933    1
