1    -0.218888    -0.3308694    0.08306893    -0.09162578    -0.04313522    0.1662597    0.1203848    -0.03794289    -0.1928003    -0.1409734    0.02028686    0.05504397    0.07824208    0.04217838
-0.218888    1    -0.5246829    -0.383431    0.2626359    0.1252952    -0.05203166    -0.1582999    0.0107946    0.1174107    -0.02336418    -0.01071071    0.02764055    -0.01490469    0.08265093
-0.3308694    -0.5246829    1    -0.1363358    -0.5814342    0.0157406    -0.1661017    -0.08651686    0.07833916    0.134241    0.03751466    0.006400481    0.04040486    0.02129473    -0.1184249
0.08306893    -0.383431    -0.1363358    1    -0.08966739    0.008212394    0.02065512    0.09736063    0.06262095    -0.1820714    0.1388728    0.1385646    -0.05229533    -0.1499688    -0.07583151
-0.09162578    0.2626359    -0.5814342    -0.08966739    1    -0.1018866    0.1288453    0.08142952    -0.1207571    0.01467783    -0.009999257    -0.1220648    -0.04896083    0.01803577    -0.004669578
-0.04313522    0.1252952    0.0157406    0.008212394    -0.1018866    1    0.0416845    -0.7534453    -0.07856249    0.08736875    0.00842127    0.02994683    0.02517646    -0.01692716    -0.01852224
0.1662597    -0.05203166    -0.1661017    0.02065512    0.1288453    0.0416845    1    -0.220745    -0.7680268    0.1760315    -0.004542744    -0.03163716    -0.008899058    0.06320033    -0.0249436
0.1203848    -0.1582999    -0.08651686    0.09736063    0.08142952    -0.7534453    -0.220745    1    0.05457984    -0.4539195    -0.03623932    0.04263955    0.0264194    -0.01795736    -0.004440584
-0.03794289    0.0107946    0.07833916    0.06262095    -0.1207571    -0.07856249    -0.7680268    0.05457984    1    -0.3206691    0.01918204    0.03027521    0.01889109    -0.03680868    -0.008244375
-0.1928003    0.1174107    0.134241    -0.1820714    0.01467783    0.08736875    0.1760315    -0.4539195    -0.3206691    1    0.03400765    -0.08088546    -0.04279001    0.01694961    0.01981231
-0.1409734    -0.02336418    0.03751466    0.1388728    -0.009999257    0.00842127    -0.004542744    -0.03623932    0.01918204    0.03400765    1    -0.1376514    -0.6676179    0.09997202    0.0203232
0.02028686    -0.01071071    0.006400481    0.1385646    -0.1220648    0.02994683    -0.03163716    0.04263955    0.03027521    -0.08088546    -0.1376514    1    0.03542279    -0.676552    0.1943159
0.05504397    0.02764055    0.04040486    -0.05229533    -0.04896083    0.02517646    -0.008899058    0.0264194    0.01889109    -0.04279001    -0.6676179    0.03542279    1    -0.05155417    -0.452103
0.07824208    -0.01490469    0.02129473    -0.1499688    0.01803577    -0.01692716    0.06320033    -0.01795736    -0.03680868    0.01694961    0.09997202    -0.676552    -0.05155417    1    -0.5967933
0.04217838    0.08265093    -0.1184249    -0.07583151    -0.004669578    -0.01852224    -0.0249436    -0.004440584    -0.008244375    0.01981231    0.0203232    0.1943159    -0.452103    -0.5967933    1
