1    0.02409479    -0.5540134    0.007876378    0.0002197257    0.1149061    0.006472567    -0.00221681    0.167127    -0.1591147    -0.02254841    -0.0003931387    0.003168792    -0.02378233    0.04388652
0.02409479    1    -0.07524301    -0.5866202    0.1660791    -0.3063388    0.09769618    0.2287867    -0.2416657    -0.03825053    5.571004e-05    -0.05983796    0.008045654    0.04308305    -0.024182
-0.5540134    -0.07524301    1    -0.01726578    -0.3431392    -0.2962236    0.1652441    0.1731043    -0.3152224    0.01396229    -0.01049385    -0.01099746    0.02220994    -0.03795854    0.02219328
0.007876378    -0.5866202    -0.01726578    1    -0.4829047    0.1286575    0.008343235    -0.015896    0.1323116    -0.1502962    -0.03095036    0.0626854    -0.0174325    -0.05520915    0.04700352
0.0002197257    0.1660791    -0.3431392    -0.4829047    1    0.1407934    -0.1381431    -0.1449939    0.1051387    0.1074246    0.03868073    -0.006114126    -0.01105012    0.04315339    -0.02387041
0.1149061    -0.3063388    -0.2962236    0.1286575    0.1407934    1    -0.218888    -0.3308694    0.08306893    -0.09162578    -0.1409734    0.02028686    0.05504397    0.07824208    0.04217838
0.006472567    0.09769618    0.1652441    0.008343235    -0.1381431    -0.218888    1    -0.5246829    -0.383431    0.2626359    -0.02336418    -0.01071071    0.02764055    -0.01490469    0.08265093
-0.00221681    0.2287867    0.1731043    -0.015896    -0.1449939    -0.3308694    -0.5246829    1    -0.1363358    -0.5814342    0.03751466    0.006400481    0.04040486    0.02129473    -0.1184249
0.167127    -0.2416657    -0.3152224    0.1323116    0.1051387    0.08306893    -0.383431    -0.1363358    1    -0.08966739    0.1388728    0.1385646    -0.05229533    -0.1499688    -0.07583151
-0.1591147    -0.03825053    0.01396229    -0.1502962    0.1074246    -0.09162578    0.2626359    -0.5814342    -0.08966739    1    -0.009999257    -0.1220648    -0.04896083    0.01803577    -0.004669578
-0.02254841    5.571004e-05    -0.01049385    -0.03095036    0.03868073    -0.1409734    -0.02336418    0.03751466    0.1388728    -0.009999257    1    -0.1376514    -0.6676179    0.09997202    0.0203232
-0.0003931387    -0.05983796    -0.01099746    0.0626854    -0.006114126    0.02028686    -0.01071071    0.006400481    0.1385646    -0.1220648    -0.1376514    1    0.03542279    -0.676552    0.1943159
0.003168792    0.008045654    0.02220994    -0.0174325    -0.01105012    0.05504397    0.02764055    0.04040486    -0.05229533    -0.04896083    -0.6676179    0.03542279    1    -0.05155417    -0.452103
-0.02378233    0.04308305    -0.03795854    -0.05520915    0.04315339    0.07824208    -0.01490469    0.02129473    -0.1499688    0.01803577    0.09997202    -0.676552    -0.05155417    1    -0.5967933
0.04388652    -0.024182    0.02219328    0.04700352    -0.02387041    0.04217838    0.08265093    -0.1184249    -0.07583151    -0.004669578    0.0203232    0.1943159    -0.452103    -0.5967933    1
