1    -0.1946423    -0.4709472    0.235111    -0.02529814    0.1905081    0.05805054    -0.0849397    0.1405373    -0.1113575    0.002692811    -0.02284607    -0.02580832    0.004302346    0.03183198    -0.09196398    0.007111502    0.01919093    -0.0115296    0.03615598
-0.1946423    1    0.005353657    -0.6506694    0.2672641    -0.3011684    0.1858754    0.1408033    -0.2889913    0.04265037    0.004567809    -0.02335305    -0.00606119    -0.0009895416    -0.01399939    -0.01949221    -0.04198734    0.02874585    0.03525049    -0.04166531
-0.4709472    0.005353657    1    0.06514224    -0.5083593    -0.3443431    0.0793444    0.3050037    -0.286987    -0.07075013    0.02794168    -0.03166912    -0.03269408    0.02370175    0.02345682    0.02641534    -0.02992343    0.002548544    -0.05080884    0.04667453
0.235111    -0.6506694    0.06514224    1    -0.6078586    0.08408126    -0.0411414    0.04453072    0.2060878    -0.1905402    -0.06379766    -0.007812445    0.0433122    0.006616718    0.004828605    0.0144666    0.05111462    -0.03096351    -0.06306929    0.04605624
-0.02529814    0.2672641    -0.5083593    -0.6078586    1    0.1313482    -0.1075655    -0.2165976    0.1146056    0.2692149    0.04968352    0.04206381    -0.03280274    -0.01054522    -0.03359252    0.01933827    -0.02711124    0.02084406    0.05430986    -0.08850135
0.1905081    -0.3011684    -0.3443431    0.08408126    0.1313482    1    -0.218888    -0.3308694    0.08306893    -0.09162578    0.02879211    0.05879974    0.005755298    -0.05404761    -0.0129772    -0.1409734    0.02028686    0.05504397    0.07824208    0.04217838
0.05805054    0.1858754    0.0793444    -0.0411414    -0.1075655    -0.218888    1    -0.5246829    -0.383431    0.2626359    -0.05456168    -0.02548276    0.02715219    0.03680484    -0.0107734    -0.02336418    -0.01071071    0.02764055    -0.01490469    0.08265093
-0.0849397    0.1408033    0.3050037    0.04453072    -0.2165976    -0.3308694    -0.5246829    1    -0.1363358    -0.5814342    0.004097723    -0.09662301    -0.03263222    0.02233212    0.04831779    0.03751466    0.006400481    0.04040486    0.02129473    -0.1184249
0.1405373    -0.2889913    -0.286987    0.2060878    0.1146056    0.08306893    -0.383431    -0.1363358    1    -0.08966739    -0.003521026    -0.002227745    -0.0295787    0.005798343    0.004181365    0.1388728    0.1385646    -0.05229533    -0.1499688    -0.07583151
-0.1113575    0.04265037    -0.07075013    -0.1905402    0.2692149    -0.09162578    0.2626359    -0.5814342    -0.08966739    1    0.02540195    0.07666948    0.03243086    0.008883128    -0.07207009    -0.009999257    -0.1220648    -0.04896083    0.01803577    -0.004669578
0.002692811    0.004567809    0.02794168    -0.06379766    0.04968352    0.02879211    -0.05456168    0.004097723    -0.003521026    0.02540195    1    -0.1169316    -0.7228295    0.1430365    0.1130299    0.1757378    0.02504304    -0.105211    -0.008841889    -0.02511926
-0.02284607    -0.02335305    -0.03166912    -0.007812445    0.04206381    0.05879974    -0.02548276    -0.09662301    -0.002227745    0.07666948    -0.1169316    1    0.1225456    -0.708288    0.1717449    0.03620365    0.0936842    -0.0119282    -0.0254776    -0.01258437
-0.02580832    -0.00606119    -0.03269408    0.0433122    -0.03280274    0.005755298    0.02715219    -0.03263222    -0.0295787    0.03243086    -0.7228295    0.1225456    1    -0.1843117    -0.4438617    -0.113282    0.04960023    0.1477838    -0.01328394    -0.06908165
0.004302346    -0.0009895416    0.02370175    0.006616718    -0.01054522    -0.05404761    0.03680484    0.02233212    0.005798343    0.008883128    0.1430365    -0.708288    -0.1843117    1    -0.5048047    -0.05155008    -0.09524614    0.06263443    0.1308298    -0.08923405
0.03183198    -0.01399939    0.02345682    0.004828605    -0.03359252    -0.0129772    -0.0107734    0.04831779    0.004181365    -0.07207009    0.1130299    0.1717449    -0.4438617    -0.5048047    1    0.02834152    -0.01744921    -0.1629022    -0.1021666    0.3065855
-0.09196398    -0.01949221    0.02641534    0.0144666    0.01933827    -0.1409734    -0.02336418    0.03751466    0.1388728    -0.009999257    0.1757378    0.03620365    -0.113282    -0.05155008    0.02834152    1    -0.1376514    -0.6676179    0.09997202    0.0203232
0.007111502    -0.04198734    -0.02992343    0.05111462    -0.02711124    0.02028686    -0.01071071    0.006400481    0.1385646    -0.1220648    0.02504304    0.0936842    0.04960023    -0.09524614    -0.01744921    -0.1376514    1    0.03542279    -0.676552    0.1943159
0.01919093    0.02874585    0.002548544    -0.03096351    0.02084406    0.05504397    0.02764055    0.04040486    -0.05229533    -0.04896083    -0.105211    -0.0119282    0.1477838    0.06263443    -0.1629022    -0.6676179    0.03542279    1    -0.05155417    -0.452103
-0.0115296    0.03525049    -0.05080884    -0.06306929    0.05430986    0.07824208    -0.01490469    0.02129473    -0.1499688    0.01803577    -0.008841889    -0.0254776    -0.01328394    0.1308298    -0.1021666    0.09997202    -0.676552    -0.05155417    1    -0.5967933
0.03615598    -0.04166531    0.04667453    0.04605624    -0.08850135    0.04217838    0.08265093    -0.1184249    -0.07583151    -0.004669578    -0.02511926    -0.01258437    -0.06908165    -0.08923405    0.3065855    0.0203232    0.1943159    -0.452103    -0.5967933    1
