1    -0.218888    -0.3308694    0.08306893    -0.09162578    0.02879211    0.05879974    0.005755298    -0.05404761    -0.0129772    0.000772366    -0.02915694    -0.05180105    -0.02429164    0.05671439    -0.1409734    0.02028686    0.05504397    0.07824208    0.04217838
-0.218888    1    -0.5246829    -0.383431    0.2626359    -0.05456168    -0.02548276    0.02715219    0.03680484    -0.0107734    -0.03115448    -0.05437448    -0.01827569    0.007428058    0.08126789    -0.02336418    -0.01071071    0.02764055    -0.01490469    0.08265093
-0.3308694    -0.5246829    1    -0.1363358    -0.5814342    0.004097723    -0.09662301    -0.03263222    0.02233212    0.04831779    -0.04401784    0.06262593    0.06774478    -0.01926834    -0.03455619    0.03751466    0.006400481    0.04040486    0.02129473    -0.1184249
0.08306893    -0.383431    -0.1363358    1    -0.08966739    -0.003521026    -0.002227745    -0.0295787    0.005798343    0.004181365    0.04990897    0.008179364    -0.07080094    -0.03651238    0.01984207    0.1388728    0.1385646    -0.05229533    -0.1499688    -0.07583151
-0.09162578    0.2626359    -0.5814342    -0.08966739    1    0.02540195    0.07666948    0.03243086    0.008883128    -0.07207009    0.04034749    -0.0129474    0.01082853    0.05598858    -0.08272262    -0.009999257    -0.1220648    -0.04896083    0.01803577    -0.004669578
0.02879211    -0.05456168    0.004097723    -0.003521026    0.02540195    1    -0.1169316    -0.7228295    0.1430365    0.1130299    0.08642682    0.06780278    -0.08190055    -0.1225905    0.09567054    0.1757378    0.02504304    -0.105211    -0.008841889    -0.02511926
0.05879974    -0.02548276    -0.09662301    -0.002227745    0.07666948    -0.1169316    1    0.1225456    -0.708288    0.1717449    0.0110113    0.02091034    -0.05142963    -0.08651967    0.09382207    0.03620365    0.0936842    -0.0119282    -0.0254776    -0.01258437
0.005755298    0.02715219    -0.03263222    -0.0295787    0.03243086    -0.7228295    0.1225456    1    -0.1843117    -0.4438617    -0.03714581    -0.09165247    -0.02167908    0.08032211    -0.02407182    -0.113282    0.04960023    0.1477838    -0.01328394    -0.06908165
-0.05404761    0.03680484    0.02233212    0.005798343    0.008883128    0.1430365    -0.708288    -0.1843117    1    -0.5048047    -0.04486151    -0.1355852    0.004970857    0.1155393    -0.03759316    -0.05155008    -0.09524614    0.06263443    0.1308298    -0.08923405
-0.0129772    -0.0107734    0.04831779    0.004181365    -0.07207009    0.1130299    0.1717449    -0.4438617    -0.5048047    1    0.04424657    0.1792586    0.07210112    -0.1047661    -0.03396666    0.02834152    -0.01744921    -0.1629022    -0.1021666    0.3065855
0.000772366    -0.03115448    -0.04401784    0.04990897    0.04034749    0.08642682    0.0110113    -0.03714581    -0.04486151    0.04424657    1    0.2292549    -0.7925327    -0.3398313    0.2443113    0.1378754    0.01430813    -0.07594447    -0.006305397    -0.04839362
-0.02915694    -0.05437448    0.06262593    0.008179364    -0.0129474    0.06780278    0.02091034    -0.09165247    -0.1355852    0.1792586    0.2292549    1    0.0582692    -0.7753216    0.1000554    0.005578518    0.157625    0.004036359    -0.09551998    -0.01131214
-0.05180105    -0.01827569    0.06774478    -0.07080094    0.01082853    -0.08190055    -0.05142963    -0.02167908    0.004970857    0.07210112    -0.7925327    0.0582692    1    0.2852451    -0.6086443    -0.116667    0.05693531    0.1096152    -0.03011969    -0.0003704035
-0.02429164    0.007428058    -0.01926834    -0.03651238    0.05598858    -0.1225905    -0.08651967    0.08032211    0.1155393    -0.1047661    -0.3398313    -0.7753216    0.2852451    1    -0.503745    0.007558403    -0.1073676    0.0242853    0.09828785    -0.02716121
0.05671439    0.08126789    -0.03455619    0.01984207    -0.08272262    0.09567054    0.09382207    -0.02407182    -0.03759316    -0.03396666    0.2443113    0.1000554    -0.6086443    -0.503745    1    -0.01359294    -0.03985826    -0.05819444    -0.004065534    0.1113071
-0.1409734    -0.02336418    0.03751466    0.1388728    -0.009999257    0.1757378    0.03620365    -0.113282    -0.05155008    0.02834152    0.1378754    0.005578518    -0.116667    0.007558403    -0.01359294    1    -0.1376514    -0.6676179    0.09997202    0.0203232
0.02028686    -0.01071071    0.006400481    0.1385646    -0.1220648    0.02504304    0.0936842    0.04960023    -0.09524614    -0.01744921    0.01430813    0.157625    0.05693531    -0.1073676    -0.03985826    -0.1376514    1    0.03542279    -0.676552    0.1943159
0.05504397    0.02764055    0.04040486    -0.05229533    -0.04896083    -0.105211    -0.0119282    0.1477838    0.06263443    -0.1629022    -0.07594447    0.004036359    0.1096152    0.0242853    -0.05819444    -0.6676179    0.03542279    1    -0.05155417    -0.452103
0.07824208    -0.01490469    0.02129473    -0.1499688    0.01803577    -0.008841889    -0.0254776    -0.01328394    0.1308298    -0.1021666    -0.006305397    -0.09551998    -0.03011969    0.09828785    -0.004065534    0.09997202    -0.676552    -0.05155417    1    -0.5967933
0.04217838    0.08265093    -0.1184249    -0.07583151    -0.004669578    -0.02511926    -0.01258437    -0.06908165    -0.08923405    0.3065855    -0.04839362    -0.01131214    -0.0003704035    -0.02716121    0.1113071    0.0203232    0.1943159    -0.452103    -0.5967933    1
