1    -0.0653515    -0.7025817    -0.07246449    -0.03990777    0.1132009    -0.006026042    -0.08167544    0.08203517    -0.03408187    -0.04538115    0.007239789    0.05762384    -0.03795125    -0.005082973    -0.0211035    -0.02844851    0.04425556    0.03614543    -0.04129023
-0.0653515    1    -0.05452125    -0.5470611    0.1192943    0.04383234    -0.05283224    -0.05484159    0.01838671    0.04420704    -0.03236139    -0.02749777    -0.0002919384    0.02072212    0.02997351    -0.05571547    0.03124489    -0.005263358    0.01292093    0.0196505
-0.7025817    -0.05452125    1    0.01906412    -0.3010253    0.007473095    0.003391491    -0.03336696    -0.05440936    0.06469533    0.03702329    0.01478587    -0.0471459    0.0235767    0.03450347    -0.01354869    0.02381293    -0.0120049    -0.0008737186    0.03446948
-0.07246449    -0.5470611    0.01906412    1    -0.3474456    0.02336661    -0.0222154    -0.003442623    0.01212583    0.02691877    0.0451509    0.04610146    -0.0164992    -0.02344864    0.002177915    0.04149865    0.02677067    -0.03036496    -0.04351334    0.04054505
-0.03990777    0.1192943    -0.3010253    -0.3474456    1    -0.1020545    0.06568004    0.08950953    -0.02629972    -0.1033925    -0.02805334    -0.07359731    -0.008538113    0.04679589    -0.05780668    0.01341937    -0.0240525    0.003897094    -0.01999872    0.009542477
0.1132009    0.04383234    0.007473095    0.02336661    -0.1020545    1    -0.218888    -0.3308694    0.08306893    -0.09162578    0.02879211    0.05879974    0.005755298    -0.05404761    -0.0129772    -0.1409734    0.02028686    0.05504397    0.07824208    0.04217838
-0.006026042    -0.05283224    0.003391491    -0.0222154    0.06568004    -0.218888    1    -0.5246829    -0.383431    0.2626359    -0.05456168    -0.02548276    0.02715219    0.03680484    -0.0107734    -0.02336418    -0.01071071    0.02764055    -0.01490469    0.08265093
-0.08167544    -0.05484159    -0.03336696    -0.003442623    0.08950953    -0.3308694    -0.5246829    1    -0.1363358    -0.5814342    0.004097723    -0.09662301    -0.03263222    0.02233212    0.04831779    0.03751466    0.006400481    0.04040486    0.02129473    -0.1184249
0.08203517    0.01838671    -0.05440936    0.01212583    -0.02629972    0.08306893    -0.383431    -0.1363358    1    -0.08966739    -0.003521026    -0.002227745    -0.0295787    0.005798343    0.004181365    0.1388728    0.1385646    -0.05229533    -0.1499688    -0.07583151
-0.03408187    0.04420704    0.06469533    0.02691877    -0.1033925    -0.09162578    0.2626359    -0.5814342    -0.08966739    1    0.02540195    0.07666948    0.03243086    0.008883128    -0.07207009    -0.009999257    -0.1220648    -0.04896083    0.01803577    -0.004669578
-0.04538115    -0.03236139    0.03702329    0.0451509    -0.02805334    0.02879211    -0.05456168    0.004097723    -0.003521026    0.02540195    1    -0.1169316    -0.7228295    0.1430365    0.1130299    0.1757378    0.02504304    -0.105211    -0.008841889    -0.02511926
0.007239789    -0.02749777    0.01478587    0.04610146    -0.07359731    0.05879974    -0.02548276    -0.09662301    -0.002227745    0.07666948    -0.1169316    1    0.1225456    -0.708288    0.1717449    0.03620365    0.0936842    -0.0119282    -0.0254776    -0.01258437
0.05762384    -0.0002919384    -0.0471459    -0.0164992    -0.008538113    0.005755298    0.02715219    -0.03263222    -0.0295787    0.03243086    -0.7228295    0.1225456    1    -0.1843117    -0.4438617    -0.113282    0.04960023    0.1477838    -0.01328394    -0.06908165
-0.03795125    0.02072212    0.0235767    -0.02344864    0.04679589    -0.05404761    0.03680484    0.02233212    0.005798343    0.008883128    0.1430365    -0.708288    -0.1843117    1    -0.5048047    -0.05155008    -0.09524614    0.06263443    0.1308298    -0.08923405
-0.005082973    0.02997351    0.03450347    0.002177915    -0.05780668    -0.0129772    -0.0107734    0.04831779    0.004181365    -0.07207009    0.1130299    0.1717449    -0.4438617    -0.5048047    1    0.02834152    -0.01744921    -0.1629022    -0.1021666    0.3065855
-0.0211035    -0.05571547    -0.01354869    0.04149865    0.01341937    -0.1409734    -0.02336418    0.03751466    0.1388728    -0.009999257    0.1757378    0.03620365    -0.113282    -0.05155008    0.02834152    1    -0.1376514    -0.6676179    0.09997202    0.0203232
-0.02844851    0.03124489    0.02381293    0.02677067    -0.0240525    0.02028686    -0.01071071    0.006400481    0.1385646    -0.1220648    0.02504304    0.0936842    0.04960023    -0.09524614    -0.01744921    -0.1376514    1    0.03542279    -0.676552    0.1943159
0.04425556    -0.005263358    -0.0120049    -0.03036496    0.003897094    0.05504397    0.02764055    0.04040486    -0.05229533    -0.04896083    -0.105211    -0.0119282    0.1477838    0.06263443    -0.1629022    -0.6676179    0.03542279    1    -0.05155417    -0.452103
0.03614543    0.01292093    -0.0008737186    -0.04351334    -0.01999872    0.07824208    -0.01490469    0.02129473    -0.1499688    0.01803577    -0.008841889    -0.0254776    -0.01328394    0.1308298    -0.1021666    0.09997202    -0.676552    -0.05155417    1    -0.5967933
-0.04129023    0.0196505    0.03446948    0.04054505    0.009542477    0.04217838    0.08265093    -0.1184249    -0.07583151    -0.004669578    -0.02511926    -0.01258437    -0.06908165    -0.08923405    0.3065855    0.0203232    0.1943159    -0.452103    -0.5967933    1
