1    -0.1750601    -0.4248295    0.2174913    0.002515153    0.08075505    -0.0814153    -0.123389    0.05311032    -0.002778924    0.08290553    0.1420132    -0.1258927    0.1366638    -0.05172256    0.01689402    -0.007827286    0.04156598    0.008776501    -0.0205498    0.02450167    -0.007686867    0.01201419    0.02116324    -0.04170673    0.002836519    0.01363391    0.0024025    -0.01193846    -0.001633487    -0.04251166    0.05005263    0.04100327    -0.01299162    -0.01067735    0.0009747135    0.03327251    -0.05064715    -0.0215638    0.05025186
-0.1750601    1    -0.01491714    -0.6222392    0.2333305    -0.0719787    0.003249465    -0.01112195    -0.1052954    0.138747    -0.3353101    0.2167543    0.1456674    -0.3199835    0.06876775    -0.04408736    0.03763997    0.08218417    -0.06613515    -0.01940526    -0.03645186    0.06133123    0.03778561    -0.04461038    0.01058197    0.005381682    -0.04597173    -0.02789949    0.046215    0.02586177    -0.003238345    0.007062447    0.02551063    -0.01840964    -0.02913901    0.03858535    -0.04293042    -0.03044503    0.020002    0.0008537819
-0.4248295    -0.01491714    1    0.05952327    -0.5232977    -0.06953674    -0.07467266    -0.009908414    -0.07318475    0.08299837    -0.270278    0.006946083    0.3412862    -0.2258945    -0.1337849    -0.08279902    0.02124634    0.09939839    0.008893872    -0.06331844    -0.01230913    0.06296831    0.05635172    -0.03626766    -0.06381526    0.004044347    -0.02357825    -0.02591673    0.002354243    0.04440464    -0.01238674    -0.01166035    0.02923344    0.0418471    -0.03793907    0.002771592    -0.05800285    0.03287454    0.02958227    -0.02717925
0.2174913    -0.6222392    0.05952327    1    -0.5990358    0.09278857    -0.1420433    -0.1142732    0.07970801    -0.004951339    0.07819892    -0.02426068    0.03566689    0.2725577    -0.2255056    0.003469206    0.009919372    0.006749883    0.03282896    -0.03321681    0.02129863    0.01549241    0.04052655    -0.01275459    -0.06183174    0.02568585    -0.003973163    -0.03381053    -0.02059615    0.03206517    -0.0541893    0.04775318    0.04810176    0.002899973    0.003584582    0.009905022    0.03889825    -0.01558606    -0.06794439    0.05679076
0.002515153    0.2333305    -0.5232977    -0.5990358    1    -0.04438436    0.1918576    0.1483007    -0.0002029361    -0.1180604    0.1260706    -0.06727067    -0.2627192    0.03812875    0.3118254    0.09331798    0.001268893    -0.1189013    -0.03742274    0.04900445    -0.01794712    -0.08154562    -0.06633381    0.0723032    0.08290306    -0.05537177    0.05463602    0.06898852    -0.02461059    -0.03259859    0.09143708    -0.03079676    -0.08937305    -0.02632274    0.02316852    -0.01513226    -0.03677966    0.009636552    0.05131929    -0.06605082
0.08075505    -0.0719787    -0.06953674    0.09278857    -0.04438436    1    -0.07097652    -0.6286305    -0.03675972    0.02730792    0.07133116    0.0009880514    -0.08331216    0.0666371    0.03308407    0.1033935    -0.003935835    -0.0500193    0.1206676    -0.05500599    0.1466345    -0.1154991    -0.07483015    0.09016413    -0.03686495    0.01970555    0.0154432    0.007161051    -0.0005766117    -0.02688109    -0.06529257    -0.0003960833    0.02345897    0.02341853    0.02265795    -0.008896891    0.009869074    0.003122145    -0.009680778    0.02362222
-0.0814153    0.003249465    -0.07467266    -0.1420433    0.1918576    -0.07097652    1    -0.0791724    -0.5835572    0.1192374    0.07350226    -0.03731959    -0.0562935    0.005618738    0.04166083    -0.0918035    0.1194475    0.07932587    -0.07107765    -0.03999557    -0.07496105    -0.007539423    -0.02237398    -0.04811682    0.1193005    -0.02747831    0.02247946    0.02322181    -0.02151413    0.02299466    -0.01679266    0.01986786    0.01770738    -0.03331998    -0.0006170207    -0.06359591    0.008297618    0.01793905    0.005015956    0.02436472
-0.123389    -0.01112195    -0.009908414    -0.1142732    0.1483007    -0.6286305    -0.0791724    1    -0.02143606    -0.3763256    -0.005433263    -0.01529972    -0.04156744    -0.03103105    0.06343927    -0.06152641    0.07797073    0.09345373    -0.08874736    -0.05369928    -0.09967928    0.001884377    -0.005159384    -0.0214819    0.090265    -0.04165948    -0.008590085    0.007396407    0.01399119    0.05559153    0.04576291    -0.007777755    -0.01470691    -0.01861157    -0.01857027    -0.01497102    0.03701657    -0.02526247    0.02080239    0.01459992
0.05311032    -0.1052954    -0.07318475    0.07970801    -0.0002029361    -0.03675972    -0.5835572    -0.02143606    1    -0.4130093    0.06806232    -0.02288523    -0.005968933    0.0244222    -0.04194133    0.1008718    -0.0452246    -0.04849563    0.05909226    -0.02934708    0.09413331    -0.08926423    -0.08340011    0.1087012    -0.02464907    0.01428466    -0.01961449    -0.01446601    -0.004889629    0.02144547    0.02808875    -0.01766879    -0.02719183    0.01045688    -0.001650366    0.03168262    -0.01068729    0.01469403    0.002564623    -0.02624095
-0.002778924    0.138747    0.08299837    -0.004951339    -0.1180604    0.02730792    0.1192374    -0.3763256    -0.4130093    1    -0.1138256    0.05415237    0.07514607    -0.04304432    -0.0297231    -0.06919439    -0.04678091    -0.02464499    -0.01343383    0.09821603    -0.08740616    0.09502083    0.1317721    -0.09194189    -0.06255202    0.02706958    0.03065255    -0.005476183    -0.02227172    -0.05765191    -0.0136799    0.03610286    -0.01753913    -0.04906919    0.06720939    0.007275371    -0.05941935    -0.0005473347    -0.009962569    -0.004733897
0.08290553    -0.3353101    -0.270278    0.07819892    0.1260706    0.07133116    0.07350226    -0.005433263    0.06806232    -0.1138256    1    -0.218888    -0.3308694    0.08306893    -0.09162578    -0.006368971    -0.04329304    -0.08595956    0.02265268    0.08691645    -0.01487135    -0.09777879    -0.05599654    -0.008942401    0.1123749    -0.0139257    0.07659465    0.06809344    -0.06066953    -0.06088495    0.000772366    -0.02915694    -0.05180105    -0.02429164    0.05671439    -0.1409734    0.02028686    0.05504397    0.07824208    0.04217838
0.1420132    0.2167543    0.006946083    -0.02426068    -0.06727067    0.0009880514    -0.03731959    -0.01529972    -0.02288523    0.05415237    -0.218888    1    -0.5246829    -0.383431    0.2626359    -0.05504183    0.06966226    0.09488769    -0.03314472    -0.07217607    0.03930743    -0.02002097    -0.04105359    -0.03198024    0.03712836    0.01460239    0.004252653    -0.03222128    -0.03056547    0.06349673    -0.03115448    -0.05437448    -0.01827569    0.007428058    0.08126789    -0.02336418    -0.01071071    0.02764055    -0.01490469    0.08265093
-0.1258927    0.1456674    0.3412862    0.03566689    -0.2627192    -0.08331216    -0.0562935    -0.04156744    -0.005968933    0.07514607    -0.3308694    -0.5246829    1    -0.1363358    -0.5814342    0.02478243    -0.01988749    0.008243997    -0.02981386    -0.003308977    -0.03355247    0.10267    0.07438356    -0.01390722    -0.1102942    -0.04183772    -0.09273361    -0.0274204    0.05620217    0.05764332    -0.04401784    0.06262593    0.06774478    -0.01926834    -0.03455619    0.03751466    0.006400481    0.04040486    0.02129473    -0.1184249
0.1366638    -0.3199835    -0.2258945    0.2725577    0.03812875    0.0666371    0.005618738    -0.03103105    0.0244222    -0.04304432    0.08306893    -0.383431    -0.1363358    1    -0.08966739    0.02158302    -0.06651151    -0.1126085    0.06137809    0.08885827    0.003465684    -0.07301213    -0.05702039    0.05272359    0.08738964    0.0109756    0.002509773    0.01024413    0.01306389    -0.06040209    0.04990897    0.008179364    -0.07080094    -0.03651238    0.01984207    0.1388728    0.1385646    -0.05229533    -0.1499688    -0.07583151
-0.05172256    0.06876775    -0.1337849    -0.2255056    0.3118254    0.03308407    0.04166083    0.06343927    -0.04194133    -0.0297231    -0.09162578    0.2626359    -0.5814342    -0.08966739    1    -0.00816904    0.05112316    0.03152837    0.001816811    -0.06408102    0.004365981    -0.002929524    0.02389306    0.02698715    -0.02434373    0.02303773    0.07362351    0.01845056    -0.01573626    -0.03090848    0.04034749    -0.0129474    0.01082853    0.05598858    -0.08272262    -0.009999257    -0.1220648    -0.04896083    0.01803577    -0.004669578
0.01689402    -0.04408736    -0.08279902    0.003469206    0.09331798    0.1033935    -0.0918035    -0.06152641    0.1008718    -0.06919439    -0.006368971    -0.05504183    0.02478243    0.02158302    -0.00816904    1    0.002486199    -0.6084731    0.05587275    -0.03522792    0.1460304    -0.05911062    -0.1322263    0.08981674    -0.008308768    -0.1403092    -0.1537993    0.09859517    0.2540009    -0.05083952    0.02354366    -0.0831819    -0.05109222    0.08887405    -0.003009004    0.09095607    -0.06859168    -0.009341701    0.1407293    -0.161299
-0.007827286    0.03763997    0.02124634    0.009919372    0.001268893    -0.003935835    0.1194475    0.07797073    -0.0452246    -0.04678091    -0.04329304    0.06966226    -0.01988749    -0.06651151    0.05112316    0.002486199    1    -0.2610428    -0.5998652    0.2709889    -0.04575408    0.06855313    -0.01296644    -0.1176168    0.06456155    -0.1459785    0.03524693    0.1463833    0.03726333    -0.03151572    -0.01961274    0.03182518    0.007025521    -0.06892219    0.08436301    -0.1110361    -0.06292476    -0.006989258    -0.06792301    0.16369
0.04156598    0.08218417    0.09939839    0.006749883    -0.1189013    -0.0500193    0.07932587    0.09345373    -0.04849563    -0.02464499    -0.08595956    0.09488769    0.008243997    -0.1126085    0.03152837    -0.6084731    -0.2610428    1    0.02869043    -0.4800809    -0.06364184    0.002453178    0.03698599    -0.05899813    0.07916448    0.03233552    0.1907375    0.09185373    -0.07703353    -0.1215191    -0.05431528    0.006978044    0.02865815    -0.03263844    0.01732734    -0.05352539    0.01811998    -0.1078386    -0.09816858    0.2236656
0.008776501    -0.06613515    0.008893872    0.03282896    -0.03742274    0.1206676    -0.07107765    -0.08874736    0.05909226    -0.01343383    0.02265268    -0.03314472    -0.02981386    0.06137809    0.001816811    0.05587275    -0.5998652    0.02869043    1    -0.3962035    0.01953137    -0.08335626    -0.05517177    0.08651817    0.03543737    0.3303664    0.1271854    -0.1577562    -0.1435505    -0.1113097    0.005326752    -0.07455766    -0.04383044    0.03366387    0.001369671    0.06787055    -0.03876995    -0.0425336    0.112223    -0.1113637
-0.0205498    -0.01940526    -0.06331844    -0.03321681    0.04900445    -0.05500599    -0.03999557    -0.05369928    -0.02934708    0.09821603    0.08691645    -0.07217607    -0.003308977    0.08885827    -0.06408102    -0.03522792    0.2709889    -0.4800809    -0.3962035    1    -0.03166268    0.06765827    0.05404733    0.0005133851    -0.1086329    -0.1321209    -0.2144391    -0.02250504    0.03366274    -0.06404811    0.04998715    0.08075949    0.01236239    -0.04215891    -0.003206776    0.02353699    0.09098666    0.06354639    -0.07686904    -0.0244858
0.02450167    -0.03645186    -0.01230913    0.02129863    -0.01794712    0.1466345    -0.07496105    -0.09967928    0.09413331    -0.08740616    -0.01487135    0.03930743    -0.03355247    0.003465684    0.004365981    0.1460304    -0.04575408    -0.06364184    0.01953137    -0.03166268    1    0.08307113    -0.7420018    -0.008477842    0.04639755    0.002753555    -0.03097108    -0.03154261    0.05380934    0.01753799    -0.1634702    -0.3542519    0.1084682    0.4980067    -0.112996    0.03702293    0.01894004    0.01478901    -0.02684936    0.007427948
-0.007686867    0.06133123    0.06296831    0.01549241    -0.08154562    -0.1154991    -0.007539423    0.001884377    -0.08926423    0.09502083    -0.09777879    -0.02002097    0.10267    -0.07301213    -0.002929524    -0.05911062    0.06855313    0.002453178    -0.08335626    0.06765827    0.08307113    1    -0.2725877    -0.7281742    0.2765941    -0.03995966    0.02772979    0.01743712    -0.02601324    0.006062834    -0.3479478    -0.0331988    0.4372959    0.2273031    -0.2782187    -0.011938    0.04129766    -0.00896556    -0.04354344    0.03127142
0.01201419    0.03778561    0.05635172    0.04052655    -0.06633381    -0.07483015    -0.02237398    -0.005159384    -0.08340011    0.1317721    -0.05599654    -0.04105359    0.07438356    -0.05702039    0.02389306    -0.1322263    -0.01296644    0.03698599    -0.05517177    0.05404733    -0.7420018    -0.2725877    1    0.04992343    -0.4475786    0.01983093    -0.02331522    -0.03256113    -0.03847427    0.03751029    0.1665235    0.4377699    -0.01943281    -0.3678474    0.01640472    -0.01394031    0.009203816    0.005555138    0.001726641    -0.03577412
0.02116324    -0.04461038    -0.03626766    -0.01275459    0.0723032    0.09016413    -0.04811682    -0.0214819    0.1087012    -0.09194189    -0.008942401    -0.03198024    -0.01390722    0.05272359    0.02698715    0.08981674    -0.1176168    -0.05899813    0.08651817    0.0005133851    -0.008477842    -0.7281742    0.04992343    1    -0.415051    0.03847784    -0.06677104    -0.07645898    0.01498782    0.07100696    0.4982059    0.1380366    -0.372432    -0.2208138    0.02981694    0.04123565    -0.0266158    0.03505491    0.05981547    -0.09640243
-0.04170673    0.01058197    -0.06381526    -0.06183174    0.08290306    -0.03686495    0.1193005    0.090265    -0.02464907    -0.06255202    0.1123749    0.03712836    -0.1102942    0.08738964    -0.02434373    -0.008308768    0.06456155    0.07916448    0.03543737    -0.1086329    0.04639755    0.2765941    -0.4475786    -0.415051    1    -0.0469808    0.09494873    0.1278174    0.009866623    -0.1198703    -0.2684327    -0.3418638    0.04225816    0.1055823    -0.1150963    -0.04188392    0.006214583    -0.04278525    -0.03052041    0.09912822
0.002836519    0.005381682    0.004044347    0.02568585    -0.05537177    0.01970555    -0.02747831    -0.04165948    0.01428466    0.02706958    -0.0139257    0.01460239    -0.04183772    0.0109756    0.02303773    -0.1403092    -0.1459785    0.03233552    0.3303664    -0.1321209    0.002753555    -0.03995966    0.01983093    0.03847784    -0.0469808    1    -0.01208665    -0.7751805    -0.07643994    0.1642374    -0.06374869    -0.06111635    0.06095885    0.08144994    -0.06487302    -0.009373055    -0.01509577    0.03224401    0.03383987    -0.09029222
0.01363391    -0.04597173    -0.02357825    -0.003973163    0.05463602    0.0154432    0.02247946    -0.008590085    -0.01961449    0.03065255    0.07659465    0.004252653    -0.09273361    0.002509773    0.07362351    -0.1537993    0.03524693    0.1907375    0.1271854    -0.2144391    -0.03097108    0.02772979    -0.02331522    -0.06677104    0.09494873    -0.01208665    1    0.1663351    -0.7695498    0.07538156    -0.08376976    -0.1029627    0.01355829    0.0293152    0.03565497    -0.08040596    0.01265609    -0.02910225    0.01985668    0.01507886
0.0024025    -0.02789949    -0.02591673    -0.03381053    0.06898852    0.007161051    0.02322181    0.007396407    -0.01446601    -0.005476183    0.06809344    -0.03222128    -0.0274204    0.01024413    0.01845056    0.09859517    0.1463833    0.09185373    -0.1577562    -0.02250504    -0.03154261    0.01743712    -0.03256113    -0.07645898    0.1278174    -0.7751805    0.1663351    1    0.03349777    -0.5361289    0.03097782    -0.02284643    -0.09320724    -0.06279076    0.1168027    -0.04407242    0.0121205    -0.01012586    -0.02725932    0.05512654
-0.01193846    0.046215    0.002354243    -0.02059615    -0.02461059    -0.0005766117    -0.02151413    0.01399119    -0.004889629    -0.02227172    -0.06066953    -0.03056547    0.05620217    0.01306389    -0.01573626    0.2540009    0.03726333    -0.07703353    -0.1435505    0.03366274    0.05380934    -0.02601324    -0.03847427    0.01498782    0.009866623    -0.07643994    -0.7695498    0.03349777    1    -0.4759833    0.06023333    0.01394071    -0.07430565    -0.01199964    0.04866327    0.1151806    0.006940934    -0.05450186    -0.01843987    0.04088486
-0.001633487    0.02586177    0.04440464    0.03206517    -0.03259859    -0.02688109    0.02299466    0.05559153    0.02144547    -0.05765191    -0.06088495    0.06349673    0.05764332    -0.06040209    -0.03090848    -0.05083952    -0.03151572    -0.1215191    -0.1113097    -0.06404811    0.01753799    0.006062834    0.03751029    0.07100696    -0.1198703    0.1642374    0.07538156    -0.5361289    -0.4759833    1    -0.0342073    0.05582732    0.1329493    0.05119407    -0.1656847    -0.102393    -0.0620109    0.09590239    0.07637262    0.01052134
-0.04251166    -0.003238345    -0.01238674    -0.0541893    0.09143708    -0.06529257    -0.01679266    0.04576291    0.02808875    -0.0136799    0.000772366    -0.03115448    -0.04401784    0.04990897    0.04034749    0.02354366    -0.01961274    -0.05431528    0.005326752    0.04998715    -0.1634702    -0.3479478    0.1665235    0.4982059    -0.2684327    -0.06374869    -0.08376976    0.03097782    0.06023333    -0.0342073    1    0.2292549    -0.7925327    -0.3398313    0.2443113    0.1378754    0.01430813    -0.07594447    -0.006305397    -0.04839362
0.05005263    0.007062447    -0.01166035    0.04775318    -0.03079676    -0.0003960833    0.01986786    -0.007777755    -0.01766879    0.03610286    -0.02915694    -0.05437448    0.06262593    0.008179364    -0.0129474    -0.0831819    0.03182518    0.006978044    -0.07455766    0.08075949    -0.3542519    -0.0331988    0.4377699    0.1380366    -0.3418638    -0.06111635    -0.1029627    -0.02284643    0.01394071    0.05582732    0.2292549    1    0.0582692    -0.7753216    0.1000554    0.005578518    0.157625    0.004036359    -0.09551998    -0.01131214
0.04100327    0.02551063    0.02923344    0.04810176    -0.08937305    0.02345897    0.01770738    -0.01470691    -0.02719183    -0.01753913    -0.05180105    -0.01827569    0.06774478    -0.07080094    0.01082853    -0.05109222    0.007025521    0.02865815    -0.04383044    0.01236239    0.1084682    0.4372959    -0.01943281    -0.372432    0.04225816    0.06095885    0.01355829    -0.09320724    -0.07430565    0.1329493    -0.7925327    0.0582692    1    0.2852451    -0.6086443    -0.116667    0.05693531    0.1096152    -0.03011969    -0.0003704035
-0.01299162    -0.01840964    0.0418471    0.002899973    -0.02632274    0.02341853    -0.03331998    -0.01861157    0.01045688    -0.04906919    -0.02429164    0.007428058    -0.01926834    -0.03651238    0.05598858    0.08887405    -0.06892219    -0.03263844    0.03366387    -0.04215891    0.4980067    0.2273031    -0.3678474    -0.2208138    0.1055823    0.08144994    0.0293152    -0.06279076    -0.01199964    0.05119407    -0.3398313    -0.7753216    0.2852451    1    -0.503745    0.007558403    -0.1073676    0.0242853    0.09828785    -0.02716121
-0.01067735    -0.02913901    -0.03793907    0.003584582    0.02316852    0.02265795    -0.0006170207    -0.01857027    -0.001650366    0.06720939    0.05671439    0.08126789    -0.03455619    0.01984207    -0.08272262    -0.003009004    0.08436301    0.01732734    0.001369671    -0.003206776    -0.112996    -0.2782187    0.01640472    0.02981694    -0.1150963    -0.06487302    0.03565497    0.1168027    0.04866327    -0.1656847    0.2443113    0.1000554    -0.6086443    -0.503745    1    -0.01359294    -0.03985826    -0.05819444    -0.004065534    0.1113071
0.0009747135    0.03858535    0.002771592    0.009905022    -0.01513226    -0.008896891    -0.06359591    -0.01497102    0.03168262    0.007275371    -0.1409734    -0.02336418    0.03751466    0.1388728    -0.009999257    0.09095607    -0.1110361    -0.05352539    0.06787055    0.02353699    0.03702293    -0.011938    -0.01394031    0.04123565    -0.04188392    -0.009373055    -0.08040596    -0.04407242    0.1151806    -0.102393    0.1378754    0.005578518    -0.116667    0.007558403    -0.01359294    1    -0.1376514    -0.6676179    0.09997202    0.0203232
0.03327251    -0.04293042    -0.05800285    0.03889825    -0.03677966    0.009869074    0.008297618    0.03701657    -0.01068729    -0.05941935    0.02028686    -0.01071071    0.006400481    0.1385646    -0.1220648    -0.06859168    -0.06292476    0.01811998    -0.03876995    0.09098666    0.01894004    0.04129766    0.009203816    -0.0266158    0.006214583    -0.01509577    0.01265609    0.0121205    0.006940934    -0.0620109    0.01430813    0.157625    0.05693531    -0.1073676    -0.03985826    -0.1376514    1    0.03542279    -0.676552    0.1943159
-0.05064715    -0.03044503    0.03287454    -0.01558606    0.009636552    0.003122145    0.01793905    -0.02526247    0.01469403    -0.0005473347    0.05504397    0.02764055    0.04040486    -0.05229533    -0.04896083    -0.009341701    -0.006989258    -0.1078386    -0.0425336    0.06354639    0.01478901    -0.00896556    0.005555138    0.03505491    -0.04278525    0.03224401    -0.02910225    -0.01012586    -0.05450186    0.09590239    -0.07594447    0.004036359    0.1096152    0.0242853    -0.05819444    -0.6676179    0.03542279    1    -0.05155417    -0.452103
-0.0215638    0.020002    0.02958227    -0.06794439    0.05131929    -0.009680778    0.005015956    0.02080239    0.002564623    -0.009962569    0.07824208    -0.01490469    0.02129473    -0.1499688    0.01803577    0.1407293    -0.06792301    -0.09816858    0.112223    -0.07686904    -0.02684936    -0.04354344    0.001726641    0.05981547    -0.03052041    0.03383987    0.01985668    -0.02725932    -0.01843987    0.07637262    -0.006305397    -0.09551998    -0.03011969    0.09828785    -0.004065534    0.09997202    -0.676552    -0.05155417    1    -0.5967933
0.05025186    0.0008537819    -0.02717925    0.05679076    -0.06605082    0.02362222    0.02436472    0.01459992    -0.02624095    -0.004733897    0.04217838    0.08265093    -0.1184249    -0.07583151    -0.004669578    -0.161299    0.16369    0.2236656    -0.1113637    -0.0244858    0.007427948    0.03127142    -0.03577412    -0.09640243    0.09912822    -0.09029222    0.01507886    0.05512654    0.04088486    0.01052134    -0.04839362    -0.01131214    -0.0003704035    -0.02716121    0.1113071    0.0203232    0.1943159    -0.452103    -0.5967933    1
