1    -0.218888    -0.3308694    0.08306893    -0.09162578    -0.1594635    -0.1036889    0.1272537    0.1577092    0.07570223    -0.1409734    0.02028686    0.05504397    0.07824208    0.04217838
-0.218888    1    -0.5246829    -0.383431    0.2626359    0.05951184    0.06081229    -0.02328887    -0.02801036    0.04705104    -0.02336418    -0.01071071    0.02764055    -0.01490469    0.08265093
-0.3308694    -0.5246829    1    -0.1363358    -0.5814342    -0.01181768    0.03469571    0.06565866    0.01227663    -0.1548977    0.03751466    0.006400481    0.04040486    0.02129473    -0.1184249
0.08306893    -0.383431    -0.1363358    1    -0.08966739    0.08319598    0.08148973    -0.01572387    -0.1031207    -0.1436911    0.1388728    0.1385646    -0.05229533    -0.1499688    -0.07583151
-0.09162578    0.2626359    -0.5814342    -0.08966739    1    0.005946093    -0.1029674    -0.1050454    -0.0283234    0.06182745    -0.009999257    -0.1220648    -0.04896083    0.01803577    -0.004669578
-0.1594635    0.05951184    -0.01181768    0.08319598    0.005946093    1    0.02908078    -0.7833883    -0.1832564    0.1855046    -0.04770671    -0.06125778    0.04310393    0.08447078    -0.08224589
-0.1036889    0.06081229    0.03469571    0.08148973    -0.1029674    0.02908078    1    0.1197286    -0.7818992    0.104468    -0.09875956    0.02147977    0.0574648    -0.07599739    0.04724947
0.1272537    -0.02328887    0.06565866    -0.01572387    -0.1050454    -0.7833883    0.1197286    1    0.183956    -0.5796155    0.02061411    0.009775405    -0.05974862    -0.1146549    0.151426
0.1577092    -0.02801036    0.01227663    -0.1031207    -0.0283234    -0.1832564    -0.7818992    0.183956    1    -0.5016877    0.0992627    -0.08801021    -0.1117138    0.07056019    0.05887932
0.07570223    0.04705104    -0.1548977    -0.1436911    0.06182745    0.1855046    0.104468    -0.5796155    -0.5016877    1    -0.09082348    0.08659771    0.1111492    0.04930926    -0.08575363
-0.1409734    -0.02336418    0.03751466    0.1388728    -0.009999257    -0.04770671    -0.09875956    0.02061411    0.0992627    -0.09082348    1    -0.1376514    -0.6676179    0.09997202    0.0203232
0.02028686    -0.01071071    0.006400481    0.1385646    -0.1220648    -0.06125778    0.02147977    0.009775405    -0.08801021    0.08659771    -0.1376514    1    0.03542279    -0.676552    0.1943159
0.05504397    0.02764055    0.04040486    -0.05229533    -0.04896083    0.04310393    0.0574648    -0.05974862    -0.1117138    0.1111492    -0.6676179    0.03542279    1    -0.05155417    -0.452103
0.07824208    -0.01490469    0.02129473    -0.1499688    0.01803577    0.08447078    -0.07599739    -0.1146549    0.07056019    0.04930926    0.09997202    -0.676552    -0.05155417    1    -0.5967933
0.04217838    0.08265093    -0.1184249    -0.07583151    -0.004669578    -0.08224589    0.04724947    0.151426    0.05887932    -0.08575363    0.0203232    0.1943159    -0.452103    -0.5967933    1
