1    -0.218888    -0.3308694    0.08306893    -0.09162578    -0.006368971    -0.04329304    -0.08595956    0.02265268    0.08691645    -0.1258383    -0.02320729    0.07522568    0.05545163    0.08974795    -0.0139257    0.07659465    0.06809344    -0.06066953    -0.06088495    -0.1409734    0.02028686    0.05504397    0.07824208    0.04217838
-0.218888    1    -0.5246829    -0.383431    0.2626359    -0.05504183    0.06966226    0.09488769    -0.03314472    -0.07217607    -0.01455692    0.06198104    0.03869588    -0.02254292    0.01435585    0.01460239    0.004252653    -0.03222128    -0.03056547    0.06349673    -0.02336418    -0.01071071    0.02764055    -0.01490469    0.08265093
-0.3308694    -0.5246829    1    -0.1363358    -0.5814342    0.02478243    -0.01988749    0.008243997    -0.02981386    -0.003308977    0.06273874    -0.02058693    0.001870807    0.05382585    -0.1476819    -0.04183772    -0.09273361    -0.0274204    0.05620217    0.05764332    0.03751466    0.006400481    0.04040486    0.02129473    -0.1184249
0.08306893    -0.383431    -0.1363358    1    -0.08966739    0.02158302    -0.06651151    -0.1126085    0.06137809    0.08885827    0.04279115    0.0654401    -0.000152359    -0.07644511    -0.0834524    0.0109756    0.002509773    0.01024413    0.01306389    -0.06040209    0.1388728    0.1385646    -0.05229533    -0.1499688    -0.07583151
-0.09162578    0.2626359    -0.5814342    -0.08966739    1    -0.00816904    0.05112316    0.03152837    0.001816811    -0.06408102    -0.009388509    -0.06429029    -0.03563237    -0.02437464    0.01308207    0.02303773    0.07362351    0.01845056    -0.01573626    -0.03090848    -0.009999257    -0.1220648    -0.04896083    0.01803577    -0.004669578
-0.006368971    -0.05504183    0.02478243    0.02158302    -0.00816904    1    0.002486199    -0.6084731    0.05587275    -0.03522792    0.1447479    -0.04553799    -0.07674763    0.09607306    -0.04886029    -0.1403092    -0.1537993    0.09859517    0.2540009    -0.05083952    0.09095607    -0.06859168    -0.009341701    0.1407293    -0.161299
-0.04329304    0.06966226    -0.01988749    -0.06651151    0.05112316    0.002486199    1    -0.2610428    -0.5998652    0.2709889    -0.1236232    0.000114648    -0.006513708    -0.09005178    0.1196153    -0.1459785    0.03524693    0.1463833    0.03726333    -0.03151572    -0.1110361    -0.06292476    -0.006989258    -0.06792301    0.16369
-0.08595956    0.09488769    0.008243997    -0.1126085    0.03152837    -0.6084731    -0.2610428    1    0.02869043    -0.4800809    -0.06438429    -0.04157133    -0.04093826    -0.06524263    0.1294866    0.03233552    0.1907375    0.09185373    -0.07703353    -0.1215191    -0.05352539    0.01811998    -0.1078386    -0.09816858    0.2236656
0.02265268    -0.03314472    -0.02981386    0.06137809    0.001816811    0.05587275    -0.5998652    0.02869043    1    -0.3962035    0.1749332    -0.1078615    -0.09376391    0.1101873    -0.04169983    0.3303664    0.1271854    -0.1577562    -0.1435505    -0.1113097    0.06787055    -0.03876995    -0.0425336    0.112223    -0.1113637
0.08691645    -0.07217607    -0.003308977    0.08885827    -0.06408102    -0.03522792    0.2709889    -0.4800809    -0.3962035    1    -0.1087933    0.1261587    0.1227214    -0.02150489    -0.07458666    -0.1321209    -0.2144391    -0.02250504    0.03366274    -0.06404811    0.02353699    0.09098666    0.06354639    -0.07686904    -0.0244858
-0.1258383    -0.01455692    0.06273874    0.04279115    -0.009388509    0.1447479    -0.1236232    -0.06438429    0.1749332    -0.1087933    1    -0.2296069    -0.743259    0.1712309    0.09838464    0.1051061    -0.01603187    -0.1155286    -0.008342915    0.110979    0.0856522    -0.04523471    -0.01801394    0.04003625    -0.04664262
-0.02320729    0.06198104    -0.02058693    0.0654401    -0.06429029    -0.04553799    0.000114648    -0.04157133    -0.1078615    0.1261587    -0.2296069    1    0.1247282    -0.7481843    0.2853823    0.00817875    -0.02660369    -0.005970477    -0.02638697    0.07244344    -0.005273077    0.02508515    0.01570861    -0.03861038    0.02998282
0.07522568    0.03869588    0.001870807    -0.000152359    -0.03563237    -0.07674763    -0.006513708    -0.04093826    -0.09376391    0.1227214    -0.743259    0.1247282    1    -0.1546872    -0.4145793    -0.08499256    -0.006214699    0.05946295    0.02308044    -0.04613091    -0.04089768    0.01373279    0.02227346    -0.03342417    0.01561103
0.05545163    -0.02254292    0.05382585    -0.07644511    -0.02437464    0.09607306    -0.09005178    -0.06524263    0.1101873    -0.02150489    0.1712309    -0.7481843    -0.1546872    1    -0.613247    -0.06662042    -0.06653936    0.03696274    0.08788496    -0.09759891    0.02113682    -0.02903033    0.01013477    0.07918532    -0.08067909
0.08974795    0.01435585    -0.1476819    -0.0834524    0.01308207    -0.04886029    0.1196153    0.1294866    -0.04169983    -0.07458666    0.09838464    0.2853823    -0.4145793    -0.613247    1    0.1404045    0.130937    -0.03308092    -0.1340622    -0.05248125    -0.03872268    0.03142138    -0.01628364    -0.03578866    0.07470589
-0.0139257    0.01460239    -0.04183772    0.0109756    0.02303773    -0.1403092    -0.1459785    0.03233552    0.3303664    -0.1321209    0.1051061    0.00817875    -0.08499256    -0.06662042    0.1404045    1    -0.01208665    -0.7751805    -0.07643994    0.1642374    -0.009373055    -0.01509577    0.03224401    0.03383987    -0.09029222
0.07659465    0.004252653    -0.09273361    0.002509773    0.07362351    -0.1537993    0.03524693    0.1907375    0.1271854    -0.2144391    -0.01603187    -0.02660369    -0.006214699    -0.06653936    0.130937    -0.01208665    1    0.1663351    -0.7695498    0.07538156    -0.08040596    0.01265609    -0.02910225    0.01985668    0.01507886
0.06809344    -0.03222128    -0.0274204    0.01024413    0.01845056    0.09859517    0.1463833    0.09185373    -0.1577562    -0.02250504    -0.1155286    -0.005970477    0.05946295    0.03696274    -0.03308092    -0.7751805    0.1663351    1    0.03349777    -0.5361289    -0.04407242    0.0121205    -0.01012586    -0.02725932    0.05512654
-0.06066953    -0.03056547    0.05620217    0.01306389    -0.01573626    0.2540009    0.03726333    -0.07703353    -0.1435505    0.03366274    -0.008342915    -0.02638697    0.02308044    0.08788496    -0.1340622    -0.07643994    -0.7695498    0.03349777    1    -0.4759833    0.1151806    0.006940934    -0.05450186    -0.01843987    0.04088486
-0.06088495    0.06349673    0.05764332    -0.06040209    -0.03090848    -0.05083952    -0.03151572    -0.1215191    -0.1113097    -0.06404811    0.110979    0.07244344    -0.04613091    -0.09759891    -0.05248125    0.1642374    0.07538156    -0.5361289    -0.4759833    1    -0.102393    -0.0620109    0.09590239    0.07637262    0.01052134
-0.1409734    -0.02336418    0.03751466    0.1388728    -0.009999257    0.09095607    -0.1110361    -0.05352539    0.06787055    0.02353699    0.0856522    -0.005273077    -0.04089768    0.02113682    -0.03872268    -0.009373055    -0.08040596    -0.04407242    0.1151806    -0.102393    1    -0.1376514    -0.6676179    0.09997202    0.0203232
0.02028686    -0.01071071    0.006400481    0.1385646    -0.1220648    -0.06859168    -0.06292476    0.01811998    -0.03876995    0.09098666    -0.04523471    0.02508515    0.01373279    -0.02903033    0.03142138    -0.01509577    0.01265609    0.0121205    0.006940934    -0.0620109    -0.1376514    1    0.03542279    -0.676552    0.1943159
0.05504397    0.02764055    0.04040486    -0.05229533    -0.04896083    -0.009341701    -0.006989258    -0.1078386    -0.0425336    0.06354639    -0.01801394    0.01570861    0.02227346    0.01013477    -0.01628364    0.03224401    -0.02910225    -0.01012586    -0.05450186    0.09590239    -0.6676179    0.03542279    1    -0.05155417    -0.452103
0.07824208    -0.01490469    0.02129473    -0.1499688    0.01803577    0.1407293    -0.06792301    -0.09816858    0.112223    -0.07686904    0.04003625    -0.03861038    -0.03342417    0.07918532    -0.03578866    0.03383987    0.01985668    -0.02725932    -0.01843987    0.07637262    0.09997202    -0.676552    -0.05155417    1    -0.5967933
0.04217838    0.08265093    -0.1184249    -0.07583151    -0.004669578    -0.161299    0.16369    0.2236656    -0.1113637    -0.0244858    -0.04664262    0.02998282    0.01561103    -0.08067909    0.07470589    -0.09029222    0.01507886    0.05512654    0.04088486    0.01052134    0.0203232    0.1943159    -0.452103    -0.5967933    1
