1    0.1802937    -0.5691702    -0.2002636    -0.1141258    -0.03518199    0.04406992    0.08748384    -0.006565689    -0.09400843    0.002072449    0.07737635    0.06396886    -0.02752499    -0.07243562    -0.1603644    0.01298608    0.1604654    0.08648642    -0.03671642    0.02973779    0.05498523    0.07407697    -0.01060514    -0.09392598
0.1802937    1    -0.712963    -0.5634511    0.2419349    -0.004117329    -0.05887365    0.02810096    0.07208845    -0.01944009    -0.007546856    -0.01243617    0.01225864    0.02522846    -0.01440876    -0.02048981    -0.04206599    -0.01845305    0.05780439    0.1025666    -0.00674628    0.01408197    0.04352533    0.03240485    -0.03614079
-0.5691702    -0.712963    1    0.1600804    -0.4300399    0.004094961    0.08498085    -0.01357486    -0.04992367    0.03569054    0.03160495    0.02645571    -0.03095185    -0.005834921    0.01190503    0.04503312    0.06082599    -0.01556947    -0.04923939    -0.05356981    0.008916974    0.02095433    -0.05981778    -0.02081737    0.05972902
-0.2002636    -0.5634511    0.1600804    1    -0.04550196    0.04088292    0.03016526    -0.01105948    -0.05378308    -0.03262829    -0.01894724    -0.01822931    0.04700578    0.01852502    -0.0371248    0.1436854    0.03978726    -0.04075165    -0.09282286    -0.1352477    0.006911928    -0.03437708    0.01492334    0.008254262    -0.02685137
-0.1141258    0.2419349    -0.4300399    -0.04550196    1    -0.01434644    -0.1607475    -0.08457745    0.04869665    0.08412436    -0.04841896    -0.1168799    -0.03812896    0.007186327    0.08302554    -0.04299442    -0.1391635    -0.0326559    0.01498628    -0.005949784    -0.05358654    -0.09921473    -0.02379207    -0.006139206    0.05736875
-0.03518199    -0.004117329    0.004094961    0.04088292    -0.01434644    1    0.05016715    -0.7652618    -0.2164396    0.2527462    0.09293558    -0.04479658    -0.06658394    0.008783134    0.03758904    0.5959399    0.008867918    -0.4352198    -0.1327181    0.1665932    0.1757093    -0.01902461    -0.08365833    -0.06035079    0.02954738
0.04406992    -0.05887365    0.08498085    0.03016526    -0.1607475    0.05016715    1    0.07725506    -0.7808682    0.1179414    0.008163831    0.05353282    0.05082531    -0.01102475    -0.07750115    0.03727942    0.5768487    0.003365721    -0.4236526    0.06463427    0.04511379    0.1572304    -0.01627114    -0.09815471    -0.01748515
0.08748384    0.02810096    -0.01357486    -0.01105948    -0.08457745    -0.7652618    0.07725506    1    0.210168    -0.6410685    -0.0330146    0.0576957    0.07353514    0.03507434    -0.1227615    -0.4368008    0.05310049    0.5855373    0.1218832    -0.4151067    -0.1032741    0.05570676    0.1396427    0.0561913    -0.1408994
-0.006565689    0.07208845    -0.04992367    -0.05378308    0.04869665    -0.2164396    -0.7808682    0.210168    1    -0.5415401    0.00979504    0.01938877    -0.01888935    -0.00858777    0.01606729    -0.1096388    -0.43125    0.1203527    0.5588632    -0.3183744    -0.02245147    -0.0877916    0.04534361    0.128129    -0.06091721
-0.09400843    -0.01944009    0.03569054    -0.03262829    0.08412436    0.2527462    0.1179414    -0.6410685    -0.5415401    1    -0.0401096    -0.08124945    -0.04597078    0.002510157    0.1348547    0.08022032    0.03772683    -0.3454525    -0.2947401    0.6483583    -0.06040446    -0.04292855    -0.09685357    -0.04914318    0.253015
0.002072449    -0.007546856    0.03160495    -0.01894724    -0.04841896    0.09293558    0.008163831    -0.0330146    0.00979504    -0.0401096    1    -0.07105915    -0.7590877    -0.01713896    0.1621592    0.4901566    -0.06330202    -0.3104338    0.04517631    0.01507915    0.5651818    -0.07591573    -0.3791486    0.02046658    0.05912382
0.07737635    -0.01243617    0.02645571    -0.01822931    -0.1168799    -0.04479658    0.05353282    0.0576957    0.01938877    -0.08124945    -0.07105915    1    0.1470227    -0.7767391    0.1245049    -0.05950677    0.4975764    0.05829945    -0.3400704    0.05433921    -0.01595864    0.567215    -0.01557446    -0.3836528    0.1134179
0.06396886    0.01225864    -0.03095185    0.04700578    -0.03812896    -0.06658394    0.05082531    0.07353514    -0.01888935    -0.04597078    -0.7590877    0.1470227    1    0.002426858    -0.537623    -0.3778434    0.1453115    0.4654506    -0.08348665    -0.2108781    -0.4268955    0.1098905    0.5484164    -0.0421708    -0.2612182
-0.02752499    0.02522846    -0.005834921    0.01852502    0.007186327    0.008783134    -0.01102475    0.03507434    -0.00858777    0.002510157    -0.01713896    -0.7767391    0.002426858    1    -0.5020596    0.02734744    -0.3955663    0.03704601    0.4580118    -0.2645729    0.0005135338    -0.4349766    0.05602662    0.548529    -0.3259449
-0.07243562    -0.01440876    0.01190503    -0.0371248    0.08302554    0.03758904    -0.07750115    -0.1227615    0.01606729    0.1348547    0.1621592    0.1245049    -0.537623    -0.5020596    1    0.06724454    0.007292789    -0.3149082    -0.1906506    0.4838275    0.02246198    0.0491411    -0.3031119    -0.2666663    0.5751196
-0.1603644    -0.02048981    0.04503312    0.1436854    -0.04299442    0.5959399    0.03727942    -0.4368008    -0.1096388    0.08022032    0.4901566    -0.05950677    -0.3778434    0.02734744    0.06724454    1    -0.07100112    -0.728322    -0.04729772    0.1596486    0.5977577    -0.08046202    -0.3984988    0.0001008383    0.04818253
0.01298608    -0.04206599    0.06082599    0.03978726    -0.1391635    0.008867918    0.5768487    0.05310049    -0.43125    0.03772683    -0.06330202    0.4975764    0.1453115    -0.3955663    0.007292789    -0.07100112    1    0.0881019    -0.7726396    0.1730508    -0.02102613    0.5589629    0.01665341    -0.4008157    0.09564381
0.1604654    -0.01845305    -0.01556947    -0.04075165    -0.0326559    -0.4352198    0.003365721    0.5855373    0.1203527    -0.3454525    -0.3104338    0.05829945    0.4654506    0.03704601    -0.3149082    -0.728322    0.0881019    1    0.04617607    -0.5515985    -0.4168925    0.06428404    0.5812836    0.01412991    -0.3068639
0.08648642    0.05780439    -0.04923939    -0.09282286    0.01498628    -0.1327181    -0.4236526    0.1218832    0.5588632    -0.2947401    0.04517631    -0.3400704    -0.08348665    0.4580118    -0.1906506    -0.04729772    -0.7726396    0.04617607    1    -0.5459898    0.007878584    -0.412785    0.01791493    0.5618735    -0.3169163
-0.03671642    0.1025666    -0.05356981    -0.1352477    -0.005949784    0.1665932    0.06463427    -0.4151067    -0.3183744    0.6483583    0.01507915    0.05433921    -0.2108781    -0.2645729    0.4838275    0.1596486    0.1730508    -0.5515985    -0.5459898    1    0.0122435    0.08702397    -0.3026942    -0.3122294    0.6186472
0.02973779    -0.00674628    0.008916974    0.006911928    -0.05358654    0.1757093    0.04511379    -0.1032741    -0.02245147    -0.06040446    0.5651818    -0.01595864    -0.4268955    0.0005135338    0.02246198    0.5977577    -0.02102613    -0.4168925    0.007878584    0.0122435    1    -0.1376514    -0.6676179    0.09997202    0.0203232
0.05498523    0.01408197    0.02095433    -0.03437708    -0.09921473    -0.01902461    0.1572304    0.05570676    -0.0877916    -0.04292855    -0.07591573    0.567215    0.1098905    -0.4349766    0.0491411    -0.08046202    0.5589629    0.06428404    -0.412785    0.08702397    -0.1376514    1    0.03542279    -0.676552    0.1943159
0.07407697    0.04352533    -0.05981778    0.01492334    -0.02379207    -0.08365833    -0.01627114    0.1396427    0.04534361    -0.09685357    -0.3791486    -0.01557446    0.5484164    0.05602662    -0.3031119    -0.3984988    0.01665341    0.5812836    0.01791493    -0.3026942    -0.6676179    0.03542279    1    -0.05155417    -0.452103
-0.01060514    0.03240485    -0.02081737    0.008254262    -0.006139206    -0.06035079    -0.09815471    0.0561913    0.128129    -0.04914318    0.02046658    -0.3836528    -0.0421708    0.548529    -0.2666663    0.0001008383    -0.4008157    0.01412991    0.5618735    -0.3122294    0.09997202    -0.676552    -0.05155417    1    -0.5967933
-0.09392598    -0.03614079    0.05972902    -0.02685137    0.05736875    0.02954738    -0.01748515    -0.1408994    -0.06091721    0.253015    0.05912382    0.1134179    -0.2612182    -0.3259449    0.5751196    0.04818253    0.09564381    -0.3068639    -0.3169163    0.6186472    0.0203232    0.1943159    -0.452103    -0.5967933    1
