1    -0.001034051    -0.579239    -0.05867098    -0.04234761    0.07354539    -0.008575781    -0.05902127    0.08323714    0.01459316    0.03864859    -0.06475712    -0.003715495    0.1169609    -0.08696884    -0.008698536    0.05670294    -0.007853873    -0.09332926    0.09191829    -0.01823968    0.02058904    0.04376419    -0.01302688    -0.01683618
-0.001034051    1    -0.09055389    -0.6628608    0.215994    0.02378905    -0.0221861    -0.1024    0.05054563    0.08444961    -0.07357978    0.0710669    0.1233419    -0.06320749    -0.05696737    0.01313615    0.01422602    0.001123503    0.0209361    -0.03377485    0.01433906    -0.02425017    -0.009726631    -0.0009839155    0.01028365
-0.579239    -0.09055389    1    -0.07619338    -0.3353676    0.04728267    -0.03767908    -0.07335286    0.02165834    0.04995297    -0.07292102    0.08887813    0.1092698    -0.1029734    -0.007283713    -0.005887291    -0.02817509    0.02331872    0.06328375    -0.04497728    0.003970722    -0.01708219    -0.04912191    0.0106584    0.06532427
-0.05867098    -0.6628608    -0.07619338    1    -0.4102918    0.03129561    0.02281272    -0.01043238    0.005845264    -0.03977381    0.05741836    -0.04155417    -0.0529726    0.07310362    -0.02806758    -0.03644101    0.01242594    0.01600932    -0.05532113    0.06133473    0.005283524    0.005098237    -0.02368206    0.00837236    0.02465908
-0.04234761    0.215994    -0.3353676    -0.4102918    1    -0.1178277    0.02025104    0.1232354    -0.1176118    0.01634134    0.03455315    -0.01536239    -0.07373261    -0.0009497598    0.03524836    0.04385656    -0.03907782    -0.01409764    0.0695723    -0.05710156    -0.004897566    0.0112552    0.02133209    -0.01363519    -0.02280288
0.07354539    0.02378905    0.04728267    0.03129561    -0.1178277    1    -0.218888    -0.3308694    0.08306893    -0.09162578    0.04442717    -0.08378651    -0.08012579    0.0740386    0.03115873    0.02879211    0.05879974    0.005755298    -0.05404761    -0.0129772    -0.1409734    0.02028686    0.05504397    0.07824208    0.04217838
-0.008575781    -0.0221861    -0.03767908    0.02281272    0.02025104    -0.218888    1    -0.5246829    -0.383431    0.2626359    -0.03844186    0.03924879    0.06687638    -0.009079785    -0.06990387    -0.05456168    -0.02548276    0.02715219    0.03680484    -0.0107734    -0.02336418    -0.01071071    0.02764055    -0.01490469    0.08265093
-0.05902127    -0.1024    -0.07335286    -0.01043238    0.1232354    -0.3308694    -0.5246829    1    -0.1363358    -0.5814342    -0.029307    0.03718132    0.01236598    -0.03433463    0.04014523    0.004097723    -0.09662301    -0.03263222    0.02233212    0.04831779    0.03751466    0.006400481    0.04040486    0.02129473    -0.1184249
0.08323714    0.05054563    0.02165834    0.005845264    -0.1176118    0.08306893    -0.383431    -0.1363358    1    -0.08966739    0.04506263    -0.09650101    -0.09709368    0.02375383    0.08929247    -0.003521026    -0.002227745    -0.0295787    0.005798343    0.004181365    0.1388728    0.1385646    -0.05229533    -0.1499688    -0.07583151
0.01459316    0.08444961    0.04995297    -0.03977381    0.01634134    -0.09162578    0.2626359    -0.5814342    -0.08966739    1    0.02572939    0.05939543    -0.004673176    -0.03393417    -0.00785499    0.02540195    0.07666948    0.03243086    0.008883128    -0.07207009    -0.009999257    -0.1220648    -0.04896083    0.01803577    -0.004669578
0.03864859    -0.07357978    -0.07292102    0.05741836    0.03455315    0.04442717    -0.03844186    -0.029307    0.04506263    0.02572939    1    0.1175183    -0.6888881    -0.007499106    0.04592695    -0.03074076    -0.1534545    0.03252606    0.2421991    -0.08383779    0.03811379    0.0649115    -0.01489147    -0.01745127    -0.04125743
-0.06475712    0.0710669    0.08887813    -0.04155417    -0.01536239    -0.08378651    0.03924879    0.03718132    -0.09650101    0.05939543    0.1175183    1    -0.2907878    -0.6958708    0.2802592    -0.1408195    -0.01074188    0.1327525    0.07629765    -0.04877948    0.003563782    -0.03867463    -0.0274839    0.0240722    0.01749138
-0.003715495    0.1233419    0.1092698    -0.0529726    -0.07373261    -0.08012579    0.06687638    0.01236598    -0.09709368    -0.004673176    -0.6888881    -0.2907878    1    0.09759804    -0.538035    0.007736935    0.217624    0.1011528    -0.1098523    -0.07043524    -0.04921008    -0.006044469    0.01836305    -0.003917189    0.04829828
0.1169609    -0.06320749    -0.1029734    0.07310362    -0.0009497598    0.0740386    -0.009079785    -0.03433463    0.02375383    -0.03393417    -0.007499106    -0.6958708    0.09759804    1    -0.4298296    0.313211    0.114386    -0.1471817    -0.1197788    -0.07146114    0.02671605    0.07705192    0.02414094    -0.006282117    -0.04155574
-0.08696884    -0.05696737    -0.007283713    -0.02806758    0.03524836    0.03115873    -0.06990387    0.04014523    0.08929247    -0.00785499    0.04592695    0.2802592    -0.538035    -0.4298296    1    -0.1620442    -0.1976653    -0.05621843    -0.0005857989    -0.01027154    -0.02745773    -0.07163876    0.009207482    0.04189701    -0.04891097
-0.008698536    0.01313615    -0.005887291    -0.03644101    0.04385656    0.02879211    -0.05456168    0.004097723    -0.003521026    0.02540195    -0.03074076    -0.1408195    0.007736935    0.313211    -0.1620442    1    -0.1169316    -0.7228295    0.1430365    0.1130299    0.1757378    0.02504304    -0.105211    -0.008841889    -0.02511926
0.05670294    0.01422602    -0.02817509    0.01242594    -0.03907782    0.05879974    -0.02548276    -0.09662301    -0.002227745    0.07666948    -0.1534545    -0.01074188    0.217624    0.114386    -0.1976653    -0.1169316    1    0.1225456    -0.708288    0.1717449    0.03620365    0.0936842    -0.0119282    -0.0254776    -0.01258437
-0.007853873    0.001123503    0.02331872    0.01600932    -0.01409764    0.005755298    0.02715219    -0.03263222    -0.0295787    0.03243086    0.03252606    0.1327525    0.1011528    -0.1471817    -0.05621843    -0.7228295    0.1225456    1    -0.1843117    -0.4438617    -0.113282    0.04960023    0.1477838    -0.01328394    -0.06908165
-0.09332926    0.0209361    0.06328375    -0.05532113    0.0695723    -0.05404761    0.03680484    0.02233212    0.005798343    0.008883128    0.2421991    0.07629765    -0.1098523    -0.1197788    -0.0005857989    0.1430365    -0.708288    -0.1843117    1    -0.5048047    -0.05155008    -0.09524614    0.06263443    0.1308298    -0.08923405
0.09191829    -0.03377485    -0.04497728    0.06133473    -0.05710156    -0.0129772    -0.0107734    0.04831779    0.004181365    -0.07207009    -0.08383779    -0.04877948    -0.07043524    -0.07146114    -0.01027154    0.1130299    0.1717449    -0.4438617    -0.5048047    1    0.02834152    -0.01744921    -0.1629022    -0.1021666    0.3065855
-0.01823968    0.01433906    0.003970722    0.005283524    -0.004897566    -0.1409734    -0.02336418    0.03751466    0.1388728    -0.009999257    0.03811379    0.003563782    -0.04921008    0.02671605    -0.02745773    0.1757378    0.03620365    -0.113282    -0.05155008    0.02834152    1    -0.1376514    -0.6676179    0.09997202    0.0203232
0.02058904    -0.02425017    -0.01708219    0.005098237    0.0112552    0.02028686    -0.01071071    0.006400481    0.1385646    -0.1220648    0.0649115    -0.03867463    -0.006044469    0.07705192    -0.07163876    0.02504304    0.0936842    0.04960023    -0.09524614    -0.01744921    -0.1376514    1    0.03542279    -0.676552    0.1943159
0.04376419    -0.009726631    -0.04912191    -0.02368206    0.02133209    0.05504397    0.02764055    0.04040486    -0.05229533    -0.04896083    -0.01489147    -0.0274839    0.01836305    0.02414094    0.009207482    -0.105211    -0.0119282    0.1477838    0.06263443    -0.1629022    -0.6676179    0.03542279    1    -0.05155417    -0.452103
-0.01302688    -0.0009839155    0.0106584    0.00837236    -0.01363519    0.07824208    -0.01490469    0.02129473    -0.1499688    0.01803577    -0.01745127    0.0240722    -0.003917189    -0.006282117    0.04189701    -0.008841889    -0.0254776    -0.01328394    0.1308298    -0.1021666    0.09997202    -0.676552    -0.05155417    1    -0.5967933
-0.01683618    0.01028365    0.06532427    0.02465908    -0.02280288    0.04217838    0.08265093    -0.1184249    -0.07583151    -0.004669578    -0.04125743    0.01749138    0.04829828    -0.04155574    -0.04891097    -0.02511926    -0.01258437    -0.06908165    -0.08923405    0.3065855    0.0203232    0.1943159    -0.452103    -0.5967933    1
