1    -0.1946423    -0.4709472    0.235111    -0.02529814    0.09385781    -0.08776051    -0.1242036    0.03258501    0.0502754    -0.03402786    0.01615191    0.04375832    0.0177145    -0.05348501    0.1905081    0.05805054    -0.0849397    0.1405373    -0.1113575    0.01165382    -0.01953328    -0.0062315    0.005046346    -0.01143562    -0.05441887    0.03259111    0.042098    -0.01144002    0.01634724    0.008855724    0.01897996    0.02590964    -0.000684535    0.0008350465    -0.09196398    0.007111502    0.01919093    -0.0115296    0.03615598
-0.1946423    1    0.005353657    -0.6506694    0.2672641    -0.1390567    0.05639625    0.068539    -0.1577087    0.1101471    -0.05235081    -0.02692965    0.03687401    0.01014877    0.08388266    -0.3011684    0.1858754    0.1408033    -0.2889913    0.04265037    -0.008077062    -0.007483896    0.03566922    0.05549236    -0.04671823    0.04852323    -0.04285439    0.004806626    0.01411818    -0.07562327    -0.001968681    0.02933543    0.03657617    -0.001541433    -0.06695369    -0.01949221    -0.04198734    0.02874585    0.03525049    -0.04166531
-0.4709472    0.005353657    1    0.06514224    -0.5083593    -0.1177488    -0.0588366    -0.038929    -0.06430305    0.1876393    -0.04594803    0.005109896    0.01969329    0.01949729    -0.02142297    -0.3443431    0.0793444    0.3050037    -0.286987    -0.07075013    -0.01555761    -0.0006513207    -0.01489961    0.006143999    0.06532508    0.004058885    -0.009180644    -0.03947601    -0.03934062    0.04766085    0.02068747    -0.01760481    -0.05566284    -0.01842356    0.03019028    0.02641534    -0.02992343    0.002548544    -0.05080884    0.04667453
0.235111    -0.6506694    0.06514224    1    -0.6078586    0.1166931    -0.1987784    -0.2100947    0.158768    0.09811559    0.03154265    0.04646957    -0.05828302    -0.02929902    -0.02493193    0.08408126    -0.0411414    0.04453072    0.2060878    -0.1905402    0.03309106    -0.0007959545    -0.0509    -0.04873637    0.08804173    -0.06069623    0.03151801    0.03092303    -0.04632147    0.05767631    0.02310187    -0.02738831    -0.0408583    0.001390919    0.01819173    0.0144666    0.05111462    -0.03096351    -0.06306929    0.04605624
-0.02529814    0.2672641    -0.5083593    -0.6078586    1    -0.04899594    0.2044164    0.2562508    -0.05158134    -0.2554506    0.00943302    -0.05730638    -0.002408001    0.00987881    0.03771453    0.1313482    -0.1075655    -0.2165976    0.1146056    0.2692149    -0.01608065    0.04638846    0.06175519    0.007692531    -0.0809541    0.03167666    0.02441669    0.004928975    0.02656286    -0.09268848    -0.005811172    0.04047556    0.0275908    -0.01688287    -0.03421185    0.01933827    -0.02711124    0.02084406    0.05430986    -0.08850135
0.09385781    -0.1390567    -0.1177488    0.1166931    -0.04899594    1    -0.06179415    -0.5939001    -0.1180336    0.02355674    0.03778674    -0.005553675    0.002071574    -0.01161905    -0.02875373    0.1162531    -0.1139267    0.00128487    0.1293206    -0.05547518    0.01634699    0.00380016    -0.004393445    0.008885326    -0.01188798    -0.03065267    -0.01769961    0.05009034    0.0559951    -0.06036414    -0.03900693    0.010278    0.04526071    0.001371452    -0.02929836    0.01695272    -0.01407648    -0.03416736    0.06627287    -0.04323028
-0.08776051    0.05639625    -0.0588366    -0.1987784    0.2044164    -0.06179415    1    -0.1008464    -0.6099681    0.04573424    -0.1096057    -0.0344562    0.07934024    0.01081083    0.01388016    -0.001550482    -0.01378769    -0.05543593    0.009300404    0.06775517    0.0537893    0.005927495    -0.01351157    0.01667249    -0.05022251    0.0311435    0.02083692    -0.01284636    5.780415e-05    -0.009904912    0.02731022    0.005732828    -0.03554778    -0.0358857    0.03533958    0.05017908    0.03859853    0.0003286684    0.003572982    -0.05133569
-0.1242036    0.068539    -0.038929    -0.2100947    0.2562508    -0.5939001    -0.1008464    1    -0.06423964    -0.3811407    -0.01944893    -0.05171702    0.01285704    0.02854312    0.01525333    -0.01950941    -0.01188849    -0.02186892    -0.05353666    0.09461715    -0.0203523    0.0371417    0.02756475    -0.02537533    -0.0297098    0.02020352    0.04184439    -0.005928774    -0.01366671    -0.04291455    -0.01514986    0.03284415    -0.01835454    -0.03479407    0.05644895    -0.02512137    0.03133349    0.05872744    -0.01318928    -0.05255804
0.03258501    -0.1577087    -0.06430305    0.158768    -0.05158134    -0.1180336    -0.6099681    -0.06423964    1    -0.2719001    0.09477362    0.0265755    -0.1105379    -0.007460088    0.01657019    0.09659845    -0.05081481    -0.007237194    0.04845973    -0.02623888    -0.01292824    0.008092942    0.002764414    -0.0248288    -0.0006085312    -0.03616802    0.003565345    0.0312197    -0.02646607    0.004106452    -0.02370409    -0.04042511    0.02851746    0.03624631    -0.004519646    -0.002344669    -0.02653181    -0.01451307    -0.00431456    0.01790585
0.0502754    0.1101471    0.1876393    0.09811559    -0.2554506    0.02355674    0.04573424    -0.3811407    -0.2719001    1    -0.02075961    0.03412797    0.03032551    0.01628158    -0.04739361    -0.1325456    0.1167388    0.05831755    -0.07513279    -0.06290769    -0.01217325    -0.02460629    -0.009801652    0.01471605    0.04585703    0.006714172    -0.0517316    -0.02779441    0.009652567    0.05573689    0.007547382    -0.02871708    -0.004351915    0.01826415    -0.03944485    -0.01086225    -0.01229876    0.01213007    -0.03356012    0.0535438
-0.03402786    -0.05235081    -0.04594803    0.03154265    0.00943302    0.03778674    -0.1096057    -0.01944893    0.09477362    -0.02075961    1    -0.07097652    -0.6286305    -0.03675972    0.02730792    0.07133116    0.0009880514    -0.08331216    0.0666371    0.03308407    -0.02728783    -0.03765196    -0.009063143    0.02389594    0.02791286    -0.02351655    0.001943714    0.03962176    -0.01781733    -0.00508158    -0.0485784    -0.006247317    0.01380697    0.01945282    0.02531664    -0.008896891    0.009869074    0.003122145    -0.009680778    0.02362222
0.01615191    -0.02692965    0.005109896    0.04646957    -0.05730638    -0.005553675    -0.0344562    -0.05171702    0.0265755    0.03412797    -0.07097652    1    -0.0791724    -0.5835572    0.1192374    0.07350226    -0.03731959    -0.0562935    0.005618738    0.04166083    0.02629894    -0.06592303    -0.08086873    -0.02031981    0.09905445    -0.0253196    0.01071204    0.02929325    0.002273138    0.01256173    0.006735273    0.04411676    0.01933043    0.004330459    -0.02977172    -0.06359591    0.008297618    0.01793905    0.005015956    0.02436472
0.04375832    0.03687401    0.01969329    -0.05828302    -0.002408001    0.002071574    0.07934024    0.01285704    -0.1105379    0.03032551    -0.6286305    -0.0791724    1    -0.02143606    -0.3763256    -0.005433263    -0.01529972    -0.04156744    -0.03103105    0.06343927    0.01645754    0.002476394    -0.01432922    0.006328358    0.01636737    -0.01011528    -0.01597662    -0.01409992    0.02224878    0.04379456    0.006903994    -0.0137359    -0.003053504    -0.0004015848    0.03564189    -0.01497102    0.03701657    -0.02526247    0.02080239    0.01459992
0.0177145    0.01014877    0.01949729    -0.02929902    0.00987881    -0.01161905    0.01081083    0.02854312    -0.007460088    0.01628158    -0.03675972    -0.5835572    -0.02143606    1    -0.4130093    0.06806232    -0.02288523    -0.005968933    0.0244222    -0.04194133    -0.0161732    0.0254502    0.03847716    0.0145307    -0.08453703    -0.006369614    0.03888508    0.00355608    -0.02228509    0.01779354    -0.000374508    -0.05539037    0.001364103    0.02382451    1.169548e-05    0.03168262    -0.01068729    0.01469403    0.002564623    -0.02624095
-0.05348501    0.08388266    -0.02142297    -0.02493193    0.03771453    -0.02875373    0.01388016    0.01525333    0.01657019    -0.04739361    0.02730792    0.1192374    -0.3763256    -0.4130093    1    -0.1138256    0.05415237    0.07514607    -0.04304432    -0.0297231    0.006587987    0.02238162    0.005637427    -0.01770216    -0.007600626    0.01189261    -0.02968678    0.001482686    0.0272841    -0.07405105    0.006364587    0.08855132    -0.001914479    -0.05545927    -0.02451019    0.007275371    -0.05941935    -0.0005473347    -0.009962569    -0.004733897
0.1905081    -0.3011684    -0.3443431    0.08408126    0.1313482    0.1162531    -0.001550482    -0.01950941    0.09659845    -0.1325456    0.07133116    0.07350226    -0.005433263    0.06806232    -0.1138256    1    -0.218888    -0.3308694    0.08306893    -0.09162578    0.116546    0.07369322    -0.06692659    -0.137418    -0.1397809    -0.1774762    -0.05454356    0.1140151    0.1297647    0.04706916    -0.1594635    -0.1036889    0.1272537    0.1577092    0.07570223    -0.1409734    0.02028686    0.05504397    0.07824208    0.04217838
0.05805054    0.1858754    0.0793444    -0.0411414    -0.1075655    -0.1139267    -0.01378769    -0.01188849    -0.05081481    0.1167388    0.0009880514    -0.03731959    -0.01529972    -0.02288523    0.05415237    -0.218888    1    -0.5246829    -0.383431    0.2626359    -0.002405848    0.02517151    0.07966656    0.04464812    -0.1429145    0.06696661    0.04712166    -0.06605885    -0.04572048    0.09029175    0.05951184    0.06081229    -0.02328887    -0.02801036    0.04705104    -0.02336418    -0.01071071    0.02764055    -0.01490469    0.08265093
-0.0849397    0.1408033    0.3050037    0.04453072    -0.2165976    0.00128487    -0.05543593    -0.02186892    -0.007237194    0.05831755    -0.08331216    -0.0562935    -0.04156744    -0.005968933    0.07514607    -0.3308694    -0.5246829    1    -0.1363358    -0.5814342    0.04747675    0.03678069    -0.04122174    -0.007058313    0.1017846    -0.05267561    -0.0229053    0.1202755    0.05595525    -0.1647853    -0.01181768    0.03469571    0.06565866    0.01227663    -0.1548977    0.03751466    0.006400481    0.04040486    0.02129473    -0.1184249
0.1405373    -0.2889913    -0.286987    0.2060878    0.1146056    0.1293206    0.009300404    -0.05353666    0.04845973    -0.07513279    0.0666371    0.005618738    -0.03103105    0.0244222    -0.04304432    0.08306893    -0.383431    -0.1363358    1    -0.08966739    -0.09506395    0.004591667    0.08724918    0.07022003    0.04324774    0.1065619    0.1623699    -0.0170199    -0.1619242    -0.09662589    0.08319598    0.08148973    -0.01572387    -0.1031207    -0.1436911    0.1388728    0.1385646    -0.05229533    -0.1499688    -0.07583151
-0.1113575    0.04265037    -0.07075013    -0.1905402    0.2692149    -0.05547518    0.06775517    0.09461715    -0.02623888    -0.06290769    0.03308407    0.04166083    0.06343927    -0.04194133    -0.0297231    -0.09162578    0.2626359    -0.5814342    -0.08966739    1    -0.03573198    -0.04869228    -0.04965424    -0.009240701    0.1870871    0.04281121    -0.08357275    -0.1140839    -0.002553311    0.02594094    0.005946093    -0.1029674    -0.1050454    -0.0283234    0.06182745    -0.009999257    -0.1220648    -0.04896083    0.01803577    -0.004669578
0.01165382    -0.008077062    -0.01555761    0.03309106    -0.01608065    0.01634699    0.0537893    -0.0203523    -0.01292824    -0.01217325    -0.02728783    0.02629894    0.01645754    -0.0161732    0.006587987    0.116546    -0.002405848    0.04747675    -0.09506395    -0.03573198    1    0.1400241    -0.8017412    -0.2016428    0.2533022    0.0008403928    -0.01221599    0.01055408    0.02234292    -0.00882542    0.08109797    -0.03101699    -0.04724303    -0.01047319    0.07067749    0.1505055    0.01463641    -0.08259465    -0.009590243    0.007012099
-0.01953328    -0.007483896    -0.0006513207    -0.0007959545    0.04638846    0.00380016    0.005927495    0.0371417    0.008092942    -0.02460629    -0.03765196    -0.06592303    0.002476394    0.0254502    0.02238162    0.07369322    0.02517151    0.03678069    0.004591667    -0.04869228    0.1400241    1    0.1472722    -0.7823827    0.08175681    -0.0144742    -0.0267208    0.02725611    0.03695603    -0.05146004    0.01943102    0.0467386    -0.07314648    -0.1266719    0.1397819    0.05029851    0.1195945    -0.03536964    -0.07018548    0.003337377
-0.0062315    0.03566922    -0.01489961    -0.0509    0.06175519    -0.004393445    -0.01351157    0.02756475    0.002764414    -0.009801652    -0.009063143    -0.08086873    -0.01432922    0.03847716    0.005637427    -0.06692659    0.07966656    -0.04122174    0.08724918    -0.04965424    -0.8017412    0.1472722    1    0.08810614    -0.5706687    0.007046621    0.0597377    -0.00615597    -0.03773207    -0.0142018    -0.1090971    0.02210913    -7.234861e-05    -0.03144008    0.04439909    -0.1021701    0.0291711    0.1122944    -0.001305928    -0.07595497
0.005046346    0.05549236    0.006143999    -0.04873637    0.007692531    0.008885326    0.01667249    -0.02537533    -0.0248288    0.01471605    0.02389594    -0.02031981    0.006328358    0.0145307    -0.01770216    -0.137418    0.04464812    -0.007058313    0.07022003    -0.009240701    -0.2016428    -0.7823827    0.08810614    1    -0.4619127    0.05042576    0.06165633    -0.006232039    -0.07090873    0.006224635    -0.05645285    -0.1023445    0.04924931    0.1216477    -0.1091911    -0.05785682    -0.09681303    0.07878019    0.09896317    -0.05325679
-0.01143562    -0.04671823    0.06532508    0.08804173    -0.0809541    -0.01188798    -0.05022251    -0.0297098    -0.0006085312    0.04585703    0.02791286    0.09905445    0.01636737    -0.08453703    -0.007600626    -0.1397809    -0.1429145    0.1017846    0.04324774    0.1870871    0.2533022    0.08175681    -0.5706687    -0.4619127    1    -0.01820343    -0.08595736    -0.0116641    0.04677631    0.008166156    0.1599995    0.1078013    -0.02187313    -0.07460972    -0.1212047    -0.004920112    -0.03197663    -0.09976217    -0.03825894    0.2072811
-0.05441887    0.04852323    0.004058885    -0.06069623    0.03167666    -0.03065267    0.0311435    0.02020352    -0.03616802    0.006714172    -0.02351655    -0.0253196    -0.01011528    -0.006369614    0.01189261    -0.1774762    0.06696661    -0.05267561    0.1065619    0.04281121    0.0008403928    -0.0144742    0.007046621    0.05042576    -0.01820343    1    0.05016715    -0.7652618    -0.2164396    0.2527462    0.1909245    0.07031001    -0.1807621    -0.1185183    0.077178    0.1757093    -0.01902461    -0.08365833    -0.06035079    0.02954738
0.03259111    -0.04285439    -0.009180644    0.03151801    0.02441669    -0.01769961    0.02083692    0.04184439    0.003565345    -0.0517316    0.001943714    0.01071204    -0.01597662    0.03888508    -0.02968678    -0.05454356    0.04712166    -0.0229053    0.1623699    -0.08357275    -0.01221599    -0.0267208    0.0597377    0.06165633    -0.08595736    0.05016715    1    0.07725506    -0.7808682    0.1179414    0.06206935    0.1372399    -0.03301078    -0.1247451    0.01291897    0.04511379    0.1572304    -0.01627114    -0.09815471    -0.01748515
0.042098    0.004806626    -0.03947601    0.03092303    0.004928975    0.05009034    -0.01284636    -0.005928774    0.0312197    -0.02779441    0.03962176    0.02929325    -0.01409992    0.00355608    0.001482686    0.1140151    -0.06605885    0.1202755    -0.0170199    -0.1140839    0.01055408    0.02725611    -0.00615597    -0.006232039    -0.0116641    -0.7652618    0.07725506    1    0.210168    -0.6410685    -0.1453883    -0.05482711    0.1896746    0.1210361    -0.1523482    -0.1032741    0.05570676    0.1396427    0.0561913    -0.1408994
-0.01144002    0.01411818    -0.03934062    -0.04632147    0.02656286    0.0559951    5.780415e-05    -0.01366671    -0.02646607    0.009652567    -0.01781733    0.002273138    0.02224878    -0.02228509    0.0272841    0.1297647    -0.04572048    0.05595525    -0.1619242    -0.002553311    0.02234292    0.03695603    -0.03773207    -0.07090873    0.04677631    -0.2164396    -0.7808682    0.210168    1    -0.5415401    -0.124665    -0.1117934    0.1250539    0.1789884    -0.1091015    -0.02245147    -0.0877916    0.04534361    0.128129    -0.06091721
0.01634724    -0.07562327    0.04766085    0.05767631    -0.09268848    -0.06036414    -0.009904912    -0.04291455    0.004106452    0.05573689    -0.00508158    0.01256173    0.04379456    0.01779354    -0.07405105    0.04706916    0.09029175    -0.1647853    -0.09662589    0.02594094    -0.00882542    -0.05146004    -0.0142018    0.006224635    0.008166156    0.2527462    0.1179414    -0.6410685    -0.5415401    1    0.08516971    0.0399492    -0.142886    -0.1183964    0.2348613    -0.06040446    -0.04292855    -0.09685357    -0.04914318    0.253015
0.008855724    -0.001968681    0.02068747    0.02310187    -0.005811172    -0.03900693    0.02731022    -0.01514986    -0.02370409    0.007547382    -0.0485784    0.006735273    0.006903994    -0.000374508    0.006364587    -0.1594635    0.05951184    -0.01181768    0.08319598    0.005946093    0.08109797    0.01943102    -0.1090971    -0.05645285    0.1599995    0.1909245    0.06206935    -0.1453883    -0.124665    0.08516971    1    0.02908078    -0.7833883    -0.1832564    0.1855046    -0.04770671    -0.06125778    0.04310393    0.08447078    -0.08224589
0.01897996    0.02933543    -0.01760481    -0.02738831    0.04047556    0.010278    0.005732828    0.03284415    -0.04042511    -0.02871708    -0.006247317    0.04411676    -0.0137359    -0.05539037    0.08855132    -0.1036889    0.06081229    0.03469571    0.08148973    -0.1029674    -0.03101699    0.0467386    0.02210913    -0.1023445    0.1078013    0.07031001    0.1372399    -0.05482711    -0.1117934    0.0399492    0.02908078    1    0.1197286    -0.7818992    0.104468    -0.09875956    0.02147977    0.0574648    -0.07599739    0.04724947
0.02590964    0.03657617    -0.05566284    -0.0408583    0.0275908    0.04526071    -0.03554778    -0.01835454    0.02851746    -0.004351915    0.01380697    0.01933043    -0.003053504    0.001364103    -0.001914479    0.1272537    -0.02328887    0.06565866    -0.01572387    -0.1050454    -0.04724303    -0.07314648    -7.234861e-05    0.04924931    -0.02187313    -0.1807621    -0.03301078    0.1896746    0.1250539    -0.142886    -0.7833883    0.1197286    1    0.183956    -0.5796155    0.02061411    0.009775405    -0.05974862    -0.1146549    0.151426
-0.000684535    -0.001541433    -0.01842356    0.001390919    -0.01688287    0.001371452    -0.0358857    -0.03479407    0.03624631    0.01826415    0.01945282    0.004330459    -0.0004015848    0.02382451    -0.05545927    0.1577092    -0.02801036    0.01227663    -0.1031207    -0.0283234    -0.01047319    -0.1266719    -0.03144008    0.1216477    -0.07460972    -0.1185183    -0.1247451    0.1210361    0.1789884    -0.1183964    -0.1832564    -0.7818992    0.183956    1    -0.5016877    0.0992627    -0.08801021    -0.1117138    0.07056019    0.05887932
0.0008350465    -0.06695369    0.03019028    0.01819173    -0.03421185    -0.02929836    0.03533958    0.05644895    -0.004519646    -0.03944485    0.02531664    -0.02977172    0.03564189    1.169548e-05    -0.02451019    0.07570223    0.04705104    -0.1548977    -0.1436911    0.06182745    0.07067749    0.1397819    0.04439909    -0.1091911    -0.1212047    0.077178    0.01291897    -0.1523482    -0.1091015    0.2348613    0.1855046    0.104468    -0.5796155    -0.5016877    1    -0.09082348    0.08659771    0.1111492    0.04930926    -0.08575363
-0.09196398    -0.01949221    0.02641534    0.0144666    0.01933827    0.01695272    0.05017908    -0.02512137    -0.002344669    -0.01086225    -0.008896891    -0.06359591    -0.01497102    0.03168262    0.007275371    -0.1409734    -0.02336418    0.03751466    0.1388728    -0.009999257    0.1505055    0.05029851    -0.1021701    -0.05785682    -0.004920112    0.1757093    0.04511379    -0.1032741    -0.02245147    -0.06040446    -0.04770671    -0.09875956    0.02061411    0.0992627    -0.09082348    1    -0.1376514    -0.6676179    0.09997202    0.0203232
0.007111502    -0.04198734    -0.02992343    0.05111462    -0.02711124    -0.01407648    0.03859853    0.03133349    -0.02653181    -0.01229876    0.009869074    0.008297618    0.03701657    -0.01068729    -0.05941935    0.02028686    -0.01071071    0.006400481    0.1385646    -0.1220648    0.01463641    0.1195945    0.0291711    -0.09681303    -0.03197663    -0.01902461    0.1572304    0.05570676    -0.0877916    -0.04292855    -0.06125778    0.02147977    0.009775405    -0.08801021    0.08659771    -0.1376514    1    0.03542279    -0.676552    0.1943159
0.01919093    0.02874585    0.002548544    -0.03096351    0.02084406    -0.03416736    0.0003286684    0.05872744    -0.01451307    0.01213007    0.003122145    0.01793905    -0.02526247    0.01469403    -0.0005473347    0.05504397    0.02764055    0.04040486    -0.05229533    -0.04896083    -0.08259465    -0.03536964    0.1122944    0.07878019    -0.09976217    -0.08365833    -0.01627114    0.1396427    0.04534361    -0.09685357    0.04310393    0.0574648    -0.05974862    -0.1117138    0.1111492    -0.6676179    0.03542279    1    -0.05155417    -0.452103
-0.0115296    0.03525049    -0.05080884    -0.06306929    0.05430986    0.06627287    0.003572982    -0.01318928    -0.00431456    -0.03356012    -0.009680778    0.005015956    0.02080239    0.002564623    -0.009962569    0.07824208    -0.01490469    0.02129473    -0.1499688    0.01803577    -0.009590243    -0.07018548    -0.001305928    0.09896317    -0.03825894    -0.06035079    -0.09815471    0.0561913    0.128129    -0.04914318    0.08447078    -0.07599739    -0.1146549    0.07056019    0.04930926    0.09997202    -0.676552    -0.05155417    1    -0.5967933
0.03615598    -0.04166531    0.04667453    0.04605624    -0.08850135    -0.04323028    -0.05133569    -0.05255804    0.01790585    0.0535438    0.02362222    0.02436472    0.01459992    -0.02624095    -0.004733897    0.04217838    0.08265093    -0.1184249    -0.07583151    -0.004669578    0.007012099    0.003337377    -0.07595497    -0.05325679    0.2072811    0.02954738    -0.01748515    -0.1408994    -0.06091721    0.253015    -0.08224589    0.04724947    0.151426    0.05887932    -0.08575363    0.0203232    0.1943159    -0.452103    -0.5967933    1
