1    -0.218888    -0.3308694    0.08306893    -0.09162578    -0.01487135    -0.09777879    -0.05599654    -0.008942401    0.1123749    -0.1409734    0.02028686    0.05504397    0.07824208    0.04217838
-0.218888    1    -0.5246829    -0.383431    0.2626359    0.03930743    -0.02002097    -0.04105359    -0.03198024    0.03712836    -0.02336418    -0.01071071    0.02764055    -0.01490469    0.08265093
-0.3308694    -0.5246829    1    -0.1363358    -0.5814342    -0.03355247    0.10267    0.07438356    -0.01390722    -0.1102942    0.03751466    0.006400481    0.04040486    0.02129473    -0.1184249
0.08306893    -0.383431    -0.1363358    1    -0.08966739    0.003465684    -0.07301213    -0.05702039    0.05272359    0.08738964    0.1388728    0.1385646    -0.05229533    -0.1499688    -0.07583151
-0.09162578    0.2626359    -0.5814342    -0.08966739    1    0.004365981    -0.002929524    0.02389306    0.02698715    -0.02434373    -0.009999257    -0.1220648    -0.04896083    0.01803577    -0.004669578
-0.01487135    0.03930743    -0.03355247    0.003465684    0.004365981    1    0.08307113    -0.7420018    -0.008477842    0.04639755    0.03702293    0.01894004    0.01478901    -0.02684936    0.007427948
-0.09777879    -0.02002097    0.10267    -0.07301213    -0.002929524    0.08307113    1    -0.2725877    -0.7281742    0.2765941    -0.011938    0.04129766    -0.00896556    -0.04354344    0.03127142
-0.05599654    -0.04105359    0.07438356    -0.05702039    0.02389306    -0.7420018    -0.2725877    1    0.04992343    -0.4475786    -0.01394031    0.009203816    0.005555138    0.001726641    -0.03577412
-0.008942401    -0.03198024    -0.01390722    0.05272359    0.02698715    -0.008477842    -0.7281742    0.04992343    1    -0.415051    0.04123565    -0.0266158    0.03505491    0.05981547    -0.09640243
0.1123749    0.03712836    -0.1102942    0.08738964    -0.02434373    0.04639755    0.2765941    -0.4475786    -0.415051    1    -0.04188392    0.006214583    -0.04278525    -0.03052041    0.09912822
-0.1409734    -0.02336418    0.03751466    0.1388728    -0.009999257    0.03702293    -0.011938    -0.01394031    0.04123565    -0.04188392    1    -0.1376514    -0.6676179    0.09997202    0.0203232
0.02028686    -0.01071071    0.006400481    0.1385646    -0.1220648    0.01894004    0.04129766    0.009203816    -0.0266158    0.006214583    -0.1376514    1    0.03542279    -0.676552    0.1943159
0.05504397    0.02764055    0.04040486    -0.05229533    -0.04896083    0.01478901    -0.00896556    0.005555138    0.03505491    -0.04278525    -0.6676179    0.03542279    1    -0.05155417    -0.452103
0.07824208    -0.01490469    0.02129473    -0.1499688    0.01803577    -0.02684936    -0.04354344    0.001726641    0.05981547    -0.03052041    0.09997202    -0.676552    -0.05155417    1    -0.5967933
0.04217838    0.08265093    -0.1184249    -0.07583151    -0.004669578    0.007427948    0.03127142    -0.03577412    -0.09640243    0.09912822    0.0203232    0.1943159    -0.452103    -0.5967933    1
