1    -0.1946423    -0.4709472    0.235111    -0.02529814    0.1905081    0.05805054    -0.0849397    0.1405373    -0.1113575    0.01215092    0.02744832    0.001489062    0.01955558    -0.02809272    -0.05530581    0.03106159    0.01862329    -0.04770912    0.04559721    0.02004144    0.04273592    -0.05215318    -0.07045713    0.07017869    -0.09196398    0.007111502    0.01919093    -0.0115296    0.03615598
-0.1946423    1    0.005353657    -0.6506694    0.2672641    -0.3011684    0.1858754    0.1408033    -0.2889913    0.04265037    -0.007567942    0.06293068    0.02211944    -0.05201462    -0.01847086    0.04454455    0.009760175    -0.0260663    -0.006234613    -0.006249333    -0.06996184    0.001719751    0.06293339    0.006851533    0.01176129    -0.01949221    -0.04198734    0.02874585    0.03525049    -0.04166531
-0.4709472    0.005353657    1    0.06514224    -0.5083593    -0.3443431    0.0793444    0.3050037    -0.286987    -0.07075013    -0.06726309    0.09942476    0.101867    -0.09660469    -0.04082691    -0.03053283    -0.01860645    -0.01648239    -0.009131654    0.06613822    -0.02423889    -0.00824435    0.05413134    0.01702322    -0.01448483    0.02641534    -0.02992343    0.002548544    -0.05080884    0.04667453
0.235111    -0.6506694    0.06514224    1    -0.6078586    0.08408126    -0.0411414    0.04453072    0.2060878    -0.1905402    0.02897244    -0.02056982    0.02207482    0.03593319    -0.05619152    -0.08799272    -0.0273008    0.04163505    0.02087093    0.02538953    0.05296283    0.04351211    -0.03167337    -0.01256975    -0.02858256    0.0144666    0.05111462    -0.03096351    -0.06306929    0.04605624
-0.02529814    0.2672641    -0.5083593    -0.6078586    1    0.1313482    -0.1075655    -0.2165976    0.1146056    0.2692149    -0.01613452    -0.07280861    -0.07414618    0.0332482    0.09921452    0.1035325    0.008838367    -0.03268025    0.01508887    -0.08402855    0.009636278    -0.04555553    -0.03912217    0.01518262    0.03027273    0.01933827    -0.02711124    0.02084406    0.05430986    -0.08850135
0.1905081    -0.3011684    -0.3443431    0.08408126    0.1313482    1    -0.218888    -0.3308694    0.08306893    -0.09162578    -0.006368971    -0.04329304    -0.08595956    0.02265268    0.08691645    -0.0139257    0.07659465    0.06809344    -0.06066953    -0.06088495    0.000772366    -0.02915694    -0.05180105    -0.02429164    0.05671439    -0.1409734    0.02028686    0.05504397    0.07824208    0.04217838
0.05805054    0.1858754    0.0793444    -0.0411414    -0.1075655    -0.218888    1    -0.5246829    -0.383431    0.2626359    -0.05504183    0.06966226    0.09488769    -0.03314472    -0.07217607    0.01460239    0.004252653    -0.03222128    -0.03056547    0.06349673    -0.03115448    -0.05437448    -0.01827569    0.007428058    0.08126789    -0.02336418    -0.01071071    0.02764055    -0.01490469    0.08265093
-0.0849397    0.1408033    0.3050037    0.04453072    -0.2165976    -0.3308694    -0.5246829    1    -0.1363358    -0.5814342    0.02478243    -0.01988749    0.008243997    -0.02981386    -0.003308977    -0.04183772    -0.09273361    -0.0274204    0.05620217    0.05764332    -0.04401784    0.06262593    0.06774478    -0.01926834    -0.03455619    0.03751466    0.006400481    0.04040486    0.02129473    -0.1184249
0.1405373    -0.2889913    -0.286987    0.2060878    0.1146056    0.08306893    -0.383431    -0.1363358    1    -0.08966739    0.02158302    -0.06651151    -0.1126085    0.06137809    0.08885827    0.0109756    0.002509773    0.01024413    0.01306389    -0.06040209    0.04990897    0.008179364    -0.07080094    -0.03651238    0.01984207    0.1388728    0.1385646    -0.05229533    -0.1499688    -0.07583151
-0.1113575    0.04265037    -0.07075013    -0.1905402    0.2692149    -0.09162578    0.2626359    -0.5814342    -0.08966739    1    -0.00816904    0.05112316    0.03152837    0.001816811    -0.06408102    0.02303773    0.07362351    0.01845056    -0.01573626    -0.03090848    0.04034749    -0.0129474    0.01082853    0.05598858    -0.08272262    -0.009999257    -0.1220648    -0.04896083    0.01803577    -0.004669578
0.01215092    -0.007567942    -0.06726309    0.02897244    -0.01613452    -0.006368971    -0.05504183    0.02478243    0.02158302    -0.00816904    1    0.002486199    -0.6084731    0.05587275    -0.03522792    -0.1403092    -0.1537993    0.09859517    0.2540009    -0.05083952    0.02354366    -0.0831819    -0.05109222    0.08887405    -0.003009004    0.09095607    -0.06859168    -0.009341701    0.1407293    -0.161299
0.02744832    0.06293068    0.09942476    -0.02056982    -0.07280861    -0.04329304    0.06966226    -0.01988749    -0.06651151    0.05112316    0.002486199    1    -0.2610428    -0.5998652    0.2709889    -0.1459785    0.03524693    0.1463833    0.03726333    -0.03151572    -0.01961274    0.03182518    0.007025521    -0.06892219    0.08436301    -0.1110361    -0.06292476    -0.006989258    -0.06792301    0.16369
0.001489062    0.02211944    0.101867    0.02207482    -0.07414618    -0.08595956    0.09488769    0.008243997    -0.1126085    0.03152837    -0.6084731    -0.2610428    1    0.02869043    -0.4800809    0.03233552    0.1907375    0.09185373    -0.07703353    -0.1215191    -0.05431528    0.006978044    0.02865815    -0.03263844    0.01732734    -0.05352539    0.01811998    -0.1078386    -0.09816858    0.2236656
0.01955558    -0.05201462    -0.09660469    0.03593319    0.0332482    0.02265268    -0.03314472    -0.02981386    0.06137809    0.001816811    0.05587275    -0.5998652    0.02869043    1    -0.3962035    0.3303664    0.1271854    -0.1577562    -0.1435505    -0.1113097    0.005326752    -0.07455766    -0.04383044    0.03366387    0.001369671    0.06787055    -0.03876995    -0.0425336    0.112223    -0.1113637
-0.02809272    -0.01847086    -0.04082691    -0.05619152    0.09921452    0.08691645    -0.07217607    -0.003308977    0.08885827    -0.06408102    -0.03522792    0.2709889    -0.4800809    -0.3962035    1    -0.1321209    -0.2144391    -0.02250504    0.03366274    -0.06404811    0.04998715    0.08075949    0.01236239    -0.04215891    -0.003206776    0.02353699    0.09098666    0.06354639    -0.07686904    -0.0244858
-0.05530581    0.04454455    -0.03053283    -0.08799272    0.1035325    -0.0139257    0.01460239    -0.04183772    0.0109756    0.02303773    -0.1403092    -0.1459785    0.03233552    0.3303664    -0.1321209    1    -0.01208665    -0.7751805    -0.07643994    0.1642374    -0.06374869    -0.06111635    0.06095885    0.08144994    -0.06487302    -0.009373055    -0.01509577    0.03224401    0.03383987    -0.09029222
0.03106159    0.009760175    -0.01860645    -0.0273008    0.008838367    0.07659465    0.004252653    -0.09273361    0.002509773    0.07362351    -0.1537993    0.03524693    0.1907375    0.1271854    -0.2144391    -0.01208665    1    0.1663351    -0.7695498    0.07538156    -0.08376976    -0.1029627    0.01355829    0.0293152    0.03565497    -0.08040596    0.01265609    -0.02910225    0.01985668    0.01507886
0.01862329    -0.0260663    -0.01648239    0.04163505    -0.03268025    0.06809344    -0.03222128    -0.0274204    0.01024413    0.01845056    0.09859517    0.1463833    0.09185373    -0.1577562    -0.02250504    -0.7751805    0.1663351    1    0.03349777    -0.5361289    0.03097782    -0.02284643    -0.09320724    -0.06279076    0.1168027    -0.04407242    0.0121205    -0.01012586    -0.02725932    0.05512654
-0.04770912    -0.006234613    -0.009131654    0.02087093    0.01508887    -0.06066953    -0.03056547    0.05620217    0.01306389    -0.01573626    0.2540009    0.03726333    -0.07703353    -0.1435505    0.03366274    -0.07643994    -0.7695498    0.03349777    1    -0.4759833    0.06023333    0.01394071    -0.07430565    -0.01199964    0.04866327    0.1151806    0.006940934    -0.05450186    -0.01843987    0.04088486
0.04559721    -0.006249333    0.06613822    0.02538953    -0.08402855    -0.06088495    0.06349673    0.05764332    -0.06040209    -0.03090848    -0.05083952    -0.03151572    -0.1215191    -0.1113097    -0.06404811    0.1642374    0.07538156    -0.5361289    -0.4759833    1    -0.0342073    0.05582732    0.1329493    0.05119407    -0.1656847    -0.102393    -0.0620109    0.09590239    0.07637262    0.01052134
0.02004144    -0.06996184    -0.02423889    0.05296283    0.009636278    0.000772366    -0.03115448    -0.04401784    0.04990897    0.04034749    0.02354366    -0.01961274    -0.05431528    0.005326752    0.04998715    -0.06374869    -0.08376976    0.03097782    0.06023333    -0.0342073    1    0.2292549    -0.7925327    -0.3398313    0.2443113    0.1378754    0.01430813    -0.07594447    -0.006305397    -0.04839362
0.04273592    0.001719751    -0.00824435    0.04351211    -0.04555553    -0.02915694    -0.05437448    0.06262593    0.008179364    -0.0129474    -0.0831819    0.03182518    0.006978044    -0.07455766    0.08075949    -0.06111635    -0.1029627    -0.02284643    0.01394071    0.05582732    0.2292549    1    0.0582692    -0.7753216    0.1000554    0.005578518    0.157625    0.004036359    -0.09551998    -0.01131214
-0.05215318    0.06293339    0.05413134    -0.03167337    -0.03912217    -0.05180105    -0.01827569    0.06774478    -0.07080094    0.01082853    -0.05109222    0.007025521    0.02865815    -0.04383044    0.01236239    0.06095885    0.01355829    -0.09320724    -0.07430565    0.1329493    -0.7925327    0.0582692    1    0.2852451    -0.6086443    -0.116667    0.05693531    0.1096152    -0.03011969    -0.0003704035
-0.07045713    0.006851533    0.01702322    -0.01256975    0.01518262    -0.02429164    0.007428058    -0.01926834    -0.03651238    0.05598858    0.08887405    -0.06892219    -0.03263844    0.03366387    -0.04215891    0.08144994    0.0293152    -0.06279076    -0.01199964    0.05119407    -0.3398313    -0.7753216    0.2852451    1    -0.503745    0.007558403    -0.1073676    0.0242853    0.09828785    -0.02716121
0.07017869    0.01176129    -0.01448483    -0.02858256    0.03027273    0.05671439    0.08126789    -0.03455619    0.01984207    -0.08272262    -0.003009004    0.08436301    0.01732734    0.001369671    -0.003206776    -0.06487302    0.03565497    0.1168027    0.04866327    -0.1656847    0.2443113    0.1000554    -0.6086443    -0.503745    1    -0.01359294    -0.03985826    -0.05819444    -0.004065534    0.1113071
-0.09196398    -0.01949221    0.02641534    0.0144666    0.01933827    -0.1409734    -0.02336418    0.03751466    0.1388728    -0.009999257    0.09095607    -0.1110361    -0.05352539    0.06787055    0.02353699    -0.009373055    -0.08040596    -0.04407242    0.1151806    -0.102393    0.1378754    0.005578518    -0.116667    0.007558403    -0.01359294    1    -0.1376514    -0.6676179    0.09997202    0.0203232
0.007111502    -0.04198734    -0.02992343    0.05111462    -0.02711124    0.02028686    -0.01071071    0.006400481    0.1385646    -0.1220648    -0.06859168    -0.06292476    0.01811998    -0.03876995    0.09098666    -0.01509577    0.01265609    0.0121205    0.006940934    -0.0620109    0.01430813    0.157625    0.05693531    -0.1073676    -0.03985826    -0.1376514    1    0.03542279    -0.676552    0.1943159
0.01919093    0.02874585    0.002548544    -0.03096351    0.02084406    0.05504397    0.02764055    0.04040486    -0.05229533    -0.04896083    -0.009341701    -0.006989258    -0.1078386    -0.0425336    0.06354639    0.03224401    -0.02910225    -0.01012586    -0.05450186    0.09590239    -0.07594447    0.004036359    0.1096152    0.0242853    -0.05819444    -0.6676179    0.03542279    1    -0.05155417    -0.452103
-0.0115296    0.03525049    -0.05080884    -0.06306929    0.05430986    0.07824208    -0.01490469    0.02129473    -0.1499688    0.01803577    0.1407293    -0.06792301    -0.09816858    0.112223    -0.07686904    0.03383987    0.01985668    -0.02725932    -0.01843987    0.07637262    -0.006305397    -0.09551998    -0.03011969    0.09828785    -0.004065534    0.09997202    -0.676552    -0.05155417    1    -0.5967933
0.03615598    -0.04166531    0.04667453    0.04605624    -0.08850135    0.04217838    0.08265093    -0.1184249    -0.07583151    -0.004669578    -0.161299    0.16369    0.2236656    -0.1113637    -0.0244858    -0.09029222    0.01507886    0.05512654    0.04088486    0.01052134    -0.04839362    -0.01131214    -0.0003704035    -0.02716121    0.1113071    0.0203232    0.1943159    -0.452103    -0.5967933    1
