3.846733e-05    -7.661498e-06    -6.913239e-06    -1.159509e-05    -5.055315e-06    -6.727907e-06    5.912982e-06    6.621037e-06    -2.414861e-08    -1.098056e-05    2.125743e-06    -1.071233e-06    -2.22896e-06    1.847057e-06    -1.566069e-06    1.366701e-05    -1.313856e-05    -1.122965e-05    -2.631298e-06    -1.76161e-07    -5.366897e-06    7.375056e-06    9.20936e-06    -1.138206e-06    -4.766584e-06    -3.058465e-06    4.294282e-07    1.699972e-06    -4.631031e-07    3.905387e-06
-7.661498e-06    1.610382e-05    5.550352e-06    -8.857611e-06    -5.913351e-06    4.180187e-06    -1.286936e-06    -3.701586e-07    -3.716514e-06    2.550082e-06    5.206199e-07    -2.053221e-06    -7.73374e-06    -1.939565e-07    4.829851e-06    -3.07786e-06    9.053166e-06    1.419281e-05    -8.876009e-06    -2.776568e-06    5.07314e-06    -6.322793e-06    -6.892614e-06    1.923998e-06    4.487329e-06    1.423927e-06    -9.98659e-07    -9.238646e-08    -2.680688e-06    3.373745e-06
-6.913239e-06    5.550352e-06    1.520063e-05    1.197476e-06    -1.277401e-05    5.635429e-06    -1.350094e-06    -3.902333e-06    -3.795913e-06    3.856995e-06    -1.66225e-06    -1.488879e-06    -6.610117e-06    -1.04514e-06    7.733215e-06    -4.333895e-06    5.713304e-06    1.620757e-05    -7.772422e-06    -1.766333e-06    3.379828e-06    -6.304678e-06    -1.02499e-05    -9.32278e-08    5.302035e-06    2.262126e-06    -4.027474e-06    1.765322e-06    1.403704e-06    1.155316e-07
-1.159509e-05    -8.857611e-06    1.197476e-06    2.300726e-05    -5.951915e-06    3.765952e-06    -8.495118e-06    -5.29403e-06    4.519029e-06    5.179249e-06    -3.685891e-06    3.403627e-07    7.468417e-06    -2.109256e-07    3.621916e-07    -7.739711e-06    1.904538e-06    -1.185833e-07    6.048667e-06    9.304363e-07    -9.392984e-07    -6.076288e-06    -2.377929e-06    3.690378e-06    8.39532e-07    1.436476e-06    -2.332922e-06    1.769413e-06    6.857423e-06    -8.195939e-06
-5.055315e-06    -5.913351e-06    -1.277401e-05    -5.951915e-06    3.458719e-05    -7.946627e-06    1.000643e-05    6.318403e-06    -1.602566e-06    -4.074547e-06    -2.617023e-06    6.995466e-06    1.041896e-05    -2.999796e-07    -1.165244e-05    5.975716e-06    -1.284579e-05    -2.170155e-05    1.412542e-05    8.068877e-06    -7.543558e-06    1.955741e-05    1.670899e-05    -9.277305e-06    -9.849145e-06    -1.769069e-06    5.078438e-06    -5.965158e-06    -4.655659e-06    3.198625e-06
-6.727907e-06    4.180187e-06    5.635429e-06    3.765952e-06    -7.946627e-06    1.014931e-05    -8.251448e-06    -1.210603e-06    -7.393693e-07    2.859014e-06    -3.887733e-06    3.620154e-07    -1.088856e-06    9.33733e-07    3.122813e-06    -5.425592e-06    6.817354e-06    8.384313e-06    -4.133271e-06    -1.152147e-06    1.586747e-06    -6.937231e-06    -5.175161e-06    3.303247e-06    2.82351e-06    1.265732e-06    -4.294472e-06    2.100265e-06    3.827524e-06    -1.381748e-06
5.912982e-06    -1.286936e-06    -1.350094e-06    -8.495118e-06    1.000643e-05    -8.251448e-06    2.182694e-05    -4.260427e-08    -1.086813e-05    -3.942554e-06    -4.44821e-07    2.228327e-06    -2.465332e-06    -1.271215e-06    1.014298e-07    7.090226e-06    -1.008377e-05    -4.245091e-06    2.076445e-06    3.1249e-06    -4.477197e-06    1.47079e-05    4.288825e-06    -1.036781e-05    -3.252519e-06    -3.427973e-07    1.835284e-06    -3.378034e-06    -4.84182e-06    5.59019e-06
6.621037e-06    -3.701586e-07    -3.902333e-06    -5.29403e-06    6.318403e-06    -1.210603e-06    -4.260427e-08    2.208708e-05    -6.845649e-07    -1.043992e-05    6.899787e-08    -7.038194e-07    -2.039215e-06    2.86443e-06    -6.417709e-07    4.606411e-06    -5.857783e-06    -5.425519e-06    1.534895e-06    2.201218e-06    -1.848498e-06    3.406284e-06    6.622558e-06    -7.892428e-07    -2.224153e-06    -6.963122e-07    3.656051e-06    2.878075e-06    -5.667998e-06    4.710384e-07
-2.414861e-08    -3.716514e-06    -3.795913e-06    4.519029e-06    -1.602566e-06    -7.393693e-07    -1.086813e-05    -6.845649e-07    1.72111e-05    -1.05772e-06    5.28954e-06    -1.86075e-06    2.629362e-06    -1.295371e-06    -1.476778e-06    -1.730357e-06    4.47853e-06    -5.682886e-06    2.508973e-06    -2.147863e-06    4.415e-06    -8.293197e-06    6.497321e-07    6.32334e-06    5.508465e-07    -1.265093e-06    3.306375e-06    2.460661e-06    1.112452e-06    -6.291675e-06
-1.098056e-05    2.550082e-06    3.856995e-06    5.179249e-06    -4.074547e-06    2.859014e-06    -3.942554e-06    -1.043992e-05    -1.05772e-06    1.487681e-05    -3.630557e-06    3.821487e-06    3.052318e-06    -1.462641e-06    -4.262473e-07    -5.896006e-06    1.007804e-05    4.217574e-06    -8.54677e-07    -2.099612e-06    1.210581e-06    -4.280795e-06    -3.837939e-06    2.510895e-06    1.377154e-06    2.202812e-07    -3.795697e-06    -2.718212e-06    3.959152e-06    8.623718e-07
2.125743e-06    5.206199e-07    -1.66225e-06    -3.685891e-06    -2.617023e-06    -3.887733e-06    -4.44821e-07    6.899787e-08    5.28954e-06    -3.630557e-06    2.3341e-05    -1.2215e-05    -2.372402e-06    -1.803316e-06    -3.888673e-06    1.66778e-06    3.716188e-06    3.198244e-06    -1.731795e-06    -5.644773e-06    8.673212e-06    -8.458498e-06    -7.160478e-06    3.265545e-06    5.070772e-06    -8.634716e-07    8.629951e-06    -9.969261e-07    -8.733334e-06    1.002667e-06
-1.071233e-06    -2.053221e-06    -1.488879e-06    3.403627e-07    6.995466e-06    3.620154e-07    2.228327e-06    -7.038194e-07    -1.86075e-06    3.821487e-06    -1.2215e-05    2.075145e-05    4.880158e-06    -6.581996e-06    -3.302117e-06    1.063759e-06    -1.456121e-06    -7.837746e-06    3.889751e-06    3.522818e-06    -5.207267e-06    8.02333e-06    9.102691e-06    -3.621772e-06    -4.299322e-06    -8.510795e-07    -4.532055e-06    -1.749969e-06    4.928836e-06    2.384288e-07
-2.22896e-06    -7.73374e-06    -6.610117e-06    7.468417e-06    1.041896e-05    -1.088856e-06    -2.465332e-06    -2.039215e-06    2.629362e-06    3.052318e-06    -2.372402e-06    4.880158e-06    2.817455e-05    -1.078662e-06    -1.533863e-05    1.547183e-06    -6.897887e-06    -1.238495e-05    9.198665e-06    4.046028e-06    -5.238805e-06    7.472068e-06    1.076795e-05    -2.816385e-06    -5.194168e-06    -6.40086e-07    8.108514e-07    -3.600063e-06    4.074533e-06    -3.039879e-06
1.847057e-06    -1.939565e-07    -1.04514e-06    -2.109256e-07    -2.999796e-07    9.33733e-07    -1.271215e-06    2.86443e-06    -1.295371e-06    -1.462641e-06    -1.803316e-06    -6.581996e-06    -1.078662e-06    1.324602e-05    -4.406476e-06    -1.660801e-07    -1.539883e-06    -4.862398e-07    1.983309e-07    5.552347e-07    -1.110998e-06    5.664933e-07    -3.337948e-07    1.925783e-06    -5.096453e-07    -1.269207e-07    8.977097e-08    9.661027e-07    -1.004413e-07    5.470276e-07
-1.566069e-06    4.829851e-06    7.733215e-06    3.621916e-07    -1.165244e-05    3.122813e-06    1.014298e-07    -6.417709e-07    -1.476778e-06    -4.262473e-07    -3.888673e-06    -3.302117e-06    -1.533863e-05    -4.406476e-06    2.309981e-05    -4.167956e-06    5.955933e-06    1.246713e-05    -7.302031e-06    -1.636732e-06    2.735174e-06    -7.479977e-06    -9.411724e-06    4.352034e-07    5.162635e-06    2.344432e-06    -4.203808e-06    5.565446e-06    2.134766e-06    -3.729467e-06
1.366701e-05    -3.07786e-06    -4.333895e-06    -7.739711e-06    5.975716e-06    -5.425592e-06    7.090226e-06    4.606411e-06    -1.730357e-06    -5.896006e-06    1.66778e-06    1.063759e-06    1.547183e-06    -1.660801e-07    -4.167956e-06    1.348732e-05    -1.299043e-05    -5.953587e-06    -5.314317e-07    2.806078e-07    -2.821936e-06    1.019502e-05    7.974995e-06    -5.712344e-06    -3.788265e-06    -1.886515e-06    2.480164e-06    -3.471651e-06    -5.282927e-06    7.784282e-06
-1.313856e-05    9.053166e-06    5.713304e-06    1.904538e-06    -1.284579e-05    6.817354e-06    -1.008377e-05    -5.857783e-06    4.47853e-06    1.007804e-05    3.716188e-06    -1.456121e-06    -6.897887e-06    -1.539883e-06    5.955933e-06    -1.299043e-05    3.68852e-05    1.25743e-06    -8.570541e-06    -5.425619e-06    9.678506e-06    -1.867328e-05    -1.258101e-05    1.010382e-05    7.193691e-06    -6.817353e-07    -1.710177e-06    1.562817e-06    1.889906e-06    -1.794707e-06
-1.122965e-05    1.419281e-05    1.620757e-05    -1.185833e-07    -2.170155e-05    8.384313e-06    -4.245091e-06    -5.425519e-06    -5.682886e-06    4.217574e-06    3.198244e-06    -7.837746e-06    -1.238495e-05    -4.862398e-07    1.246713e-05    -5.953587e-06    1.25743e-06    4.497732e-05    -1.61474e-05    -8.8874e-06    8.81687e-06    -1.571687e-05    -2.114726e-05    3.682673e-06    1.263184e-05    4.356038e-06    -3.239683e-06    2.843399e-06    -6.442366e-07    -1.440788e-07
-2.631298e-06    -8.876009e-06    -7.772422e-06    6.048667e-06    1.412542e-05    -4.133271e-06    2.076445e-06    1.534895e-06    2.508973e-06    -8.54677e-07    -1.731795e-06    3.889751e-06    9.198665e-06    1.983309e-07    -7.302031e-06    -5.314317e-07    -8.570541e-06    -1.61474e-05    1.763543e-05    3.727902e-06    -4.969371e-06    8.434492e-06    8.84205e-06    -3.006995e-06    -5.815568e-06    -5.179888e-07    3.241731e-06    -2.118709e-06    1.067012e-07    -4.34296e-06
-1.76161e-07    -2.776568e-06    -1.766333e-06    9.304363e-07    8.068877e-06    -1.152147e-06    3.1249e-06    2.201218e-06    -2.147863e-06    -2.099612e-06    -5.644773e-06    3.522818e-06    4.046028e-06    5.552347e-07    -1.636732e-06    2.806078e-07    -5.425619e-06    -8.8874e-06    3.727902e-06    9.178453e-06    -5.331982e-06    7.718009e-06    5.953036e-06    -3.826494e-06    -3.326302e-06    1.672981e-06    -2.440057e-06    3.437532e-07    2.601009e-06    -2.516455e-06
-5.366897e-06    5.07314e-06    3.379828e-06    -9.392984e-07    -7.543558e-06    1.586747e-06    -4.477197e-06    -1.848498e-06    4.415e-06    1.210581e-06    8.673212e-06    -5.207267e-06    -5.238805e-06    -1.110998e-06    2.735174e-06    -2.821936e-06    9.678506e-06    8.81687e-06    -4.969371e-06    -5.331982e-06    1.370153e-05    -1.469475e-05    -6.722725e-06    5.136934e-06    4.534765e-06    -1.227289e-07    4.409006e-06    1.585168e-06    -4.292728e-06    -1.478986e-06
7.375056e-06    -6.322793e-06    -6.304678e-06    -6.076288e-06    1.955741e-05    -6.937231e-06    1.47079e-05    3.406284e-06    -8.293197e-06    -4.280795e-06    -8.458498e-06    8.02333e-06    7.472068e-06    5.664933e-07    -7.479977e-06    1.019502e-05    -1.867328e-05    -1.571687e-05    8.434492e-06    7.718009e-06    -1.469475e-05    4.248176e-05    9.523697e-06    -2.605871e-05    -7.320847e-06    -8.817073e-07    1.22951e-06    -6.056464e-06    -4.598397e-06    9.677549e-06
9.20936e-06    -6.892614e-06    -1.02499e-05    -2.377929e-06    1.670899e-05    -5.175161e-06    4.288825e-06    6.622558e-06    6.497321e-07    -3.837939e-06    -7.160478e-06    9.102691e-06    1.076795e-05    -3.337948e-07    -9.411724e-06    7.974995e-06    -1.258101e-05    -2.114726e-05    8.84205e-06    5.953036e-06    -6.722725e-06    9.523697e-06    3.45249e-05    -3.454174e-06    -1.359932e-05    -1.881328e-06    1.52358e-06    -3.042002e-06    -1.782061e-06    4.314202e-06
-1.138206e-06    1.923998e-06    -9.32278e-08    3.690378e-06    -9.277305e-06    3.303247e-06    -1.036781e-05    -7.892428e-07    6.32334e-06    2.510895e-06    3.265545e-06    -3.621772e-06    -2.816385e-06    1.925783e-06    4.352034e-07    -5.712344e-06    1.010382e-05    3.682673e-06    -3.006995e-06    -3.826494e-06    5.136934e-06    -2.605871e-05    -3.454174e-06    2.824277e-05    1.979467e-07    -2.841205e-07    -1.517958e-06    2.600078e-06    3.43865e-06    -4.258852e-06
-4.766584e-06    4.487329e-06    5.302035e-06    8.39532e-07    -9.849145e-06    2.82351e-06    -3.252519e-06    -2.224153e-06    5.508465e-07    1.377154e-06    5.070772e-06    -4.299322e-06    -5.194168e-06    -5.096453e-07    5.162635e-06    -3.788265e-06    7.193691e-06    1.263184e-05    -5.815568e-06    -3.326302e-06    4.534765e-06    -7.320847e-06    -1.359932e-05    1.979467e-07    1.156278e-05    1.067425e-06    1.933635e-07    2.748085e-06    4.242124e-07    -3.849444e-06
-3.058465e-06    1.423927e-06    2.262126e-06    1.436476e-06    -1.769069e-06    1.265732e-06    -3.427973e-07    -6.963122e-07    -1.265093e-06    2.202812e-07    -8.634716e-07    -8.510795e-07    -6.40086e-07    -1.269207e-07    2.344432e-06    -1.886515e-06    -6.817353e-07    4.356038e-06    -5.179888e-07    1.672981e-06    -1.227289e-07    -8.817073e-07    -1.881328e-06    -2.841205e-07    1.067425e-06    4.388345e-06    -3.306989e-06    1.414802e-06    1.432495e-06    -2.279374e-06
4.294282e-07    -9.98659e-07    -4.027474e-06    -2.332922e-06    5.078438e-06    -4.294472e-06    1.835284e-06    3.656051e-06    3.306375e-06    -3.795697e-06    8.629951e-06    -4.532055e-06    8.108514e-07    8.977097e-08    -4.203808e-06    2.480164e-06    -1.710177e-06    -3.239683e-06    3.241731e-06    -2.440057e-06    4.409006e-06    1.22951e-06    1.52358e-06    -1.517958e-06    1.933635e-07    -3.306989e-06    1.737629e-05    -1.747925e-06    -1.656885e-05    4.732096e-06
1.699972e-06    -9.238646e-08    1.765322e-06    1.769413e-06    -5.965158e-06    2.100265e-06    -3.378034e-06    2.878075e-06    2.460661e-06    -2.718212e-06    -9.969261e-07    -1.749969e-06    -3.600063e-06    9.661027e-07    5.565446e-06    -3.471651e-06    1.562817e-06    2.843399e-06    -2.118709e-06    3.437532e-07    1.585168e-06    -6.056464e-06    -3.042002e-06    2.600078e-06    2.748085e-06    1.414802e-06    -1.747925e-06    1.524153e-05    4.04591e-06    -1.183994e-05
-4.631031e-07    -2.680688e-06    1.403704e-06    6.857423e-06    -4.655659e-06    3.827524e-06    -4.84182e-06    -5.667998e-06    1.112452e-06    3.959152e-06    -8.733334e-06    4.928836e-06    4.074533e-06    -1.004413e-07    2.134766e-06    -5.282927e-06    1.889906e-06    -6.442366e-07    1.067012e-07    2.601009e-06    -4.292728e-06    -4.598397e-06    -1.782061e-06    3.43865e-06    4.242124e-07    1.432495e-06    -1.656885e-05    4.04591e-06    2.879327e-05    -1.730203e-05
3.905387e-06    3.373745e-06    1.155316e-07    -8.195939e-06    3.198625e-06    -1.381748e-06    5.59019e-06    4.710384e-07    -6.291675e-06    8.623718e-07    1.002667e-06    2.384288e-07    -3.039879e-06    5.470276e-07    -3.729467e-06    7.784282e-06    -1.794707e-06    -1.440788e-07    -4.34296e-06    -2.516455e-06    -1.478986e-06    9.677549e-06    4.314202e-06    -4.258852e-06    -3.849444e-06    -2.279374e-06    4.732096e-06    -1.183994e-05    -1.730203e-05    2.566073e-05
