3.846733e-05    -7.661498e-06    -6.913239e-06    -1.159509e-05    -5.055315e-06    -3.058465e-06    4.294282e-07    1.699972e-06    -4.631031e-07    3.905387e-06
-7.661498e-06    1.610382e-05    5.550352e-06    -8.857611e-06    -5.913351e-06    1.423927e-06    -9.98659e-07    -9.238646e-08    -2.680688e-06    3.373745e-06
-6.913239e-06    5.550352e-06    1.520063e-05    1.197476e-06    -1.277401e-05    2.262126e-06    -4.027474e-06    1.765322e-06    1.403704e-06    1.155316e-07
-1.159509e-05    -8.857611e-06    1.197476e-06    2.300726e-05    -5.951915e-06    1.436476e-06    -2.332922e-06    1.769413e-06    6.857423e-06    -8.195939e-06
-5.055315e-06    -5.913351e-06    -1.277401e-05    -5.951915e-06    3.458719e-05    -1.769069e-06    5.078438e-06    -5.965158e-06    -4.655659e-06    3.198625e-06
-3.058465e-06    1.423927e-06    2.262126e-06    1.436476e-06    -1.769069e-06    4.388345e-06    -3.306989e-06    1.414802e-06    1.432495e-06    -2.279374e-06
4.294282e-07    -9.98659e-07    -4.027474e-06    -2.332922e-06    5.078438e-06    -3.306989e-06    1.737629e-05    -1.747925e-06    -1.656885e-05    4.732096e-06
1.699972e-06    -9.238646e-08    1.765322e-06    1.769413e-06    -5.965158e-06    1.414802e-06    -1.747925e-06    1.524153e-05    4.04591e-06    -1.183994e-05
-4.631031e-07    -2.680688e-06    1.403704e-06    6.857423e-06    -4.655659e-06    1.432495e-06    -1.656885e-05    4.04591e-06    2.879327e-05    -1.730203e-05
3.905387e-06    3.373745e-06    1.155316e-07    -8.195939e-06    3.198625e-06    -2.279374e-06    4.732096e-06    -1.183994e-05    -1.730203e-05    2.566073e-05
