2.3341e-05    -1.2215e-05    -2.372402e-06    -1.803316e-06    -3.888673e-06    1.66778e-06    3.716188e-06    3.198244e-06    -1.731795e-06    -5.644773e-06    4.353028e-06    -1.311168e-05    -6.842479e-06    7.264468e-06    1.069084e-06    -8.634716e-07    8.629951e-06    -9.969261e-07    -8.733334e-06    1.002667e-06
-1.2215e-05    2.075145e-05    4.880158e-06    -6.581996e-06    -3.302117e-06    1.063759e-06    -1.456121e-06    -7.837746e-06    3.889751e-06    3.522818e-06    -1.373068e-06    1.032712e-05    9.438487e-06    -6.096903e-06    -4.081754e-06    -8.510795e-07    -4.532055e-06    -1.749969e-06    4.928836e-06    2.384288e-07
-2.372402e-06    4.880158e-06    2.817455e-05    -1.078662e-06    -1.533863e-05    1.547183e-06    -6.897887e-06    -1.238495e-05    9.198665e-06    4.046028e-06    -5.996626e-06    1.751798e-05    9.52995e-06    -8.903814e-06    -5.223867e-06    -6.40086e-07    8.108514e-07    -3.600063e-06    4.074533e-06    -3.039879e-06
-1.803316e-06    -6.581996e-06    -1.078662e-06    1.324602e-05    -4.406476e-06    -1.660801e-07    -1.539883e-06    -4.862398e-07    1.983309e-07    5.552347e-07    -1.745063e-06    1.823182e-06    -1.386795e-07    -2.555288e-08    -8.109276e-07    -1.269207e-07    8.977097e-08    9.661027e-07    -1.004413e-07    5.470276e-07
-3.888673e-06    -3.302117e-06    -1.533863e-05    -4.406476e-06    2.309981e-05    -4.167956e-06    5.955933e-06    1.246713e-05    -7.302031e-06    -1.636732e-06    3.414346e-06    -1.286068e-05    -6.92876e-06    5.154348e-06    6.504627e-06    2.344432e-06    -4.203808e-06    5.565446e-06    2.134766e-06    -3.729467e-06
1.66778e-06    1.063759e-06    1.547183e-06    -1.660801e-07    -4.167956e-06    1.348732e-05    -1.299043e-05    -5.953587e-06    -5.314317e-07    2.806078e-07    2.312737e-06    2.418381e-06    -2.233034e-06    -2.022199e-06    -7.448035e-07    -1.886515e-06    2.480164e-06    -3.471651e-06    -5.282927e-06    7.784282e-06
3.716188e-06    -1.456121e-06    -6.897887e-06    -1.539883e-06    5.955933e-06    -1.299043e-05    3.68852e-05    1.25743e-06    -8.570541e-06    -5.425619e-06    1.004112e-06    -9.49736e-06    -5.245907e-07    6.230922e-06    6.45794e-07    -6.817353e-07    -1.710177e-06    1.562817e-06    1.889906e-06    -1.794707e-06
3.198244e-06    -7.837746e-06    -1.238495e-05    -4.862398e-07    1.246713e-05    -5.953587e-06    1.25743e-06    4.497732e-05    -1.61474e-05    -8.8874e-06    2.344053e-06    -1.399257e-05    -8.901176e-06    8.215169e-06    6.676118e-06    4.356038e-06    -3.239683e-06    2.843399e-06    -6.442366e-07    -1.440788e-07
-1.731795e-06    3.889751e-06    9.198665e-06    1.983309e-07    -7.302031e-06    -5.314317e-07    -8.570541e-06    -1.61474e-05    1.763543e-05    3.727902e-06    -3.016976e-06    8.24082e-06    7.480632e-06    -4.413754e-06    -4.138172e-06    -5.179888e-07    3.241731e-06    -2.118709e-06    1.067012e-07    -4.34296e-06
-5.644773e-06    3.522818e-06    4.046028e-06    5.552347e-07    -1.636732e-06    2.806078e-07    -5.425619e-06    -8.8874e-06    3.727902e-06    9.178453e-06    -1.21314e-06    5.596671e-06    3.629717e-06    -4.032056e-06    -6.615316e-07    1.672981e-06    -2.440057e-06    3.437532e-07    2.601009e-06    -2.516455e-06
4.353028e-06    -1.373068e-06    -5.996626e-06    -1.745063e-06    3.414346e-06    2.312737e-06    1.004112e-06    2.344053e-06    -3.016976e-06    -1.21314e-06    8.486483e-06    -1.220623e-05    -1.04298e-07    2.552043e-06    7.009045e-07    -3.224836e-07    7.889414e-07    -4.315894e-07    -4.123457e-06    3.633602e-06
-1.311168e-05    1.032712e-05    1.751798e-05    1.823182e-06    -1.286068e-05    2.418381e-06    -9.49736e-06    -1.399257e-05    8.24082e-06    5.596671e-06    -1.220623e-05    4.514881e-05    -8.682579e-06    -1.337625e-05    -3.745415e-06    -1.946062e-06    -3.578875e-06    -5.170437e-06    5.404459e-06    4.505844e-06
-6.842479e-06    9.438487e-06    9.52995e-06    -1.386795e-07    -6.92876e-06    -2.233034e-06    -5.245907e-07    -8.901176e-06    7.480632e-06    3.629717e-06    -1.04298e-07    -8.682579e-06    3.233839e-05    -5.978365e-06    -6.192646e-06    5.574959e-08    -9.63089e-07    9.204835e-07    5.496953e-06    -7.353137e-06
7.264468e-06    -6.096903e-06    -8.903814e-06    -2.555288e-08    5.154348e-06    -2.022199e-06    6.230922e-06    8.215169e-06    -4.413754e-06    -4.032056e-06    2.552043e-06    -1.337625e-05    -5.978365e-06    1.239689e-05    1.735165e-06    1.042767e-06    1.729264e-06    8.807518e-07    -3.568339e-06    -6.456636e-07
1.069084e-06    -4.081754e-06    -5.223867e-06    -8.109276e-07    6.504627e-06    -7.448035e-07    6.45794e-07    6.676118e-06    -4.138172e-06    -6.615316e-07    7.009045e-07    -3.745415e-06    -6.192646e-06    1.735165e-06    5.726323e-06    1.588972e-06    -7.402422e-07    1.335286e-06    -6.056278e-07    -1.25057e-07
-8.634716e-07    -8.510795e-07    -6.40086e-07    -1.269207e-07    2.344432e-06    -1.886515e-06    -6.817353e-07    4.356038e-06    -5.179888e-07    1.672981e-06    -3.224836e-07    -1.946062e-06    5.574959e-08    1.042767e-06    1.588972e-06    4.388345e-06    -3.306989e-06    1.414802e-06    1.432495e-06    -2.279374e-06
8.629951e-06    -4.532055e-06    8.108514e-07    8.977097e-08    -4.203808e-06    2.480164e-06    -1.710177e-06    -3.239683e-06    3.241731e-06    -2.440057e-06    7.889414e-07    -3.578875e-06    -9.63089e-07    1.729264e-06    -7.402422e-07    -3.306989e-06    1.737629e-05    -1.747925e-06    -1.656885e-05    4.732096e-06
-9.969261e-07    -1.749969e-06    -3.600063e-06    9.661027e-07    5.565446e-06    -3.471651e-06    1.562817e-06    2.843399e-06    -2.118709e-06    3.437532e-07    -4.315894e-07    -5.170437e-06    9.204835e-07    8.807518e-07    1.335286e-06    1.414802e-06    -1.747925e-06    1.524153e-05    4.04591e-06    -1.183994e-05
-8.733334e-06    4.928836e-06    4.074533e-06    -1.004413e-07    2.134766e-06    -5.282927e-06    1.889906e-06    -6.442366e-07    1.067012e-07    2.601009e-06    -4.123457e-06    5.404459e-06    5.496953e-06    -3.568339e-06    -6.056278e-07    1.432495e-06    -1.656885e-05    4.04591e-06    2.879327e-05    -1.730203e-05
1.002667e-06    2.384288e-07    -3.039879e-06    5.470276e-07    -3.729467e-06    7.784282e-06    -1.794707e-06    -1.440788e-07    -4.34296e-06    -2.516455e-06    3.633602e-06    4.505844e-06    -7.353137e-06    -6.456636e-07    -1.25057e-07    -2.279374e-06    4.732096e-06    -1.183994e-05    -1.730203e-05    2.566073e-05
