2.126797e-05    -1.372695e-05    -6.924166e-06    -1.859751e-06    2.772878e-06    -3.446349e-07    4.009437e-06    6.077695e-06    -4.673261e-06    -3.949137e-06    2.059982e-07    3.159266e-06    4.217785e-06    -2.366753e-06    -3.758779e-06
-1.372695e-05    2.081067e-05    5.538929e-06    -5.931115e-06    -5.343445e-06    2.53531e-06    -7.224838e-06    -9.855154e-06    6.590963e-06    4.912595e-06    -3.759228e-07    -1.704131e-06    -3.901432e-06    1.86549e-06    2.124631e-06
-6.924166e-06    5.538929e-06    2.895809e-05    6.903779e-07    -8.546468e-06    -1.327098e-06    4.688827e-07    -8.812828e-06    6.333026e-06    2.062999e-06    -8.910496e-07    -2.385906e-06    -1.133007e-06    8.781267e-06    -6.295136e-06
-1.859751e-06    -5.931115e-06    6.903779e-07    1.247928e-05    -2.870375e-06    -2.695724e-06    2.75943e-06    4.551653e-06    -1.895085e-06    -8.711969e-07    4.777842e-07    -1.899503e-06    9.032958e-07    2.328634e-06    -8.751599e-08
2.772878e-06    -5.343445e-06    -8.546468e-06    -2.870375e-06    1.346474e-05    -1.704259e-06    4.79517e-06    9.981797e-06    -4.892738e-06    -3.235739e-06    1.324744e-06    9.093667e-07    1.206604e-06    -3.484792e-06    1.284048e-07
-3.446349e-07    2.53531e-06    -1.327098e-06    -2.695724e-06    -1.704259e-06    1.348732e-05    -1.299043e-05    -5.953587e-06    -5.314317e-07    2.806078e-07    -1.886515e-06    2.480164e-06    -3.471651e-06    -5.282927e-06    7.784282e-06
4.009437e-06    -7.224838e-06    4.688827e-07    2.75943e-06    4.79517e-06    -1.299043e-05    3.68852e-05    1.25743e-06    -8.570541e-06    -5.425619e-06    -6.817353e-07    -1.710177e-06    1.562817e-06    1.889906e-06    -1.794707e-06
6.077695e-06    -9.855154e-06    -8.812828e-06    4.551653e-06    9.981797e-06    -5.953587e-06    1.25743e-06    4.497732e-05    -1.61474e-05    -8.8874e-06    4.356038e-06    -3.239683e-06    2.843399e-06    -6.442366e-07    -1.440788e-07
-4.673261e-06    6.590963e-06    6.333026e-06    -1.895085e-06    -4.892738e-06    -5.314317e-07    -8.570541e-06    -1.61474e-05    1.763543e-05    3.727902e-06    -5.179888e-07    3.241731e-06    -2.118709e-06    1.067012e-07    -4.34296e-06
-3.949137e-06    4.912595e-06    2.062999e-06    -8.711969e-07    -3.235739e-06    2.806078e-07    -5.425619e-06    -8.8874e-06    3.727902e-06    9.178453e-06    1.672981e-06    -2.440057e-06    3.437532e-07    2.601009e-06    -2.516455e-06
2.059982e-07    -3.759228e-07    -8.910496e-07    4.777842e-07    1.324744e-06    -1.886515e-06    -6.817353e-07    4.356038e-06    -5.179888e-07    1.672981e-06    4.388345e-06    -3.306989e-06    1.414802e-06    1.432495e-06    -2.279374e-06
3.159266e-06    -1.704131e-06    -2.385906e-06    -1.899503e-06    9.093667e-07    2.480164e-06    -1.710177e-06    -3.239683e-06    3.241731e-06    -2.440057e-06    -3.306989e-06    1.737629e-05    -1.747925e-06    -1.656885e-05    4.732096e-06
4.217785e-06    -3.901432e-06    -1.133007e-06    9.032958e-07    1.206604e-06    -3.471651e-06    1.562817e-06    2.843399e-06    -2.118709e-06    3.437532e-07    1.414802e-06    -1.747925e-06    1.524153e-05    4.04591e-06    -1.183994e-05
-2.366753e-06    1.86549e-06    8.781267e-06    2.328634e-06    -3.484792e-06    -5.282927e-06    1.889906e-06    -6.442366e-07    1.067012e-07    2.601009e-06    1.432495e-06    -1.656885e-05    4.04591e-06    2.879327e-05    -1.730203e-05
-3.758779e-06    2.124631e-06    -6.295136e-06    -8.751599e-08    1.284048e-07    7.784282e-06    -1.794707e-06    -1.440788e-07    -4.34296e-06    -2.516455e-06    -2.279374e-06    4.732096e-06    -1.183994e-05    -1.730203e-05    2.566073e-05
