1.348732e-05    -1.299043e-05    -5.953587e-06    -5.314317e-07    2.806078e-07    1.573826e-06    -1.651232e-06    5.666841e-06    9.402707e-07    -3.887344e-06    -1.886515e-06    2.480164e-06    -3.471651e-06    -5.282927e-06    7.784282e-06
-1.299043e-05    3.68852e-05    1.25743e-06    -8.570541e-06    -5.425619e-06    -2.271033e-06    9.584421e-07    -5.869488e-07    -1.475833e-06    2.667506e-06    -6.817353e-07    -1.710177e-06    1.562817e-06    1.889906e-06    -1.794707e-06
-5.953587e-06    1.25743e-06    4.497732e-05    -1.61474e-05    -8.8874e-06    -1.103517e-05    1.634661e-05    8.164855e-06    1.01423e-06    -1.072635e-05    4.356038e-06    -3.239683e-06    2.843399e-06    -6.442366e-07    -1.440788e-07
-5.314317e-07    -8.570541e-06    -1.61474e-05    1.763543e-05    3.727902e-06    5.063243e-06    -9.357471e-06    -9.377288e-06    4.384737e-07    7.449247e-06    -5.179888e-07    3.241731e-06    -2.118709e-06    1.067012e-07    -4.34296e-06
2.806078e-07    -5.425619e-06    -8.8874e-06    3.727902e-06    9.178453e-06    2.190781e-06    -1.158375e-06    -3.873151e-06    3.326518e-07    2.484211e-06    1.672981e-06    -2.440057e-06    3.437532e-07    2.601009e-06    -2.516455e-06
1.573826e-06    -2.271033e-06    -1.103517e-05    5.063243e-06    2.190781e-06    1.790678e-05    -1.587338e-05    1.286931e-06    2.248002e-06    2.16118e-06    -1.186682e-06    -1.047084e-06    -3.079003e-06    3.685295e-07    3.472487e-06
-1.651232e-06    9.584421e-07    1.634661e-05    -9.357471e-06    -1.158375e-06    -1.587338e-05    3.45487e-05    -3.037986e-06    -1.567602e-05    -1.772407e-06    2.409228e-06    -2.303016e-06    4.24676e-06    2.683699e-06    -4.083164e-06
5.666841e-06    -5.869488e-07    8.164855e-06    -9.377288e-06    -3.873151e-06    1.286931e-06    -3.037986e-06    4.774559e-05    7.26274e-06    -2.468111e-05    -1.76989e-07    4.229731e-06    2.218861e-06    -1.290114e-05    8.382428e-06
9.402707e-07    -1.475833e-06    1.01423e-06    4.384737e-07    3.326518e-07    2.248002e-06    -1.567602e-05    7.26274e-06    2.197837e-05    -1.075447e-05    1.081568e-07    1.220694e-06    -3.016269e-07    -4.44306e-06    2.778055e-06
-3.887344e-06    2.667506e-06    -1.072635e-05    7.449247e-06    2.484211e-06    2.16118e-06    -1.772407e-06    -2.468111e-05    -1.075447e-05    2.714341e-05    -8.483499e-07    -4.170058e-06    -2.620412e-06    8.87544e-06    -3.14839e-06
-1.886515e-06    -6.817353e-07    4.356038e-06    -5.179888e-07    1.672981e-06    -1.186682e-06    2.409228e-06    -1.76989e-07    1.081568e-07    -8.483499e-07    4.388345e-06    -3.306989e-06    1.414802e-06    1.432495e-06    -2.279374e-06
2.480164e-06    -1.710177e-06    -3.239683e-06    3.241731e-06    -2.440057e-06    -1.047084e-06    -2.303016e-06    4.229731e-06    1.220694e-06    -4.170058e-06    -3.306989e-06    1.737629e-05    -1.747925e-06    -1.656885e-05    4.732096e-06
-3.471651e-06    1.562817e-06    2.843399e-06    -2.118709e-06    3.437532e-07    -3.079003e-06    4.24676e-06    2.218861e-06    -3.016269e-07    -2.620412e-06    1.414802e-06    -1.747925e-06    1.524153e-05    4.04591e-06    -1.183994e-05
-5.282927e-06    1.889906e-06    -6.442366e-07    1.067012e-07    2.601009e-06    3.685295e-07    2.683699e-06    -1.290114e-05    -4.44306e-06    8.87544e-06    1.432495e-06    -1.656885e-05    4.04591e-06    2.879327e-05    -1.730203e-05
7.784282e-06    -1.794707e-06    -1.440788e-07    -4.34296e-06    -2.516455e-06    3.472487e-06    -4.083164e-06    8.382428e-06    2.778055e-06    -3.14839e-06    -2.279374e-06    4.732096e-06    -1.183994e-05    -1.730203e-05    2.566073e-05
