1.348732e-05    -1.299043e-05    -5.953587e-06    -5.314317e-07    2.806078e-07    -3.364995e-06    6.413825e-06    6.776307e-06    -2.265979e-06    -2.405425e-06    -1.886515e-06    2.480164e-06    -3.471651e-06    -5.282927e-06    7.784282e-06
-1.299043e-05    3.68852e-05    1.25743e-06    -8.570541e-06    -5.425619e-06    6.288242e-06    -1.371504e-05    -1.701851e-05    4.364114e-06    8.792838e-06    -6.817353e-07    -1.710177e-06    1.562817e-06    1.889906e-06    -1.794707e-06
-5.953587e-06    1.25743e-06    4.497732e-05    -1.61474e-05    -8.8874e-06    1.771246e-05    -1.779811e-05    -1.824827e-05    3.233725e-06    1.289757e-05    4.356038e-06    -3.239683e-06    2.843399e-06    -6.442366e-07    -1.440788e-07
-5.314317e-07    -8.570541e-06    -1.61474e-05    1.763543e-05    3.727902e-06    -9.771642e-06    1.032769e-05    7.317434e-06    -2.262429e-06    -6.553018e-06    -5.179888e-07    3.241731e-06    -2.118709e-06    1.067012e-07    -4.34296e-06
2.806078e-07    -5.425619e-06    -8.8874e-06    3.727902e-06    9.178453e-06    -3.799481e-06    8.156163e-06    7.301362e-06    -3.505954e-06    -4.81908e-06    1.672981e-06    -2.440057e-06    3.437532e-07    2.601009e-06    -2.516455e-06
-3.364995e-06    6.288242e-06    1.771246e-05    -9.771642e-06    -3.799481e-06    1.66213e-05    -1.589612e-05    -5.255891e-06    3.70547e-06    5.600281e-06    2.469008e-06    -8.138909e-07    2.095466e-06    -1.369234e-06    1.580173e-07
6.413825e-06    -1.371504e-05    -1.779811e-05    1.032769e-05    8.156163e-06    -1.589612e-05    4.404194e-05    -3.107729e-06    -2.418224e-05    -2.704798e-06    -1.67843e-06    -1.046975e-06    -3.449828e-06    -1.031606e-06    5.315789e-06
6.776307e-06    -1.701851e-05    -1.824827e-05    7.317434e-06    7.301362e-06    -5.255891e-06    -3.107729e-06    6.993691e-05    1.712863e-06    -2.531734e-05    -1.231627e-06    -3.812597e-07    4.069347e-07    9.052249e-06    -6.541718e-06
-2.265979e-06    4.364114e-06    3.233725e-06    -2.262429e-06    -3.505954e-06    3.70547e-06    -2.418224e-05    1.712863e-06    2.520703e-05    -5.544984e-06    -8.085358e-08    6.821042e-07    6.789729e-07    2.477449e-06    -3.51415e-06
-2.405425e-06    8.792838e-06    1.289757e-05    -6.553018e-06    -4.81908e-06    5.600281e-06    -2.704798e-06    -2.531734e-05    -5.544984e-06    1.998001e-05    1.117896e-06    1.48719e-06    1.014667e-06    -7.380645e-06    4.485615e-06
-1.886515e-06    -6.817353e-07    4.356038e-06    -5.179888e-07    1.672981e-06    2.469008e-06    -1.67843e-06    -1.231627e-06    -8.085358e-08    1.117896e-06    4.388345e-06    -3.306989e-06    1.414802e-06    1.432495e-06    -2.279374e-06
2.480164e-06    -1.710177e-06    -3.239683e-06    3.241731e-06    -2.440057e-06    -8.138909e-07    -1.046975e-06    -3.812597e-07    6.821042e-07    1.48719e-06    -3.306989e-06    1.737629e-05    -1.747925e-06    -1.656885e-05    4.732096e-06
-3.471651e-06    1.562817e-06    2.843399e-06    -2.118709e-06    3.437532e-07    2.095466e-06    -3.449828e-06    4.069347e-07    6.789729e-07    1.014667e-06    1.414802e-06    -1.747925e-06    1.524153e-05    4.04591e-06    -1.183994e-05
-5.282927e-06    1.889906e-06    -6.442366e-07    1.067012e-07    2.601009e-06    -1.369234e-06    -1.031606e-06    9.052249e-06    2.477449e-06    -7.380645e-06    1.432495e-06    -1.656885e-05    4.04591e-06    2.879327e-05    -1.730203e-05
7.784282e-06    -1.794707e-06    -1.440788e-07    -4.34296e-06    -2.516455e-06    1.580173e-07    5.315789e-06    -6.541718e-06    -3.51415e-06    4.485615e-06    -2.279374e-06    4.732096e-06    -1.183994e-05    -1.730203e-05    2.566073e-05
