1.163011e-05    -1.015979e-05    2.856147e-07    9.931957e-07    2.453905e-06    -1.394367e-06    1.339365e-06    -1.977094e-06    -7.331517e-07    1.59001e-06
-1.015979e-05    2.715115e-05    -1.954362e-06    -1.174077e-05    -9.627094e-07    1.124217e-06    2.504282e-06    2.250065e-06    -2.912027e-06    -1.305427e-06
2.856147e-07    -1.954362e-06    3.168085e-05    -3.925859e-06    -9.504477e-06    1.121932e-06    2.66029e-06    -3.994204e-06    -1.147253e-05    1.213095e-05
9.931957e-07    -1.174077e-05    -3.925859e-06    1.458197e-05    -3.978417e-06    4.176875e-07    -4.772864e-06    1.327464e-06    6.025227e-06    -2.593565e-06
2.453905e-06    -9.627094e-07    -9.504477e-06    -3.978417e-06    1.176928e-05    -1.910373e-06    1.83475e-06    -1.196123e-06    3.832635e-07    -1.325797e-06
-1.394367e-06    1.124217e-06    1.121932e-06    4.176875e-07    -1.910373e-06    4.388345e-06    -3.306989e-06    1.414802e-06    1.432495e-06    -2.279374e-06
1.339365e-06    2.504282e-06    2.66029e-06    -4.772864e-06    1.83475e-06    -3.306989e-06    1.737629e-05    -1.747925e-06    -1.656885e-05    4.732096e-06
-1.977094e-06    2.250065e-06    -3.994204e-06    1.327464e-06    -1.196123e-06    1.414802e-06    -1.747925e-06    1.524153e-05    4.04591e-06    -1.183994e-05
-7.331517e-07    -2.912027e-06    -1.147253e-05    6.025227e-06    3.832635e-07    1.432495e-06    -1.656885e-05    4.04591e-06    2.879327e-05    -1.730203e-05
1.59001e-06    -1.305427e-06    1.213095e-05    -2.593565e-06    -1.325797e-06    -2.279374e-06    4.732096e-06    -1.183994e-05    -1.730203e-05    2.566073e-05
