6.083899e-06    -3.527483e-06    -7.850096e-06    1.566626e-06    1.638805e-06    -3.280454e-06    7.402071e-06    4.956987e-06    -5.356982e-06    -1.939759e-06    8.880671e-08    5.304457e-06    3.527155e-06    -1.030758e-06    -3.711859e-06    1.489742e-06    -4.447464e-06    -3.852404e-06    1.849999e-06    2.040563e-06
-3.527483e-06    9.916049e-06    1.608575e-06    -2.440016e-06    -1.727434e-06    3.914361e-06    -6.057297e-06    -4.487642e-06    4.27872e-06    1.90009e-06    2.403355e-07    -6.904975e-06    -3.725066e-06    3.293888e-06    3.259576e-06    -1.821063e-06    2.94123e-06    4.599769e-06    -9.494627e-07    -2.491912e-06
-7.850096e-06    1.608575e-06    2.279692e-05    -6.019564e-06    -8.131292e-06    6.81024e-06    -1.521268e-05    -9.082953e-06    1.106946e-05    3.214376e-06    1.589045e-06    -9.663921e-06    -9.914409e-06    3.330697e-07    8.866462e-06    -7.714244e-07    8.706045e-06    5.474616e-06    -3.352726e-06    -3.976115e-06
1.566626e-06    -2.440016e-06    -6.019564e-06    4.554526e-06    2.284657e-06    -2.085286e-06    3.938099e-06    2.122274e-06    -2.82715e-06    -6.139364e-07    -3.764334e-07    2.970194e-06    2.915847e-06    -2.405236e-08    -2.737383e-06    -1.503238e-07    -2.242396e-06    -1.309532e-06    6.646321e-07    1.226246e-06
1.638805e-06    -1.727434e-06    -8.131292e-06    2.284657e-06    5.33751e-06    -3.746477e-06    6.803787e-06    3.990544e-06    -4.557064e-06    -1.439636e-06    -9.893636e-07    5.10199e-06    4.744499e-06    -1.026962e-06    -3.892444e-06    4.155663e-07    -3.204587e-06    -2.871145e-06    1.188979e-06    1.902602e-06
-3.280454e-06    3.914361e-06    6.81024e-06    -2.085286e-06    -3.746477e-06    9.058368e-06    -1.225435e-05    -8.840395e-06    7.09576e-06    2.036562e-06    -2.268438e-07    -8.174544e-06    -4.387356e-06    2.185964e-06    4.806286e-06    -1.649994e-06    6.387669e-06    5.946465e-06    -2.192533e-06    -3.454384e-06
7.402071e-06    -6.057297e-06    -1.521268e-05    3.938099e-06    6.803787e-06    -1.225435e-05    2.640138e-05    1.169717e-05    -1.438958e-05    -3.910931e-06    -6.35762e-07    1.512117e-05    9.135265e-06    -3.707435e-06    -9.319659e-06    3.186505e-06    -1.175994e-05    -1.079126e-05    4.156334e-06    6.441898e-06
4.956987e-06    -4.487642e-06    -9.082953e-06    2.122274e-06    3.990544e-06    -8.840395e-06    1.169717e-05    1.287541e-05    -8.982866e-06    -3.87357e-06    5.312658e-07    8.499152e-06    5.051252e-06    -1.651222e-06    -5.632054e-06    2.133183e-06    -7.727202e-06    -6.732541e-06    2.928564e-06    3.738657e-06
-5.356982e-06    4.27872e-06    1.106946e-05    -2.82715e-06    -4.557064e-06    7.09576e-06    -1.438958e-05    -8.982866e-06    1.120152e-05    2.183827e-06    -1.162243e-07    -8.769195e-06    -6.150116e-06    1.271539e-06    6.394889e-06    -1.473805e-06    7.601263e-06    6.02331e-06    -2.844971e-06    -3.647641e-06
-1.939759e-06    1.90009e-06    3.214376e-06    -6.139364e-07    -1.439636e-06    2.036562e-06    -3.910931e-06    -3.87357e-06    2.183827e-06    2.902669e-06    4.73179e-07    -3.203096e-06    -2.37509e-06    1.116045e-06    1.967241e-06    -1.185628e-06    2.207349e-06    2.789509e-06    -8.706166e-07    -1.49712e-06
8.880671e-08    2.403355e-07    1.589045e-06    -3.764334e-07    -9.893636e-07    -2.268438e-07    -6.35762e-07    5.312658e-07    -1.162243e-07    4.73179e-07    3.542222e-06    -1.019945e-06    -3.484572e-06    4.533619e-07    8.609967e-07    3.56985e-07    -2.54519e-07    3.272968e-07    1.002341e-06    -1.347019e-06
5.304457e-06    -6.904975e-06    -9.663921e-06    2.970194e-06    5.10199e-06    -8.174544e-06    1.512117e-05    8.499152e-06    -8.769195e-06    -3.203096e-06    -1.019945e-06    1.376126e-05    7.27163e-06    -5.312984e-06    -6.64568e-06    2.463635e-06    -7.074454e-06    -8.214413e-06    2.156731e-06    5.236181e-06
3.527155e-06    -3.725066e-06    -9.914409e-06    2.915847e-06    4.744499e-06    -4.387356e-06    9.135265e-06    5.051252e-06    -6.150116e-06    -2.37509e-06    -3.484572e-06    7.27163e-06    9.840838e-06    -2.098703e-06    -6.409223e-06    7.951821e-07    -4.368877e-06    -4.926651e-06    7.94792e-07    4.207716e-06
-1.030758e-06    3.293888e-06    3.330697e-07    -2.405236e-08    -1.026962e-06    2.185964e-06    -3.707435e-06    -1.651222e-06    1.271539e-06    1.116045e-06    4.533619e-07    -5.312984e-06    -2.098703e-06    4.494634e-06    9.966772e-07    -1.284476e-06    1.157076e-06    3.130173e-06    -3.023326e-07    -1.862962e-06
-3.711859e-06    3.259576e-06    8.866462e-06    -2.737383e-06    -3.892444e-06    4.806286e-06    -9.319659e-06    -5.632054e-06    6.394889e-06    1.967241e-06    8.609967e-07    -6.64568e-06    -6.409223e-06    9.966772e-07    6.422314e-06    -1.000296e-06    4.87925e-06    4.534244e-06    -1.630617e-06    -3.076304e-06
1.489742e-06    -1.821063e-06    -7.714244e-07    -1.503238e-07    4.155663e-07    -1.649994e-06    3.186505e-06    2.133183e-06    -1.473805e-06    -1.185628e-06    3.56985e-07    2.463635e-06    7.951821e-07    -1.284476e-06    -1.000296e-06    3.084688e-06    -1.453245e-06    -3.664578e-06    1.030621e-06    8.550283e-07
-4.447464e-06    2.94123e-06    8.706045e-06    -2.242396e-06    -3.204587e-06    6.387669e-06    -1.175994e-05    -7.727202e-06    7.601263e-06    2.207349e-06    -2.54519e-07    -7.074454e-06    -4.368877e-06    1.157076e-06    4.87925e-06    -1.453245e-06    7.948872e-06    4.720644e-06    -3.334925e-06    -2.589876e-06
-3.852404e-06    4.599769e-06    5.474616e-06    -1.309532e-06    -2.871145e-06    5.946465e-06    -1.079126e-05    -6.732541e-06    6.02331e-06    2.789509e-06    3.272968e-07    -8.214413e-06    -4.926651e-06    3.130173e-06    4.534244e-06    -3.664578e-06    4.720644e-06    8.373818e-06    -1.932707e-06    -4.201023e-06
1.849999e-06    -9.494627e-07    -3.352726e-06    6.646321e-07    1.188979e-06    -2.192533e-06    4.156334e-06    2.928564e-06    -2.844971e-06    -8.706166e-07    1.002341e-06    2.156731e-06    7.94792e-07    -3.023326e-07    -1.630617e-06    1.030621e-06    -3.334925e-06    -1.932707e-06    3.151918e-06    -3.574882e-07
2.040563e-06    -2.491912e-06    -3.976115e-06    1.226246e-06    1.902602e-06    -3.454384e-06    6.441898e-06    3.738657e-06    -3.647641e-06    -1.49712e-06    -1.347019e-06    5.236181e-06    4.207716e-06    -1.862962e-06    -3.076304e-06    8.550283e-07    -2.589876e-06    -4.201023e-06    -3.574882e-07    4.389343e-06
