4.44728e-06    5.482973e-07    -1.398058e-06    -5.09664e-07    -1.443838e-06    -1.692952e-06    1.750827e-06    3.137895e-06    -2.264511e-07    -1.739352e-06
5.482973e-07    1.040182e-05    7.303586e-06    -1.183592e-06    -6.301785e-06    -5.869714e-08    9.327808e-06    5.238944e-06    -2.88824e-06    -5.28915e-06
-1.398058e-06    7.303586e-06    9.032977e-06    5.19103e-07    -6.890776e-06    1.563641e-07    8.209175e-06    4.319975e-06    -2.768911e-06    -4.50483e-06
-5.09664e-07    -1.183592e-06    5.19103e-07    3.706006e-06    -1.868423e-06    2.713169e-07    -2.784529e-08    -1.641214e-07    4.339734e-07    -2.447311e-07
-1.443838e-06    -6.301785e-06    -6.890776e-06    -1.868423e-06    1.07462e-05    6.368038e-07    -8.299641e-06    -4.672504e-06    2.374079e-06    4.61657e-06
-1.692952e-06    -5.869714e-08    1.563641e-07    2.713169e-07    6.368038e-07    3.542222e-06    -1.019945e-06    -3.484572e-06    4.533619e-07    8.609967e-07
1.750827e-06    9.327808e-06    8.209175e-06    -2.784529e-08    -8.299641e-06    -1.019945e-06    1.376126e-05    7.27163e-06    -5.312984e-06    -6.64568e-06
3.137895e-06    5.238944e-06    4.319975e-06    -1.641214e-07    -4.672504e-06    -3.484572e-06    7.27163e-06    9.840838e-06    -2.098703e-06    -6.409223e-06
-2.264511e-07    -2.88824e-06    -2.768911e-06    4.339734e-07    2.374079e-06    4.533619e-07    -5.312984e-06    -2.098703e-06    4.494634e-06    9.966772e-07
-1.739352e-06    -5.28915e-06    -4.50483e-06    -2.447311e-07    4.61657e-06    8.609967e-07    -6.64568e-06    -6.409223e-06    9.966772e-07    6.422314e-06
