5.605946e-06    1.486493e-06    -2.293789e-06    1.309581e-06    -2.433349e-06    1.728496e-06    -4.548588e-06    -4.717155e-06    2.004085e-06    3.015375e-06    -3.723054e-07    1.425809e-06    2.520482e-06    -1.719925e-07    -2.237328e-06
1.486493e-06    5.406271e-06    1.7896e-06    -1.2035e-06    -1.855255e-06    -3.422119e-08    -3.888236e-06    -3.319063e-06    -3.735992e-07    3.645307e-06    -2.591843e-07    3.696445e-06    2.06509e-06    -1.504093e-06    -1.236641e-06
-2.293789e-06    1.7896e-06    6.210638e-06    -2.104701e-07    -2.8184e-06    -1.238002e-06    -2.292207e-06    -1.031775e-06    -2.517773e-07    2.054183e-06    -8.491007e-07    3.650327e-06    1.940063e-06    -1.828006e-06    -6.844538e-07
1.309581e-06    -1.2035e-06    -2.104701e-07    4.356599e-06    -3.707009e-06    1.836598e-06    -2.27125e-06    -2.934539e-06    1.462836e-06    1.192781e-06    2.094954e-07    2.545845e-07    9.149333e-07    8.64209e-07    -1.823677e-06
-2.433349e-06    -1.855255e-06    -2.8184e-06    -3.707009e-06    8.222035e-06    -1.718335e-06    6.435892e-06    5.975307e-06    -2.614429e-06    -4.189855e-06    9.375429e-07    -3.463998e-06    -3.846907e-06    6.238363e-07    3.361281e-06
1.728496e-06    -3.422119e-08    -1.238002e-06    1.836598e-06    -1.718335e-06    3.542222e-06    -1.019945e-06    -3.484572e-06    4.533619e-07    8.609967e-07    3.56985e-07    -2.54519e-07    3.272968e-07    1.002341e-06    -1.347019e-06
-4.548588e-06    -3.888236e-06    -2.292207e-06    -2.27125e-06    6.435892e-06    -1.019945e-06    1.376126e-05    7.27163e-06    -5.312984e-06    -6.64568e-06    2.463635e-06    -7.074454e-06    -8.214413e-06    2.156731e-06    5.236181e-06
-4.717155e-06    -3.319063e-06    -1.031775e-06    -2.934539e-06    5.975307e-06    -3.484572e-06    7.27163e-06    9.840838e-06    -2.098703e-06    -6.409223e-06    7.951821e-07    -4.368877e-06    -4.926651e-06    7.94792e-07    4.207716e-06
2.004085e-06    -3.735992e-07    -2.517773e-07    1.462836e-06    -2.614429e-06    4.533619e-07    -5.312984e-06    -2.098703e-06    4.494634e-06    9.966772e-07    -1.284476e-06    1.157076e-06    3.130173e-06    -3.023326e-07    -1.862962e-06
3.015375e-06    3.645307e-06    2.054183e-06    1.192781e-06    -4.189855e-06    8.609967e-07    -6.64568e-06    -6.409223e-06    9.966772e-07    6.422314e-06    -1.000296e-06    4.87925e-06    4.534244e-06    -1.630617e-06    -3.076304e-06
-3.723054e-07    -2.591843e-07    -8.491007e-07    2.094954e-07    9.375429e-07    3.56985e-07    2.463635e-06    7.951821e-07    -1.284476e-06    -1.000296e-06    3.084688e-06    -1.453245e-06    -3.664578e-06    1.030621e-06    8.550283e-07
1.425809e-06    3.696445e-06    3.650327e-06    2.545845e-07    -3.463998e-06    -2.54519e-07    -7.074454e-06    -4.368877e-06    1.157076e-06    4.87925e-06    -1.453245e-06    7.948872e-06    4.720644e-06    -3.334925e-06    -2.589876e-06
2.520482e-06    2.06509e-06    1.940063e-06    9.149333e-07    -3.846907e-06    3.272968e-07    -8.214413e-06    -4.926651e-06    3.130173e-06    4.534244e-06    -3.664578e-06    4.720644e-06    8.373818e-06    -1.932707e-06    -4.201023e-06
-1.719925e-07    -1.504093e-06    -1.828006e-06    8.64209e-07    6.238363e-07    1.002341e-06    2.156731e-06    7.94792e-07    -3.023326e-07    -1.630617e-06    1.030621e-06    -3.334925e-06    -1.932707e-06    3.151918e-06    -3.574882e-07
-2.237328e-06    -1.236641e-06    -6.844538e-07    -1.823677e-06    3.361281e-06    -1.347019e-06    5.236181e-06    4.207716e-06    -1.862962e-06    -3.076304e-06    8.550283e-07    -2.589876e-06    -4.201023e-06    -3.574882e-07    4.389343e-06
