3.399707e-06    2.125229e-06    -5.915166e-07    -5.227191e-07    -1.309164e-06    1.69395e-06    -1.143011e-06    -3.486081e-06    8.806263e-07    1.595294e-06    -2.172419e-07    3.010281e-06    1.900276e-06    -7.364677e-07    -1.973343e-06    7.152247e-07    -1.9283e-06    -1.951859e-06    8.204876e-07    8.915271e-07
2.125229e-06    1.348276e-05    6.354984e-06    -1.615957e-06    -6.311525e-06    4.969946e-06    -5.19231e-06    -1.203711e-05    3.904025e-06    5.846187e-06    -3.353032e-07    1.028922e-05    7.395716e-06    -2.099108e-06    -7.171911e-06    1.303454e-06    -7.764446e-06    -6.526686e-06    2.791012e-06    4.201955e-06
-5.915166e-07    6.354984e-06    7.522459e-06    1.032646e-06    -5.41534e-06    2.454428e-06    -1.933775e-06    -5.839685e-06    1.291711e-06    2.559381e-06    -3.483652e-07    5.549338e-06    4.152702e-06    -1.04982e-06    -3.877387e-06    7.180243e-07    -5.16901e-06    -4.051825e-06    1.368695e-06    3.244698e-06
-5.227191e-07    -1.615957e-06    1.032646e-06    4.863043e-06    -2.402271e-06    4.567747e-07    1.013616e-06    3.24121e-07    -9.137029e-07    -8.642133e-07    1.862568e-07    -5.857888e-07    -1.088703e-06    6.662863e-07    4.501272e-07    5.577396e-07    -8.460656e-07    -3.81067e-07    3.065494e-07    5.336786e-08
-1.309164e-06    -6.311525e-06    -5.41534e-06    -2.402271e-06    8.308284e-06    -3.475989e-06    1.628108e-06    6.529833e-06    -6.284871e-07    -2.51038e-06    1.215759e-07    -6.19476e-06    -3.507253e-06    1.115585e-06    3.86476e-06    -1.441486e-06    5.80838e-06    4.86589e-06    -1.836169e-06    -3.087189e-06
1.69395e-06    4.969946e-06    2.454428e-06    4.567747e-07    -3.475989e-06    6.083899e-06    -3.527483e-06    -7.850096e-06    1.566626e-06    1.638805e-06    8.880671e-08    5.304457e-06    3.527155e-06    -1.030758e-06    -3.711859e-06    1.489742e-06    -4.447464e-06    -3.852404e-06    1.849999e-06    2.040563e-06
-1.143011e-06    -5.19231e-06    -1.933775e-06    1.013616e-06    1.628108e-06    -3.527483e-06    9.916049e-06    1.608575e-06    -2.440016e-06    -1.727434e-06    2.403355e-07    -6.904975e-06    -3.725066e-06    3.293888e-06    3.259576e-06    -1.821063e-06    2.94123e-06    4.599769e-06    -9.494627e-07    -2.491912e-06
-3.486081e-06    -1.203711e-05    -5.839685e-06    3.24121e-07    6.529833e-06    -7.850096e-06    1.608575e-06    2.279692e-05    -6.019564e-06    -8.131292e-06    1.589045e-06    -9.663921e-06    -9.914409e-06    3.330697e-07    8.866462e-06    -7.714244e-07    8.706045e-06    5.474616e-06    -3.352726e-06    -3.976115e-06
8.806263e-07    3.904025e-06    1.291711e-06    -9.137029e-07    -6.284871e-07    1.566626e-06    -2.440016e-06    -6.019564e-06    4.554526e-06    2.284657e-06    -3.764334e-07    2.970194e-06    2.915847e-06    -2.405236e-08    -2.737383e-06    -1.503238e-07    -2.242396e-06    -1.309532e-06    6.646321e-07    1.226246e-06
1.595294e-06    5.846187e-06    2.559381e-06    -8.642133e-07    -2.51038e-06    1.638805e-06    -1.727434e-06    -8.131292e-06    2.284657e-06    5.33751e-06    -9.893636e-07    5.10199e-06    4.744499e-06    -1.026962e-06    -3.892444e-06    4.155663e-07    -3.204587e-06    -2.871145e-06    1.188979e-06    1.902602e-06
-2.172419e-07    -3.353032e-07    -3.483652e-07    1.862568e-07    1.215759e-07    8.880671e-08    2.403355e-07    1.589045e-06    -3.764334e-07    -9.893636e-07    3.542222e-06    -1.019945e-06    -3.484572e-06    4.533619e-07    8.609967e-07    3.56985e-07    -2.54519e-07    3.272968e-07    1.002341e-06    -1.347019e-06
3.010281e-06    1.028922e-05    5.549338e-06    -5.857888e-07    -6.19476e-06    5.304457e-06    -6.904975e-06    -9.663921e-06    2.970194e-06    5.10199e-06    -1.019945e-06    1.376126e-05    7.27163e-06    -5.312984e-06    -6.64568e-06    2.463635e-06    -7.074454e-06    -8.214413e-06    2.156731e-06    5.236181e-06
1.900276e-06    7.395716e-06    4.152702e-06    -1.088703e-06    -3.507253e-06    3.527155e-06    -3.725066e-06    -9.914409e-06    2.915847e-06    4.744499e-06    -3.484572e-06    7.27163e-06    9.840838e-06    -2.098703e-06    -6.409223e-06    7.951821e-07    -4.368877e-06    -4.926651e-06    7.94792e-07    4.207716e-06
-7.364677e-07    -2.099108e-06    -1.04982e-06    6.662863e-07    1.115585e-06    -1.030758e-06    3.293888e-06    3.330697e-07    -2.405236e-08    -1.026962e-06    4.533619e-07    -5.312984e-06    -2.098703e-06    4.494634e-06    9.966772e-07    -1.284476e-06    1.157076e-06    3.130173e-06    -3.023326e-07    -1.862962e-06
-1.973343e-06    -7.171911e-06    -3.877387e-06    4.501272e-07    3.86476e-06    -3.711859e-06    3.259576e-06    8.866462e-06    -2.737383e-06    -3.892444e-06    8.609967e-07    -6.64568e-06    -6.409223e-06    9.966772e-07    6.422314e-06    -1.000296e-06    4.87925e-06    4.534244e-06    -1.630617e-06    -3.076304e-06
7.152247e-07    1.303454e-06    7.180243e-07    5.577396e-07    -1.441486e-06    1.489742e-06    -1.821063e-06    -7.714244e-07    -1.503238e-07    4.155663e-07    3.56985e-07    2.463635e-06    7.951821e-07    -1.284476e-06    -1.000296e-06    3.084688e-06    -1.453245e-06    -3.664578e-06    1.030621e-06    8.550283e-07
-1.9283e-06    -7.764446e-06    -5.16901e-06    -8.460656e-07    5.80838e-06    -4.447464e-06    2.94123e-06    8.706045e-06    -2.242396e-06    -3.204587e-06    -2.54519e-07    -7.074454e-06    -4.368877e-06    1.157076e-06    4.87925e-06    -1.453245e-06    7.948872e-06    4.720644e-06    -3.334925e-06    -2.589876e-06
-1.951859e-06    -6.526686e-06    -4.051825e-06    -3.81067e-07    4.86589e-06    -3.852404e-06    4.599769e-06    5.474616e-06    -1.309532e-06    -2.871145e-06    3.272968e-07    -8.214413e-06    -4.926651e-06    3.130173e-06    4.534244e-06    -3.664578e-06    4.720644e-06    8.373818e-06    -1.932707e-06    -4.201023e-06
8.204876e-07    2.791012e-06    1.368695e-06    3.065494e-07    -1.836169e-06    1.849999e-06    -9.494627e-07    -3.352726e-06    6.646321e-07    1.188979e-06    1.002341e-06    2.156731e-06    7.94792e-07    -3.023326e-07    -1.630617e-06    1.030621e-06    -3.334925e-06    -1.932707e-06    3.151918e-06    -3.574882e-07
8.915271e-07    4.201955e-06    3.244698e-06    5.336786e-08    -3.087189e-06    2.040563e-06    -2.491912e-06    -3.976115e-06    1.226246e-06    1.902602e-06    -1.347019e-06    5.236181e-06    4.207716e-06    -1.862962e-06    -3.076304e-06    8.550283e-07    -2.589876e-06    -4.201023e-06    -3.574882e-07    4.389343e-06
