3.399707e-06    2.125229e-06    -5.915166e-07    -5.227191e-07    -1.309164e-06    -2.172419e-07    3.010281e-06    1.900276e-06    -7.364677e-07    -1.973343e-06
2.125229e-06    1.348276e-05    6.354984e-06    -1.615957e-06    -6.311525e-06    -3.353032e-07    1.028922e-05    7.395716e-06    -2.099108e-06    -7.171911e-06
-5.915166e-07    6.354984e-06    7.522459e-06    1.032646e-06    -5.41534e-06    -3.483652e-07    5.549338e-06    4.152702e-06    -1.04982e-06    -3.877387e-06
-5.227191e-07    -1.615957e-06    1.032646e-06    4.863043e-06    -2.402271e-06    1.862568e-07    -5.857888e-07    -1.088703e-06    6.662863e-07    4.501272e-07
-1.309164e-06    -6.311525e-06    -5.41534e-06    -2.402271e-06    8.308284e-06    1.215759e-07    -6.19476e-06    -3.507253e-06    1.115585e-06    3.86476e-06
-2.172419e-07    -3.353032e-07    -3.483652e-07    1.862568e-07    1.215759e-07    3.542222e-06    -1.019945e-06    -3.484572e-06    4.533619e-07    8.609967e-07
3.010281e-06    1.028922e-05    5.549338e-06    -5.857888e-07    -6.19476e-06    -1.019945e-06    1.376126e-05    7.27163e-06    -5.312984e-06    -6.64568e-06
1.900276e-06    7.395716e-06    4.152702e-06    -1.088703e-06    -3.507253e-06    -3.484572e-06    7.27163e-06    9.840838e-06    -2.098703e-06    -6.409223e-06
-7.364677e-07    -2.099108e-06    -1.04982e-06    6.662863e-07    1.115585e-06    4.533619e-07    -5.312984e-06    -2.098703e-06    4.494634e-06    9.966772e-07
-1.973343e-06    -7.171911e-06    -3.877387e-06    4.501272e-07    3.86476e-06    8.609967e-07    -6.64568e-06    -6.409223e-06    9.966772e-07    6.422314e-06
