4.979792e-06    2.512916e-06    -2.175512e-07    -1.460202e-06    -4.258484e-06    7.09279e-07    -5.9779e-06    -3.868821e-06    2.028266e-06    3.398862e-06
2.512916e-06    5.399385e-06    1.74499e-06    -3.076662e-06    -4.050674e-06    -1.713859e-07    -5.699344e-06    -3.539642e-06    1.132365e-06    3.894009e-06
-2.175512e-07    1.74499e-06    3.794063e-06    8.61164e-09    -3.11176e-06    5.774059e-07    -2.29962e-06    -2.708784e-06    5.011484e-07    2.112576e-06
-1.460202e-06    -3.076662e-06    8.61164e-09    4.199323e-06    2.58675e-06    7.715116e-07    3.171171e-06    9.653304e-07    -2.978409e-08    -2.110007e-06
-4.258484e-06    -4.050674e-06    -3.11176e-06    2.58675e-06    1.21106e-05    -1.262356e-06    9.553632e-06    6.69043e-06    -2.882355e-06    -5.914832e-06
7.09279e-07    -1.713859e-07    5.774059e-07    7.715116e-07    -1.262356e-06    3.542222e-06    -1.019945e-06    -3.484572e-06    4.533619e-07    8.609967e-07
-5.9779e-06    -5.699344e-06    -2.29962e-06    3.171171e-06    9.553632e-06    -1.019945e-06    1.376126e-05    7.27163e-06    -5.312984e-06    -6.64568e-06
-3.868821e-06    -3.539642e-06    -2.708784e-06    9.653304e-07    6.69043e-06    -3.484572e-06    7.27163e-06    9.840838e-06    -2.098703e-06    -6.409223e-06
2.028266e-06    1.132365e-06    5.011484e-07    -2.978409e-08    -2.882355e-06    4.533619e-07    -5.312984e-06    -2.098703e-06    4.494634e-06    9.966772e-07
3.398862e-06    3.894009e-06    2.112576e-06    -2.110007e-06    -5.914832e-06    8.609967e-07    -6.64568e-06    -6.409223e-06    9.966772e-07    6.422314e-06
