4.083067e-06    -7.209514e-07    -2.108591e-06    1.132269e-06    -8.348474e-07    7.721647e-07    1.330037e-06    7.917265e-07    1.454078e-06    -1.945982e-06    -5.726287e-07    1.996684e-06    2.649773e-06    -1.488728e-06    -1.950216e-06    5.874067e-07    -2.923946e-06    -2.332267e-06    3.138033e-07    2.063818e-06    3.989158e-07    2.079932e-06    1.134973e-06    -1.880515e-07    -1.482194e-06
-7.209514e-07    3.225865e-06    1.042384e-06    -2.33534e-06    -4.072581e-07    -9.988722e-07    -1.19136e-06    -5.599364e-07    -3.102757e-07    1.407534e-06    8.467265e-07    -2.538635e-06    -1.687101e-06    1.519183e-06    1.286852e-06    1.470062e-07    2.196151e-06    9.92426e-07    -8.980676e-07    -1.168983e-06    2.669429e-07    -4.908744e-07    -8.196691e-07    4.248384e-07    9.217587e-08
-2.108591e-06    1.042384e-06    5.821202e-06    -1.991838e-08    -3.365409e-06    -6.384382e-07    -5.359252e-07    3.933135e-08    -2.08081e-06    2.915226e-06    -1.168902e-07    -2.659381e-06    -5.385399e-07    1.797612e-06    7.729208e-07    -1.151038e-06    2.429427e-07    1.686035e-06    -3.625149e-07    -4.094751e-07    -6.493725e-07    1.28175e-06    8.500238e-07    -8.688429e-07    2.063513e-07
1.132269e-06    -2.33534e-06    -1.991838e-08    5.180488e-06    -2.360911e-06    1.520581e-06    1.210749e-06    8.183073e-07    2.45375e-07    -1.543027e-06    -1.30996e-06    3.293685e-06    2.394416e-06    -1.405498e-06    -2.305098e-06    -1.35887e-07    -5.211858e-06    -2.242527e-06    1.971859e-06    2.529834e-06    -1.496635e-06    2.830372e-06    3.86963e-06    -1.259048e-06    -1.623778e-06
-8.348474e-07    -4.072581e-07    -3.365409e-06    -2.360911e-06    5.410115e-06    -7.876387e-07    -2.644437e-07    1.714507e-07    3.027041e-07    -9.631834e-07    2.109686e-07    2.554016e-07    -8.139803e-07    -4.963299e-07    1.080232e-06    7.283437e-08    3.073589e-06    1.113299e-06    -5.588887e-07    -1.600636e-06    6.390754e-07    -2.772524e-06    -2.658945e-06    7.232111e-07    1.726133e-06
7.721647e-07    -9.988722e-07    -6.384382e-07    1.520581e-06    -7.876387e-07    5.605946e-06    1.486493e-06    -2.293789e-06    1.309581e-06    -2.433349e-06    -9.859245e-07    1.455294e-06    4.410944e-06    -9.24101e-07    -2.716636e-06    1.728496e-06    -4.548588e-06    -4.717155e-06    2.004085e-06    3.015375e-06    -3.723054e-07    1.425809e-06    2.520482e-06    -1.719925e-07    -2.237328e-06
1.330037e-06    -1.19136e-06    -5.359252e-07    1.210749e-06    -2.644437e-07    1.486493e-06    5.406271e-06    1.7896e-06    -1.2035e-06    -1.855255e-06    -3.476104e-06    1.852925e-06    8.405685e-06    -3.004143e-06    -2.957752e-06    -3.422119e-08    -3.888236e-06    -3.319063e-06    -3.735992e-07    3.645307e-06    -2.591843e-07    3.696445e-06    2.06509e-06    -1.504093e-06    -1.236641e-06
7.917265e-07    -5.599364e-07    3.933135e-08    8.183073e-07    1.714507e-07    -2.293789e-06    1.7896e-06    6.210638e-06    -2.104701e-07    -2.8184e-06    -3.561355e-06    2.72503e-06    5.089552e-06    -1.941551e-06    -9.082486e-07    -1.238002e-06    -2.292207e-06    -1.031775e-06    -2.517773e-07    2.054183e-06    -8.491007e-07    3.650327e-06    1.940063e-06    -1.828006e-06    -6.844538e-07
1.454078e-06    -3.102757e-07    -2.08081e-06    2.45375e-07    3.027041e-07    1.309581e-06    -1.2035e-06    -2.104701e-07    4.356599e-06    -3.707009e-06    -7.053326e-08    2.230376e-06    5.127914e-07    -2.157556e-07    -8.907539e-07    1.836598e-06    -2.27125e-06    -2.934539e-06    1.462836e-06    1.192781e-06    2.094954e-07    2.545845e-07    9.149333e-07    8.64209e-07    -1.823677e-06
-1.945982e-06    1.407534e-06    2.915226e-06    -1.543027e-06    -9.631834e-07    -2.433349e-06    -1.855255e-06    -2.8184e-06    -3.707009e-06    8.222035e-06    3.687427e-06    -4.942034e-06    -7.002109e-06    2.530021e-06    2.750334e-06    -1.718335e-06    6.435892e-06    5.975307e-06    -2.614429e-06    -4.189855e-06    9.375429e-07    -3.463998e-06    -3.846907e-06    6.238363e-07    3.361281e-06
-5.726287e-07    8.467265e-07    -1.168902e-07    -1.30996e-06    2.109686e-07    -9.859245e-07    -3.476104e-06    -3.561355e-06    -7.053326e-08    3.687427e-06    6.083899e-06    -3.527483e-06    -7.850096e-06    1.566626e-06    1.638805e-06    8.880671e-08    5.304457e-06    3.527155e-06    -1.030758e-06    -3.711859e-06    1.489742e-06    -4.447464e-06    -3.852404e-06    1.849999e-06    2.040563e-06
1.996684e-06    -2.538635e-06    -2.659381e-06    3.293685e-06    2.554016e-07    1.455294e-06    1.852925e-06    2.72503e-06    2.230376e-06    -4.942034e-06    -3.527483e-06    9.916049e-06    1.608575e-06    -2.440016e-06    -1.727434e-06    2.403355e-07    -6.904975e-06    -3.725066e-06    3.293888e-06    3.259576e-06    -1.821063e-06    2.94123e-06    4.599769e-06    -9.494627e-07    -2.491912e-06
2.649773e-06    -1.687101e-06    -5.385399e-07    2.394416e-06    -8.139803e-07    4.410944e-06    8.405685e-06    5.089552e-06    5.127914e-07    -7.002109e-06    -7.850096e-06    1.608575e-06    2.279692e-05    -6.019564e-06    -8.131292e-06    1.589045e-06    -9.663921e-06    -9.914409e-06    3.330697e-07    8.866462e-06    -7.714244e-07    8.706045e-06    5.474616e-06    -3.352726e-06    -3.976115e-06
-1.488728e-06    1.519183e-06    1.797612e-06    -1.405498e-06    -4.963299e-07    -9.24101e-07    -3.004143e-06    -1.941551e-06    -2.157556e-07    2.530021e-06    1.566626e-06    -2.440016e-06    -6.019564e-06    4.554526e-06    2.284657e-06    -3.764334e-07    2.970194e-06    2.915847e-06    -2.405236e-08    -2.737383e-06    -1.503238e-07    -2.242396e-06    -1.309532e-06    6.646321e-07    1.226246e-06
-1.950216e-06    1.286852e-06    7.729208e-07    -2.305098e-06    1.080232e-06    -2.716636e-06    -2.957752e-06    -9.082486e-07    -8.907539e-07    2.750334e-06    1.638805e-06    -1.727434e-06    -8.131292e-06    2.284657e-06    5.33751e-06    -9.893636e-07    5.10199e-06    4.744499e-06    -1.026962e-06    -3.892444e-06    4.155663e-07    -3.204587e-06    -2.871145e-06    1.188979e-06    1.902602e-06
5.874067e-07    1.470062e-07    -1.151038e-06    -1.35887e-07    7.283437e-08    1.728496e-06    -3.422119e-08    -1.238002e-06    1.836598e-06    -1.718335e-06    8.880671e-08    2.403355e-07    1.589045e-06    -3.764334e-07    -9.893636e-07    3.542222e-06    -1.019945e-06    -3.484572e-06    4.533619e-07    8.609967e-07    3.56985e-07    -2.54519e-07    3.272968e-07    1.002341e-06    -1.347019e-06
-2.923946e-06    2.196151e-06    2.429427e-07    -5.211858e-06    3.073589e-06    -4.548588e-06    -3.888236e-06    -2.292207e-06    -2.27125e-06    6.435892e-06    5.304457e-06    -6.904975e-06    -9.663921e-06    2.970194e-06    5.10199e-06    -1.019945e-06    1.376126e-05    7.27163e-06    -5.312984e-06    -6.64568e-06    2.463635e-06    -7.074454e-06    -8.214413e-06    2.156731e-06    5.236181e-06
-2.332267e-06    9.92426e-07    1.686035e-06    -2.242527e-06    1.113299e-06    -4.717155e-06    -3.319063e-06    -1.031775e-06    -2.934539e-06    5.975307e-06    3.527155e-06    -3.725066e-06    -9.914409e-06    2.915847e-06    4.744499e-06    -3.484572e-06    7.27163e-06    9.840838e-06    -2.098703e-06    -6.409223e-06    7.951821e-07    -4.368877e-06    -4.926651e-06    7.94792e-07    4.207716e-06
3.138033e-07    -8.980676e-07    -3.625149e-07    1.971859e-06    -5.588887e-07    2.004085e-06    -3.735992e-07    -2.517773e-07    1.462836e-06    -2.614429e-06    -1.030758e-06    3.293888e-06    3.330697e-07    -2.405236e-08    -1.026962e-06    4.533619e-07    -5.312984e-06    -2.098703e-06    4.494634e-06    9.966772e-07    -1.284476e-06    1.157076e-06    3.130173e-06    -3.023326e-07    -1.862962e-06
2.063818e-06    -1.168983e-06    -4.094751e-07    2.529834e-06    -1.600636e-06    3.015375e-06    3.645307e-06    2.054183e-06    1.192781e-06    -4.189855e-06    -3.711859e-06    3.259576e-06    8.866462e-06    -2.737383e-06    -3.892444e-06    8.609967e-07    -6.64568e-06    -6.409223e-06    9.966772e-07    6.422314e-06    -1.000296e-06    4.87925e-06    4.534244e-06    -1.630617e-06    -3.076304e-06
3.989158e-07    2.669429e-07    -6.493725e-07    -1.496635e-06    6.390754e-07    -3.723054e-07    -2.591843e-07    -8.491007e-07    2.094954e-07    9.375429e-07    1.489742e-06    -1.821063e-06    -7.714244e-07    -1.503238e-07    4.155663e-07    3.56985e-07    2.463635e-06    7.951821e-07    -1.284476e-06    -1.000296e-06    3.084688e-06    -1.453245e-06    -3.664578e-06    1.030621e-06    8.550283e-07
2.079932e-06    -4.908744e-07    1.28175e-06    2.830372e-06    -2.772524e-06    1.425809e-06    3.696445e-06    3.650327e-06    2.545845e-07    -3.463998e-06    -4.447464e-06    2.94123e-06    8.706045e-06    -2.242396e-06    -3.204587e-06    -2.54519e-07    -7.074454e-06    -4.368877e-06    1.157076e-06    4.87925e-06    -1.453245e-06    7.948872e-06    4.720644e-06    -3.334925e-06    -2.589876e-06
1.134973e-06    -8.196691e-07    8.500238e-07    3.86963e-06    -2.658945e-06    2.520482e-06    2.06509e-06    1.940063e-06    9.149333e-07    -3.846907e-06    -3.852404e-06    4.599769e-06    5.474616e-06    -1.309532e-06    -2.871145e-06    3.272968e-07    -8.214413e-06    -4.926651e-06    3.130173e-06    4.534244e-06    -3.664578e-06    4.720644e-06    8.373818e-06    -1.932707e-06    -4.201023e-06
-1.880515e-07    4.248384e-07    -8.688429e-07    -1.259048e-06    7.232111e-07    -1.719925e-07    -1.504093e-06    -1.828006e-06    8.64209e-07    6.238363e-07    1.849999e-06    -9.494627e-07    -3.352726e-06    6.646321e-07    1.188979e-06    1.002341e-06    2.156731e-06    7.94792e-07    -3.023326e-07    -1.630617e-06    1.030621e-06    -3.334925e-06    -1.932707e-06    3.151918e-06    -3.574882e-07
-1.482194e-06    9.217587e-08    2.063513e-07    -1.623778e-06    1.726133e-06    -2.237328e-06    -1.236641e-06    -6.844538e-07    -1.823677e-06    3.361281e-06    2.040563e-06    -2.491912e-06    -3.976115e-06    1.226246e-06    1.902602e-06    -1.347019e-06    5.236181e-06    4.207716e-06    -1.862962e-06    -3.076304e-06    8.550283e-07    -2.589876e-06    -4.201023e-06    -3.574882e-07    4.389343e-06
