7.481787e-06    2.106806e-06    -3.077257e-06    -1.156732e-06    -1.265952e-06    1.975221e-06    -1.338736e-06    -3.741022e-06    1.091287e-06    1.694568e-06    1.103998e-06    -2.313945e-06    -2.226514e-06    1.201035e-06    8.553879e-07    -2.79458e-07    -6.226356e-07    -5.772586e-07    2.030248e-07    1.584096e-06
2.106806e-06    1.494939e-05    6.508715e-06    -2.827156e-06    -5.976005e-06    4.833698e-06    -5.091686e-06    -1.169407e-05    3.584717e-06    5.825425e-06    9.957369e-07    -7.568797e-06    -6.315786e-06    2.28112e-06    4.523127e-06    -1.390945e-06    -3.683762e-06    -3.93056e-06    2.407905e-06    7.243588e-06
-3.077257e-06    6.508715e-06    1.065716e-05    1.27674e-06    -6.33017e-06    2.561179e-06    -2.191134e-06    -6.186009e-06    1.240668e-06    2.857781e-06    4.364426e-07    -5.285114e-06    -4.22185e-06    1.175353e-06    3.578285e-06    -1.071047e-06    -2.581779e-06    -2.497797e-06    1.988813e-06    4.993355e-06
-1.156732e-06    -2.827156e-06    1.27674e-06    7.010674e-06    -2.997433e-06    5.794173e-07    8.093126e-07    3.979584e-07    -8.730004e-07    -9.268243e-07    7.574259e-07    -1.006293e-06    -6.542818e-07    5.620662e-07    2.628546e-08    -7.402617e-07    5.525694e-07    3.21334e-07    1.974359e-08    2.586588e-07
-1.265952e-06    -5.976005e-06    -6.33017e-06    -2.997433e-06    1.015424e-05    -3.651903e-06    1.915062e-06    6.675126e-06    -5.661919e-07    -2.685341e-06    -1.419688e-06    6.020751e-06    5.091964e-06    -1.875452e-06    -3.296355e-06    1.829711e-06    1.828359e-06    1.825239e-06    -1.823053e-06    -4.77093e-06
1.975221e-06    4.833698e-06    2.561179e-06    5.794173e-07    -3.651903e-06    8.042005e-06    -4.810785e-06    -8.391052e-06    1.675909e-06    1.544941e-06    1.415586e-06    -4.530411e-06    -3.937981e-06    1.694533e-06    2.2327e-06    -1.584675e-06    -1.781617e-06    -6.321215e-07    2.457271e-06    2.787715e-06
-1.338736e-06    -5.091686e-06    -2.191134e-06    8.093126e-07    1.915062e-06    -4.810785e-06    1.91187e-05    -4.663881e-06    -3.463173e-06    -7.922267e-07    -2.033296e-06    3.198978e-06    5.016268e-06    -8.652459e-07    -2.733339e-06    -3.685812e-07    2.643078e-06    1.190894e-06    -2.368185e-06    -7.346208e-07
-3.741022e-06    -1.169407e-05    -6.186009e-06    3.979584e-07    6.675126e-06    -8.391052e-06    -4.663881e-06    3.147253e-05    -7.028738e-06    -9.613422e-06    -3.091726e-07    8.490356e-06    4.974206e-06    -3.014319e-06    -4.08718e-06    1.340956e-06    3.389165e-06    4.677276e-06    -2.355926e-06    -8.565458e-06
1.091287e-06    3.584717e-06    1.240668e-06    -8.730004e-07    -5.661919e-07    1.675909e-06    -3.463173e-06    -7.028738e-06    7.032057e-06    2.004882e-06    -2.911315e-07    -2.290567e-06    -1.283979e-06    5.377189e-07    1.407903e-06    1.067932e-06    -7.073638e-07    -1.604515e-06    2.870819e-08    9.374238e-07
1.694568e-06    5.825425e-06    2.857781e-06    -9.268243e-07    -2.685341e-06    1.544941e-06    -7.922267e-07    -9.613422e-06    2.004882e-06    6.251922e-06    4.3203e-07    -3.197104e-06    -2.868741e-06    1.1065e-06    1.947063e-06    -1.836587e-07    -2.056933e-06    -2.753645e-06    6.938187e-07    3.897065e-06
1.103998e-06    9.957369e-07    4.364426e-07    7.574259e-07    -1.419688e-06    1.415586e-06    -2.033296e-06    -3.091726e-07    -2.911315e-07    4.3203e-07    5.810362e-06    -1.468422e-06    -5.550408e-06    9.777093e-07    9.237669e-07    3.017141e-07    -1.309469e-06    -7.997823e-07    1.591692e-06    4.226709e-07
-2.313945e-06    -7.568797e-06    -5.285114e-06    -1.006293e-06    6.020751e-06    -4.530411e-06    3.198978e-06    8.490356e-06    -2.290567e-06    -3.197104e-06    -1.468422e-06    1.138956e-05    3.532921e-06    -5.284722e-06    -2.000408e-06    1.148653e-06    2.534746e-06    1.945408e-06    -2.717428e-06    -4.137663e-06
-2.226514e-06    -6.315786e-06    -4.22185e-06    -6.542818e-07    5.091964e-06    -3.937981e-06    5.016268e-06    4.974206e-06    -1.283979e-06    -2.868741e-06    -5.550408e-06    3.532921e-06    1.166372e-05    -1.632237e-06    -5.319604e-06    -1.493635e-07    2.77704e-06    2.428576e-06    -2.720299e-06    -3.39896e-06
1.201035e-06    2.28112e-06    1.175353e-06    5.620662e-07    -1.875452e-06    1.694533e-06    -8.652459e-07    -3.014319e-06    5.377189e-07    1.1065e-06    9.777093e-07    -5.284722e-06    -1.632237e-06    5.708089e-06    -1.156352e-06    -6.224577e-07    -1.215144e-06    -7.367543e-07    1.511342e-06    1.210441e-06
8.553879e-07    4.523127e-06    3.578285e-06    2.628546e-08    -3.296355e-06    2.2327e-06    -2.733339e-06    -4.08718e-06    1.407903e-06    1.947063e-06    9.237669e-07    -2.000408e-06    -5.319604e-06    -1.156352e-06    5.848153e-06    3.157585e-07    -1.423087e-06    -1.553262e-06    1.145538e-06    2.538349e-06
-2.79458e-07    -1.390945e-06    -1.071047e-06    -7.402617e-07    1.829711e-06    -1.584675e-06    -3.685812e-07    1.340956e-06    1.067932e-06    -1.836587e-07    3.017141e-07    1.148653e-06    -1.493635e-07    -6.224577e-07    3.157585e-07    5.372935e-06    -1.048605e-06    -3.038114e-06    1.074588e-07    -8.356004e-07
-6.226356e-07    -3.683762e-06    -2.581779e-06    5.525694e-07    1.828359e-06    -1.781617e-06    2.643078e-06    3.389165e-06    -7.073638e-07    -2.056933e-06    -1.309469e-06    2.534746e-06    2.77704e-06    -1.215144e-06    -1.423087e-06    -1.048605e-06    6.412761e-06    2.074921e-06    -4.802022e-06    -1.870294e-06
-5.772586e-07    -3.93056e-06    -2.497797e-06    3.21334e-07    1.825239e-06    -6.321215e-07    1.190894e-06    4.677276e-06    -1.604515e-06    -2.753645e-06    -7.997823e-07    1.945408e-06    2.428576e-06    -7.367543e-07    -1.553262e-06    -3.038114e-06    2.074921e-06    6.704207e-06    -6.723546e-07    -5.456442e-06
2.030248e-07    2.407905e-06    1.988813e-06    1.974359e-08    -1.823053e-06    2.457271e-06    -2.368185e-06    -2.355926e-06    2.870819e-08    6.938187e-07    1.591692e-06    -2.717428e-06    -2.720299e-06    1.511342e-06    1.145538e-06    1.074588e-07    -4.802022e-06    -6.723546e-07    7.346948e-06    -1.715072e-06
1.584096e-06    7.243588e-06    4.993355e-06    2.586588e-07    -4.77093e-06    2.787715e-06    -7.346208e-07    -8.565458e-06    9.374238e-07    3.897065e-06    4.226709e-07    -4.137663e-06    -3.39896e-06    1.210441e-06    2.538349e-06    -8.356004e-07    -1.870294e-06    -5.456442e-06    -1.715072e-06    1.090784e-05
