7.481787e-06    2.106806e-06    -3.077257e-06    -1.156732e-06    -1.265952e-06    -3.393248e-07    1.708019e-06    2.503279e-07    -7.806079e-07    -8.315344e-08    -2.79458e-07    -6.226356e-07    -5.772586e-07    2.030248e-07    1.584096e-06
2.106806e-06    1.494939e-05    6.508715e-06    -2.827156e-06    -5.976005e-06    -2.821772e-06    8.32184e-06    5.15843e-06    -3.751714e-06    -2.349136e-06    -1.390945e-06    -3.683762e-06    -3.93056e-06    2.407905e-06    7.243588e-06
-3.077257e-06    6.508715e-06    1.065716e-05    1.27674e-06    -6.33017e-06    -2.109686e-06    6.389895e-06    4.931259e-06    -3.011308e-06    -2.816206e-06    -1.071047e-06    -2.581779e-06    -2.497797e-06    1.988813e-06    4.993355e-06
-1.156732e-06    -2.827156e-06    1.27674e-06    7.010674e-06    -2.997433e-06    3.350461e-07    1.658062e-06    8.322441e-07    -4.482267e-07    -1.066105e-06    -7.402617e-07    5.525694e-07    3.21334e-07    1.974359e-08    2.586588e-07
-1.265952e-06    -5.976005e-06    -6.33017e-06    -2.997433e-06    1.015424e-05    1.785668e-06    -7.178674e-06    -4.436226e-06    2.934582e-06    2.930638e-06    1.829711e-06    1.828359e-06    1.825239e-06    -1.823053e-06    -4.77093e-06
-3.393248e-07    -2.821772e-06    -2.109686e-06    3.350461e-07    1.785668e-06    7.847485e-06    -2.629038e-06    -6.800047e-06    1.485388e-06    6.371722e-07    -1.609116e-07    1.303457e-06    2.123269e-06    -3.804113e-09    -3.431315e-06
1.708019e-06    8.32184e-06    6.389895e-06    1.658062e-06    -7.178674e-06    -2.629038e-06    1.568834e-05    3.959506e-06    -7.645079e-06    -1.579401e-06    -2.414616e-06    -2.221667e-06    -2.991584e-06    6.096326e-07    7.37237e-06
2.503279e-07    5.15843e-06    4.931259e-06    8.322441e-07    -4.436226e-06    -6.800047e-06    3.959506e-06    1.179055e-05    -2.385329e-06    -4.950616e-06    -3.221867e-07    -2.973651e-06    -3.506857e-06    1.240775e-06    5.862707e-06
-7.806079e-07    -3.751714e-06    -3.011308e-06    -4.482267e-07    2.934582e-06    1.485388e-06    -7.645079e-06    -2.385329e-06    7.302858e-06    -6.247371e-07    9.159907e-07    6.229453e-07    1.432576e-06    3.337197e-07    -3.593974e-06
-8.315344e-08    -2.349136e-06    -2.816206e-06    -1.066105e-06    2.930638e-06    6.371722e-07    -1.579401e-06    -4.950616e-06    -6.247371e-07    6.513323e-06    3.279829e-07    1.886051e-06    1.309507e-06    -1.448367e-06    -2.312358e-06
-2.79458e-07    -1.390945e-06    -1.071047e-06    -7.402617e-07    1.829711e-06    -1.609116e-07    -2.414616e-06    -3.221867e-07    9.159907e-07    3.279829e-07    5.372935e-06    -1.048605e-06    -3.038114e-06    1.074588e-07    -8.356004e-07
-6.226356e-07    -3.683762e-06    -2.581779e-06    5.525694e-07    1.828359e-06    1.303457e-06    -2.221667e-06    -2.973651e-06    6.229453e-07    1.886051e-06    -1.048605e-06    6.412761e-06    2.074921e-06    -4.802022e-06    -1.870294e-06
-5.772586e-07    -3.93056e-06    -2.497797e-06    3.21334e-07    1.825239e-06    2.123269e-06    -2.991584e-06    -3.506857e-06    1.432576e-06    1.309507e-06    -3.038114e-06    2.074921e-06    6.704207e-06    -6.723546e-07    -5.456442e-06
2.030248e-07    2.407905e-06    1.988813e-06    1.974359e-08    -1.823053e-06    -3.804113e-09    6.096326e-07    1.240775e-06    3.337197e-07    -1.448367e-06    1.074588e-07    -4.802022e-06    -6.723546e-07    7.346948e-06    -1.715072e-06
1.584096e-06    7.243588e-06    4.993355e-06    2.586588e-07    -4.77093e-06    -3.431315e-06    7.37237e-06    5.862707e-06    -3.593974e-06    -2.312358e-06    -8.356004e-07    -1.870294e-06    -5.456442e-06    -1.715072e-06    1.090784e-05
