7.481787e-06    2.106806e-06    -3.077257e-06    -1.156732e-06    -1.265952e-06    -1.106764e-07    1.511264e-07    -4.570303e-07    -5.188938e-07    4.916194e-07    -2.79458e-07    -6.226356e-07    -5.772586e-07    2.030248e-07    1.584096e-06
2.106806e-06    1.494939e-05    6.508715e-06    -2.827156e-06    -5.976005e-06    -3.550887e-06    1.123906e-06    -1.333328e-07    -4.42485e-06    3.36049e-06    -1.390945e-06    -3.683762e-06    -3.93056e-06    2.407905e-06    7.243588e-06
-3.077257e-06    6.508715e-06    1.065716e-05    1.27674e-06    -6.33017e-06    -2.576548e-06    -4.494292e-07    -1.14388e-06    -2.670304e-06    3.567937e-06    -1.071047e-06    -2.581779e-06    -2.497797e-06    1.988813e-06    4.993355e-06
-1.156732e-06    -2.827156e-06    1.27674e-06    7.010674e-06    -2.997433e-06    8.091561e-07    -1.492824e-06    -2.582849e-06    4.394808e-07    1.802317e-06    -7.402617e-07    5.525694e-07    3.21334e-07    1.974359e-08    2.586588e-07
-1.265952e-06    -5.976005e-06    -6.33017e-06    -2.997433e-06    1.015424e-05    1.398546e-06    1.071563e-06    2.770939e-06    2.3093e-06    -3.948614e-06    1.829711e-06    1.828359e-06    1.825239e-06    -1.823053e-06    -4.77093e-06
-1.106764e-07    -3.550887e-06    -2.576548e-06    8.091561e-07    1.398546e-06    5.986784e-06    -5.296229e-07    -3.377952e-06    3.889622e-07    -6.078117e-07    1.425542e-07    1.103521e-06    8.864857e-07    -5.834542e-07    -1.603617e-06
1.511264e-07    1.123906e-06    -4.494292e-07    -1.492824e-06    1.071563e-06    -5.296229e-07    5.636718e-06    8.171368e-07    -3.663831e-06    -6.033849e-07    6.220229e-07    -4.292939e-07    -5.792725e-07    2.297105e-08    -7.036676e-08
-4.570303e-07    -1.333328e-07    -1.14388e-06    -2.582849e-06    2.770939e-06    -3.377952e-06    8.171368e-07    7.445097e-06    1.276807e-07    -3.790918e-06    1.298005e-06    -6.271573e-07    2.600347e-08    5.468709e-07    -1.603088e-06
-5.188938e-07    -4.42485e-06    -2.670304e-06    4.394808e-07    2.3093e-06    3.889622e-07    -3.663831e-06    1.276807e-07    7.232965e-06    -2.657269e-06    -1.869835e-07    1.752253e-06    2.104521e-06    -8.097556e-07    -2.663882e-06
4.916194e-07    3.36049e-06    3.567937e-06    1.802317e-06    -3.948614e-06    -6.078117e-07    -6.033849e-07    -3.790918e-06    -2.657269e-06    6.276715e-06    -7.121315e-07    -9.94616e-07    -1.528724e-06    1.357994e-07    3.491419e-06
-2.79458e-07    -1.390945e-06    -1.071047e-06    -7.402617e-07    1.829711e-06    1.425542e-07    6.220229e-07    1.298005e-06    -1.869835e-07    -7.121315e-07    5.372935e-06    -1.048605e-06    -3.038114e-06    1.074588e-07    -8.356004e-07
-6.226356e-07    -3.683762e-06    -2.581779e-06    5.525694e-07    1.828359e-06    1.103521e-06    -4.292939e-07    -6.271573e-07    1.752253e-06    -9.94616e-07    -1.048605e-06    6.412761e-06    2.074921e-06    -4.802022e-06    -1.870294e-06
-5.772586e-07    -3.93056e-06    -2.497797e-06    3.21334e-07    1.825239e-06    8.864857e-07    -5.792725e-07    2.600347e-08    2.104521e-06    -1.528724e-06    -3.038114e-06    2.074921e-06    6.704207e-06    -6.723546e-07    -5.456442e-06
2.030248e-07    2.407905e-06    1.988813e-06    1.974359e-08    -1.823053e-06    -5.834542e-07    2.297105e-08    5.468709e-07    -8.097556e-07    1.357994e-07    1.074588e-07    -4.802022e-06    -6.723546e-07    7.346948e-06    -1.715072e-06
1.584096e-06    7.243588e-06    4.993355e-06    2.586588e-07    -4.77093e-06    -1.603617e-06    -7.036676e-08    -1.603088e-06    -2.663882e-06    3.491419e-06    -8.356004e-07    -1.870294e-06    -5.456442e-06    -1.715072e-06    1.090784e-05
