1.28318e-05    -1.343508e-05    -1.148941e-05    7.33996e-06    2.126045e-06    5.685543e-07    2.929466e-06    3.230345e-06    -1.665095e-06    -5.234847e-06
-1.343508e-05    3.78281e-05    3.641432e-06    -1.623158e-05    -3.169238e-06    -1.456926e-06    -5.158558e-06    -6.171104e-06    3.206477e-06    1.143539e-05
-1.148941e-05    3.641432e-06    2.348911e-05    -9.899701e-06    -4.074325e-06    -2.582789e-06    -2.807514e-06    -1.436463e-06    3.164352e-06    4.481401e-06
7.33996e-06    -1.623158e-05    -9.899701e-06    1.418406e-05    1.99351e-06    2.739579e-06    3.755131e-06    2.786816e-06    -3.347411e-06    -7.07661e-06
2.126045e-06    -3.169238e-06    -4.074325e-06    1.99351e-06    2.511805e-06    1.707074e-07    7.088711e-07    7.572991e-07    -9.337082e-07    -1.560606e-06
5.685543e-07    -1.456926e-06    -2.582789e-06    2.739579e-06    1.707074e-07    5.372935e-06    -1.048605e-06    -3.038114e-06    1.074588e-07    -8.356004e-07
2.929466e-06    -5.158558e-06    -2.807514e-06    3.755131e-06    7.088711e-07    -1.048605e-06    6.412761e-06    2.074921e-06    -4.802022e-06    -1.870294e-06
3.230345e-06    -6.171104e-06    -1.436463e-06    2.786816e-06    7.572991e-07    -3.038114e-06    2.074921e-06    6.704207e-06    -6.723546e-07    -5.456442e-06
-1.665095e-06    3.206477e-06    3.164352e-06    -3.347411e-06    -9.337082e-07    1.074588e-07    -4.802022e-06    -6.723546e-07    7.346948e-06    -1.715072e-06
-5.234847e-06    1.143539e-05    4.481401e-06    -7.07661e-06    -1.560606e-06    -8.356004e-07    -1.870294e-06    -5.456442e-06    -1.715072e-06    1.090784e-05
