6.002168e-06    2.499985e-06    -7.291535e-07    -1.204992e-06    -4.233417e-06    -1.280339e-06    -4.953798e-06    -3.221097e-06    -5.766388e-07    3.541626e-06    -2.202562e-06    4.498146e-06    3.781789e-06    -1.006005e-06    -2.769854e-06    2.479062e-07    1.766046e-06    1.777099e-06    -1.310161e-06    -2.966004e-06
2.499985e-06    7.134593e-06    1.792764e-06    -4.538308e-06    -3.642903e-06    -1.909104e-06    -5.303597e-06    -2.349203e-06    3.631827e-07    2.939264e-06    -4.907613e-06    4.611861e-06    7.840229e-06    -3.242027e-06    -2.662937e-06    5.778804e-07    1.875456e-06    1.564039e-06    -1.621133e-06    -2.893027e-06
-7.291535e-07    1.792764e-06    5.383775e-06    3.909532e-07    -4.562798e-06    -1.083607e-06    -1.824596e-06    -2.352206e-07    8.633195e-07    6.444932e-07    -2.810231e-06    7.622788e-07    6.685309e-06    -1.858539e-06    -1.733522e-06    1.107767e-07    5.841426e-07    5.967858e-07    -6.768599e-07    -1.056822e-06
-1.204992e-06    -4.538308e-06    3.909532e-07    7.847648e-06    2.826005e-07    1.018024e-06    3.771726e-06    2.342504e-06    3.075531e-08    -2.454093e-06    1.736789e-06    -1.302366e-06    -3.296986e-06    2.55013e-06    1.136097e-06    -5.08853e-07    -9.948266e-07    -1.094827e-06    4.279654e-07    2.267668e-06
-4.233417e-06    -3.642903e-06    -4.562798e-06    2.826005e-07    1.605163e-05    3.04616e-06    8.097673e-06    4.40883e-06    -1.312564e-06    -4.863687e-06    3.914461e-06    -4.351388e-06    -1.086835e-05    3.440739e-06    6.298191e-06    -2.864695e-08    -2.505665e-06    -3.204349e-06    1.377975e-06    4.894336e-06
-1.280339e-06    -1.909104e-06    -1.083607e-06    1.018024e-06    3.04616e-06    7.481787e-06    2.106806e-06    -3.077257e-06    -1.156732e-06    -1.265952e-06    1.975221e-06    -1.338736e-06    -3.741022e-06    1.091287e-06    1.694568e-06    -2.79458e-07    -6.226356e-07    -5.772586e-07    2.030248e-07    1.584096e-06
-4.953798e-06    -5.303597e-06    -1.824596e-06    3.771726e-06    8.097673e-06    2.106806e-06    1.494939e-05    6.508715e-06    -2.827156e-06    -5.976005e-06    4.833698e-06    -5.091686e-06    -1.169407e-05    3.584717e-06    5.825425e-06    -1.390945e-06    -3.683762e-06    -3.93056e-06    2.407905e-06    7.243588e-06
-3.221097e-06    -2.349203e-06    -2.352206e-07    2.342504e-06    4.40883e-06    -3.077257e-06    6.508715e-06    1.065716e-05    1.27674e-06    -6.33017e-06    2.561179e-06    -2.191134e-06    -6.186009e-06    1.240668e-06    2.857781e-06    -1.071047e-06    -2.581779e-06    -2.497797e-06    1.988813e-06    4.993355e-06
-5.766388e-07    3.631827e-07    8.633195e-07    3.075531e-08    -1.312564e-06    -1.156732e-06    -2.827156e-06    1.27674e-06    7.010674e-06    -2.997433e-06    5.794173e-07    8.093126e-07    3.979584e-07    -8.730004e-07    -9.268243e-07    -7.402617e-07    5.525694e-07    3.21334e-07    1.974359e-08    2.586588e-07
3.541626e-06    2.939264e-06    6.444932e-07    -2.454093e-06    -4.863687e-06    -1.265952e-06    -5.976005e-06    -6.33017e-06    -2.997433e-06    1.015424e-05    -3.651903e-06    1.915062e-06    6.675126e-06    -5.661919e-07    -2.685341e-06    1.829711e-06    1.828359e-06    1.825239e-06    -1.823053e-06    -4.77093e-06
-2.202562e-06    -4.907613e-06    -2.810231e-06    1.736789e-06    3.914461e-06    1.975221e-06    4.833698e-06    2.561179e-06    5.794173e-07    -3.651903e-06    8.042005e-06    -4.810785e-06    -8.391052e-06    1.675909e-06    1.544941e-06    -1.584675e-06    -1.781617e-06    -6.321215e-07    2.457271e-06    2.787715e-06
4.498146e-06    4.611861e-06    7.622788e-07    -1.302366e-06    -4.351388e-06    -1.338736e-06    -5.091686e-06    -2.191134e-06    8.093126e-07    1.915062e-06    -4.810785e-06    1.91187e-05    -4.663881e-06    -3.463173e-06    -7.922267e-07    -3.685812e-07    2.643078e-06    1.190894e-06    -2.368185e-06    -7.346208e-07
3.781789e-06    7.840229e-06    6.685309e-06    -3.296986e-06    -1.086835e-05    -3.741022e-06    -1.169407e-05    -6.186009e-06    3.979584e-07    6.675126e-06    -8.391052e-06    -4.663881e-06    3.147253e-05    -7.028738e-06    -9.613422e-06    1.340956e-06    3.389165e-06    4.677276e-06    -2.355926e-06    -8.565458e-06
-1.006005e-06    -3.242027e-06    -1.858539e-06    2.55013e-06    3.440739e-06    1.091287e-06    3.584717e-06    1.240668e-06    -8.730004e-07    -5.661919e-07    1.675909e-06    -3.463173e-06    -7.028738e-06    7.032057e-06    2.004882e-06    1.067932e-06    -7.073638e-07    -1.604515e-06    2.870819e-08    9.374238e-07
-2.769854e-06    -2.662937e-06    -1.733522e-06    1.136097e-06    6.298191e-06    1.694568e-06    5.825425e-06    2.857781e-06    -9.268243e-07    -2.685341e-06    1.544941e-06    -7.922267e-07    -9.613422e-06    2.004882e-06    6.251922e-06    -1.836587e-07    -2.056933e-06    -2.753645e-06    6.938187e-07    3.897065e-06
2.479062e-07    5.778804e-07    1.107767e-07    -5.08853e-07    -2.864695e-08    -2.79458e-07    -1.390945e-06    -1.071047e-06    -7.402617e-07    1.829711e-06    -1.584675e-06    -3.685812e-07    1.340956e-06    1.067932e-06    -1.836587e-07    5.372935e-06    -1.048605e-06    -3.038114e-06    1.074588e-07    -8.356004e-07
1.766046e-06    1.875456e-06    5.841426e-07    -9.948266e-07    -2.505665e-06    -6.226356e-07    -3.683762e-06    -2.581779e-06    5.525694e-07    1.828359e-06    -1.781617e-06    2.643078e-06    3.389165e-06    -7.073638e-07    -2.056933e-06    -1.048605e-06    6.412761e-06    2.074921e-06    -4.802022e-06    -1.870294e-06
1.777099e-06    1.564039e-06    5.967858e-07    -1.094827e-06    -3.204349e-06    -5.772586e-07    -3.93056e-06    -2.497797e-06    3.21334e-07    1.825239e-06    -6.321215e-07    1.190894e-06    4.677276e-06    -1.604515e-06    -2.753645e-06    -3.038114e-06    2.074921e-06    6.704207e-06    -6.723546e-07    -5.456442e-06
-1.310161e-06    -1.621133e-06    -6.768599e-07    4.279654e-07    1.377975e-06    2.030248e-07    2.407905e-06    1.988813e-06    1.974359e-08    -1.823053e-06    2.457271e-06    -2.368185e-06    -2.355926e-06    2.870819e-08    6.938187e-07    1.074588e-07    -4.802022e-06    -6.723546e-07    7.346948e-06    -1.715072e-06
-2.966004e-06    -2.893027e-06    -1.056822e-06    2.267668e-06    4.894336e-06    1.584096e-06    7.243588e-06    4.993355e-06    2.586588e-07    -4.77093e-06    2.787715e-06    -7.346208e-07    -8.565458e-06    9.374238e-07    3.897065e-06    -8.356004e-07    -1.870294e-06    -5.456442e-06    -1.715072e-06    1.090784e-05
