7.481787e-06    2.106806e-06    -3.077257e-06    -1.156732e-06    -1.265952e-06    5.127694e-08    2.845055e-06    1.945709e-06    -5.91615e-07    -2.084707e-06    -2.79458e-07    -6.226356e-07    -5.772586e-07    2.030248e-07    1.584096e-06
2.106806e-06    1.494939e-05    6.508715e-06    -2.827156e-06    -5.976005e-06    -6.517505e-07    1.019435e-05    7.708326e-06    -2.288263e-06    -7.064768e-06    -1.390945e-06    -3.683762e-06    -3.93056e-06    2.407905e-06    7.243588e-06
-3.077257e-06    6.508715e-06    1.065716e-05    1.27674e-06    -6.33017e-06    -6.169003e-07    5.872471e-06    4.712625e-06    -1.161334e-06    -4.160688e-06    -1.071047e-06    -2.581779e-06    -2.497797e-06    1.988813e-06    4.993355e-06
-1.156732e-06    -2.827156e-06    1.27674e-06    7.010674e-06    -2.997433e-06    4.920775e-07    -7.152264e-07    -1.1105e-06    5.599036e-07    3.945929e-07    -7.402617e-07    5.525694e-07    3.21334e-07    1.974359e-08    2.586588e-07
-1.265952e-06    -5.976005e-06    -6.33017e-06    -2.997433e-06    1.015424e-05    5.844216e-08    -6.1791e-06    -3.884241e-06    1.209352e-06    4.065877e-06    1.829711e-06    1.828359e-06    1.825239e-06    -1.823053e-06    -4.77093e-06
5.127694e-08    -6.517505e-07    -6.169003e-07    4.920775e-07    5.844216e-08    7.237073e-06    -6.570187e-07    -6.570981e-06    -2.4095e-07    1.011372e-06    -8.069163e-07    1.739599e-07    8.501348e-07    6.350414e-07    -1.160485e-06
2.845055e-06    1.019435e-05    5.872471e-06    -7.152264e-07    -6.1791e-06    -6.570187e-07    1.787854e-05    5.888056e-06    -8.092161e-06    -6.093986e-06    -6.416635e-07    -3.889971e-06    -4.091613e-06    1.898361e-06    7.213631e-06
1.945709e-06    7.708326e-06    4.712625e-06    -1.1105e-06    -3.884241e-06    -6.570981e-06    5.888056e-06    1.463422e-05    -1.604699e-06    -7.426766e-06    2.486172e-07    -3.087657e-06    -3.962144e-06    1.154462e-06    6.336565e-06
-5.91615e-07    -2.288263e-06    -1.161334e-06    5.599036e-07    1.209352e-06    -2.4095e-07    -8.092161e-06    -1.604699e-06    8.025108e-06    3.30577e-07    -3.697271e-07    7.95904e-07    1.106649e-06    8.427943e-08    -1.70009e-06
-2.084707e-06    -7.064768e-06    -4.160688e-06    3.945929e-07    4.065877e-06    1.011372e-06    -6.093986e-06    -7.426766e-06    3.30577e-07    7.432968e-06    5.028508e-07    2.834733e-06    3.050083e-06    -1.652626e-06    -5.168902e-06
-2.79458e-07    -1.390945e-06    -1.071047e-06    -7.402617e-07    1.829711e-06    -8.069163e-07    -6.416635e-07    2.486172e-07    -3.697271e-07    5.028508e-07    5.372935e-06    -1.048605e-06    -3.038114e-06    1.074588e-07    -8.356004e-07
-6.226356e-07    -3.683762e-06    -2.581779e-06    5.525694e-07    1.828359e-06    1.739599e-07    -3.889971e-06    -3.087657e-06    7.95904e-07    2.834733e-06    -1.048605e-06    6.412761e-06    2.074921e-06    -4.802022e-06    -1.870294e-06
-5.772586e-07    -3.93056e-06    -2.497797e-06    3.21334e-07    1.825239e-06    8.501348e-07    -4.091613e-06    -3.962144e-06    1.106649e-06    3.050083e-06    -3.038114e-06    2.074921e-06    6.704207e-06    -6.723546e-07    -5.456442e-06
2.030248e-07    2.407905e-06    1.988813e-06    1.974359e-08    -1.823053e-06    6.350414e-07    1.898361e-06    1.154462e-06    8.427943e-08    -1.652626e-06    1.074588e-07    -4.802022e-06    -6.723546e-07    7.346948e-06    -1.715072e-06
1.584096e-06    7.243588e-06    4.993355e-06    2.586588e-07    -4.77093e-06    -1.160485e-06    7.213631e-06    6.336565e-06    -1.70009e-06    -5.168902e-06    -8.356004e-07    -1.870294e-06    -5.456442e-06    -1.715072e-06    1.090784e-05
