7.481787e-06    2.106806e-06    -3.077257e-06    -1.156732e-06    -1.265952e-06    -1.106085e-06    2.295636e-07    2.289568e-07    -2.872347e-07    6.592773e-07    -4.877101e-07    -1.633811e-06    -1.47416e-06    -2.924421e-07    2.189673e-06    1.975221e-06    -1.338736e-06    -3.741022e-06    1.091287e-06    1.694568e-06    2.464487e-07    -2.935308e-07    -7.338631e-08    -7.495988e-07    -1.249462e-07    -2.79458e-07    -6.226356e-07    -5.772586e-07    2.030248e-07    1.584096e-06
2.106806e-06    1.494939e-05    6.508715e-06    -2.827156e-06    -5.976005e-06    -3.479413e-06    -3.148168e-07    3.597332e-07    -2.065441e-06    3.025933e-06    -4.136323e-07    -4.420359e-06    -3.826689e-06    -2.474452e-06    5.951302e-06    4.833698e-06    -5.091686e-06    -1.169407e-05    3.584717e-06    5.825425e-06    9.568703e-07    -2.518098e-06    -3.461307e-07    -2.769606e-06    -7.295953e-08    -1.390945e-06    -3.683762e-06    -3.93056e-06    2.407905e-06    7.243588e-06
-3.077257e-06    6.508715e-06    1.065716e-05    1.27674e-06    -6.33017e-06    -1.851258e-06    -4.931585e-07    -4.420635e-07    -2.244731e-06    2.555771e-06    -4.694285e-07    -2.012417e-06    -1.50689e-06    -1.779015e-06    3.032156e-06    2.561179e-06    -2.191134e-06    -6.186009e-06    1.240668e-06    2.857781e-06    1.733882e-06    -2.982903e-06    -1.071408e-06    -1.217516e-06    8.958705e-08    -1.071047e-06    -2.581779e-06    -2.497797e-06    1.988813e-06    4.993355e-06
-1.156732e-06    -2.827156e-06    1.27674e-06    7.010674e-06    -2.997433e-06    -2.086549e-07    -4.507708e-07    6.693549e-08    -5.040467e-07    4.585639e-07    -8.497678e-07    6.803288e-08    1.11701e-06    1.099102e-07    -3.612761e-07    5.794173e-07    8.093126e-07    3.979584e-07    -8.730004e-07    -9.268243e-07    1.416097e-06    -1.586535e-06    -1.137006e-06    9.234452e-07    -5.126885e-08    -7.402617e-07    5.525694e-07    3.21334e-07    1.974359e-08    2.586588e-07
-1.265952e-06    -5.976005e-06    -6.33017e-06    -2.997433e-06    1.015424e-05    2.44649e-06    1.156668e-06    2.949626e-07    1.346746e-06    -2.77898e-06    1.330807e-06    2.448977e-06    1.592332e-06    1.427249e-06    -2.840276e-06    -3.651903e-06    1.915062e-06    6.675126e-06    -5.661919e-07    -2.685341e-06    -2.288136e-06    3.522542e-06    1.899704e-06    2.408188e-07    3.603099e-08    1.829711e-06    1.828359e-06    1.825239e-06    -1.823053e-06    -4.77093e-06
-1.106085e-06    -3.479413e-06    -1.851258e-06    -2.086549e-07    2.44649e-06    6.5356e-06    6.433282e-08    -2.624365e-06    -5.492661e-08    -1.609206e-06    1.230654e-06    1.15437e-06    3.629823e-07    7.937933e-07    -2.053839e-06    -1.052699e-06    1.072414e-06    3.188242e-06    -7.757353e-07    -2.235072e-06    -9.665482e-08    2.077123e-06    -5.491252e-07    1.015405e-06    -6.680067e-08    -2.004842e-07    1.400298e-06    2.080684e-06    -3.449899e-07    -3.073317e-06
2.295636e-07    -3.148168e-07    -4.931585e-07    -4.507708e-07    1.156668e-06    6.433282e-08    4.854421e-06    8.861192e-08    -2.565194e-06    -5.845262e-07    -6.40139e-07    -3.077661e-07    -4.17959e-07    -6.181852e-07    1.742567e-06    2.167407e-07    -7.590816e-07    -1.081032e-06    7.488094e-07    4.321274e-07    -1.443142e-06    1.484644e-06    1.984663e-06    -1.321469e-06    -1.958311e-07    5.349779e-07    -7.989065e-08    5.233131e-08    4.436784e-08    -5.809128e-07
2.289568e-07    3.597332e-07    -4.420635e-07    6.693549e-08    2.949626e-07    -2.624365e-06    8.861192e-08    5.30825e-06    1.616607e-08    -2.257114e-06    -4.617029e-07    -9.978088e-07    -3.762615e-07    -5.349291e-07    1.700427e-06    8.376834e-07    -7.447446e-07    -2.613274e-06    1.376371e-06    7.483767e-07    -1.68212e-06    1.483101e-06    1.965217e-06    -1.084941e-06    -2.873974e-07    1.622494e-07    2.515424e-07    -5.931404e-08    -2.114137e-07    -3.478682e-07
-2.872347e-07    -2.065441e-06    -2.244731e-06    -5.040467e-07    1.346746e-06    -5.492661e-08    -2.565194e-06    1.616607e-08    5.347355e-06    -1.947457e-06    6.071761e-07    6.24778e-08    -2.088171e-07    9.178775e-07    -1.208792e-06    -7.297951e-08    3.207967e-07    1.303818e-06    -1.75702e-07    -1.032259e-06    -3.43854e-07    9.285369e-07    -1.8079e-07    1.237735e-06    -1.557379e-07    2.105011e-07    7.934387e-07    8.735444e-07    -4.03964e-07    -1.739591e-06
6.592773e-07    3.025933e-06    2.555771e-06    4.585639e-07    -2.77898e-06    -1.609206e-06    -5.845262e-07    -2.257114e-06    -1.947457e-06    5.212614e-06    -6.041886e-07    -3.157548e-08    3.564162e-07    -1.566566e-07    -2.487297e-07    -1.283586e-07    2.94674e-07    -4.68139e-07    -7.857275e-07    1.343e-06    1.968588e-06    -3.144621e-06    -1.754019e-06    -9.870629e-08    3.912949e-07    -6.283654e-07    -9.9775e-07    -1.472597e-06    2.745828e-07    3.154009e-06
-4.877101e-07    -4.136323e-07    -4.694285e-07    -8.497678e-07    1.330807e-06    1.230654e-06    -6.40139e-07    -4.617029e-07    6.071761e-07    -6.041886e-07    6.582398e-06    1.037564e-06    -2.446976e-06    -3.224219e-07    -8.358538e-07    -1.892071e-07    1.04311e-06    2.856079e-07    1.140192e-06    -1.112852e-06    -8.535279e-08    1.019997e-06    -3.567718e-07    1.33239e-07    7.493415e-08    -4.194073e-08    1.042243e-07    3.941521e-07    -3.310779e-08    -6.925684e-07
-1.633811e-06    -4.420359e-06    -2.012417e-06    6.803288e-08    2.448977e-06    1.15437e-06    -3.077661e-07    -9.978088e-07    6.24778e-08    -3.157548e-08    1.037564e-06    7.037613e-06    1.691766e-06    -2.041662e-06    -2.820863e-06    -3.957595e-06    2.492994e-06    8.303798e-06    -3.038334e-06    -2.72155e-06    2.481087e-07    7.324402e-08    -6.877827e-07    1.40315e-06    3.536604e-07    5.208159e-07    1.273954e-06    1.364337e-06    -9.111702e-07    -2.654648e-06
-1.47416e-06    -3.826689e-06    -1.50689e-06    1.11701e-06    1.592332e-06    3.629823e-07    -4.17959e-07    -3.762615e-07    -2.088171e-07    3.564162e-07    -2.446976e-06    1.691766e-06    6.470306e-06    1.44606e-06    -4.993714e-06    -3.882092e-06    3.490439e-06    6.760025e-06    -2.731477e-06    -2.114869e-06    4.839747e-07    -4.755863e-07    -8.076503e-07    1.150788e-06    4.00371e-07    2.251774e-07    1.514257e-06    1.160144e-06    -1.477891e-06    -1.936522e-06
-2.924421e-07    -2.474452e-06    -1.779015e-06    1.099102e-07    1.427249e-06    7.937933e-07    -6.181852e-07    -5.349291e-07    9.178775e-07    -1.566566e-07    -3.224219e-07    -2.041662e-06    1.44606e-06    6.593983e-06    -4.096146e-06    -1.173797e-06    3.126342e-06    1.136944e-06    1.391767e-07    -1.231653e-06    2.45434e-07    2.43231e-07    -3.442232e-07    6.344871e-07    9.599355e-08    2.402016e-07    1.214994e-06    6.828013e-07    -1.261516e-06    -1.087171e-06
2.189673e-06    5.951302e-06    3.032156e-06    -3.612761e-07    -2.840276e-06    -2.053839e-06    1.742567e-06    1.700427e-06    -1.208792e-06    -2.487297e-07    -8.358538e-07    -2.820863e-06    -4.993714e-06    -4.096146e-06    1.26802e-05    4.568852e-06    -5.259506e-06    -9.80969e-06    3.490774e-06    4.112386e-06    -5.978723e-07    3.945709e-07    1.758988e-06    -2.799644e-06    -5.683653e-07    2.792027e-07    -3.030956e-06    -2.128458e-06    2.238492e-06    3.362007e-06
1.975221e-06    4.833698e-06    2.561179e-06    5.794173e-07    -3.651903e-06    -1.052699e-06    2.167407e-07    8.376834e-07    -7.297951e-08    -1.283586e-07    -1.892071e-07    -3.957595e-06    -3.882092e-06    -1.173797e-06    4.568852e-06    8.042005e-06    -4.810785e-06    -8.391052e-06    1.675909e-06    1.544941e-06    -2.555085e-07    -2.692611e-07    8.581062e-07    -9.925896e-07    -5.946494e-07    -1.584675e-06    -1.781617e-06    -6.321215e-07    2.457271e-06    2.787715e-06
-1.338736e-06    -5.091686e-06    -2.191134e-06    8.093126e-07    1.915062e-06    1.072414e-06    -7.590816e-07    -7.447446e-07    3.207967e-07    2.94674e-07    1.04311e-06    2.492994e-06    3.490439e-06    3.126342e-06    -5.259506e-06    -4.810785e-06    1.91187e-05    -4.663881e-06    -3.463173e-06    -7.922267e-07    1.46239e-06    -6.061301e-07    -1.644916e-06    1.822573e-06    2.958864e-07    -3.685812e-07    2.643078e-06    1.190894e-06    -2.368185e-06    -7.346208e-07
-3.741022e-06    -1.169407e-05    -6.186009e-06    3.979584e-07    6.675126e-06    3.188242e-06    -1.081032e-06    -2.613274e-06    1.303818e-06    -4.68139e-07    2.856079e-07    8.303798e-06    6.760025e-06    1.136944e-06    -9.80969e-06    -8.391052e-06    -4.663881e-06    3.147253e-05    -7.028738e-06    -9.613422e-06    4.980032e-07    8.448003e-08    -2.308588e-06    3.801437e-06    1.131152e-06    1.340956e-06    3.389165e-06    4.677276e-06    -2.355926e-06    -8.565458e-06
1.091287e-06    3.584717e-06    1.240668e-06    -8.730004e-07    -5.661919e-07    -7.757353e-07    7.488094e-07    1.376371e-06    -1.75702e-07    -7.857275e-07    1.140192e-06    -3.038334e-06    -2.731477e-06    1.391767e-07    3.490774e-06    1.675909e-06    -3.463173e-06    -7.028738e-06    7.032057e-06    2.004882e-06    -1.136388e-06    1.227513e-06    1.702744e-06    -1.766066e-06    -4.442341e-07    1.067932e-06    -7.073638e-07    -1.604515e-06    2.870819e-08    9.374238e-07
1.694568e-06    5.825425e-06    2.857781e-06    -9.268243e-07    -2.685341e-06    -2.235072e-06    4.321274e-07    7.483767e-07    -1.032259e-06    1.343e-06    -1.112852e-06    -2.72155e-06    -2.114869e-06    -1.231653e-06    4.112386e-06    1.544941e-06    -7.922267e-07    -9.613422e-06    2.004882e-06    6.251922e-06    -2.12463e-07    -7.585649e-07    8.597008e-07    -2.124743e-06    -1.822441e-07    -1.836587e-07    -2.056933e-06    -2.753645e-06    6.938187e-07    3.897065e-06
2.464487e-07    9.568703e-07    1.733882e-06    1.416097e-06    -2.288136e-06    -9.665482e-08    -1.443142e-06    -1.68212e-06    -3.43854e-07    1.968588e-06    -8.535279e-08    2.481087e-07    4.839747e-07    2.45434e-07    -5.978723e-07    -2.555085e-07    1.46239e-06    4.980032e-07    -1.136388e-06    -2.12463e-07    3.147431e-06    -2.270696e-06    -2.616707e-06    5.260565e-07    1.832993e-07    -1.131448e-06    -4.301079e-07    8.361947e-08    5.972722e-07    1.464961e-06
-2.935308e-07    -2.518098e-06    -2.982903e-06    -1.586535e-06    3.522542e-06    2.077123e-06    1.484644e-06    1.483101e-06    9.285369e-07    -3.144621e-06    1.019997e-06    7.324402e-08    -4.755863e-07    2.43231e-07    3.945709e-07    -2.692611e-07    -6.061301e-07    8.448003e-08    1.227513e-06    -7.585649e-07    -2.270696e-06    8.999813e-06    -1.52951e-06    -2.158703e-06    7.417984e-08    -2.033496e-07    1.366504e-06    2.215715e-06    -4.497084e-07    -3.054949e-06
-7.338631e-08    -3.461307e-07    -1.071408e-06    -1.137006e-06    1.899704e-06    -5.491252e-07    1.984663e-06    1.965217e-06    -1.8079e-07    -1.754019e-06    -3.567718e-07    -6.877827e-07    -8.076503e-07    -3.442232e-07    1.758988e-06    8.581062e-07    -1.644916e-06    -2.308588e-06    1.702744e-06    8.597008e-07    -2.616707e-06    -1.52951e-06    6.475147e-06    -1.035103e-06    -8.321831e-07    1.180325e-06    -2.302314e-07    -4.45687e-07    8.534755e-08    -9.110639e-07
-7.495988e-07    -2.769606e-06    -1.217516e-06    9.234452e-07    2.408188e-07    1.015405e-06    -1.321469e-06    -1.084941e-06    1.237735e-06    -9.870629e-08    1.33239e-07    1.40315e-06    1.150788e-06    6.344871e-07    -2.799644e-06    -9.925896e-07    1.822573e-06    3.801437e-06    -1.766066e-06    -2.124743e-06    5.260565e-07    -2.158703e-06    -1.035103e-06    3.602277e-06    -7.012462e-08    8.208397e-07    1.055915e-06    4.606324e-07    -6.463205e-07    -1.764431e-06
-1.249462e-07    -7.295953e-08    8.958705e-08    -5.126885e-08    3.603099e-08    -6.680067e-08    -1.958311e-07    -2.873974e-07    -1.557379e-07    3.912949e-07    7.493415e-08    3.536604e-07    4.00371e-07    9.599355e-08    -5.683653e-07    -5.946494e-07    2.958864e-07    1.131152e-06    -4.442341e-07    -1.822441e-07    1.832993e-07    7.417984e-08    -8.321831e-07    -7.012462e-08    5.490899e-07    -6.801364e-08    -8.368661e-08    4.643949e-10    -1.814252e-07    -4.2345e-08
-2.79458e-07    -1.390945e-06    -1.071047e-06    -7.402617e-07    1.829711e-06    -2.004842e-07    5.349779e-07    1.622494e-07    2.105011e-07    -6.283654e-07    -4.194073e-08    5.208159e-07    2.251774e-07    2.402016e-07    2.792027e-07    -1.584675e-06    -3.685812e-07    1.340956e-06    1.067932e-06    -1.836587e-07    -1.131448e-06    -2.033496e-07    1.180325e-06    8.208397e-07    -6.801364e-08    5.372935e-06    -1.048605e-06    -3.038114e-06    1.074588e-07    -8.356004e-07
-6.226356e-07    -3.683762e-06    -2.581779e-06    5.525694e-07    1.828359e-06    1.400298e-06    -7.989065e-08    2.515424e-07    7.934387e-07    -9.9775e-07    1.042243e-07    1.273954e-06    1.514257e-06    1.214994e-06    -3.030956e-06    -1.781617e-06    2.643078e-06    3.389165e-06    -7.073638e-07    -2.056933e-06    -4.301079e-07    1.366504e-06    -2.302314e-07    1.055915e-06    -8.368661e-08    -1.048605e-06    6.412761e-06    2.074921e-06    -4.802022e-06    -1.870294e-06
-5.772586e-07    -3.93056e-06    -2.497797e-06    3.21334e-07    1.825239e-06    2.080684e-06    5.233131e-08    -5.931404e-08    8.735444e-07    -1.472597e-06    3.941521e-07    1.364337e-06    1.160144e-06    6.828013e-07    -2.128458e-06    -6.321215e-07    1.190894e-06    4.677276e-06    -1.604515e-06    -2.753645e-06    8.361947e-08    2.215715e-06    -4.45687e-07    4.606324e-07    4.643949e-10    -3.038114e-06    2.074921e-06    6.704207e-06    -6.723546e-07    -5.456442e-06
2.030248e-07    2.407905e-06    1.988813e-06    1.974359e-08    -1.823053e-06    -3.449899e-07    4.436784e-08    -2.114137e-07    -4.03964e-07    2.745828e-07    -3.310779e-08    -9.111702e-07    -1.477891e-06    -1.261516e-06    2.238492e-06    2.457271e-06    -2.368185e-06    -2.355926e-06    2.870819e-08    6.938187e-07    5.972722e-07    -4.497084e-07    8.534755e-08    -6.463205e-07    -1.814252e-07    1.074588e-07    -4.802022e-06    -6.723546e-07    7.346948e-06    -1.715072e-06
1.584096e-06    7.243588e-06    4.993355e-06    2.586588e-07    -4.77093e-06    -3.073317e-06    -5.809128e-07    -3.478682e-07    -1.739591e-06    3.154009e-06    -6.925684e-07    -2.654648e-06    -1.936522e-06    -1.087171e-06    3.362007e-06    2.787715e-06    -7.346208e-07    -8.565458e-06    9.374238e-07    3.897065e-06    1.464961e-06    -3.054949e-06    -9.110639e-07    -1.764431e-06    -4.2345e-08    -8.356004e-07    -1.870294e-06    -5.456442e-06    -1.715072e-06    1.090784e-05
