1.472261e-06    -2.771836e-08    -8.060405e-07    -1.670963e-07    5.869345e-09    1.18772e-07    4.259118e-08    -5.94661e-08    -1.824484e-08    -4.958132e-08
-2.771836e-08    1.40532e-06    -1.165064e-07    -8.28338e-07    8.458467e-08    -1.982221e-08    1.283563e-07    3.305485e-08    -8.181469e-08    -3.212982e-08
-8.060405e-07    -1.165064e-07    1.404402e-06    -2.098517e-08    -5.475253e-07    -8.06896e-08    2.696268e-08    1.23639e-07    -1.251113e-08    -4.308088e-08
-1.670963e-07    -8.28338e-07    -2.098517e-08    1.487765e-06    -4.545773e-07    -1.52912e-08    -6.377093e-08    2.266387e-08    9.995015e-08    -1.902189e-09
5.869345e-09    8.458467e-08    -5.475253e-07    -4.545773e-07    1.395502e-06    -1.907629e-08    -6.478161e-08    -7.251982e-08    4.039775e-08    1.469731e-07
1.18772e-07    -1.982221e-08    -8.06896e-08    -1.52912e-08    -1.907629e-08    1.488221e-06    -2.408789e-08    -8.901257e-07    1.222054e-07    -3.036784e-08
4.259118e-08    1.283563e-07    2.696268e-08    -6.377093e-08    -6.478161e-08    -2.408789e-08    1.469001e-06    -2.675869e-07    -8.766441e-07    3.187884e-07
-5.94661e-08    3.305485e-08    1.23639e-07    2.266387e-08    -7.251982e-08    -8.901257e-07    -2.675869e-07    1.48309e-06    1.63897e-08    -6.518244e-07
-1.824484e-08    -8.181469e-08    -1.251113e-08    9.995015e-08    4.039775e-08    1.222054e-07    -8.766441e-07    1.63897e-08    1.491342e-06    -6.821081e-07
-4.958132e-08    -3.212982e-08    -4.308088e-08    -1.902189e-09    1.469731e-07    -3.036784e-08    3.187884e-07    -6.518244e-07    -6.821081e-07    1.407593e-06
