1.472261e-06    -2.771836e-08    -8.060405e-07    -1.670963e-07    5.869345e-09    1.400001e-07    -1.490923e-07    -1.702624e-07    1.153511e-07    4.399559e-08    6.287576e-08    -3.396272e-08    -3.714326e-08    5.829866e-08    -2.893049e-08    1.18772e-07    4.259118e-08    -5.94661e-08    -1.824484e-08    -4.958132e-08
-2.771836e-08    1.40532e-06    -1.165064e-07    -8.28338e-07    8.458467e-08    -1.575981e-07    -4.36498e-08    -3.354596e-09    -1.647421e-07    1.823721e-07    -8.474673e-08    6.141782e-08    9.848694e-08    -4.019825e-08    -1.68407e-08    -1.982221e-08    1.283563e-07    3.305485e-08    -8.181469e-08    -3.212982e-08
-8.060405e-07    -1.165064e-07    1.404402e-06    -2.098517e-08    -5.475253e-07    -1.532749e-07    -1.014019e-08    -1.377712e-08    -1.705426e-07    1.455066e-07    -5.837198e-08    8.004831e-08    8.544434e-08    -2.349461e-08    -4.840024e-08    -8.06896e-08    2.696268e-08    1.23639e-07    -1.251113e-08    -4.308088e-08
-1.670963e-07    -8.28338e-07    -2.098517e-08    1.487765e-06    -4.545773e-07    1.179364e-07    -1.402534e-07    -1.350892e-07    1.188122e-07    1.163941e-09    6.806371e-08    1.307612e-09    -5.214887e-09    1.62065e-08    -2.335883e-08    -1.52912e-08    -6.377093e-08    2.266387e-08    9.995015e-08    -1.902189e-09
5.869345e-09    8.458467e-08    -5.475253e-07    -4.545773e-07    1.395502e-06    1.797426e-08    1.573175e-07    1.628099e-07    6.047841e-08    -1.701644e-07    1.202648e-08    -7.264011e-08    -7.072386e-08    1.410183e-09    3.967328e-08    -1.907629e-08    -6.478161e-08    -7.251982e-08    4.039775e-08    1.469731e-07
1.400001e-07    -1.575981e-07    -1.532749e-07    1.179364e-07    1.797426e-08    1.500904e-06    -6.792759e-08    -9.316614e-07    -1.044795e-07    6.552873e-08    7.051152e-08    -2.076784e-08    -2.594261e-08    4.95003e-08    -3.585296e-08    1.779057e-07    -1.201084e-07    -1.055073e-07    1.613324e-07    -6.980407e-08
-1.490923e-07    -4.36498e-08    -1.014019e-08    -1.402534e-07    1.573175e-07    -6.792759e-08    1.449781e-06    -8.824959e-08    -8.700961e-07    1.157145e-07    -1.060686e-07    1.111373e-07    1.438746e-07    -5.613807e-08    -5.316681e-08    -1.140911e-07    -5.609095e-08    -4.731916e-08    -1.127246e-07    1.386817e-07
-1.702624e-07    -3.354596e-09    -1.377712e-08    -1.350892e-07    1.628099e-07    -9.316614e-07    -8.824959e-08    1.473615e-06    1.564405e-08    -5.819284e-07    -7.774924e-08    1.323934e-07    1.330354e-07    -6.475551e-08    -6.208704e-08    -1.044416e-07    -5.433718e-08    -8.194446e-08    -1.153003e-07    1.926933e-07
1.153511e-07    -1.647421e-07    -1.705426e-07    1.188122e-07    6.047841e-08    -1.044795e-07    -8.700961e-07    1.564405e-08    1.490392e-06    -5.003959e-07    1.115996e-07    -1.872415e-08    -3.619999e-08    4.371854e-08    -5.794552e-08    1.479271e-07    -1.381555e-07    -1.288627e-07    1.418918e-07    6.927969e-10
4.399559e-08    1.823721e-07    1.455066e-07    1.163941e-09    -1.701644e-07    6.552873e-08    1.157145e-07    -5.819284e-07    -5.003959e-07    1.359764e-06    1.251589e-08    -1.149566e-07    -1.048484e-07    2.029848e-08    9.601713e-08    -3.731456e-08    1.766635e-07    1.656855e-07    -2.513669e-08    -1.394244e-07
6.287576e-08    -8.474673e-08    -5.837198e-08    6.806371e-08    1.202648e-08    7.051152e-08    -1.060686e-07    -7.774924e-08    1.115996e-07    1.251589e-08    1.52958e-06    6.45166e-08    -9.56524e-07    -9.956706e-08    -2.853993e-08    1.016575e-07    -5.870765e-08    -7.119648e-08    1.299544e-07    -2.255562e-08
-3.396272e-08    6.141782e-08    8.004831e-08    1.307612e-09    -7.264011e-08    -2.076784e-08    1.111373e-07    1.323934e-07    -1.872415e-08    -1.149566e-07    6.45166e-08    1.446377e-06    -1.275845e-07    -9.453861e-07    1.627079e-07    -1.004725e-07    -2.89448e-08    -2.928284e-08    -1.040253e-07    1.565102e-07
-3.714326e-08    9.848694e-08    8.544434e-08    -5.214887e-09    -7.072386e-08    -2.594261e-08    1.438746e-07    1.330354e-07    -3.619999e-08    -1.048484e-07    -9.56524e-07    -1.275845e-07    1.464836e-06    9.324971e-08    -6.101678e-07    -7.310064e-08    -7.990152e-08    -5.470747e-08    -9.187547e-08    1.057459e-07
5.829866e-08    -4.019825e-08    -2.349461e-08    1.62065e-08    1.410183e-09    4.95003e-08    -5.613807e-08    -6.475551e-08    4.371854e-08    2.029848e-08    -9.956706e-08    -9.453861e-07    9.324971e-08    1.54226e-06    -5.403509e-07    1.222987e-07    -6.395903e-08    -9.432675e-08    8.585672e-08    -4.106822e-08
-2.893049e-08    -1.68407e-08    -4.840024e-08    -2.335883e-08    3.967328e-08    -3.585296e-08    -5.316681e-08    -6.208704e-08    -5.794552e-08    9.601713e-08    -2.853993e-08    1.627079e-07    -6.101678e-07    -5.403509e-07    1.400184e-06    -2.278646e-08    1.368151e-07    1.308943e-07    -4.968168e-08    -7.087612e-08
1.18772e-07    -1.982221e-08    -8.06896e-08    -1.52912e-08    -1.907629e-08    1.779057e-07    -1.140911e-07    -1.044416e-07    1.479271e-07    -3.731456e-08    1.016575e-07    -1.004725e-07    -7.310064e-08    1.222987e-07    -2.278646e-08    1.488221e-06    -2.408789e-08    -8.901257e-07    1.222054e-07    -3.036784e-08
4.259118e-08    1.283563e-07    2.696268e-08    -6.377093e-08    -6.478161e-08    -1.201084e-07    -5.609095e-08    -5.433718e-08    -1.381555e-07    1.766635e-07    -5.870765e-08    -2.89448e-08    -7.990152e-08    -6.395903e-08    1.368151e-07    -2.408789e-08    1.469001e-06    -2.675869e-07    -8.766441e-07    3.187884e-07
-5.94661e-08    3.305485e-08    1.23639e-07    2.266387e-08    -7.251982e-08    -1.055073e-07    -4.731916e-08    -8.194446e-08    -1.288627e-07    1.656855e-07    -7.119648e-08    -2.928284e-08    -5.470747e-08    -9.432675e-08    1.308943e-07    -8.901257e-07    -2.675869e-07    1.48309e-06    1.63897e-08    -6.518244e-07
-1.824484e-08    -8.181469e-08    -1.251113e-08    9.995015e-08    4.039775e-08    1.613324e-07    -1.127246e-07    -1.153003e-07    1.418918e-07    -2.513669e-08    1.299544e-07    -1.040253e-07    -9.187547e-08    8.585672e-08    -4.968168e-08    1.222054e-07    -8.766441e-07    1.63897e-08    1.491342e-06    -6.821081e-07
-4.958132e-08    -3.212982e-08    -4.308088e-08    -1.902189e-09    1.469731e-07    -6.980407e-08    1.386817e-07    1.926933e-07    6.927969e-10    -1.394244e-07    -2.255562e-08    1.565102e-07    1.057459e-07    -4.106822e-08    -7.087612e-08    -3.036784e-08    3.187884e-07    -6.518244e-07    -6.821081e-07    1.407593e-06
