1.472261e-06    -2.771836e-08    -8.060405e-07    -1.670963e-07    5.869345e-09    2.277149e-07    2.463567e-08    -7.274089e-08    2.284364e-07    -1.6379e-07    6.287576e-08    -3.396272e-08    -3.714326e-08    5.829866e-08    -2.893049e-08    1.18772e-07    4.259118e-08    -5.94661e-08    -1.824484e-08    -4.958132e-08
-2.771836e-08    1.40532e-06    -1.165064e-07    -8.28338e-07    8.458467e-08    -3.851125e-07    3.184623e-07    4.195932e-07    -3.112969e-07    -4.237352e-08    -8.474673e-08    6.141782e-08    9.848694e-08    -4.019825e-08    -1.68407e-08    -1.982221e-08    1.283563e-07    3.305485e-08    -8.181469e-08    -3.212982e-08
-8.060405e-07    -1.165064e-07    1.404402e-06    -2.098517e-08    -5.475253e-07    -4.174546e-07    3.553373e-07    4.458711e-07    -3.349608e-07    -1.455987e-08    -5.837198e-08    8.004831e-08    8.544434e-08    -2.349461e-08    -4.840024e-08    -8.06896e-08    2.696268e-08    1.23639e-07    -1.251113e-08    -4.308088e-08
-1.670963e-07    -8.28338e-07    -2.098517e-08    1.487765e-06    -4.545773e-07    2.190603e-07    2.421523e-08    -6.053385e-08    2.340137e-07    -1.634464e-07    6.806371e-08    1.307612e-09    -5.214887e-09    1.62065e-08    -2.335883e-08    -1.52912e-08    -6.377093e-08    2.266387e-08    9.995015e-08    -1.902189e-09
5.869345e-09    8.458467e-08    -5.475253e-07    -4.545773e-07    1.395502e-06    1.830015e-07    -3.828083e-07    -3.709494e-07    1.162611e-07    1.867564e-07    1.202648e-08    -7.264011e-08    -7.072386e-08    1.410183e-09    3.967328e-08    -1.907629e-08    -6.478161e-08    -7.251982e-08    4.039775e-08    1.469731e-07
2.277149e-07    -3.851125e-07    -4.174546e-07    2.190603e-07    1.830015e-07    1.367607e-06    -3.399759e-07    -6.355789e-07    1.187194e-07    -1.167139e-07    2.379299e-08    -8.476078e-08    -1.177885e-07    -1.705593e-08    1.130567e-07    2.598176e-09    -7.713736e-08    -1.10219e-07    -1.684802e-08    1.201367e-07
2.463567e-08    3.184623e-07    3.553373e-07    2.421523e-08    -3.828083e-07    -3.399759e-07    1.754976e-06    8.989151e-08    -7.144456e-07    -6.704824e-08    -1.830333e-08    5.755278e-08    5.861514e-08    9.597722e-10    -4.948949e-08    -4.786757e-08    7.405405e-08    8.634452e-08    -3.335073e-08    -4.88374e-08
-7.274089e-08    4.195932e-07    4.458711e-07    -6.053385e-08    -3.709494e-07    -6.355789e-07    8.989151e-08    1.706385e-06    -2.692439e-07    -7.773005e-07    -3.205093e-08    4.369783e-08    9.741262e-08    1.727274e-08    -6.947163e-08    9.965901e-09    4.908688e-08    1.91181e-08    -3.846372e-10    -4.6927e-08
2.284364e-07    -3.112969e-07    -3.349608e-07    2.340137e-07    1.162611e-07    1.187194e-07    -7.144456e-07    -2.692439e-07    1.419714e-06    -4.286468e-07    -2.137453e-10    -8.061973e-08    -7.582793e-08    -3.863633e-08    8.513924e-08    -2.132337e-09    -1.184211e-07    -1.237288e-07    -1.850396e-08    1.361753e-07
-1.6379e-07    -4.237352e-08    -1.455987e-08    -1.634464e-07    1.867564e-07    -1.167139e-07    -6.704824e-08    -7.773005e-07    -4.286468e-07    1.454712e-06    3.231088e-08    1.915438e-08    -5.04835e-09    3.677339e-08    -4.684163e-08    -8.611578e-09    2.345284e-08    6.496239e-08    4.030885e-08    -6.680393e-08
6.287576e-08    -8.474673e-08    -5.837198e-08    6.806371e-08    1.202648e-08    2.379299e-08    -1.830333e-08    -3.205093e-08    -2.137453e-10    3.231088e-08    1.52958e-06    6.45166e-08    -9.56524e-07    -9.956706e-08    -2.853993e-08    1.016575e-07    -5.870765e-08    -7.119648e-08    1.299544e-07    -2.255562e-08
-3.396272e-08    6.141782e-08    8.004831e-08    1.307612e-09    -7.264011e-08    -8.476078e-08    5.755278e-08    4.369783e-08    -8.061973e-08    1.915438e-08    6.45166e-08    1.446377e-06    -1.275845e-07    -9.453861e-07    1.627079e-07    -1.004725e-07    -2.89448e-08    -2.928284e-08    -1.040253e-07    1.565102e-07
-3.714326e-08    9.848694e-08    8.544434e-08    -5.214887e-09    -7.072386e-08    -1.177885e-07    5.861514e-08    9.741262e-08    -7.582793e-08    -5.04835e-09    -9.56524e-07    -1.275845e-07    1.464836e-06    9.324971e-08    -6.101678e-07    -7.310064e-08    -7.990152e-08    -5.470747e-08    -9.187547e-08    1.057459e-07
5.829866e-08    -4.019825e-08    -2.349461e-08    1.62065e-08    1.410183e-09    -1.705593e-08    9.597722e-10    1.727274e-08    -3.863633e-08    3.677339e-08    -9.956706e-08    -9.453861e-07    9.324971e-08    1.54226e-06    -5.403509e-07    1.222987e-07    -6.395903e-08    -9.432675e-08    8.585672e-08    -4.106822e-08
-2.893049e-08    -1.68407e-08    -4.840024e-08    -2.335883e-08    3.967328e-08    1.130567e-07    -4.948949e-08    -6.947163e-08    8.513924e-08    -4.684163e-08    -2.853993e-08    1.627079e-07    -6.101678e-07    -5.403509e-07    1.400184e-06    -2.278646e-08    1.368151e-07    1.308943e-07    -4.968168e-08    -7.087612e-08
1.18772e-07    -1.982221e-08    -8.06896e-08    -1.52912e-08    -1.907629e-08    2.598176e-09    -4.786757e-08    9.965901e-09    -2.132337e-09    -8.611578e-09    1.016575e-07    -1.004725e-07    -7.310064e-08    1.222987e-07    -2.278646e-08    1.488221e-06    -2.408789e-08    -8.901257e-07    1.222054e-07    -3.036784e-08
4.259118e-08    1.283563e-07    2.696268e-08    -6.377093e-08    -6.478161e-08    -7.713736e-08    7.405405e-08    4.908688e-08    -1.184211e-07    2.345284e-08    -5.870765e-08    -2.89448e-08    -7.990152e-08    -6.395903e-08    1.368151e-07    -2.408789e-08    1.469001e-06    -2.675869e-07    -8.766441e-07    3.187884e-07
-5.94661e-08    3.305485e-08    1.23639e-07    2.266387e-08    -7.251982e-08    -1.10219e-07    8.634452e-08    1.91181e-08    -1.237288e-07    6.496239e-08    -7.119648e-08    -2.928284e-08    -5.470747e-08    -9.432675e-08    1.308943e-07    -8.901257e-07    -2.675869e-07    1.48309e-06    1.63897e-08    -6.518244e-07
-1.824484e-08    -8.181469e-08    -1.251113e-08    9.995015e-08    4.039775e-08    -1.684802e-08    -3.335073e-08    -3.846372e-10    -1.850396e-08    4.030885e-08    1.299544e-07    -1.040253e-07    -9.187547e-08    8.585672e-08    -4.968168e-08    1.222054e-07    -8.766441e-07    1.63897e-08    1.491342e-06    -6.821081e-07
-4.958132e-08    -3.212982e-08    -4.308088e-08    -1.902189e-09    1.469731e-07    1.201367e-07    -4.88374e-08    -4.6927e-08    1.361753e-07    -6.680393e-08    -2.255562e-08    1.565102e-07    1.057459e-07    -4.106822e-08    -7.087612e-08    -3.036784e-08    3.187884e-07    -6.518244e-07    -6.821081e-07    1.407593e-06
