1.500574e-06    4.060326e-09    -8.85666e-07    -1.309846e-07    -8.964745e-09    2.872065e-08    -2.316341e-08    1.158679e-08    5.078264e-08    -4.007501e-08    1.432584e-07    -9.272666e-08    -1.311881e-07    1.349355e-07    -1.609432e-08
4.060326e-09    1.464712e-06    -7.617568e-08    -9.30747e-07    1.01137e-07    -7.298909e-08    1.69456e-07    1.534164e-07    -8.984802e-08    -6.488417e-08    -9.819912e-08    -4.092113e-08    -6.792955e-08    -1.35098e-07    1.839463e-07
-8.85666e-07    -7.617568e-08    1.446102e-06    -1.553817e-08    -5.505019e-07    -4.597185e-08    1.12264e-07    9.321558e-08    -5.749104e-08    -3.849221e-08    -8.920368e-08    -9.15753e-08    -5.77729e-08    -1.059365e-07    1.608636e-07
-1.309846e-07    -9.30747e-07    -1.553817e-08    1.496615e-06    -4.839208e-07    7.697412e-08    -6.771576e-08    -5.730122e-08    8.755534e-08    -2.752668e-08    1.590839e-07    -1.306386e-07    -1.240786e-07    1.633842e-07    -4.969742e-08
-8.964745e-09    1.01137e-07    -5.505019e-07    -4.839208e-07    1.388061e-06    1.021938e-08    -7.70035e-08    -1.123544e-07    -1.940932e-08    1.041412e-07    -5.492331e-08    2.012279e-07    1.997686e-07    -3.163049e-08    -1.459736e-07
2.872065e-08    -7.298909e-08    -4.597185e-08    7.697412e-08    1.021938e-08    1.52958e-06    6.45166e-08    -9.56524e-07    -9.956706e-08    -2.853993e-08    1.016575e-07    -5.870765e-08    -7.119648e-08    1.299544e-07    -2.255562e-08
-2.316341e-08    1.69456e-07    1.12264e-07    -6.771576e-08    -7.70035e-08    6.45166e-08    1.446377e-06    -1.275845e-07    -9.453861e-07    1.627079e-07    -1.004725e-07    -2.89448e-08    -2.928284e-08    -1.040253e-07    1.565102e-07
1.158679e-08    1.534164e-07    9.321558e-08    -5.730122e-08    -1.123544e-07    -9.56524e-07    -1.275845e-07    1.464836e-06    9.324971e-08    -6.101678e-07    -7.310064e-08    -7.990152e-08    -5.470747e-08    -9.187547e-08    1.057459e-07
5.078264e-08    -8.984802e-08    -5.749104e-08    8.755534e-08    -1.940932e-08    -9.956706e-08    -9.453861e-07    9.324971e-08    1.54226e-06    -5.403509e-07    1.222987e-07    -6.395903e-08    -9.432675e-08    8.585672e-08    -4.106822e-08
-4.007501e-08    -6.488417e-08    -3.849221e-08    -2.752668e-08    1.041412e-07    -2.853993e-08    1.627079e-07    -6.101678e-07    -5.403509e-07    1.400184e-06    -2.278646e-08    1.368151e-07    1.308943e-07    -4.968168e-08    -7.087612e-08
1.432584e-07    -9.819912e-08    -8.920368e-08    1.590839e-07    -5.492331e-08    1.016575e-07    -1.004725e-07    -7.310064e-08    1.222987e-07    -2.278646e-08    1.488221e-06    -2.408789e-08    -8.901257e-07    1.222054e-07    -3.036784e-08
-9.272666e-08    -4.092113e-08    -9.15753e-08    -1.306386e-07    2.012279e-07    -5.870765e-08    -2.89448e-08    -7.990152e-08    -6.395903e-08    1.368151e-07    -2.408789e-08    1.469001e-06    -2.675869e-07    -8.766441e-07    3.187884e-07
-1.311881e-07    -6.792955e-08    -5.77729e-08    -1.240786e-07    1.997686e-07    -7.119648e-08    -2.928284e-08    -5.470747e-08    -9.432675e-08    1.308943e-07    -8.901257e-07    -2.675869e-07    1.48309e-06    1.63897e-08    -6.518244e-07
1.349355e-07    -1.35098e-07    -1.059365e-07    1.633842e-07    -3.163049e-08    1.299544e-07    -1.040253e-07    -9.187547e-08    8.585672e-08    -4.968168e-08    1.222054e-07    -8.766441e-07    1.63897e-08    1.491342e-06    -6.821081e-07
-1.609432e-08    1.839463e-07    1.608636e-07    -4.969742e-08    -1.459736e-07    -2.255562e-08    1.565102e-07    1.057459e-07    -4.106822e-08    -7.087612e-08    -3.036784e-08    3.187884e-07    -6.518244e-07    -6.821081e-07    1.407593e-06
