1.500904e-06    -6.792759e-08    -9.316614e-07    -1.044795e-07    6.552873e-08    1.779057e-07    -1.201084e-07    -1.055073e-07    1.613324e-07    -6.980407e-08
-6.792759e-08    1.449781e-06    -8.824959e-08    -8.700961e-07    1.157145e-07    -1.140911e-07    -5.609095e-08    -4.731916e-08    -1.127246e-07    1.386817e-07
-9.316614e-07    -8.824959e-08    1.473615e-06    1.564405e-08    -5.819284e-07    -1.044416e-07    -5.433718e-08    -8.194446e-08    -1.153003e-07    1.926933e-07
-1.044795e-07    -8.700961e-07    1.564405e-08    1.490392e-06    -5.003959e-07    1.479271e-07    -1.381555e-07    -1.288627e-07    1.418918e-07    6.927969e-10
6.552873e-08    1.157145e-07    -5.819284e-07    -5.003959e-07    1.359764e-06    -3.731456e-08    1.766635e-07    1.656855e-07    -2.513669e-08    -1.394244e-07
1.779057e-07    -1.140911e-07    -1.044416e-07    1.479271e-07    -3.731456e-08    1.488221e-06    -2.408789e-08    -8.901257e-07    1.222054e-07    -3.036784e-08
-1.201084e-07    -5.609095e-08    -5.433718e-08    -1.381555e-07    1.766635e-07    -2.408789e-08    1.469001e-06    -2.675869e-07    -8.766441e-07    3.187884e-07
-1.055073e-07    -4.731916e-08    -8.194446e-08    -1.288627e-07    1.656855e-07    -8.901257e-07    -2.675869e-07    1.48309e-06    1.63897e-08    -6.518244e-07
1.613324e-07    -1.127246e-07    -1.153003e-07    1.418918e-07    -2.513669e-08    1.222054e-07    -8.766441e-07    1.63897e-08    1.491342e-06    -6.821081e-07
-6.980407e-08    1.386817e-07    1.926933e-07    6.927969e-10    -1.394244e-07    -3.036784e-08    3.187884e-07    -6.518244e-07    -6.821081e-07    1.407593e-06
