1.457257e-06    1.743115e-07    -9.820345e-07    -2.900465e-08    -9.333046e-09    9.891892e-08    -9.436793e-08    -7.799808e-08    8.363312e-08    -3.495001e-08
1.743115e-07    1.616657e-06    -3.358758e-07    -9.808844e-07    3.401568e-07    -1.183046e-07    -1.836602e-08    -1.323791e-08    -9.909853e-08    1.082893e-07
-9.820345e-07    -3.358758e-07    1.598062e-06    1.488089e-07    -7.693114e-07    -8.31496e-08    -1.030796e-08    -2.329261e-08    -9.795451e-08    1.318902e-07
-2.900465e-08    -9.808844e-07    1.488089e-07    1.454786e-06    -6.167025e-07    1.34295e-07    -1.057208e-07    -9.456781e-08    1.114041e-07    -2.303588e-08
-9.333046e-09    3.401568e-07    -7.693114e-07    -6.167025e-07    1.398793e-06    -4.434065e-08    1.180164e-07    1.122484e-07    1.235905e-08    -1.103303e-07
9.891892e-08    -1.183046e-07    -8.31496e-08    1.34295e-07    -4.434065e-08    1.488221e-06    -2.408789e-08    -8.901257e-07    1.222054e-07    -3.036784e-08
-9.436793e-08    -1.836602e-08    -1.030796e-08    -1.057208e-07    1.180164e-07    -2.408789e-08    1.469001e-06    -2.675869e-07    -8.766441e-07    3.187884e-07
-7.799808e-08    -1.323791e-08    -2.329261e-08    -9.456781e-08    1.122484e-07    -8.901257e-07    -2.675869e-07    1.48309e-06    1.63897e-08    -6.518244e-07
8.363312e-08    -9.909853e-08    -9.795451e-08    1.114041e-07    1.235905e-08    1.222054e-07    -8.766441e-07    1.63897e-08    1.491342e-06    -6.821081e-07
-3.495001e-08    1.082893e-07    1.318902e-07    -2.303588e-08    -1.103303e-07    -3.036784e-08    3.187884e-07    -6.518244e-07    -6.821081e-07    1.407593e-06
