1.472261e-06    -2.771836e-08    -8.060405e-07    -1.670963e-07    5.869345e-09    1.105395e-07    -9.147291e-08    -1.238757e-07    1.050113e-07    -2.2601e-09    6.287576e-08    -3.396272e-08    -3.714326e-08    5.829866e-08    -2.893049e-08    1.18772e-07    4.259118e-08    -5.94661e-08    -1.824484e-08    -4.958132e-08
-2.771836e-08    1.40532e-06    -1.165064e-07    -8.28338e-07    8.458467e-08    -7.546077e-08    -9.620477e-08    -6.119929e-08    -6.103017e-08    1.425793e-07    -8.474673e-08    6.141782e-08    9.848694e-08    -4.019825e-08    -1.68407e-08    -1.982221e-08    1.283563e-07    3.305485e-08    -8.181469e-08    -3.212982e-08
-8.060405e-07    -1.165064e-07    1.404402e-06    -2.098517e-08    -5.475253e-07    -6.822605e-08    -1.160964e-07    -9.256362e-08    -5.72444e-08    1.72404e-07    -5.837198e-08    8.004831e-08    8.544434e-08    -2.349461e-08    -4.840024e-08    -8.06896e-08    2.696268e-08    1.23639e-07    -1.251113e-08    -4.308088e-08
-1.670963e-07    -8.28338e-07    -2.098517e-08    1.487765e-06    -4.545773e-07    8.329951e-08    -1.288955e-07    -1.136107e-07    1.379895e-07    1.635658e-08    6.806371e-08    1.307612e-09    -5.214887e-09    1.62065e-08    -2.335883e-08    -1.52912e-08    -6.377093e-08    2.266387e-08    9.995015e-08    -1.902189e-09
5.869345e-09    8.458467e-08    -5.475253e-07    -4.545773e-07    1.395502e-06    -3.724478e-08    1.92759e-07    1.931197e-07    -4.849332e-08    -1.555638e-07    1.202648e-08    -7.264011e-08    -7.072386e-08    1.410183e-09    3.967328e-08    -1.907629e-08    -6.478161e-08    -7.251982e-08    4.039775e-08    1.469731e-07
1.105395e-07    -7.546077e-08    -6.822605e-08    8.329951e-08    -3.724478e-08    1.457257e-06    1.743115e-07    -9.820345e-07    -2.900465e-08    -9.333046e-09    9.244523e-08    -1.134345e-07    -9.45354e-08    9.423173e-08    2.068195e-08    9.891892e-08    -9.436793e-08    -7.799808e-08    8.363312e-08    -3.495001e-08
-9.147291e-08    -9.620477e-08    -1.160964e-07    -1.288955e-07    1.92759e-07    1.743115e-07    1.616657e-06    -3.358758e-07    -9.808844e-07    3.401568e-07    -1.290405e-07    4.168029e-08    3.950273e-08    -1.265016e-07    9.531791e-08    -1.183046e-07    -1.836602e-08    -1.323791e-08    -9.909853e-08    1.082893e-07
-1.238757e-07    -6.119929e-08    -9.256362e-08    -1.136107e-07    1.931197e-07    -9.820345e-07    -3.358758e-07    1.598062e-06    1.488089e-07    -7.693114e-07    -9.30373e-08    2.668827e-08    1.394906e-08    -1.044701e-07    6.902153e-08    -8.31496e-08    -1.030796e-08    -2.329261e-08    -9.795451e-08    1.318902e-07
1.050113e-07    -6.103017e-08    -5.72444e-08    1.379895e-07    -4.849332e-08    -2.900465e-08    -9.808844e-07    1.488089e-07    1.454786e-06    -6.167025e-07    1.270503e-07    -9.270717e-08    -1.063806e-07    9.185157e-08    -2.036039e-08    1.34295e-07    -1.057208e-07    -9.456781e-08    1.114041e-07    -2.303588e-08
-2.2601e-09    1.425793e-07    1.72404e-07    1.635658e-08    -1.555638e-07    -9.333046e-09    3.401568e-07    -7.693114e-07    -6.167025e-07    1.398793e-06    -3.801253e-09    7.240778e-08    8.69219e-08    1.759631e-08    -9.089819e-08    -4.434065e-08    1.180164e-07    1.122484e-07    1.235905e-08    -1.103303e-07
6.287576e-08    -8.474673e-08    -5.837198e-08    6.806371e-08    1.202648e-08    9.244523e-08    -1.290405e-07    -9.30373e-08    1.270503e-07    -3.801253e-09    1.52958e-06    6.45166e-08    -9.56524e-07    -9.956706e-08    -2.853993e-08    1.016575e-07    -5.870765e-08    -7.119648e-08    1.299544e-07    -2.255562e-08
-3.396272e-08    6.141782e-08    8.004831e-08    1.307612e-09    -7.264011e-08    -1.134345e-07    4.168029e-08    2.668827e-08    -9.270717e-08    7.240778e-08    6.45166e-08    1.446377e-06    -1.275845e-07    -9.453861e-07    1.627079e-07    -1.004725e-07    -2.89448e-08    -2.928284e-08    -1.040253e-07    1.565102e-07
-3.714326e-08    9.848694e-08    8.544434e-08    -5.214887e-09    -7.072386e-08    -9.45354e-08    3.950273e-08    1.394906e-08    -1.063806e-07    8.69219e-08    -9.56524e-07    -1.275845e-07    1.464836e-06    9.324971e-08    -6.101678e-07    -7.310064e-08    -7.990152e-08    -5.470747e-08    -9.187547e-08    1.057459e-07
5.829866e-08    -4.019825e-08    -2.349461e-08    1.62065e-08    1.410183e-09    9.423173e-08    -1.265016e-07    -1.044701e-07    9.185157e-08    1.759631e-08    -9.956706e-08    -9.453861e-07    9.324971e-08    1.54226e-06    -5.403509e-07    1.222987e-07    -6.395903e-08    -9.432675e-08    8.585672e-08    -4.106822e-08
-2.893049e-08    -1.68407e-08    -4.840024e-08    -2.335883e-08    3.967328e-08    2.068195e-08    9.531791e-08    6.902153e-08    -2.036039e-08    -9.089819e-08    -2.853993e-08    1.627079e-07    -6.101678e-07    -5.403509e-07    1.400184e-06    -2.278646e-08    1.368151e-07    1.308943e-07    -4.968168e-08    -7.087612e-08
1.18772e-07    -1.982221e-08    -8.06896e-08    -1.52912e-08    -1.907629e-08    9.891892e-08    -1.183046e-07    -8.31496e-08    1.34295e-07    -4.434065e-08    1.016575e-07    -1.004725e-07    -7.310064e-08    1.222987e-07    -2.278646e-08    1.488221e-06    -2.408789e-08    -8.901257e-07    1.222054e-07    -3.036784e-08
4.259118e-08    1.283563e-07    2.696268e-08    -6.377093e-08    -6.478161e-08    -9.436793e-08    -1.836602e-08    -1.030796e-08    -1.057208e-07    1.180164e-07    -5.870765e-08    -2.89448e-08    -7.990152e-08    -6.395903e-08    1.368151e-07    -2.408789e-08    1.469001e-06    -2.675869e-07    -8.766441e-07    3.187884e-07
-5.94661e-08    3.305485e-08    1.23639e-07    2.266387e-08    -7.251982e-08    -7.799808e-08    -1.323791e-08    -2.329261e-08    -9.456781e-08    1.122484e-07    -7.119648e-08    -2.928284e-08    -5.470747e-08    -9.432675e-08    1.308943e-07    -8.901257e-07    -2.675869e-07    1.48309e-06    1.63897e-08    -6.518244e-07
-1.824484e-08    -8.181469e-08    -1.251113e-08    9.995015e-08    4.039775e-08    8.363312e-08    -9.909853e-08    -9.795451e-08    1.114041e-07    1.235905e-08    1.299544e-07    -1.040253e-07    -9.187547e-08    8.585672e-08    -4.968168e-08    1.222054e-07    -8.766441e-07    1.63897e-08    1.491342e-06    -6.821081e-07
-4.958132e-08    -3.212982e-08    -4.308088e-08    -1.902189e-09    1.469731e-07    -3.495001e-08    1.082893e-07    1.318902e-07    -2.303588e-08    -1.103303e-07    -2.255562e-08    1.565102e-07    1.057459e-07    -4.106822e-08    -7.087612e-08    -3.036784e-08    3.187884e-07    -6.518244e-07    -6.821081e-07    1.407593e-06
