1.472261e-06    -2.771836e-08    -8.060405e-07    -1.670963e-07    5.869345e-09    1.372409e-07    -1.349832e-07    -1.145155e-07    1.491429e-07    -1.116148e-08    6.287576e-08    -3.396272e-08    -3.714326e-08    5.829866e-08    -2.893049e-08    1.18772e-07    4.259118e-08    -5.94661e-08    -1.824484e-08    -4.958132e-08
-2.771836e-08    1.40532e-06    -1.165064e-07    -8.28338e-07    8.458467e-08    -8.695167e-08    -5.21234e-08    -6.455015e-08    -7.782534e-08    1.280782e-07    -8.474673e-08    6.141782e-08    9.848694e-08    -4.019825e-08    -1.68407e-08    -1.982221e-08    1.283563e-07    3.305485e-08    -8.181469e-08    -3.212982e-08
-8.060405e-07    -1.165064e-07    1.404402e-06    -2.098517e-08    -5.475253e-07    -5.923838e-08    -6.958824e-08    -1.0309e-07    -1.064014e-07    1.796489e-07    -5.837198e-08    8.004831e-08    8.544434e-08    -2.349461e-08    -4.840024e-08    -8.06896e-08    2.696268e-08    1.23639e-07    -1.251113e-08    -4.308088e-08
-1.670963e-07    -8.28338e-07    -2.098517e-08    1.487765e-06    -4.545773e-07    1.280822e-07    -1.362658e-07    -1.250753e-07    1.621283e-07    -1.427687e-08    6.806371e-08    1.307612e-09    -5.214887e-09    1.62065e-08    -2.335883e-08    -1.52912e-08    -6.377093e-08    2.266387e-08    9.995015e-08    -1.902189e-09
5.869345e-09    8.458467e-08    -5.475253e-07    -4.545773e-07    1.395502e-06    -5.242479e-08    1.997559e-07    1.879267e-07    -7.093035e-08    -1.221763e-07    1.202648e-08    -7.264011e-08    -7.072386e-08    1.410183e-09    3.967328e-08    -1.907629e-08    -6.478161e-08    -7.251982e-08    4.039775e-08    1.469731e-07
1.372409e-07    -8.695167e-08    -5.923838e-08    1.280822e-07    -5.242479e-08    1.451722e-06    5.084839e-08    -8.917713e-07    9.169017e-09    -9.626868e-08    1.044622e-07    -6.394594e-08    -1.058587e-07    6.086563e-08    -7.887095e-09    9.050932e-08    -1.195921e-07    -8.619052e-08    1.281503e-07    -2.580738e-08
-1.349832e-07    -5.21234e-08    -6.958824e-08    -1.362658e-07    1.997559e-07    5.084839e-08    1.593388e-06    -3.757712e-07    -9.087368e-07    3.473426e-07    -1.18562e-07    2.516905e-08    2.526012e-08    -9.981249e-08    6.449022e-08    -1.084878e-07    -9.634674e-09    3.189764e-09    -1.150842e-07    1.072467e-07
-1.145155e-07    -6.455015e-08    -1.0309e-07    -1.250753e-07    1.879267e-07    -8.917713e-07    -3.757712e-07    1.553748e-06    6.150669e-08    -6.874152e-07    -1.051849e-07    -1.856564e-08    3.314313e-08    -6.438304e-08    9.104498e-08    -5.709042e-08    8.209942e-11    -4.00934e-08    -1.192089e-07    1.309617e-07
1.491429e-07    -7.782534e-08    -1.064014e-07    1.621283e-07    -7.093035e-08    9.169017e-09    -9.087368e-07    6.150669e-08    1.45305e-06    -5.407393e-07    1.097588e-07    -8.151152e-08    -1.202722e-07    8.315985e-08    1.588424e-08    1.025116e-07    -7.635432e-08    -9.172904e-08    8.941297e-08    -1.351879e-08
-1.116148e-08    1.280782e-07    1.796489e-07    -1.427687e-08    -1.221763e-07    -9.626868e-08    3.473426e-07    -6.874152e-07    -5.407393e-07    1.411932e-06    -9.350052e-09    8.829553e-08    9.899948e-08    -1.031458e-08    -8.749885e-08    -5.089839e-08    1.064236e-07    1.306604e-07    -1.707189e-08    -9.345502e-08
6.287576e-08    -8.474673e-08    -5.837198e-08    6.806371e-08    1.202648e-08    1.044622e-07    -1.18562e-07    -1.051849e-07    1.097588e-07    -9.350052e-09    1.52958e-06    6.45166e-08    -9.56524e-07    -9.956706e-08    -2.853993e-08    1.016575e-07    -5.870765e-08    -7.119648e-08    1.299544e-07    -2.255562e-08
-3.396272e-08    6.141782e-08    8.004831e-08    1.307612e-09    -7.264011e-08    -6.394594e-08    2.516905e-08    -1.856564e-08    -8.151152e-08    8.829553e-08    6.45166e-08    1.446377e-06    -1.275845e-07    -9.453861e-07    1.627079e-07    -1.004725e-07    -2.89448e-08    -2.928284e-08    -1.040253e-07    1.565102e-07
-3.714326e-08    9.848694e-08    8.544434e-08    -5.214887e-09    -7.072386e-08    -1.058587e-07    2.526012e-08    3.314313e-08    -1.202722e-07    9.899948e-08    -9.56524e-07    -1.275845e-07    1.464836e-06    9.324971e-08    -6.101678e-07    -7.310064e-08    -7.990152e-08    -5.470747e-08    -9.187547e-08    1.057459e-07
5.829866e-08    -4.019825e-08    -2.349461e-08    1.62065e-08    1.410183e-09    6.086563e-08    -9.981249e-08    -6.438304e-08    8.315985e-08    -1.031458e-08    -9.956706e-08    -9.453861e-07    9.324971e-08    1.54226e-06    -5.403509e-07    1.222987e-07    -6.395903e-08    -9.432675e-08    8.585672e-08    -4.106822e-08
-2.893049e-08    -1.68407e-08    -4.840024e-08    -2.335883e-08    3.967328e-08    -7.887095e-09    6.449022e-08    9.104498e-08    1.588424e-08    -8.749885e-08    -2.853993e-08    1.627079e-07    -6.101678e-07    -5.403509e-07    1.400184e-06    -2.278646e-08    1.368151e-07    1.308943e-07    -4.968168e-08    -7.087612e-08
1.18772e-07    -1.982221e-08    -8.06896e-08    -1.52912e-08    -1.907629e-08    9.050932e-08    -1.084878e-07    -5.709042e-08    1.025116e-07    -5.089839e-08    1.016575e-07    -1.004725e-07    -7.310064e-08    1.222987e-07    -2.278646e-08    1.488221e-06    -2.408789e-08    -8.901257e-07    1.222054e-07    -3.036784e-08
4.259118e-08    1.283563e-07    2.696268e-08    -6.377093e-08    -6.478161e-08    -1.195921e-07    -9.634674e-09    8.209942e-11    -7.635432e-08    1.064236e-07    -5.870765e-08    -2.89448e-08    -7.990152e-08    -6.395903e-08    1.368151e-07    -2.408789e-08    1.469001e-06    -2.675869e-07    -8.766441e-07    3.187884e-07
-5.94661e-08    3.305485e-08    1.23639e-07    2.266387e-08    -7.251982e-08    -8.619052e-08    3.189764e-09    -4.00934e-08    -9.172904e-08    1.306604e-07    -7.119648e-08    -2.928284e-08    -5.470747e-08    -9.432675e-08    1.308943e-07    -8.901257e-07    -2.675869e-07    1.48309e-06    1.63897e-08    -6.518244e-07
-1.824484e-08    -8.181469e-08    -1.251113e-08    9.995015e-08    4.039775e-08    1.281503e-07    -1.150842e-07    -1.192089e-07    8.941297e-08    -1.707189e-08    1.299544e-07    -1.040253e-07    -9.187547e-08    8.585672e-08    -4.968168e-08    1.222054e-07    -8.766441e-07    1.63897e-08    1.491342e-06    -6.821081e-07
-4.958132e-08    -3.212982e-08    -4.308088e-08    -1.902189e-09    1.469731e-07    -2.580738e-08    1.072467e-07    1.309617e-07    -1.351879e-08    -9.345502e-08    -2.255562e-08    1.565102e-07    1.057459e-07    -4.106822e-08    -7.087612e-08    -3.036784e-08    3.187884e-07    -6.518244e-07    -6.821081e-07    1.407593e-06
