1.503816e-06    -3.236597e-08    -1.010917e-06    -1.083135e-07    2.548686e-08    1.816792e-07    -1.70837e-07    -1.717359e-07    1.493236e-07    1.032416e-08    -1.767466e-08    -2.536004e-08    -1.558635e-08    -1.055236e-08    2.757166e-08    1.27554e-07    2.553818e-09    -6.353889e-08    2.092352e-08    -2.801054e-08    7.95611e-08    -2.444017e-08    4.698947e-09    4.765644e-08    -4.009192e-08    1.868765e-07    -1.439083e-07    -1.295979e-07    1.777943e-07    -4.091111e-08    2.138016e-09    -7.771551e-09    -2.667402e-09    -2.748115e-08    3.540719e-08
-3.236597e-08    1.440415e-06    -5.792624e-08    -8.496947e-07    1.39388e-07    -1.369238e-07    -5.724333e-08    -3.776354e-08    -1.018532e-07    1.658186e-07    1.074636e-08    -1.172822e-08    -4.113674e-08    -2.803123e-08    4.610066e-08    -6.416871e-08    1.925201e-07    1.053241e-07    -1.066203e-07    -3.279661e-08    -9.79059e-08    1.506689e-07    1.588674e-07    -1.014863e-07    -4.502294e-08    -1.010154e-07    -6.26298e-08    -7.797639e-08    -1.192057e-07    1.860105e-07    2.480514e-08    -1.944247e-09    -4.337656e-08    -1.478049e-09    5.064777e-08
-1.010917e-06    -5.792624e-08    1.476971e-06    3.995668e-08    -4.829537e-07    -1.921051e-07    9.338937e-09    1.171567e-08    -1.783529e-07    1.629557e-07    1.019456e-08    5.60775e-09    1.19537e-08    2.422325e-09    -2.52676e-08    -1.18668e-07    1.313684e-07    1.728058e-07    -7.014386e-08    -8.275644e-08    -8.597955e-08    9.46762e-08    1.140144e-07    -1.96383e-08    -7.257898e-08    -1.247851e-07    -4.727461e-08    -5.040852e-08    -1.133139e-07    1.509488e-07    -6.015919e-09    -1.738097e-08    -1.662287e-09    5.403603e-08    -4.056891e-09
-1.083135e-07    -8.496947e-07    3.995668e-08    1.484074e-06    -5.214013e-07    7.758079e-08    -1.542864e-07    -1.561639e-07    9.107857e-08    6.770561e-08    8.744419e-09    1.444056e-08    7.07933e-09    6.71717e-09    -4.153471e-08    3.456836e-08    -7.300131e-08    3.095472e-08    1.529713e-07    -9.943901e-08    1.026742e-07    -1.068482e-08    -6.362696e-08    4.150707e-08    -5.443866e-08    1.459403e-07    -1.147821e-07    -1.086609e-07    1.259786e-07    -3.102564e-08    -5.045955e-08    -2.657571e-08    3.250092e-08    3.901951e-08    -1.370345e-09
2.548686e-08    1.39388e-07    -4.829537e-07    -5.214013e-07    1.276237e-06    4.976388e-08    1.220282e-07    1.343036e-07    6.239992e-08    -1.780151e-07    8.005761e-09    4.431528e-09    -1.775191e-08    9.199351e-09    4.207392e-08    -1.255388e-08    -8.783031e-08    -1.360818e-07    2.37506e-08    2.11222e-07    -2.266994e-08    -8.226433e-08    -7.235096e-08    -1.444887e-08    1.045495e-07    -4.494451e-08    1.505822e-07    1.424676e-07    -3.547454e-08    -9.234714e-08    4.039307e-09    4.459842e-08    3.234628e-08    -3.540792e-08    -3.705517e-08
1.816792e-07    -1.369238e-07    -1.921051e-07    7.758079e-08    4.976388e-08    1.472261e-06    -2.771836e-08    -8.060405e-07    -1.670963e-07    5.869345e-09    1.874511e-08    1.702867e-08    -2.201426e-08    -1.084486e-08    5.947738e-08    1.105395e-07    -9.147291e-08    -1.238757e-07    1.050113e-07    -2.2601e-09    6.287576e-08    -3.396272e-08    -3.714326e-08    5.829866e-08    -2.893049e-08    1.18772e-07    4.259118e-08    -5.94661e-08    -1.824484e-08    -4.958132e-08    5.38331e-09    -8.709701e-09    1.398522e-08    1.868683e-08    -1.937205e-09
-1.70837e-07    -5.724333e-08    9.338937e-09    -1.542864e-07    1.220282e-07    -2.771836e-08    1.40532e-06    -1.165064e-07    -8.28338e-07    8.458467e-08    -4.469316e-09    -1.948866e-08    -7.727277e-09    1.031393e-08    3.891361e-08    -7.546077e-08    -9.620477e-08    -6.119929e-08    -6.103017e-08    1.425793e-07    -8.474673e-08    6.141782e-08    9.848694e-08    -4.019825e-08    -1.68407e-08    -1.982221e-08    1.283563e-07    3.305485e-08    -8.181469e-08    -3.212982e-08    3.845761e-08    1.633907e-08    -2.81069e-08    -5.048369e-09    -3.22386e-08
-1.717359e-07    -3.776354e-08    1.171567e-08    -1.561639e-07    1.343036e-07    -8.060405e-07    -1.165064e-07    1.404402e-06    -2.098517e-08    -5.475253e-07    -2.841821e-08    -1.670987e-09    4.14767e-08    2.134997e-08    -3.255562e-08    -6.822605e-08    -1.160964e-07    -9.256362e-08    -5.72444e-08    1.72404e-07    -5.837198e-08    8.004831e-08    8.544434e-08    -2.349461e-08    -4.840024e-08    -8.06896e-08    2.696268e-08    1.23639e-07    -1.251113e-08    -4.308088e-08    -1.159592e-08    2.448687e-08    2.401054e-08    -9.306364e-09    -6.37158e-08
1.493236e-07    -1.018532e-07    -1.783529e-07    9.107857e-08    6.239992e-08    -1.670963e-07    -8.28338e-07    -2.098517e-08    1.487765e-06    -4.545773e-07    -7.402581e-10    9.35678e-09    9.303206e-09    8.214111e-09    -7.499912e-08    8.329951e-08    -1.288955e-07    -1.136107e-07    1.379895e-07    1.635658e-08    6.806371e-08    1.307612e-09    -5.214887e-09    1.62065e-08    -2.335883e-08    -1.52912e-08    -6.377093e-08    2.266387e-08    9.995015e-08    -1.902189e-09    1.969572e-09    1.115089e-08    1.728936e-08    -2.61376e-08    -2.947708e-09
1.032416e-08    1.658186e-07    1.629557e-07    6.770561e-08    -1.780151e-07    5.869345e-09    8.458467e-08    -5.475253e-07    -4.545773e-07    1.395502e-06    8.275076e-08    9.255482e-09    -5.035585e-08    -7.889481e-08    -8.046208e-08    -3.724478e-08    1.92759e-07    1.931197e-07    -4.849332e-08    -1.555638e-07    1.202648e-08    -7.264011e-08    -7.072386e-08    1.410183e-09    3.967328e-08    -1.907629e-08    -6.478161e-08    -7.251982e-08    4.039775e-08    1.469731e-07    1.112842e-08    -1.990192e-08    -1.801221e-08    1.571318e-08    5.590347e-08
-1.767466e-08    1.074636e-08    1.019456e-08    8.744419e-09    8.005761e-09    1.874511e-08    -4.469316e-09    -2.841821e-08    -7.402581e-10    8.275076e-08    1.494597e-06    -1.049596e-08    -8.186644e-07    -1.86224e-07    -2.001404e-08    1.142427e-07    -1.215954e-07    -1.130986e-07    1.177923e-07    -7.338422e-09    4.649794e-08    1.104349e-09    3.912049e-08    3.12523e-08    -4.181487e-08    1.775202e-08    -7.449213e-08    9.668411e-09    9.175057e-08    -2.233565e-08    -1.076428e-08    -2.060325e-08    8.578279e-09    1.461576e-08    -1.810542e-08
-2.536004e-08    -1.172822e-08    5.60775e-09    1.444056e-08    4.431528e-09    1.702867e-08    -1.948866e-08    -1.670987e-09    9.35678e-09    9.255482e-09    -1.049596e-08    1.411913e-06    -9.452864e-08    -8.109401e-07    5.829558e-08    -1.10537e-07    -1.185073e-07    -6.590989e-08    -7.883511e-08    1.964614e-07    -2.760745e-08    7.456589e-08    8.807468e-08    -2.010966e-08    -5.351039e-08    -7.728271e-08    6.008997e-08    9.817511e-08    -3.13116e-08    -3.081311e-08    -8.08365e-09    3.546509e-09    1.669904e-08    4.230727e-08    -5.263048e-08
-1.558635e-08    -4.113674e-08    1.19537e-08    7.07933e-09    -1.775191e-08    -2.201426e-08    -7.727277e-09    4.14767e-08    9.303206e-09    -5.035585e-08    -8.186644e-07    -9.452864e-08    1.406109e-06    -3.27649e-08    -5.292035e-07    -7.794776e-08    -7.241037e-08    -9.753748e-08    -7.153399e-08    1.666752e-07    -5.509367e-08    7.386425e-08    5.673022e-08    -4.11784e-08    -2.659399e-08    -4.324797e-08    1.296148e-07    6.04606e-08    -6.482557e-08    -3.788656e-08    1.806353e-08    1.161726e-08    -4.700914e-09    1.008458e-10    -4.805127e-08
-1.055236e-08    -2.803123e-08    2.422325e-09    6.71717e-09    9.199351e-09    -1.084486e-08    1.031393e-08    2.134997e-08    8.214111e-09    -7.889481e-08    -1.86224e-07    -8.109401e-07    -3.27649e-08    1.473983e-06    -4.513986e-07    1.550505e-07    -9.85545e-08    -1.38185e-07    1.508458e-07    -4.169355e-08    2.629007e-08    -9.4146e-11    -3.602473e-08    2.159493e-08    -1.838622e-08    8.198217e-08    -5.125977e-09    -3.92709e-08    1.985849e-08    -3.682061e-08    2.11214e-08    8.69869e-09    1.382589e-08    -3.513044e-08    -1.532635e-08
2.757166e-08    4.610066e-08    -2.52676e-08    -4.153471e-08    4.207392e-08    5.947738e-08    3.891361e-08    -3.255562e-08    -7.499912e-08    -8.046208e-08    -2.001404e-08    5.829558e-08    -5.292035e-07    -4.513986e-07    1.397723e-06    -4.737474e-08    2.208805e-07    1.928462e-07    -5.69852e-08    -1.280036e-07    -4.832333e-09    -7.88481e-08    -6.204172e-08    9.035437e-09    9.072103e-08    3.241856e-08    -5.499853e-08    -6.447926e-08    -5.521705e-08    -1.354611e-08    -1.660127e-08    -3.040463e-09    -1.069932e-08    3.789792e-09    6.309688e-08
1.27554e-07    -6.416871e-08    -1.18668e-07    3.456836e-08    -1.255388e-08    1.105395e-07    -7.546077e-08    -6.822605e-08    8.329951e-08    -3.724478e-08    1.142427e-07    -1.10537e-07    -7.794776e-08    1.550505e-07    -4.737474e-08    1.457257e-06    1.743115e-07    -9.820345e-07    -2.900465e-08    -9.333046e-09    9.244523e-08    -1.134345e-07    -9.45354e-08    9.423173e-08    2.068195e-08    9.891892e-08    -9.436793e-08    -7.799808e-08    8.363312e-08    -3.495001e-08    2.28995e-08    8.947375e-08    5.651077e-08    -4.221011e-08    -4.077867e-08
2.553818e-09    1.925201e-07    1.313684e-07    -7.300131e-08    -8.783031e-08    -9.147291e-08    -9.620477e-08    -1.160964e-07    -1.288955e-07    1.92759e-07    -1.215954e-07    -1.185073e-07    -7.241037e-08    -9.85545e-08    2.208805e-07    1.743115e-07    1.616657e-06    -3.358758e-07    -9.808844e-07    3.401568e-07    -1.290405e-07    4.168029e-08    3.950273e-08    -1.265016e-07    9.531791e-08    -1.183046e-07    -1.836602e-08    -1.323791e-08    -9.909853e-08    1.082893e-07    -2.485231e-08    -4.278544e-09    -2.022752e-08    3.057534e-08    7.484827e-08
-6.353889e-08    1.053241e-07    1.728058e-07    3.095472e-08    -1.360818e-07    -1.238757e-07    -6.119929e-08    -9.256362e-08    -1.136107e-07    1.931197e-07    -1.130986e-07    -6.590989e-08    -9.753748e-08    -1.38185e-07    1.928462e-07    -9.820345e-07    -3.358758e-07    1.598062e-06    1.488089e-07    -7.693114e-07    -9.30373e-08    2.668827e-08    1.394906e-08    -1.044701e-07    6.902153e-08    -8.31496e-08    -1.030796e-08    -2.329261e-08    -9.795451e-08    1.318902e-07    6.244177e-10    -3.43318e-08    -4.040184e-08    1.942288e-08    4.777589e-08
2.092352e-08    -1.066203e-07    -7.014386e-08    1.529713e-07    2.37506e-08    1.050113e-07    -6.103017e-08    -5.72444e-08    1.379895e-07    -4.849332e-08    1.177923e-07    -7.883511e-08    -7.153399e-08    1.508458e-07    -5.69852e-08    -2.900465e-08    -9.808844e-07    1.488089e-07    1.454786e-06    -6.167025e-07    1.270503e-07    -9.270717e-08    -1.063806e-07    9.185157e-08    -2.036039e-08    1.34295e-07    -1.057208e-07    -9.456781e-08    1.114041e-07    -2.303588e-08    1.778784e-08    4.102353e-08    4.504282e-08    -6.361358e-09    -7.2161e-08
-2.801054e-08    -3.279661e-08    -8.275644e-08    -9.943901e-08    2.11222e-07    -2.2601e-09    1.425793e-07    1.72404e-07    1.635658e-08    -1.555638e-07    -7.338422e-09    1.964614e-07    1.666752e-07    -4.169355e-08    -1.280036e-07    -9.333046e-09    3.401568e-07    -7.693114e-07    -6.167025e-07    1.398793e-06    -3.801253e-09    7.240778e-08    8.69219e-08    1.759631e-08    -9.089819e-08    -4.434065e-08    1.180164e-07    1.122484e-07    1.235905e-08    -1.103303e-07    -2.312782e-08    -5.680846e-08    -3.47813e-08    9.658177e-09    1.754153e-08
7.95611e-08    -9.79059e-08    -8.597955e-08    1.026742e-07    -2.266994e-08    6.287576e-08    -8.474673e-08    -5.837198e-08    6.806371e-08    1.202648e-08    4.649794e-08    -2.760745e-08    -5.509367e-08    2.629007e-08    -4.832333e-09    9.244523e-08    -1.290405e-07    -9.30373e-08    1.270503e-07    -3.801253e-09    1.52958e-06    6.45166e-08    -9.56524e-07    -9.956706e-08    -2.853993e-08    1.016575e-07    -5.870765e-08    -7.119648e-08    1.299544e-07    -2.255562e-08    1.088176e-07    -1.651704e-07    -1.957393e-08    2.230299e-07    -1.434936e-07
-2.444017e-08    1.506689e-07    9.46762e-08    -1.068482e-08    -8.226433e-08    -3.396272e-08    6.141782e-08    8.004831e-08    1.307612e-09    -7.264011e-08    1.104349e-09    7.456589e-08    7.386425e-08    -9.4146e-11    -7.88481e-08    -1.134345e-07    4.168029e-08    2.668827e-08    -9.270717e-08    7.240778e-08    6.45166e-08    1.446377e-06    -1.275845e-07    -9.453861e-07    1.627079e-07    -1.004725e-07    -2.89448e-08    -2.928284e-08    -1.040253e-07    1.565102e-07    -1.167711e-07    -2.646731e-08    -1.280691e-07    -1.57478e-07    2.623821e-07
4.698947e-09    1.588674e-07    1.140144e-07    -6.362696e-08    -7.235096e-08    -3.714326e-08    9.848694e-08    8.544434e-08    -5.214887e-09    -7.072386e-08    3.912049e-08    8.807468e-08    5.673022e-08    -3.602473e-08    -6.204172e-08    -9.45354e-08    3.950273e-08    1.394906e-08    -1.063806e-07    8.69219e-08    -9.56524e-07    -1.275845e-07    1.464836e-06    9.324971e-08    -6.101678e-07    -7.310064e-08    -7.990152e-08    -5.470747e-08    -9.187547e-08    1.057459e-07    -1.201718e-07    -6.683426e-09    -9.67021e-08    -1.88571e-07    2.670313e-07
4.765644e-08    -1.014863e-07    -1.96383e-08    4.150707e-08    -1.444887e-08    5.829866e-08    -4.019825e-08    -2.349461e-08    1.62065e-08    1.410183e-09    3.12523e-08    -2.010966e-08    -4.11784e-08    2.159493e-08    9.035437e-09    9.423173e-08    -1.265016e-07    -1.044701e-07    9.185157e-08    1.759631e-08    -9.956706e-08    -9.453861e-07    9.324971e-08    1.54226e-06    -5.403509e-07    1.222987e-07    -6.395903e-08    -9.432675e-08    8.585672e-08    -4.106822e-08    7.15857e-08    -1.380205e-07    -1.367093e-08    2.016872e-07    -1.209773e-07
-4.009192e-08    -4.502294e-08    -7.257898e-08    -5.443866e-08    1.045495e-07    -2.893049e-08    -1.68407e-08    -4.840024e-08    -2.335883e-08    3.967328e-08    -4.181487e-08    -5.351039e-08    -2.659399e-08    -1.838622e-08    9.072103e-08    2.068195e-08    9.531791e-08    6.902153e-08    -2.036039e-08    -9.089819e-08    -2.853993e-08    1.627079e-07    -6.101678e-07    -5.403509e-07    1.400184e-06    -2.278646e-08    1.368151e-07    1.308943e-07    -4.968168e-08    -7.087612e-08    3.801573e-08    1.451005e-07    1.17239e-07    -1.223483e-08    -1.324958e-07
1.868765e-07    -1.010154e-07    -1.247851e-07    1.459403e-07    -4.494451e-08    1.18772e-07    -1.982221e-08    -8.06896e-08    -1.52912e-08    -1.907629e-08    1.775202e-08    -7.728271e-08    -4.324797e-08    8.198217e-08    3.241856e-08    9.891892e-08    -1.183046e-07    -8.31496e-08    1.34295e-07    -4.434065e-08    1.016575e-07    -1.004725e-07    -7.310064e-08    1.222987e-07    -2.278646e-08    1.488221e-06    -2.408789e-08    -8.901257e-07    1.222054e-07    -3.036784e-08    9.535367e-08    -2.159987e-07    -3.447242e-08    2.551243e-07    -1.254902e-07
-1.439083e-07    -6.26298e-08    -4.727461e-08    -1.147821e-07    1.505822e-07    4.259118e-08    1.283563e-07    2.696268e-08    -6.377093e-08    -6.478161e-08    -7.449213e-08    6.008997e-08    1.296148e-07    -5.125977e-09    -5.499853e-08    -9.436793e-08    -1.836602e-08    -1.030796e-08    -1.057208e-07    1.180164e-07    -5.870765e-08    -2.89448e-08    -7.990152e-08    -6.395903e-08    1.368151e-07    -2.408789e-08    1.469001e-06    -2.675869e-07    -8.766441e-07    3.187884e-07    -1.570041e-07    -1.032918e-08    -9.457484e-08    -1.819742e-07    2.487699e-07
-1.295979e-07    -7.797639e-08    -5.040852e-08    -1.086609e-07    1.424676e-07    -5.94661e-08    3.305485e-08    1.23639e-07    2.266387e-08    -7.251982e-08    9.668411e-09    9.817511e-08    6.04606e-08    -3.92709e-08    -6.447926e-08    -7.799808e-08    -1.323791e-08    -2.329261e-08    -9.456781e-08    1.122484e-07    -7.119648e-08    -2.928284e-08    -5.470747e-08    -9.432675e-08    1.308943e-07    -8.901257e-07    -2.675869e-07    1.48309e-06    1.63897e-08    -6.518244e-07    -8.390851e-08    -2.191378e-08    -1.547499e-07    -1.779199e-07    2.941342e-07
1.777943e-07    -1.192057e-07    -1.133139e-07    1.259786e-07    -3.547454e-08    -1.824484e-08    -8.181469e-08    -1.251113e-08    9.995015e-08    4.039775e-08    9.175057e-08    -3.13116e-08    -6.482557e-08    1.985849e-08    -5.521705e-08    8.363312e-08    -9.909853e-08    -9.795451e-08    1.114041e-07    1.235905e-08    1.299544e-07    -1.040253e-07    -9.187547e-08    8.585672e-08    -4.968168e-08    1.222054e-07    -8.766441e-07    1.63897e-08    1.491342e-06    -6.821081e-07    1.448935e-07    -2.204763e-07    -5.948381e-08    2.583525e-07    -1.23416e-07
-4.091111e-08    1.860105e-07    1.509488e-07    -3.102564e-08    -9.234714e-08    -4.958132e-08    -3.212982e-08    -4.308088e-08    -1.902189e-09    1.469731e-07    -2.233565e-08    -3.081311e-08    -3.788656e-08    -3.682061e-08    -1.354611e-08    -3.495001e-08    1.082893e-07    1.318902e-07    -2.303588e-08    -1.103303e-07    -2.255562e-08    1.565102e-07    1.057459e-07    -4.106822e-08    -7.087612e-08    -3.036784e-08    3.187884e-07    -6.518244e-07    -6.821081e-07    1.407593e-06    -3.485555e-08    2.495079e-07    1.964436e-07    -8.202576e-08    -1.599559e-07
2.138016e-09    2.480514e-08    -6.015919e-09    -5.045955e-08    4.039307e-09    5.38331e-09    3.845761e-08    -1.159592e-08    1.969572e-09    1.112842e-08    -1.076428e-08    -8.08365e-09    1.806353e-08    2.11214e-08    -1.660127e-08    2.28995e-08    -2.485231e-08    6.244177e-10    1.778784e-08    -2.312782e-08    1.088176e-07    -1.167711e-07    -1.201718e-07    7.15857e-08    3.801573e-08    9.535367e-08    -1.570041e-07    -8.390851e-08    1.448935e-07    -3.485555e-08    1.444516e-06    -1.939162e-07    -9.293725e-07    1.499415e-07    5.878618e-08
-7.771551e-09    -1.944247e-09    -1.738097e-08    -2.657571e-08    4.459842e-08    -8.709701e-09    1.633907e-08    2.448687e-08    1.115089e-08    -1.990192e-08    -2.060325e-08    3.546509e-09    1.161726e-08    8.69869e-09    -3.040463e-09    8.947375e-08    -4.278544e-09    -3.43318e-08    4.102353e-08    -5.680846e-08    -1.651704e-07    -2.646731e-08    -6.683426e-09    -1.380205e-07    1.451005e-07    -2.159987e-07    -1.032918e-08    -2.191378e-08    -2.204763e-07    2.495079e-07    -1.939162e-07    1.465682e-06    4.995097e-08    -9.667921e-07    3.112e-07
-2.667402e-09    -4.337656e-08    -1.662287e-09    3.250092e-08    3.234628e-08    1.398522e-08    -2.81069e-08    2.401054e-08    1.728936e-08    -1.801221e-08    8.578279e-09    1.669904e-08    -4.700914e-09    1.382589e-08    -1.069932e-08    5.651077e-08    -2.022752e-08    -4.040184e-08    4.504282e-08    -3.47813e-08    -1.957393e-08    -1.280691e-07    -9.67021e-08    -1.367093e-08    1.17239e-07    -3.447242e-08    -9.457484e-08    -1.547499e-07    -5.948381e-08    1.964436e-07    -9.293725e-07    4.995097e-08    1.456154e-06    2.002684e-08    -6.826053e-07
-2.748115e-08    -1.478049e-09    5.403603e-08    3.901951e-08    -3.540792e-08    1.868683e-08    -5.048369e-09    -9.306364e-09    -2.61376e-08    1.571318e-08    1.461576e-08    4.230727e-08    1.008458e-10    -3.513044e-08    3.789792e-09    -4.221011e-08    3.057534e-08    1.942288e-08    -6.361358e-09    9.658177e-09    2.230299e-07    -1.57478e-07    -1.88571e-07    2.016872e-07    -1.223483e-08    2.551243e-07    -1.819742e-07    -1.779199e-07    2.583525e-07    -8.202576e-08    1.499415e-07    -9.667921e-07    2.002684e-08    1.5434e-06    -8.089421e-07
3.540719e-08    5.064777e-08    -4.056891e-09    -1.370345e-09    -3.705517e-08    -1.937205e-09    -3.22386e-08    -6.37158e-08    -2.947708e-09    5.590347e-08    -1.810542e-08    -5.263048e-08    -4.805127e-08    -1.532635e-08    6.309688e-08    -4.077867e-08    7.484827e-08    4.777589e-08    -7.2161e-08    1.754153e-08    -1.434936e-07    2.623821e-07    2.670313e-07    -1.209773e-07    -1.324958e-07    -1.254902e-07    2.487699e-07    2.941342e-07    -1.23416e-07    -1.599559e-07    5.878618e-08    3.112e-07    -6.826053e-07    -8.089421e-07    1.387049e-06
