1.508915e-06    -4.163723e-09    -1.015196e-06    -1.498986e-07    3.214666e-08    1.603045e-08    -1.525457e-08    -3.067772e-08    -3.943642e-08    3.924294e-08    6.320557e-08    -4.444728e-08    -3.3652e-08    8.215008e-08    -4.671596e-08    1.651825e-07    -1.460532e-07    -1.541936e-07    1.696457e-07    -2.840577e-08
-4.163723e-09    1.44204e-06    -7.630112e-08    -8.281394e-07    1.405873e-07    -7.334262e-09    -1.50384e-08    -3.951477e-08    -3.842248e-09    2.941411e-08    -4.468043e-08    1.698357e-07    1.223199e-07    -9.051951e-08    -4.963419e-08    -7.244837e-08    -1.060707e-07    -1.007505e-07    -9.974307e-08    1.974416e-07
-1.015196e-06    -7.630112e-08    1.461503e-06    4.31616e-08    -4.556048e-07    5.769305e-09    7.780136e-09    -3.390601e-09    3.699819e-08    -2.359319e-08    -7.864362e-08    1.100103e-07    1.292245e-07    -6.194533e-08    -5.178537e-08    -1.155863e-07    -1.890841e-08    -1.927688e-08    -1.427221e-07    1.439087e-07
-1.498986e-07    -8.281394e-07    4.31616e-08    1.479273e-06    -5.360425e-07    -1.135637e-08    2.091897e-08    1.900005e-08    -1.410155e-09    -1.001183e-08    4.588707e-08    -4.210624e-08    -1.40119e-08    5.756482e-08    -1.927504e-08    1.366921e-07    -8.082829e-08    -1.02826e-07    1.268491e-07    -3.390435e-08
3.214666e-08    1.405873e-07    -4.556048e-07    -5.360425e-07    1.271812e-06    -6.761801e-09    -1.563745e-09    1.225229e-08    -2.779022e-09    -1.54274e-08    9.58152e-09    -7.473254e-08    -8.578222e-08    -2.665319e-08    7.730394e-08    -2.922385e-08    1.220285e-07    1.428873e-07    2.291307e-09    -1.196286e-07
1.603045e-08    -7.334262e-09    5.769305e-09    -1.135637e-08    -6.761801e-09    1.472261e-06    -2.771836e-08    -8.060405e-07    -1.670963e-07    5.869345e-09    6.287576e-08    -3.396272e-08    -3.714326e-08    5.829866e-08    -2.893049e-08    1.18772e-07    4.259118e-08    -5.94661e-08    -1.824484e-08    -4.958132e-08
-1.525457e-08    -1.50384e-08    7.780136e-09    2.091897e-08    -1.563745e-09    -2.771836e-08    1.40532e-06    -1.165064e-07    -8.28338e-07    8.458467e-08    -8.474673e-08    6.141782e-08    9.848694e-08    -4.019825e-08    -1.68407e-08    -1.982221e-08    1.283563e-07    3.305485e-08    -8.181469e-08    -3.212982e-08
-3.067772e-08    -3.951477e-08    -3.390601e-09    1.900005e-08    1.225229e-08    -8.060405e-07    -1.165064e-07    1.404402e-06    -2.098517e-08    -5.475253e-07    -5.837198e-08    8.004831e-08    8.544434e-08    -2.349461e-08    -4.840024e-08    -8.06896e-08    2.696268e-08    1.23639e-07    -1.251113e-08    -4.308088e-08
-3.943642e-08    -3.842248e-09    3.699819e-08    -1.410155e-09    -2.779022e-09    -1.670963e-07    -8.28338e-07    -2.098517e-08    1.487765e-06    -4.545773e-07    6.806371e-08    1.307612e-09    -5.214887e-09    1.62065e-08    -2.335883e-08    -1.52912e-08    -6.377093e-08    2.266387e-08    9.995015e-08    -1.902189e-09
3.924294e-08    2.941411e-08    -2.359319e-08    -1.001183e-08    -1.54274e-08    5.869345e-09    8.458467e-08    -5.475253e-07    -4.545773e-07    1.395502e-06    1.202648e-08    -7.264011e-08    -7.072386e-08    1.410183e-09    3.967328e-08    -1.907629e-08    -6.478161e-08    -7.251982e-08    4.039775e-08    1.469731e-07
6.320557e-08    -4.468043e-08    -7.864362e-08    4.588707e-08    9.58152e-09    6.287576e-08    -8.474673e-08    -5.837198e-08    6.806371e-08    1.202648e-08    1.52958e-06    6.45166e-08    -9.56524e-07    -9.956706e-08    -2.853993e-08    1.016575e-07    -5.870765e-08    -7.119648e-08    1.299544e-07    -2.255562e-08
-4.444728e-08    1.698357e-07    1.100103e-07    -4.210624e-08    -7.473254e-08    -3.396272e-08    6.141782e-08    8.004831e-08    1.307612e-09    -7.264011e-08    6.45166e-08    1.446377e-06    -1.275845e-07    -9.453861e-07    1.627079e-07    -1.004725e-07    -2.89448e-08    -2.928284e-08    -1.040253e-07    1.565102e-07
-3.3652e-08    1.223199e-07    1.292245e-07    -1.40119e-08    -8.578222e-08    -3.714326e-08    9.848694e-08    8.544434e-08    -5.214887e-09    -7.072386e-08    -9.56524e-07    -1.275845e-07    1.464836e-06    9.324971e-08    -6.101678e-07    -7.310064e-08    -7.990152e-08    -5.470747e-08    -9.187547e-08    1.057459e-07
8.215008e-08    -9.051951e-08    -6.194533e-08    5.756482e-08    -2.665319e-08    5.829866e-08    -4.019825e-08    -2.349461e-08    1.62065e-08    1.410183e-09    -9.956706e-08    -9.453861e-07    9.324971e-08    1.54226e-06    -5.403509e-07    1.222987e-07    -6.395903e-08    -9.432675e-08    8.585672e-08    -4.106822e-08
-4.671596e-08    -4.963419e-08    -5.178537e-08    -1.927504e-08    7.730394e-08    -2.893049e-08    -1.68407e-08    -4.840024e-08    -2.335883e-08    3.967328e-08    -2.853993e-08    1.627079e-07    -6.101678e-07    -5.403509e-07    1.400184e-06    -2.278646e-08    1.368151e-07    1.308943e-07    -4.968168e-08    -7.087612e-08
1.651825e-07    -7.244837e-08    -1.155863e-07    1.366921e-07    -2.922385e-08    1.18772e-07    -1.982221e-08    -8.06896e-08    -1.52912e-08    -1.907629e-08    1.016575e-07    -1.004725e-07    -7.310064e-08    1.222987e-07    -2.278646e-08    1.488221e-06    -2.408789e-08    -8.901257e-07    1.222054e-07    -3.036784e-08
-1.460532e-07    -1.060707e-07    -1.890841e-08    -8.082829e-08    1.220285e-07    4.259118e-08    1.283563e-07    2.696268e-08    -6.377093e-08    -6.478161e-08    -5.870765e-08    -2.89448e-08    -7.990152e-08    -6.395903e-08    1.368151e-07    -2.408789e-08    1.469001e-06    -2.675869e-07    -8.766441e-07    3.187884e-07
-1.541936e-07    -1.007505e-07    -1.927688e-08    -1.02826e-07    1.428873e-07    -5.94661e-08    3.305485e-08    1.23639e-07    2.266387e-08    -7.251982e-08    -7.119648e-08    -2.928284e-08    -5.470747e-08    -9.432675e-08    1.308943e-07    -8.901257e-07    -2.675869e-07    1.48309e-06    1.63897e-08    -6.518244e-07
1.696457e-07    -9.974307e-08    -1.427221e-07    1.268491e-07    2.291307e-09    -1.824484e-08    -8.181469e-08    -1.251113e-08    9.995015e-08    4.039775e-08    1.299544e-07    -1.040253e-07    -9.187547e-08    8.585672e-08    -4.968168e-08    1.222054e-07    -8.766441e-07    1.63897e-08    1.491342e-06    -6.821081e-07
-2.840577e-08    1.974416e-07    1.439087e-07    -3.390435e-08    -1.196286e-07    -4.958132e-08    -3.212982e-08    -4.308088e-08    -1.902189e-09    1.469731e-07    -2.255562e-08    1.565102e-07    1.057459e-07    -4.106822e-08    -7.087612e-08    -3.036784e-08    3.187884e-07    -6.518244e-07    -6.821081e-07    1.407593e-06
