1.472261e-06    -2.771836e-08    -8.060405e-07    -1.670963e-07    5.869345e-09    1.874511e-08    1.702867e-08    -2.201426e-08    -1.084486e-08    5.947738e-08    5.52991e-09    2.42445e-08    -2.229404e-08    3.865822e-10    1.329087e-08    6.287576e-08    -3.396272e-08    -3.714326e-08    5.829866e-08    -2.893049e-08    1.18772e-07    4.259118e-08    -5.94661e-08    -1.824484e-08    -4.958132e-08
-2.771836e-08    1.40532e-06    -1.165064e-07    -8.28338e-07    8.458467e-08    -4.469316e-09    -1.948866e-08    -7.727277e-09    1.031393e-08    3.891361e-08    -4.015021e-09    -1.333639e-08    -1.084435e-09    1.191791e-08    -1.384067e-08    -8.474673e-08    6.141782e-08    9.848694e-08    -4.019825e-08    -1.68407e-08    -1.982221e-08    1.283563e-07    3.305485e-08    -8.181469e-08    -3.212982e-08
-8.060405e-07    -1.165064e-07    1.404402e-06    -2.098517e-08    -5.475253e-07    -2.841821e-08    -1.670987e-09    4.14767e-08    2.134997e-08    -3.255562e-08    6.450438e-09    -3.100086e-08    -1.856541e-08    -1.683291e-08    1.879919e-08    -5.837198e-08    8.004831e-08    8.544434e-08    -2.349461e-08    -4.840024e-08    -8.06896e-08    2.696268e-08    1.23639e-07    -1.251113e-08    -4.308088e-08
-1.670963e-07    -8.28338e-07    -2.098517e-08    1.487765e-06    -4.545773e-07    -7.402581e-10    9.35678e-09    9.303206e-09    8.214111e-09    -7.499912e-08    -4.985776e-09    2.781738e-08    1.275502e-09    -3.245397e-08    1.914171e-08    6.806371e-08    1.307612e-09    -5.214887e-09    1.62065e-08    -2.335883e-08    -1.52912e-08    -6.377093e-08    2.266387e-08    9.995015e-08    -1.902189e-09
5.869345e-09    8.458467e-08    -5.475253e-07    -4.545773e-07    1.395502e-06    8.275076e-08    9.255482e-09    -5.035585e-08    -7.889481e-08    -8.046208e-08    9.052503e-09    -5.124015e-09    1.933801e-08    1.259416e-08    -4.08553e-08    1.202648e-08    -7.264011e-08    -7.072386e-08    1.410183e-09    3.967328e-08    -1.907629e-08    -6.478161e-08    -7.251982e-08    4.039775e-08    1.469731e-07
1.874511e-08    -4.469316e-09    -2.841821e-08    -7.402581e-10    8.275076e-08    1.494597e-06    -1.049596e-08    -8.186644e-07    -1.86224e-07    -2.001404e-08    1.312322e-07    -1.382542e-07    -1.598193e-07    1.311771e-07    1.990231e-08    4.649794e-08    1.104349e-09    3.912049e-08    3.12523e-08    -4.181487e-08    1.775202e-08    -7.449213e-08    9.668411e-09    9.175057e-08    -2.233565e-08
1.702867e-08    -1.948866e-08    -1.670987e-09    9.35678e-09    9.255482e-09    -1.049596e-08    1.411913e-06    -9.452864e-08    -8.109401e-07    5.829558e-08    -1.653592e-07    -2.105774e-08    -3.281434e-08    -1.621203e-07    1.843761e-07    -2.760745e-08    7.456589e-08    8.807468e-08    -2.010966e-08    -5.351039e-08    -7.728271e-08    6.008997e-08    9.817511e-08    -3.13116e-08    -3.081311e-08
-2.201426e-08    -7.727277e-09    4.14767e-08    9.303206e-09    -5.035585e-08    -8.186644e-07    -9.452864e-08    1.406109e-06    -3.27649e-08    -5.292035e-07    -1.533615e-07    2.599632e-08    -3.133648e-08    -2.052233e-07    2.24905e-07    -5.509367e-08    7.386425e-08    5.673022e-08    -4.11784e-08    -2.659399e-08    -4.324797e-08    1.296148e-07    6.04606e-08    -6.482557e-08    -3.788656e-08
-1.084486e-08    1.031393e-08    2.134997e-08    8.214111e-09    -7.889481e-08    -1.86224e-07    -8.109401e-07    -3.27649e-08    1.473983e-06    -4.513986e-07    1.284222e-07    -1.510743e-07    -1.488258e-07    1.348111e-07    1.598573e-08    2.629007e-08    -9.4146e-11    -3.602473e-08    2.159493e-08    -1.838622e-08    8.198217e-08    -5.125977e-09    -3.92709e-08    1.985849e-08    -3.682061e-08
5.947738e-08    3.891361e-08    -3.255562e-08    -7.499912e-08    -8.046208e-08    -2.001404e-08    5.829558e-08    -5.292035e-07    -4.513986e-07    1.397723e-06    1.953668e-08    1.336694e-07    1.84039e-07    8.304176e-08    -2.374115e-07    -4.832333e-09    -7.88481e-08    -6.204172e-08    9.035437e-09    9.072103e-08    3.241856e-08    -5.499853e-08    -6.447926e-08    -5.521705e-08    -1.354611e-08
5.52991e-09    -4.015021e-09    6.450438e-09    -4.985776e-09    9.052503e-09    1.312322e-07    -1.653592e-07    -1.533615e-07    1.284222e-07    1.953668e-08    1.500574e-06    4.060326e-09    -8.85666e-07    -1.309846e-07    -8.964745e-09    2.872065e-08    -2.316341e-08    1.158679e-08    5.078264e-08    -4.007501e-08    1.432584e-07    -9.272666e-08    -1.311881e-07    1.349355e-07    -1.609432e-08
2.42445e-08    -1.333639e-08    -3.100086e-08    2.781738e-08    -5.124015e-09    -1.382542e-07    -2.105774e-08    2.599632e-08    -1.510743e-07    1.336694e-07    4.060326e-09    1.464712e-06    -7.617568e-08    -9.30747e-07    1.01137e-07    -7.298909e-08    1.69456e-07    1.534164e-07    -8.984802e-08    -6.488417e-08    -9.819912e-08    -4.092113e-08    -6.792955e-08    -1.35098e-07    1.839463e-07
-2.229404e-08    -1.084435e-09    -1.856541e-08    1.275502e-09    1.933801e-08    -1.598193e-07    -3.281434e-08    -3.133648e-08    -1.488258e-07    1.84039e-07    -8.85666e-07    -7.617568e-08    1.446102e-06    -1.553817e-08    -5.505019e-07    -4.597185e-08    1.12264e-07    9.321558e-08    -5.749104e-08    -3.849221e-08    -8.920368e-08    -9.15753e-08    -5.77729e-08    -1.059365e-07    1.608636e-07
3.865822e-10    1.191791e-08    -1.683291e-08    -3.245397e-08    1.259416e-08    1.311771e-07    -1.621203e-07    -2.052233e-07    1.348111e-07    8.304176e-08    -1.309846e-07    -9.30747e-07    -1.553817e-08    1.496615e-06    -4.839208e-07    7.697412e-08    -6.771576e-08    -5.730122e-08    8.755534e-08    -2.752668e-08    1.590839e-07    -1.306386e-07    -1.240786e-07    1.633842e-07    -4.969742e-08
1.329087e-08    -1.384067e-08    1.879919e-08    1.914171e-08    -4.08553e-08    1.990231e-08    1.843761e-07    2.24905e-07    1.598573e-08    -2.374115e-07    -8.964745e-09    1.01137e-07    -5.505019e-07    -4.839208e-07    1.388061e-06    1.021938e-08    -7.70035e-08    -1.123544e-07    -1.940932e-08    1.041412e-07    -5.492331e-08    2.012279e-07    1.997686e-07    -3.163049e-08    -1.459736e-07
6.287576e-08    -8.474673e-08    -5.837198e-08    6.806371e-08    1.202648e-08    4.649794e-08    -2.760745e-08    -5.509367e-08    2.629007e-08    -4.832333e-09    2.872065e-08    -7.298909e-08    -4.597185e-08    7.697412e-08    1.021938e-08    1.52958e-06    6.45166e-08    -9.56524e-07    -9.956706e-08    -2.853993e-08    1.016575e-07    -5.870765e-08    -7.119648e-08    1.299544e-07    -2.255562e-08
-3.396272e-08    6.141782e-08    8.004831e-08    1.307612e-09    -7.264011e-08    1.104349e-09    7.456589e-08    7.386425e-08    -9.4146e-11    -7.88481e-08    -2.316341e-08    1.69456e-07    1.12264e-07    -6.771576e-08    -7.70035e-08    6.45166e-08    1.446377e-06    -1.275845e-07    -9.453861e-07    1.627079e-07    -1.004725e-07    -2.89448e-08    -2.928284e-08    -1.040253e-07    1.565102e-07
-3.714326e-08    9.848694e-08    8.544434e-08    -5.214887e-09    -7.072386e-08    3.912049e-08    8.807468e-08    5.673022e-08    -3.602473e-08    -6.204172e-08    1.158679e-08    1.534164e-07    9.321558e-08    -5.730122e-08    -1.123544e-07    -9.56524e-07    -1.275845e-07    1.464836e-06    9.324971e-08    -6.101678e-07    -7.310064e-08    -7.990152e-08    -5.470747e-08    -9.187547e-08    1.057459e-07
5.829866e-08    -4.019825e-08    -2.349461e-08    1.62065e-08    1.410183e-09    3.12523e-08    -2.010966e-08    -4.11784e-08    2.159493e-08    9.035437e-09    5.078264e-08    -8.984802e-08    -5.749104e-08    8.755534e-08    -1.940932e-08    -9.956706e-08    -9.453861e-07    9.324971e-08    1.54226e-06    -5.403509e-07    1.222987e-07    -6.395903e-08    -9.432675e-08    8.585672e-08    -4.106822e-08
-2.893049e-08    -1.68407e-08    -4.840024e-08    -2.335883e-08    3.967328e-08    -4.181487e-08    -5.351039e-08    -2.659399e-08    -1.838622e-08    9.072103e-08    -4.007501e-08    -6.488417e-08    -3.849221e-08    -2.752668e-08    1.041412e-07    -2.853993e-08    1.627079e-07    -6.101678e-07    -5.403509e-07    1.400184e-06    -2.278646e-08    1.368151e-07    1.308943e-07    -4.968168e-08    -7.087612e-08
1.18772e-07    -1.982221e-08    -8.06896e-08    -1.52912e-08    -1.907629e-08    1.775202e-08    -7.728271e-08    -4.324797e-08    8.198217e-08    3.241856e-08    1.432584e-07    -9.819912e-08    -8.920368e-08    1.590839e-07    -5.492331e-08    1.016575e-07    -1.004725e-07    -7.310064e-08    1.222987e-07    -2.278646e-08    1.488221e-06    -2.408789e-08    -8.901257e-07    1.222054e-07    -3.036784e-08
4.259118e-08    1.283563e-07    2.696268e-08    -6.377093e-08    -6.478161e-08    -7.449213e-08    6.008997e-08    1.296148e-07    -5.125977e-09    -5.499853e-08    -9.272666e-08    -4.092113e-08    -9.15753e-08    -1.306386e-07    2.012279e-07    -5.870765e-08    -2.89448e-08    -7.990152e-08    -6.395903e-08    1.368151e-07    -2.408789e-08    1.469001e-06    -2.675869e-07    -8.766441e-07    3.187884e-07
-5.94661e-08    3.305485e-08    1.23639e-07    2.266387e-08    -7.251982e-08    9.668411e-09    9.817511e-08    6.04606e-08    -3.92709e-08    -6.447926e-08    -1.311881e-07    -6.792955e-08    -5.77729e-08    -1.240786e-07    1.997686e-07    -7.119648e-08    -2.928284e-08    -5.470747e-08    -9.432675e-08    1.308943e-07    -8.901257e-07    -2.675869e-07    1.48309e-06    1.63897e-08    -6.518244e-07
-1.824484e-08    -8.181469e-08    -1.251113e-08    9.995015e-08    4.039775e-08    9.175057e-08    -3.13116e-08    -6.482557e-08    1.985849e-08    -5.521705e-08    1.349355e-07    -1.35098e-07    -1.059365e-07    1.633842e-07    -3.163049e-08    1.299544e-07    -1.040253e-07    -9.187547e-08    8.585672e-08    -4.968168e-08    1.222054e-07    -8.766441e-07    1.63897e-08    1.491342e-06    -6.821081e-07
-4.958132e-08    -3.212982e-08    -4.308088e-08    -1.902189e-09    1.469731e-07    -2.233565e-08    -3.081311e-08    -3.788656e-08    -3.682061e-08    -1.354611e-08    -1.609432e-08    1.839463e-07    1.608636e-07    -4.969742e-08    -1.459736e-07    -2.255562e-08    1.565102e-07    1.057459e-07    -4.106822e-08    -7.087612e-08    -3.036784e-08    3.187884e-07    -6.518244e-07    -6.821081e-07    1.407593e-06
