3.490078e-06    1.213294e-06    1.097288e-06    2.060172e-07    -4.584124e-06    1.386294e-06    -5.701152e-07    -4.216225e-07    1.680811e-06    -1.322252e-06    1.376243e-06    2.187514e-06    1.551778e-06    1.171063e-06    -3.647164e-06    1.617606e-06    -5.394106e-06    -4.862e-06    1.946378e-06    3.48618e-06    -7.969294e-07    2.884674e-06    3.495595e-06    -4.947631e-07    -2.912541e-06
1.213294e-06    3.784766e-06    2.010427e-06    -1.633096e-06    -2.675437e-06    1.335244e-06    -9.42931e-07    -8.514696e-08    1.386805e-06    -4.685438e-07    -1.658639e-07    2.27461e-06    1.981446e-06    1.776518e-06    -3.304451e-06    -7.220785e-07    -3.549687e-06    -1.877433e-06    8.498929e-08    2.681825e-06    -8.581073e-07    3.864854e-06    2.451381e-06    -1.647847e-06    -1.14126e-06
1.097288e-06    2.010427e-06    2.951421e-06    -1.846875e-07    -3.412919e-06    8.797723e-07    -6.707995e-07    -1.296278e-06    4.741276e-07    6.690185e-07    -8.395383e-07    1.749294e-06    1.745691e-06    9.815154e-07    -2.827191e-06    8.460565e-08    -1.907128e-06    -2.826744e-06    -2.754787e-07    2.409011e-06    5.989454e-08    2.233305e-06    9.460441e-07    -1.023154e-06    -8.194014e-07
2.060172e-07    -1.633096e-06    -1.846875e-07    2.647575e-06    9.443321e-07    -2.552144e-08    -3.676112e-07    -1.639144e-06    -7.822841e-07    1.391606e-06    8.48979e-09    -3.865852e-07    3.575834e-08    -5.784458e-07    1.511778e-07    1.09131e-06    5.062447e-07    -5.875307e-07    5.005691e-07    -4.39188e-07    7.147039e-07    -2.090984e-06    -1.295472e-06    1.106388e-06    1.395167e-07
-4.584124e-06    -2.675437e-06    -3.412919e-06    9.443321e-07    1.169766e-05    -3.403236e-06    1.602881e-06    1.421841e-06    -3.721297e-06    2.160274e-06    -5.158998e-07    -4.173154e-06    -2.984757e-06    -1.702177e-06    5.938374e-06    -1.755245e-06    8.662825e-06    7.907553e-06    -1.787652e-06    -6.489298e-06    5.76349e-07    -5.841229e-06    -5.084273e-06    1.546267e-06    4.214563e-06
1.386294e-06    1.335244e-06    8.797723e-07    -2.552144e-08    -3.403236e-06    2.610806e-06    -6.932331e-07    -1.302551e-06    1.299365e-06    -8.407168e-07    -1.518963e-07    1.043626e-06    9.945525e-07    9.797689e-07    -2.257701e-06    5.24531e-07    -2.889984e-06    -2.295124e-06    2.555046e-07    2.092748e-06    2.801438e-07    2.037341e-06    1.19444e-06    -1.698067e-07    -1.432613e-06
-5.701152e-07    -9.42931e-07    -6.707995e-07    -3.676112e-07    1.602881e-06    -6.932331e-07    1.820546e-06    1.15889e-06    -1.507002e-06    -4.918427e-07    8.234068e-08    -1.372182e-06    -8.184095e-07    -5.229396e-07    1.749262e-06    2.31753e-07    2.134733e-06    8.939391e-07    -8.578694e-07    -1.152142e-06    2.867651e-07    -6.192307e-07    -8.52724e-07    5.066531e-07    1.243057e-07
-4.216225e-07    -8.514696e-08    -1.296278e-06    -1.639144e-06    1.421841e-06    -1.302551e-06    1.15889e-06    4.416799e-06    1.066789e-09    -2.817883e-06    9.051316e-07    1.722664e-07    -1.390678e-06    -5.754908e-07    1.682469e-06    -1.092666e-06    1.628944e-07    1.60059e-06    -3.390203e-07    -3.610748e-07    -5.686829e-07    1.254787e-06    7.263848e-07    -8.563317e-07    2.494322e-07
1.680811e-06    1.386805e-06    4.741276e-07    -7.822841e-07    -3.721297e-06    1.299365e-06    -1.507002e-06    1.066789e-09    3.692722e-06    -1.906334e-06    6.647552e-07    1.865519e-06    9.718974e-07    1.359683e-06    -2.552038e-06    -2.039507e-07    -5.213165e-06    -2.237312e-06    1.955653e-06    2.553193e-06    -1.481344e-06    2.894143e-06    3.846966e-06    -1.358998e-06    -1.621876e-06
-1.322252e-06    -4.685438e-07    6.690185e-07    1.391606e-06    2.160274e-06    -8.407168e-07    -4.918427e-07    -2.817883e-06    -1.906334e-06    4.014613e-06    -1.234842e-06    -7.927107e-07    6.122638e-07    -3.910735e-07    7.237401e-07    6.080789e-08    3.146229e-06    1.184023e-06    -5.602989e-07    -1.64031e-06    6.581517e-07    -2.707742e-06    -2.586425e-06    6.828133e-07    1.57916e-06
1.376243e-06    -1.658639e-07    -8.395383e-07    8.48979e-09    -5.158998e-07    -1.518963e-07    8.234068e-08    9.051316e-07    6.647552e-07    -1.234842e-06    1.728296e-06    5.63794e-07    6.632652e-08    2.454159e-08    -8.461414e-07    7.845626e-07    -2.031016e-06    -1.347443e-06    1.089412e-06    8.183832e-07    -7.833391e-07    5.946523e-07    1.857597e-06    1.202255e-08    -1.094738e-06
2.187514e-06    2.27461e-06    1.749294e-06    -3.865852e-07    -4.173154e-06    1.043626e-06    -1.372182e-06    1.722664e-07    1.865519e-06    -7.927107e-07    5.63794e-07    3.379428e-06    1.695834e-06    7.760532e-07    -3.887484e-06    2.491036e-07    -4.781903e-06    -3.219864e-06    9.541786e-07    3.358162e-06    -6.740985e-07    3.531901e-06    2.664385e-06    -1.541029e-06    -1.508046e-06
1.551778e-06    1.981446e-06    1.745691e-06    3.575834e-08    -2.984757e-06    9.945525e-07    -8.184095e-07    -1.390678e-06    9.718974e-07    6.122638e-07    6.632652e-08    1.695834e-06    2.808297e-06    1.282215e-06    -2.909534e-06    3.019626e-07    -3.704464e-06    -3.175827e-06    9.822027e-07    2.72243e-06    -7.943599e-07    2.41283e-06    2.52912e-06    -9.435648e-07    -1.483501e-06
1.171063e-06    1.776518e-06    9.815154e-07    -5.784458e-07    -1.702177e-06    9.797689e-07    -5.229396e-07    -5.754908e-07    1.359683e-06    -3.910735e-07    2.454159e-08    7.760532e-07    1.282215e-06    1.788368e-06    -1.941441e-06    -1.433317e-07    -2.950105e-06    -1.81894e-06    1.156791e-06    1.691227e-06    -9.073293e-07    2.169772e-06    2.349768e-06    -7.894501e-07    -1.30196e-06
-3.647164e-06    -3.304451e-06    -2.827191e-06    1.511778e-07    5.938374e-06    -2.257701e-06    1.749262e-06    1.682469e-06    -2.552038e-06    7.237401e-07    -8.461414e-07    -3.887484e-06    -2.909534e-06    -1.941441e-06    7.054571e-06    -1.258542e-06    6.845156e-06    5.753883e-06    -1.549601e-06    -4.89327e-06    8.875728e-07    -4.655971e-06    -4.023219e-06    1.458987e-06    2.838296e-06
1.617606e-06    -7.220785e-07    8.460565e-08    1.09131e-06    -1.755245e-06    5.24531e-07    2.31753e-07    -1.092666e-06    -2.039507e-07    6.080789e-08    7.845626e-07    2.491036e-07    3.019626e-07    -1.433317e-07    -1.258542e-06    2.012641e-06    -1.084462e-06    -2.528048e-06    5.52929e-07    8.895366e-07    2.553276e-07    -1.958113e-07    3.984933e-07    8.723871e-07    -1.324464e-06
-5.394106e-06    -3.549687e-06    -1.907128e-06    5.062447e-07    8.662825e-06    -2.889984e-06    2.134733e-06    1.628944e-07    -5.213165e-06    3.146229e-06    -2.031016e-06    -4.781903e-06    -3.704464e-06    -2.950105e-06    6.845156e-06    -1.084462e-06    1.231489e-05    7.399215e-06    -4.367598e-06    -6.808388e-06    2.564107e-06    -7.045509e-06    -8.18513e-06    2.260757e-06    5.079671e-06
-4.862e-06    -1.877433e-06    -2.826744e-06    -5.875307e-07    7.907553e-06    -2.295124e-06    8.939391e-07    1.60059e-06    -2.237312e-06    1.184023e-06    -1.347443e-06    -3.219864e-06    -3.175827e-06    -1.81894e-06    5.753883e-06    -2.528048e-06    7.399215e-06    8.376002e-06    -2.191953e-06    -5.799055e-06    8.682828e-07    -4.288975e-06    -4.871944e-06    8.866675e-07    4.10197e-06
1.946378e-06    8.498929e-08    -2.754787e-07    5.005691e-07    -1.787652e-06    2.555046e-07    -8.578694e-07    -3.390203e-07    1.955653e-06    -5.602989e-07    1.089412e-06    9.541786e-07    9.822027e-07    1.156791e-06    -1.549601e-06    5.52929e-07    -4.367598e-06    -2.191953e-06    2.952375e-06    1.537028e-06    -1.406775e-06    1.221035e-06    3.2245e-06    -3.881893e-07    -1.821894e-06
3.48618e-06    2.681825e-06    2.409011e-06    -4.39188e-07    -6.489298e-06    2.092748e-06    -1.152142e-06    -3.610748e-07    2.553193e-06    -1.64031e-06    8.183832e-07    3.358162e-06    2.72243e-06    1.691227e-06    -4.89327e-06    8.895366e-07    -6.808388e-06    -5.799055e-06    1.537028e-06    5.02213e-06    -9.775096e-07    4.742435e-06    4.40335e-06    -1.580935e-06    -3.005428e-06
-7.969294e-07    -8.581073e-07    5.989454e-08    7.147039e-07    5.76349e-07    2.801438e-07    2.867651e-07    -5.686829e-07    -1.481344e-06    6.581517e-07    -7.833391e-07    -6.740985e-07    -7.943599e-07    -9.073293e-07    8.875728e-07    2.553276e-07    2.564107e-06    8.682828e-07    -1.406775e-06    -9.775096e-07    1.596467e-06    -1.429157e-06    -2.774452e-06    9.084157e-07    8.853961e-07
2.884674e-06    3.864854e-06    2.233305e-06    -2.090984e-06    -5.841229e-06    2.037341e-06    -6.192307e-07    1.254787e-06    2.894143e-06    -2.707742e-06    5.946523e-07    3.531901e-06    2.41283e-06    2.169772e-06    -4.655971e-06    -1.958113e-07    -7.045509e-06    -4.288975e-06    1.221035e-06    4.742435e-06    -1.429157e-06    6.479871e-06    4.988231e-06    -2.458281e-06    -2.908665e-06
3.495595e-06    2.451381e-06    9.460441e-07    -1.295472e-06    -5.084273e-06    1.19444e-06    -8.52724e-07    7.263848e-07    3.846966e-06    -2.586425e-06    1.857597e-06    2.664385e-06    2.52912e-06    2.349768e-06    -4.023219e-06    3.984933e-07    -8.18513e-06    -4.871944e-06    3.2245e-06    4.40335e-06    -2.774452e-06    4.988231e-06    6.890727e-06    -1.949096e-06    -3.549198e-06
-4.947631e-07    -1.647847e-06    -1.023154e-06    1.106388e-06    1.546267e-06    -1.698067e-07    5.066531e-07    -8.563317e-07    -1.358998e-06    6.828133e-07    1.202255e-08    -1.541029e-06    -9.435648e-07    -7.894501e-07    1.458987e-06    8.723871e-07    2.260757e-06    8.866675e-07    -3.881893e-07    -1.580935e-06    9.084157e-07    -2.458281e-06    -1.949096e-06    1.660576e-06    3.2462e-07
-2.912541e-06    -1.14126e-06    -8.194014e-07    1.395167e-07    4.214563e-06    -1.432613e-06    1.243057e-07    2.494322e-07    -1.621876e-06    1.57916e-06    -1.094738e-06    -1.508046e-06    -1.483501e-06    -1.30196e-06    2.838296e-06    -1.324464e-06    5.079671e-06    4.10197e-06    -1.821894e-06    -3.005428e-06    8.853961e-07    -2.908665e-06    -3.549198e-06    3.2462e-07    2.98175e-06
