1.895892e-06    2.157595e-06    4.194005e-07    -4.144055e-07    -1.334651e-06    5.283482e-07    -1.784392e-06    -1.822261e-06    6.426932e-07    9.324382e-07
2.157595e-06    1.204235e-05    6.41291e-06    -7.662621e-07    -6.450913e-06    1.404469e-06    -7.701816e-06    -6.448709e-06    2.910217e-06    4.015944e-06
4.194005e-07    6.41291e-06    6.045488e-06    9.926894e-07    -4.932386e-06    8.428094e-07    -5.121735e-06    -4.001417e-06    1.482009e-06    3.093749e-06
-4.144055e-07    -7.662621e-07    9.926894e-07    3.37897e-06    -1.880869e-06    4.117993e-07    -7.312835e-07    -2.724062e-07    1.805709e-07    8.439349e-08
-1.334651e-06    -6.450913e-06    -4.932386e-06    -1.880869e-06    7.032047e-06    -1.396541e-06    5.657798e-06    4.723423e-06    -1.800694e-06    -2.994842e-06
5.283482e-07    1.404469e-06    8.428094e-07    4.117993e-07    -1.396541e-06    1.596467e-06    -1.429157e-06    -2.774452e-06    9.084157e-07    8.853961e-07
-1.784392e-06    -7.701816e-06    -5.121735e-06    -7.312835e-07    5.657798e-06    -1.429157e-06    6.479871e-06    4.988231e-06    -2.458281e-06    -2.908665e-06
-1.822261e-06    -6.448709e-06    -4.001417e-06    -2.724062e-07    4.723423e-06    -2.774452e-06    4.988231e-06    6.890727e-06    -1.949096e-06    -3.549198e-06
6.426932e-07    2.910217e-06    1.482009e-06    1.805709e-07    -1.800694e-06    9.084157e-07    -2.458281e-06    -1.949096e-06    1.660576e-06    3.2462e-07
9.324382e-07    4.015944e-06    3.093749e-06    8.439349e-08    -2.994842e-06    8.853961e-07    -2.908665e-06    -3.549198e-06    3.2462e-07    2.98175e-06
