1.728296e-06    5.63794e-07    6.632652e-08    2.454159e-08    -8.461414e-07    -7.833391e-07    5.946523e-07    1.857597e-06    1.202255e-08    -1.094738e-06
5.63794e-07    3.379428e-06    1.695834e-06    7.760532e-07    -3.887484e-06    -6.740985e-07    3.531901e-06    2.664385e-06    -1.541029e-06    -1.508046e-06
6.632652e-08    1.695834e-06    2.808297e-06    1.282215e-06    -2.909534e-06    -7.943599e-07    2.41283e-06    2.52912e-06    -9.435648e-07    -1.483501e-06
2.454159e-08    7.760532e-07    1.282215e-06    1.788368e-06    -1.941441e-06    -9.073293e-07    2.169772e-06    2.349768e-06    -7.894501e-07    -1.30196e-06
-8.461414e-07    -3.887484e-06    -2.909534e-06    -1.941441e-06    7.054571e-06    8.875728e-07    -4.655971e-06    -4.023219e-06    1.458987e-06    2.838296e-06
-7.833391e-07    -6.740985e-07    -7.943599e-07    -9.073293e-07    8.875728e-07    1.596467e-06    -1.429157e-06    -2.774452e-06    9.084157e-07    8.853961e-07
5.946523e-07    3.531901e-06    2.41283e-06    2.169772e-06    -4.655971e-06    -1.429157e-06    6.479871e-06    4.988231e-06    -2.458281e-06    -2.908665e-06
1.857597e-06    2.664385e-06    2.52912e-06    2.349768e-06    -4.023219e-06    -2.774452e-06    4.988231e-06    6.890727e-06    -1.949096e-06    -3.549198e-06
1.202255e-08    -1.541029e-06    -9.435648e-07    -7.894501e-07    1.458987e-06    9.084157e-07    -2.458281e-06    -1.949096e-06    1.660576e-06    3.2462e-07
-1.094738e-06    -1.508046e-06    -1.483501e-06    -1.30196e-06    2.838296e-06    8.853961e-07    -2.908665e-06    -3.549198e-06    3.2462e-07    2.98175e-06
