3.490078e-06    1.213294e-06    1.097288e-06    2.060172e-07    -4.584124e-06    -1.275481e-06    -4.357001e-06    -2.803872e-06    -6.322267e-08    2.718318e-06    1.617606e-06    -5.394106e-06    -4.862e-06    1.946378e-06    3.48618e-06    -7.969294e-07    2.884674e-06    3.495595e-06    -4.947631e-07    -2.912541e-06
1.213294e-06    3.784766e-06    2.010427e-06    -1.633096e-06    -2.675437e-06    -1.055496e-06    -4.381927e-06    -2.471981e-06    -5.161813e-07    2.651313e-06    -7.220785e-07    -3.549687e-06    -1.877433e-06    8.498929e-08    2.681825e-06    -8.581073e-07    3.864854e-06    2.451381e-06    -1.647847e-06    -1.14126e-06
1.097288e-06    2.010427e-06    2.951421e-06    -1.846875e-07    -3.412919e-06    -2.284035e-07    -3.584705e-06    -1.809885e-06    7.657806e-07    8.083351e-07    8.460565e-08    -1.907128e-06    -2.826744e-06    -2.754787e-07    2.409011e-06    5.989454e-08    2.233305e-06    9.460441e-07    -1.023154e-06    -8.194014e-07
2.060172e-07    -1.633096e-06    -1.846875e-07    2.647575e-06    9.443321e-07    1.771647e-07    1.120388e-06    1.769129e-06    1.237003e-06    -1.929412e-06    1.09131e-06    5.062447e-07    -5.875307e-07    5.005691e-07    -4.39188e-07    7.147039e-07    -2.090984e-06    -1.295472e-06    1.106388e-06    1.395167e-07
-4.584124e-06    -2.675437e-06    -3.412919e-06    9.443321e-07    1.169766e-05    2.101846e-06    9.429738e-06    5.644682e-06    -1.454415e-06    -4.56602e-06    -1.755245e-06    8.662825e-06    7.907553e-06    -1.787652e-06    -6.489298e-06    5.76349e-07    -5.841229e-06    -5.084273e-06    1.546267e-06    4.214563e-06
-1.275481e-06    -1.055496e-06    -2.284035e-07    1.771647e-07    2.101846e-06    1.895892e-06    2.157595e-06    4.194005e-07    -4.144055e-07    -1.334651e-06    -2.96803e-07    3.034721e-06    1.895577e-06    -7.841241e-07    -1.933252e-06    5.283482e-07    -1.784392e-06    -1.822261e-06    6.426932e-07    9.324382e-07
-4.357001e-06    -4.381927e-06    -3.584705e-06    1.120388e-06    9.429738e-06    2.157595e-06    1.204235e-05    6.41291e-06    -7.662621e-07    -6.450913e-06    -2.373973e-07    1.013855e-05    7.236849e-06    -1.997622e-06    -7.126888e-06    1.404469e-06    -7.701816e-06    -6.448709e-06    2.910217e-06    4.015944e-06
-2.803872e-06    -2.471981e-06    -1.809885e-06    1.769129e-06    5.644682e-06    4.194005e-07    6.41291e-06    6.045488e-06    9.926894e-07    -4.932386e-06    -2.623857e-07    5.454662e-06    4.038688e-06    -1.030182e-06    -3.804808e-06    8.428094e-07    -5.121735e-06    -4.001417e-06    1.482009e-06    3.093749e-06
-6.322267e-08    -5.161813e-07    7.657806e-07    1.237003e-06    -1.454415e-06    -4.144055e-07    -7.662621e-07    9.926894e-07    3.37897e-06    -1.880869e-06    8.358264e-08    -5.75104e-07    -1.025076e-06    6.247792e-07    5.045659e-07    4.117993e-07    -7.312835e-07    -2.724062e-07    1.805709e-07    8.439349e-08
2.718318e-06    2.651313e-06    8.083351e-07    -1.929412e-06    -4.56602e-06    -1.334651e-06    -6.450913e-06    -4.932386e-06    -1.880869e-06    7.032047e-06    1.442459e-07    -6.112496e-06    -3.434902e-06    1.130033e-06    3.760211e-06    -1.396541e-06    5.657798e-06    4.723423e-06    -1.800694e-06    -2.994842e-06
1.617606e-06    -7.220785e-07    8.460565e-08    1.09131e-06    -1.755245e-06    -2.96803e-07    -2.373973e-07    -2.623857e-07    8.358264e-08    1.442459e-07    2.012641e-06    -1.084462e-06    -2.528048e-06    5.52929e-07    8.895366e-07    2.553276e-07    -1.958113e-07    3.984933e-07    8.723871e-07    -1.324464e-06
-5.394106e-06    -3.549687e-06    -1.907128e-06    5.062447e-07    8.662825e-06    3.034721e-06    1.013855e-05    5.454662e-06    -5.75104e-07    -6.112496e-06    -1.084462e-06    1.231489e-05    7.399215e-06    -4.367598e-06    -6.808388e-06    2.564107e-06    -7.045509e-06    -8.18513e-06    2.260757e-06    5.079671e-06
-4.862e-06    -1.877433e-06    -2.826744e-06    -5.875307e-07    7.907553e-06    1.895577e-06    7.236849e-06    4.038688e-06    -1.025076e-06    -3.434902e-06    -2.528048e-06    7.399215e-06    8.376002e-06    -2.191953e-06    -5.799055e-06    8.682828e-07    -4.288975e-06    -4.871944e-06    8.866675e-07    4.10197e-06
1.946378e-06    8.498929e-08    -2.754787e-07    5.005691e-07    -1.787652e-06    -7.841241e-07    -1.997622e-06    -1.030182e-06    6.247792e-07    1.130033e-06    5.52929e-07    -4.367598e-06    -2.191953e-06    2.952375e-06    1.537028e-06    -1.406775e-06    1.221035e-06    3.2245e-06    -3.881893e-07    -1.821894e-06
3.48618e-06    2.681825e-06    2.409011e-06    -4.39188e-07    -6.489298e-06    -1.933252e-06    -7.126888e-06    -3.804808e-06    5.045659e-07    3.760211e-06    8.895366e-07    -6.808388e-06    -5.799055e-06    1.537028e-06    5.02213e-06    -9.775096e-07    4.742435e-06    4.40335e-06    -1.580935e-06    -3.005428e-06
-7.969294e-07    -8.581073e-07    5.989454e-08    7.147039e-07    5.76349e-07    5.283482e-07    1.404469e-06    8.428094e-07    4.117993e-07    -1.396541e-06    2.553276e-07    2.564107e-06    8.682828e-07    -1.406775e-06    -9.775096e-07    1.596467e-06    -1.429157e-06    -2.774452e-06    9.084157e-07    8.853961e-07
2.884674e-06    3.864854e-06    2.233305e-06    -2.090984e-06    -5.841229e-06    -1.784392e-06    -7.701816e-06    -5.121735e-06    -7.312835e-07    5.657798e-06    -1.958113e-07    -7.045509e-06    -4.288975e-06    1.221035e-06    4.742435e-06    -1.429157e-06    6.479871e-06    4.988231e-06    -2.458281e-06    -2.908665e-06
3.495595e-06    2.451381e-06    9.460441e-07    -1.295472e-06    -5.084273e-06    -1.822261e-06    -6.448709e-06    -4.001417e-06    -2.724062e-07    4.723423e-06    3.984933e-07    -8.18513e-06    -4.871944e-06    3.2245e-06    4.40335e-06    -2.774452e-06    4.988231e-06    6.890727e-06    -1.949096e-06    -3.549198e-06
-4.947631e-07    -1.647847e-06    -1.023154e-06    1.106388e-06    1.546267e-06    6.426932e-07    2.910217e-06    1.482009e-06    1.805709e-07    -1.800694e-06    8.723871e-07    2.260757e-06    8.866675e-07    -3.881893e-07    -1.580935e-06    9.084157e-07    -2.458281e-06    -1.949096e-06    1.660576e-06    3.2462e-07
-2.912541e-06    -1.14126e-06    -8.194014e-07    1.395167e-07    4.214563e-06    9.324382e-07    4.015944e-06    3.093749e-06    8.439349e-08    -2.994842e-06    -1.324464e-06    5.079671e-06    4.10197e-06    -1.821894e-06    -3.005428e-06    8.853961e-07    -2.908665e-06    -3.549198e-06    3.2462e-07    2.98175e-06
