3.490078e-06    1.213294e-06    1.097288e-06    2.060172e-07    -4.584124e-06    2.901991e-06    2.190885e-06    1.204314e-06    -8.900757e-07    -4.009926e-06    -1.930703e-06    -3.578349e-06    -2.807408e-06    -5.496124e-08    3.61892e-06    1.386294e-06    -5.701152e-07    -4.216225e-07    1.680811e-06    -1.322252e-06    1.617606e-06    -5.394106e-06    -4.862e-06    1.946378e-06    3.48618e-06    -7.969294e-07    2.884674e-06    3.495595e-06    -4.947631e-07    -2.912541e-06
1.213294e-06    3.784766e-06    2.010427e-06    -1.633096e-06    -2.675437e-06    2.235311e-06    3.150908e-06    9.266627e-07    -1.94016e-06    -2.590043e-06    -5.427059e-08    -3.491356e-06    -2.401386e-06    -3.532692e-07    2.03202e-06    1.335244e-06    -9.42931e-07    -8.514696e-08    1.386805e-06    -4.685438e-07    -7.220785e-07    -3.549687e-06    -1.877433e-06    8.498929e-08    2.681825e-06    -8.581073e-07    3.864854e-06    2.451381e-06    -1.647847e-06    -1.14126e-06
1.097288e-06    2.010427e-06    2.951421e-06    -1.846875e-07    -3.412919e-06    8.156727e-07    2.07068e-06    1.349337e-06    -9.085427e-07    -1.359773e-06    -5.811072e-07    -1.286625e-06    -1.039606e-06    1.089234e-08    4.628874e-07    8.797723e-07    -6.707995e-07    -1.296278e-06    4.741276e-07    6.690185e-07    8.460565e-08    -1.907128e-06    -2.826744e-06    -2.754787e-07    2.409011e-06    5.989454e-08    2.233305e-06    9.460441e-07    -1.023154e-06    -8.194014e-07
2.060172e-07    -1.633096e-06    -1.846875e-07    2.647575e-06    9.443321e-07    -7.497874e-07    -6.646555e-07    5.484502e-07    1.460505e-06    1.331479e-06    -7.493293e-07    1.645763e-06    1.452379e-06    5.376836e-07    -9.670718e-07    -2.552144e-08    -3.676112e-07    -1.639144e-06    -7.822841e-07    1.391606e-06    1.09131e-06    5.062447e-07    -5.875307e-07    5.005691e-07    -4.39188e-07    7.147039e-07    -2.090984e-06    -1.295472e-06    1.106388e-06    1.395167e-07
-4.584124e-06    -2.675437e-06    -3.412919e-06    9.443321e-07    1.169766e-05    -3.954245e-06    -4.162643e-06    -2.060171e-06    3.588136e-06    9.298264e-06    2.651192e-06    6.020713e-06    5.529672e-06    -8.046373e-07    -5.420464e-06    -3.403236e-06    1.602881e-06    1.421841e-06    -3.721297e-06    2.160274e-06    -1.755245e-06    8.662825e-06    7.907553e-06    -1.787652e-06    -6.489298e-06    5.76349e-07    -5.841229e-06    -5.084273e-06    1.546267e-06    4.214563e-06
2.901991e-06    2.235311e-06    8.156727e-07    -7.497874e-07    -3.954245e-06    3.595145e-06    2.824355e-06    5.255563e-07    -1.665826e-06    -4.25713e-06    -1.111998e-06    -4.750234e-06    -3.818167e-06    -9.987958e-08    4.517886e-06    1.580095e-06    -9.75138e-07    1.887043e-07    2.64094e-06    -2.012803e-06    5.898714e-07    -5.889142e-06    -3.730086e-06    1.916325e-06    3.387624e-06    -1.340602e-06    3.692416e-06    4.201619e-06    -1.08976e-06    -2.589726e-06
2.190885e-06    3.150908e-06    2.07068e-06    -6.646555e-07    -4.162643e-06    2.824355e-06    4.016311e-06    1.786867e-06    -2.101503e-06    -4.336606e-06    -4.694562e-07    -4.429153e-06    -3.781093e-06    -4.833925e-07    3.455623e-06    1.35985e-06    -1.451707e-06    -4.435925e-07    2.286039e-06    -6.129035e-07    -4.860404e-08    -5.696525e-06    -3.509868e-06    1.270182e-06    3.75733e-06    -1.204789e-06    4.171956e-06    3.692273e-06    -1.773244e-06    -1.884973e-06
1.204314e-06    9.266627e-07    1.349337e-06    5.484502e-07    -2.060171e-06    5.255563e-07    1.786867e-06    2.326633e-06    -1.254505e-07    -2.34425e-06    -5.040652e-07    -1.274548e-06    -1.133636e-06    -5.64638e-07    6.691127e-07    1.785226e-07    -4.740941e-07    -7.510134e-07    4.486256e-08    9.829633e-07    6.172844e-07    -2.145947e-06    -2.596999e-06    5.201628e-07    1.967253e-06    -3.490055e-07    1.407303e-06    1.261044e-06    -6.991815e-07    -8.087807e-07
-8.900757e-07    -1.94016e-06    -9.085427e-07    1.460505e-06    3.588136e-06    -1.665826e-06    -2.101503e-06    -1.254505e-07    2.642525e-06    3.374383e-06    -1.44628e-07    3.036536e-06    2.86632e-06    6.234176e-08    -2.75834e-06    -1.409451e-06    7.873229e-07    -6.417982e-07    -1.965491e-06    1.626026e-06    5.90575e-07    3.366604e-06    1.123651e-06    -2.191666e-07    -2.105718e-06    3.709482e-07    -3.213914e-06    -1.932717e-06    1.270573e-06    1.008626e-06
-4.009926e-06    -2.590043e-06    -1.359773e-06    1.331479e-06    9.298264e-06    -4.25713e-06    -4.336606e-06    -2.34425e-06    3.374383e-06    1.06694e-05    1.456662e-06    7.605055e-06    6.828289e-06    -5.809833e-07    -5.92067e-06    -3.007851e-06    1.708106e-06    5.551242e-07    -4.265104e-06    2.344443e-06    -1.169949e-06    9.259095e-06    6.442072e-06    -2.758049e-06    -5.767889e-06    1.667891e-06    -5.769881e-06    -6.259681e-06    1.83418e-06    3.875933e-06
-1.930703e-06    -5.427059e-08    -5.811072e-07    -7.493293e-07    2.651192e-06    -1.111998e-06    -4.694562e-07    -5.040652e-07    -1.44628e-07    1.456662e-06    2.938365e-06    5.52461e-07    -3.828623e-07    -3.597655e-07    -1.475985e-06    -9.160287e-07    -7.30308e-08    8.02715e-07    2.528218e-07    5.732635e-07    -1.756157e-06    1.795275e-06    3.171547e-06    -3.086012e-07    -1.692636e-06    -4.161084e-07    -4.857839e-07    -6.927579e-07    -8.647434e-07    1.696324e-06
-3.578349e-06    -3.491356e-06    -1.286625e-06    1.645763e-06    6.020713e-06    -4.750234e-06    -4.429153e-06    -1.274548e-06    3.036536e-06    7.605055e-06    5.52461e-07    8.959781e-06    7.379887e-06    -3.554531e-07    -6.442373e-06    -2.801766e-06    1.199845e-06    -3.981526e-07    -4.412838e-06    3.203005e-06    -1.401671e-08    9.157972e-06    5.116624e-06    -2.797721e-06    -5.239516e-06    2.362991e-06    -6.413099e-06    -6.95722e-06    2.332501e-06    3.714767e-06
-2.807408e-06    -2.401386e-06    -1.039606e-06    1.452379e-06    5.529672e-06    -3.818167e-06    -3.781093e-06    -1.133636e-06    2.86632e-06    6.828289e-06    -3.828623e-07    7.379887e-06    7.571474e-06    4.759414e-07    -6.435171e-06    -1.82315e-06    9.08105e-07    -1.232135e-06    -4.325556e-06    3.220024e-06    2.350078e-07    8.099165e-06    4.19075e-06    -2.706966e-06    -4.453045e-06    2.248597e-06    -5.721257e-06    -6.31974e-06    2.401892e-06    3.109116e-06
-5.496124e-08    -3.532692e-07    1.089234e-08    5.376836e-07    -8.046373e-07    -9.987958e-08    -4.833925e-07    -5.64638e-07    6.234176e-08    -5.809833e-07    -3.597655e-07    -3.554531e-07    4.759414e-07    2.226733e-06    -1.332381e-06    1.179777e-06    -6.966439e-07    -2.101077e-06    4.391582e-07    6.833318e-07    2.254298e-07    1.426095e-08    -1.501095e-07    3.764086e-07    -2.25456e-07    4.714615e-07    -8.515924e-07    -5.122339e-07    6.856346e-07    -6.458342e-08
3.61892e-06    2.03202e-06    4.628874e-07    -9.670718e-07    -5.420464e-06    4.517886e-06    3.455623e-06    6.691127e-07    -2.75834e-06    -5.92067e-06    -1.475985e-06    -6.442373e-06    -6.435171e-06    -1.332381e-06    9.474392e-06    1.52364e-06    -3.030994e-07    2.731494e-06    3.448213e-06    -4.592908e-06    6.272223e-07    -8.224909e-06    -4.586722e-06    2.400732e-06    4.539266e-06    -1.611872e-06    5.735992e-06    5.787538e-06    -1.640351e-06    -3.680258e-06
1.386294e-06    1.335244e-06    8.797723e-07    -2.552144e-08    -3.403236e-06    1.580095e-06    1.35985e-06    1.785226e-07    -1.409451e-06    -3.007851e-06    -9.160287e-07    -2.801766e-06    -1.82315e-06    1.179777e-06    1.52364e-06    2.610806e-06    -6.932331e-07    -1.302551e-06    1.299365e-06    -8.407168e-07    5.24531e-07    -2.889984e-06    -2.295124e-06    2.555046e-07    2.092748e-06    2.801438e-07    2.037341e-06    1.19444e-06    -1.698067e-07    -1.432613e-06
-5.701152e-07    -9.42931e-07    -6.707995e-07    -3.676112e-07    1.602881e-06    -9.75138e-07    -1.451707e-06    -4.740941e-07    7.873229e-07    1.708106e-06    -7.30308e-08    1.199845e-06    9.08105e-07    -6.966439e-07    -3.030994e-07    -6.932331e-07    1.820546e-06    1.15889e-06    -1.507002e-06    -4.918427e-07    2.31753e-07    2.134733e-06    8.939391e-07    -8.578694e-07    -1.152142e-06    2.867651e-07    -6.192307e-07    -8.52724e-07    5.066531e-07    1.243057e-07
-4.216225e-07    -8.514696e-08    -1.296278e-06    -1.639144e-06    1.421841e-06    1.887043e-07    -4.435925e-07    -7.510134e-07    -6.417982e-07    5.551242e-07    8.02715e-07    -3.981526e-07    -1.232135e-06    -2.101077e-06    2.731494e-06    -1.302551e-06    1.15889e-06    4.416799e-06    1.066789e-09    -2.817883e-06    -1.092666e-06    1.628944e-07    1.60059e-06    -3.390203e-07    -3.610748e-07    -5.686829e-07    1.254787e-06    7.263848e-07    -8.563317e-07    2.494322e-07
1.680811e-06    1.386805e-06    4.741276e-07    -7.822841e-07    -3.721297e-06    2.64094e-06    2.286039e-06    4.486256e-08    -1.965491e-06    -4.265104e-06    2.528218e-07    -4.412838e-06    -4.325556e-06    4.391582e-07    3.448213e-06    1.299365e-06    -1.507002e-06    1.066789e-09    3.692722e-06    -1.906334e-06    -2.039507e-07    -5.213165e-06    -2.237312e-06    1.955653e-06    2.553193e-06    -1.481344e-06    2.894143e-06    3.846966e-06    -1.358998e-06    -1.621876e-06
-1.322252e-06    -4.685438e-07    6.690185e-07    1.391606e-06    2.160274e-06    -2.012803e-06    -6.129035e-07    9.829633e-07    1.626026e-06    2.344443e-06    5.732635e-07    3.203005e-06    3.220024e-06    6.833318e-07    -4.592908e-06    -8.407168e-07    -4.918427e-07    -2.817883e-06    -1.906334e-06    4.014613e-06    6.080789e-08    3.146229e-06    1.184023e-06    -5.602989e-07    -1.64031e-06    6.581517e-07    -2.707742e-06    -2.586425e-06    6.828133e-07    1.57916e-06
1.617606e-06    -7.220785e-07    8.460565e-08    1.09131e-06    -1.755245e-06    5.898714e-07    -4.860404e-08    6.172844e-07    5.90575e-07    -1.169949e-06    -1.756157e-06    -1.401671e-08    2.350078e-07    2.254298e-07    6.272223e-07    5.24531e-07    2.31753e-07    -1.092666e-06    -2.039507e-07    6.080789e-08    2.012641e-06    -1.084462e-06    -2.528048e-06    5.52929e-07    8.895366e-07    2.553276e-07    -1.958113e-07    3.984933e-07    8.723871e-07    -1.324464e-06
-5.394106e-06    -3.549687e-06    -1.907128e-06    5.062447e-07    8.662825e-06    -5.889142e-06    -5.696525e-06    -2.145947e-06    3.366604e-06    9.259095e-06    1.795275e-06    9.157972e-06    8.099165e-06    1.426095e-08    -8.224909e-06    -2.889984e-06    2.134733e-06    1.628944e-07    -5.213165e-06    3.146229e-06    -1.084462e-06    1.231489e-05    7.399215e-06    -4.367598e-06    -6.808388e-06    2.564107e-06    -7.045509e-06    -8.18513e-06    2.260757e-06    5.079671e-06
-4.862e-06    -1.877433e-06    -2.826744e-06    -5.875307e-07    7.907553e-06    -3.730086e-06    -3.509868e-06    -2.596999e-06    1.123651e-06    6.442072e-06    3.171547e-06    5.116624e-06    4.19075e-06    -1.501095e-07    -4.586722e-06    -2.295124e-06    8.939391e-07    1.60059e-06    -2.237312e-06    1.184023e-06    -2.528048e-06    7.399215e-06    8.376002e-06    -2.191953e-06    -5.799055e-06    8.682828e-07    -4.288975e-06    -4.871944e-06    8.866675e-07    4.10197e-06
1.946378e-06    8.498929e-08    -2.754787e-07    5.005691e-07    -1.787652e-06    1.916325e-06    1.270182e-06    5.201628e-07    -2.191666e-07    -2.758049e-06    -3.086012e-07    -2.797721e-06    -2.706966e-06    3.764086e-07    2.400732e-06    2.555046e-07    -8.578694e-07    -3.390203e-07    1.955653e-06    -5.602989e-07    5.52929e-07    -4.367598e-06    -2.191953e-06    2.952375e-06    1.537028e-06    -1.406775e-06    1.221035e-06    3.2245e-06    -3.881893e-07    -1.821894e-06
3.48618e-06    2.681825e-06    2.409011e-06    -4.39188e-07    -6.489298e-06    3.387624e-06    3.75733e-06    1.967253e-06    -2.105718e-06    -5.767889e-06    -1.692636e-06    -5.239516e-06    -4.453045e-06    -2.25456e-07    4.539266e-06    2.092748e-06    -1.152142e-06    -3.610748e-07    2.553193e-06    -1.64031e-06    8.895366e-07    -6.808388e-06    -5.799055e-06    1.537028e-06    5.02213e-06    -9.775096e-07    4.742435e-06    4.40335e-06    -1.580935e-06    -3.005428e-06
-7.969294e-07    -8.581073e-07    5.989454e-08    7.147039e-07    5.76349e-07    -1.340602e-06    -1.204789e-06    -3.490055e-07    3.709482e-07    1.667891e-06    -4.161084e-07    2.362991e-06    2.248597e-06    4.714615e-07    -1.611872e-06    2.801438e-07    2.867651e-07    -5.686829e-07    -1.481344e-06    6.581517e-07    2.553276e-07    2.564107e-06    8.682828e-07    -1.406775e-06    -9.775096e-07    1.596467e-06    -1.429157e-06    -2.774452e-06    9.084157e-07    8.853961e-07
2.884674e-06    3.864854e-06    2.233305e-06    -2.090984e-06    -5.841229e-06    3.692416e-06    4.171956e-06    1.407303e-06    -3.213914e-06    -5.769881e-06    -4.857839e-07    -6.413099e-06    -5.721257e-06    -8.515924e-07    5.735992e-06    2.037341e-06    -6.192307e-07    1.254787e-06    2.894143e-06    -2.707742e-06    -1.958113e-07    -7.045509e-06    -4.288975e-06    1.221035e-06    4.742435e-06    -1.429157e-06    6.479871e-06    4.988231e-06    -2.458281e-06    -2.908665e-06
3.495595e-06    2.451381e-06    9.460441e-07    -1.295472e-06    -5.084273e-06    4.201619e-06    3.692273e-06    1.261044e-06    -1.932717e-06    -6.259681e-06    -6.927579e-07    -6.95722e-06    -6.31974e-06    -5.122339e-07    5.787538e-06    1.19444e-06    -8.52724e-07    7.263848e-07    3.846966e-06    -2.586425e-06    3.984933e-07    -8.18513e-06    -4.871944e-06    3.2245e-06    4.40335e-06    -2.774452e-06    4.988231e-06    6.890727e-06    -1.949096e-06    -3.549198e-06
-4.947631e-07    -1.647847e-06    -1.023154e-06    1.106388e-06    1.546267e-06    -1.08976e-06    -1.773244e-06    -6.991815e-07    1.270573e-06    1.83418e-06    -8.647434e-07    2.332501e-06    2.401892e-06    6.856346e-07    -1.640351e-06    -1.698067e-07    5.066531e-07    -8.563317e-07    -1.358998e-06    6.828133e-07    8.723871e-07    2.260757e-06    8.866675e-07    -3.881893e-07    -1.580935e-06    9.084157e-07    -2.458281e-06    -1.949096e-06    1.660576e-06    3.2462e-07
-2.912541e-06    -1.14126e-06    -8.194014e-07    1.395167e-07    4.214563e-06    -2.589726e-06    -1.884973e-06    -8.087807e-07    1.008626e-06    3.875933e-06    1.696324e-06    3.714767e-06    3.109116e-06    -6.458342e-08    -3.680258e-06    -1.432613e-06    1.243057e-07    2.494322e-07    -1.621876e-06    1.57916e-06    -1.324464e-06    5.079671e-06    4.10197e-06    -1.821894e-06    -3.005428e-06    8.853961e-07    -2.908665e-06    -3.549198e-06    3.2462e-07    2.98175e-06
