2.938365e-06    5.52461e-07    -3.828623e-07    -3.597655e-07    -1.475985e-06    -4.161084e-07    -4.857839e-07    -6.927579e-07    -8.647434e-07    1.696324e-06
5.52461e-07    8.959781e-06    7.379887e-06    -3.554531e-07    -6.442373e-06    2.362991e-06    -6.413099e-06    -6.95722e-06    2.332501e-06    3.714767e-06
-3.828623e-07    7.379887e-06    7.571474e-06    4.759414e-07    -6.435171e-06    2.248597e-06    -5.721257e-06    -6.31974e-06    2.401892e-06    3.109116e-06
-3.597655e-07    -3.554531e-07    4.759414e-07    2.226733e-06    -1.332381e-06    4.714615e-07    -8.515924e-07    -5.122339e-07    6.856346e-07    -6.458342e-08
-1.475985e-06    -6.442373e-06    -6.435171e-06    -1.332381e-06    9.474392e-06    -1.611872e-06    5.735992e-06    5.787538e-06    -1.640351e-06    -3.680258e-06
-4.161084e-07    2.362991e-06    2.248597e-06    4.714615e-07    -1.611872e-06    1.596467e-06    -1.429157e-06    -2.774452e-06    9.084157e-07    8.853961e-07
-4.857839e-07    -6.413099e-06    -5.721257e-06    -8.515924e-07    5.735992e-06    -1.429157e-06    6.479871e-06    4.988231e-06    -2.458281e-06    -2.908665e-06
-6.927579e-07    -6.95722e-06    -6.31974e-06    -5.122339e-07    5.787538e-06    -2.774452e-06    4.988231e-06    6.890727e-06    -1.949096e-06    -3.549198e-06
-8.647434e-07    2.332501e-06    2.401892e-06    6.856346e-07    -1.640351e-06    9.084157e-07    -2.458281e-06    -1.949096e-06    1.660576e-06    3.2462e-07
1.696324e-06    3.714767e-06    3.109116e-06    -6.458342e-08    -3.680258e-06    8.853961e-07    -2.908665e-06    -3.549198e-06    3.2462e-07    2.98175e-06
