3.490078e-06    1.213294e-06    1.097288e-06    2.060172e-07    -4.584124e-06    -7.969294e-07    2.884674e-06    3.495595e-06    -4.947631e-07    -2.912541e-06    -6.813405e-07    2.027526e-06    2.41079e-06    -1.426582e-06    -3.064026e-06
1.213294e-06    3.784766e-06    2.010427e-06    -1.633096e-06    -2.675437e-06    -8.581073e-07    3.864854e-06    2.451381e-06    -1.647847e-06    -1.14126e-06    1.318445e-06    9.569007e-07    6.910358e-07    -1.788311e-06    -1.74119e-06
1.097288e-06    2.010427e-06    2.951421e-06    -1.846875e-07    -3.412919e-06    5.989454e-08    2.233305e-06    9.460441e-07    -1.023154e-06    -8.194014e-07    2.555523e-07    1.550876e-06    1.46608e-06    -1.499852e-06    -2.007369e-06
2.060172e-07    -1.633096e-06    -1.846875e-07    2.647575e-06    9.443321e-07    7.147039e-07    -2.090984e-06    -1.295472e-06    1.106388e-06    1.395167e-07    -9.191858e-07    1.612516e-07    -2.326019e-07    4.162629e-07    8.260441e-07
-4.584124e-06    -2.675437e-06    -3.412919e-06    9.443321e-07    1.169766e-05    5.76349e-07    -5.841229e-06    -5.084273e-06    1.546267e-06    4.214563e-06    7.672583e-07    -3.449169e-06    -5.056085e-06    1.952706e-06    6.387133e-06
-7.969294e-07    -8.581073e-07    5.989454e-08    7.147039e-07    5.76349e-07    1.596467e-06    -1.429157e-06    -2.774452e-06    9.084157e-07    8.853961e-07    8.039563e-09    -7.232441e-07    -9.619061e-07    9.880181e-07    9.448729e-07
2.884674e-06    3.864854e-06    2.233305e-06    -2.090984e-06    -5.841229e-06    -1.429157e-06    6.479871e-06    4.988231e-06    -2.458281e-06    -2.908665e-06    1.458935e-06    2.35419e-06    2.593749e-06    -2.440178e-06    -4.929883e-06
3.495595e-06    2.451381e-06    9.460441e-07    -1.295472e-06    -5.084273e-06    -2.774452e-06    4.988231e-06    6.890727e-06    -1.949096e-06    -3.549198e-06    -3.581304e-08    2.784673e-06    3.437876e-06    -2.589172e-06    -4.419195e-06
-4.947631e-07    -1.647847e-06    -1.023154e-06    1.106388e-06    1.546267e-06    9.084157e-07    -2.458281e-06    -1.949096e-06    1.660576e-06    3.2462e-07    -1.070875e-06    -5.219724e-07    -8.7646e-07    7.919642e-07    1.802266e-06
-2.912541e-06    -1.14126e-06    -8.194014e-07    1.395167e-07    4.214563e-06    8.853961e-07    -2.908665e-06    -3.549198e-06    3.2462e-07    2.98175e-06    6.114218e-07    -2.137152e-06    -2.242777e-06    1.656667e-06    2.87581e-06
-6.813405e-07    1.318445e-06    2.555523e-07    -9.191858e-07    7.672583e-07    8.039563e-09    1.458935e-06    -3.581304e-08    -1.070875e-06    6.114218e-07    2.558072e-06    -1.030405e-06    -9.521974e-07    7.201107e-08    -8.596367e-07
2.027526e-06    9.569007e-07    1.550876e-06    1.612516e-07    -3.449169e-06    -7.232441e-07    2.35419e-06    2.784673e-06    -5.219724e-07    -2.137152e-06    -1.030405e-06    3.057108e-06    2.216349e-06    -2.152236e-06    -2.453138e-06
2.41079e-06    6.910358e-07    1.46608e-06    -2.326019e-07    -5.056085e-06    -9.619061e-07    2.593749e-06    3.437876e-06    -8.7646e-07    -2.242777e-06    -9.521974e-07    2.216349e-06    3.62826e-06    -1.11566e-06    -3.904295e-06
-1.426582e-06    -1.788311e-06    -1.499852e-06    4.162629e-07    1.952706e-06    9.880181e-07    -2.440178e-06    -2.589172e-06    7.919642e-07    1.656667e-06    7.201107e-08    -2.152236e-06    -1.11566e-06    2.469577e-06    1.343457e-06
-3.064026e-06    -1.74119e-06    -2.007369e-06    8.260441e-07    6.387133e-06    9.448729e-07    -4.929883e-06    -4.419195e-06    1.802266e-06    2.87581e-06    -8.596367e-07    -2.453138e-06    -3.904295e-06    1.343457e-06    6.550864e-06
