3.490078e-06    1.213294e-06    1.097288e-06    2.060172e-07    -4.584124e-06    -1.930703e-06    -3.578349e-06    -2.807408e-06    -5.496124e-08    3.61892e-06    1.386294e-06    -5.701152e-07    -4.216225e-07    1.680811e-06    -1.322252e-06    -3.375045e-07    1.440753e-06    -5.367068e-07    1.157519e-06    2.021589e-07    1.887491e-06    -2.848226e-06    -2.276593e-06    1.469881e-06    7.69247e-07    1.617606e-06    -5.394106e-06    -4.862e-06    1.946378e-06    3.48618e-06    -7.969294e-07    2.884674e-06    3.495595e-06    -4.947631e-07    -2.912541e-06
1.213294e-06    3.784766e-06    2.010427e-06    -1.633096e-06    -2.675437e-06    -5.427059e-08    -3.491356e-06    -2.401386e-06    -3.532692e-07    2.03202e-06    1.335244e-06    -9.42931e-07    -8.514696e-08    1.386805e-06    -4.685438e-07    -1.136563e-07    -2.246769e-07    -1.241739e-07    1.334699e-06    3.177955e-07    1.440777e-07    -2.809026e-06    -8.647823e-07    1.385912e-06    7.773765e-07    -7.220785e-07    -3.549687e-06    -1.877433e-06    8.498929e-08    2.681825e-06    -8.581073e-07    3.864854e-06    2.451381e-06    -1.647847e-06    -1.14126e-06
1.097288e-06    2.010427e-06    2.951421e-06    -1.846875e-07    -3.412919e-06    -5.811072e-07    -1.286625e-06    -1.039606e-06    1.089234e-08    4.628874e-07    8.797723e-07    -6.707995e-07    -1.296278e-06    4.741276e-07    6.690185e-07    5.321536e-07    -5.911725e-07    -1.155038e-06    1.446341e-06    3.448161e-07    2.951836e-07    -7.987581e-07    -1.027339e-06    6.305748e-07    2.827254e-07    8.460565e-08    -1.907128e-06    -2.826744e-06    -2.754787e-07    2.409011e-06    5.989454e-08    2.233305e-06    9.460441e-07    -1.023154e-06    -8.194014e-07
2.060172e-07    -1.633096e-06    -1.846875e-07    2.647575e-06    9.443321e-07    -7.493293e-07    1.645763e-06    1.452379e-06    5.376836e-07    -9.670718e-07    -2.552144e-08    -3.676112e-07    -1.639144e-06    -7.822841e-07    1.391606e-06    9.311968e-07    -1.206007e-06    -8.066357e-07    1.325398e-07    -9.675833e-09    -5.405504e-07    2.715718e-06    1.389476e-06    -1.606944e-06    -8.123048e-07    1.09131e-06    5.062447e-07    -5.875307e-07    5.005691e-07    -4.39188e-07    7.147039e-07    -2.090984e-06    -1.295472e-06    1.106388e-06    1.395167e-07
-4.584124e-06    -2.675437e-06    -3.412919e-06    9.443321e-07    1.169766e-05    2.651192e-06    6.020713e-06    5.529672e-06    -8.046373e-07    -5.420464e-06    -3.403236e-06    1.602881e-06    1.421841e-06    -3.721297e-06    2.160274e-06    1.33095e-07    -2.375374e-06    1.450254e-06    -2.750346e-06    -3.568076e-07    -3.46364e-06    6.090746e-06    4.440466e-06    -3.606221e-06    -1.071878e-06    -1.755245e-06    8.662825e-06    7.907553e-06    -1.787652e-06    -6.489298e-06    5.76349e-07    -5.841229e-06    -5.084273e-06    1.546267e-06    4.214563e-06
-1.930703e-06    -5.427059e-08    -5.811072e-07    -7.493293e-07    2.651192e-06    2.938365e-06    5.52461e-07    -3.828623e-07    -3.597655e-07    -1.475985e-06    -9.160287e-07    -7.30308e-08    8.02715e-07    2.528218e-07    5.732635e-07    1.269727e-07    -7.152175e-07    1.013296e-06    -8.176373e-07    -2.397155e-07    -1.054158e-06    2.377831e-07    7.977383e-07    -2.572801e-07    -3.006449e-08    -1.756157e-06    1.795275e-06    3.171547e-06    -3.086012e-07    -1.692636e-06    -4.161084e-07    -4.857839e-07    -6.927579e-07    -8.647434e-07    1.696324e-06
-3.578349e-06    -3.491356e-06    -1.286625e-06    1.645763e-06    6.020713e-06    5.52461e-07    8.959781e-06    7.379887e-06    -3.554531e-07    -6.442373e-06    -2.801766e-06    1.199845e-06    -3.981526e-07    -4.412838e-06    3.203005e-06    1.370852e-06    -2.655639e-06    -1.063748e-06    -1.67887e-06    -1.920347e-08    -3.69574e-06    7.526366e-06    4.845691e-06    -3.477148e-06    -2.282368e-06    -1.401671e-08    9.157972e-06    5.116624e-06    -2.797721e-06    -5.239516e-06    2.362991e-06    -6.413099e-06    -6.95722e-06    2.332501e-06    3.714767e-06
-2.807408e-06    -2.401386e-06    -1.039606e-06    1.452379e-06    5.529672e-06    -3.828623e-07    7.379887e-06    7.571474e-06    4.759414e-07    -6.435171e-06    -1.82315e-06    9.08105e-07    -1.232135e-06    -4.325556e-06    3.220024e-06    1.255438e-06    -3.315892e-06    -1.199979e-06    -7.588327e-07    1.179058e-07    -3.640717e-06    7.463241e-06    5.190423e-06    -3.413877e-06    -2.159909e-06    2.350078e-07    8.099165e-06    4.19075e-06    -2.706966e-06    -4.453045e-06    2.248597e-06    -5.721257e-06    -6.31974e-06    2.401892e-06    3.109116e-06
-5.496124e-08    -3.532692e-07    1.089234e-08    5.376836e-07    -8.046373e-07    -3.597655e-07    -3.554531e-07    4.759414e-07    2.226733e-06    -1.332381e-06    1.179777e-06    -6.966439e-07    -2.101077e-06    4.391582e-07    6.833318e-07    6.319283e-07    -1.064915e-06    -4.858601e-07    7.150792e-07    -1.186963e-07    -4.446729e-08    1.221455e-06    7.304397e-07    -6.342225e-07    -1.094189e-07    2.254298e-07    1.426095e-08    -1.501095e-07    3.764086e-07    -2.25456e-07    4.714615e-07    -8.515924e-07    -5.122339e-07    6.856346e-07    -6.458342e-08
3.61892e-06    2.03202e-06    4.628874e-07    -9.670718e-07    -5.420464e-06    -1.475985e-06    -6.442373e-06    -6.435171e-06    -1.332381e-06    9.474392e-06    1.52364e-06    -3.030994e-07    2.731494e-06    3.448213e-06    -4.592908e-06    -1.9952e-06    4.214863e-06    1.253758e-06    5.9794e-07    1.176472e-09    3.585878e-06    -8.364267e-06    -4.752265e-06    3.53635e-06    1.909799e-06    6.272223e-07    -8.224909e-06    -4.586722e-06    2.400732e-06    4.539266e-06    -1.611872e-06    5.735992e-06    5.787538e-06    -1.640351e-06    -3.680258e-06
1.386294e-06    1.335244e-06    8.797723e-07    -2.552144e-08    -3.403236e-06    -9.160287e-07    -2.801766e-06    -1.82315e-06    1.179777e-06    1.52364e-06    2.610806e-06    -6.932331e-07    -1.302551e-06    1.299365e-06    -8.407168e-07    -2.885437e-07    -2.231245e-08    1.020056e-07    1.543314e-06    6.2891e-09    5.673226e-07    -2.321578e-06    -7.051509e-07    8.6406e-07    7.535675e-07    5.24531e-07    -2.889984e-06    -2.295124e-06    2.555046e-07    2.092748e-06    2.801438e-07    2.037341e-06    1.19444e-06    -1.698067e-07    -1.432613e-06
-5.701152e-07    -9.42931e-07    -6.707995e-07    -3.676112e-07    1.602881e-06    -7.30308e-08    1.199845e-06    9.08105e-07    -6.966439e-07    -3.030994e-07    -6.932331e-07    1.820546e-06    1.15889e-06    -1.507002e-06    -4.918427e-07    -1.088593e-06    9.338849e-07    9.382297e-07    -1.04828e-06    -5.087263e-08    -1.950789e-07    9.364641e-08    -5.447929e-07    -1.935975e-07    6.317815e-07    2.31753e-07    2.134733e-06    8.939391e-07    -8.578694e-07    -1.152142e-06    2.867651e-07    -6.192307e-07    -8.52724e-07    5.066531e-07    1.243057e-07
-4.216225e-07    -8.514696e-08    -1.296278e-06    -1.639144e-06    1.421841e-06    8.02715e-07    -3.981526e-07    -1.232135e-06    -2.101077e-06    2.731494e-06    -1.302551e-06    1.15889e-06    4.416799e-06    1.066789e-09    -2.817883e-06    -1.835882e-06    2.480621e-06    1.907953e-06    -1.051265e-06    -2.631963e-07    6.695324e-07    -3.862405e-06    -1.434532e-06    1.883113e-06    6.140289e-07    -1.092666e-06    1.628944e-07    1.60059e-06    -3.390203e-07    -3.610748e-07    -5.686829e-07    1.254787e-06    7.263848e-07    -8.563317e-07    2.494322e-07
1.680811e-06    1.386805e-06    4.741276e-07    -7.822841e-07    -3.721297e-06    2.528218e-07    -4.412838e-06    -4.325556e-06    4.391582e-07    3.448213e-06    1.299365e-06    -1.507002e-06    1.066789e-09    3.692722e-06    -1.906334e-06    -1.115993e-07    1.749989e-06    6.418434e-08    8.313036e-07    -1.097044e-07    2.434243e-06    -4.150309e-06    -2.813014e-06    2.123912e-06    8.726218e-07    -2.039507e-07    -5.213165e-06    -2.237312e-06    1.955653e-06    2.553193e-06    -1.481344e-06    2.894143e-06    3.846966e-06    -1.358998e-06    -1.621876e-06
-1.322252e-06    -4.685438e-07    6.690185e-07    1.391606e-06    2.160274e-06    5.732635e-07    3.203005e-06    3.220024e-06    6.833318e-07    -4.592908e-06    -8.407168e-07    -4.918427e-07    -2.817883e-06    -1.906334e-06    4.014613e-06    2.022363e-06    -3.384689e-06    -1.505821e-06    -2.091527e-07    2.880214e-07    -2.408518e-06    5.872451e-06    3.275905e-06    -2.757112e-06    -1.468323e-06    6.080789e-08    3.146229e-06    1.184023e-06    -5.602989e-07    -1.64031e-06    6.581517e-07    -2.707742e-06    -2.586425e-06    6.828133e-07    1.57916e-06
-3.375045e-07    -1.136563e-07    5.321536e-07    9.311968e-07    1.33095e-07    1.269727e-07    1.370852e-06    1.255438e-06    6.319283e-07    -1.9952e-06    -2.885437e-07    -1.088593e-06    -1.835882e-06    -1.115993e-07    2.022363e-06    1.62064e-06    -1.651653e-06    -1.458043e-06    1.938578e-07    1.489974e-07    -8.09938e-07    2.922683e-06    1.57564e-06    -1.211291e-06    -1.087062e-06    5.051246e-08    5.425071e-07    1.275033e-07    2.796255e-07    -3.697017e-07    1.894157e-07    -1.317551e-06    -8.606809e-07    2.628905e-07    6.494984e-07
1.440753e-06    -2.246769e-07    -5.911725e-07    -1.206007e-06    -2.375374e-06    -7.152175e-07    -2.655639e-06    -3.315892e-06    -1.064915e-06    4.214863e-06    -2.231245e-08    9.338849e-07    2.480621e-06    1.749989e-06    -3.384689e-06    -1.651653e-06    4.443923e-06    7.937537e-07    -8.431933e-07    -1.561265e-07    3.081132e-06    -4.680393e-06    -4.474355e-06    2.442973e-06    1.61095e-06    4.224876e-07    -3.152895e-06    -1.746458e-06    1.189024e-06    1.448557e-06    -1.214357e-06    2.183124e-06    3.273452e-06    -4.62933e-07    -2.008655e-06
-5.367068e-07    -1.241739e-07    -1.155038e-06    -8.066357e-07    1.450254e-06    1.013296e-06    -1.063748e-06    -1.199979e-06    -4.858601e-07    1.253758e-06    1.020056e-07    9.382297e-07    1.907953e-06    6.418434e-08    -1.505821e-06    -1.458043e-06    7.937537e-07    2.179687e-06    -5.967358e-07    -3.02069e-07    -7.168351e-08    -2.38967e-06    -5.471618e-07    6.736412e-07    9.669608e-07    -6.949467e-07    2.989813e-07    1.338065e-06    -2.109439e-07    -5.322145e-07    -2.474464e-07    7.42315e-07    3.137003e-07    -3.858603e-07    1.326879e-07
1.157519e-06    1.334699e-06    1.446341e-06    1.325398e-07    -2.750346e-06    -8.176373e-07    -1.67887e-06    -7.588327e-07    7.150792e-07    5.9794e-07    1.543314e-06    -1.04828e-06    -1.051265e-06    8.313036e-07    -2.091527e-07    1.938578e-07    -8.431933e-07    -5.967358e-07    2.027902e-06    8.231542e-08    4.288933e-07    -1.251665e-06    -4.010116e-08    7.134754e-07    -1.521815e-07    1.618316e-07    -2.051738e-06    -2.110382e-06    -1.147071e-07    2.018301e-06    3.697433e-07    1.499291e-06    5.577851e-07    -5.226158e-07    -6.14975e-07
2.021589e-07    3.177955e-07    3.448161e-07    -9.675833e-09    -3.568076e-07    -2.397155e-07    -1.920347e-08    1.179058e-07    -1.186963e-07    1.176472e-09    6.2891e-09    -5.087263e-08    -2.631963e-07    -1.097044e-07    2.880214e-07    1.489974e-07    -1.561265e-07    -3.02069e-07    8.231542e-08    1.394023e-07    -7.642716e-08    2.278196e-07    7.79659e-08    -3.580761e-08    -9.300528e-08    1.824858e-07    -1.656049e-07    -4.486565e-07    -6.993512e-08    2.884163e-07    -3.654186e-08    1.956457e-07    1.112868e-07    -5.753832e-08    -1.178659e-07
1.887491e-06    1.440777e-07    2.951836e-07    -5.405504e-07    -3.46364e-06    -1.054158e-06    -3.69574e-06    -3.640717e-06    -4.446729e-08    3.585878e-06    5.673226e-07    -1.950789e-07    6.695324e-07    2.434243e-06    -2.408518e-06    -8.09938e-07    3.081132e-06    -7.168351e-08    4.288933e-07    -7.642716e-08    3.754343e-06    -3.832111e-06    -4.291812e-06    2.138215e-06    9.871281e-07    5.059417e-07    -4.242076e-06    -3.149033e-06    1.601218e-06    2.472219e-06    -1.259616e-06    2.226387e-06    3.734236e-06    -7.458702e-07    -2.000488e-06
-2.848226e-06    -2.809026e-06    -7.987581e-07    2.715718e-06    6.090746e-06    2.377831e-07    7.526366e-06    7.463241e-06    1.221455e-06    -8.364267e-06    -2.321578e-06    9.364641e-08    -3.862405e-06    -4.150309e-06    5.872451e-06    2.922683e-06    -4.680393e-06    -2.38967e-06    -1.251665e-06    2.278196e-07    -3.832111e-06    1.135959e-05    5.702841e-06    -5.382542e-06    -2.633526e-06    5.212924e-07    7.553309e-06    3.714753e-06    -1.20115e-06    -4.758459e-06    1.565269e-06    -7.011365e-06    -5.673801e-06    2.65418e-06    3.026246e-06
-2.276593e-06    -8.647823e-07    -1.027339e-06    1.389476e-06    4.440466e-06    7.977383e-07    4.845691e-06    5.190423e-06    7.304397e-07    -4.752265e-06    -7.051509e-07    -5.447929e-07    -1.434532e-06    -2.813014e-06    3.275905e-06    1.57564e-06    -4.474355e-06    -5.471618e-07    -4.010116e-08    7.79659e-08    -4.291812e-06    5.702841e-06    6.4487e-06    -3.053533e-06    -2.333134e-06    -3.802366e-07    5.208769e-06    3.898146e-06    -1.674692e-06    -3.220862e-06    1.738508e-06    -3.889431e-06    -4.974365e-06    1.359163e-06    2.84307e-06
1.469881e-06    1.385912e-06    6.305748e-07    -1.606944e-06    -3.606221e-06    -2.572801e-07    -3.477148e-06    -3.413877e-06    -6.342225e-07    3.53635e-06    8.6406e-07    -1.935975e-07    1.883113e-06    2.123912e-06    -2.757112e-06    -1.211291e-06    2.442973e-06    6.736412e-07    7.134754e-07    -3.580761e-08    2.138215e-06    -5.382542e-06    -3.053533e-06    3.048471e-06    1.052605e-06    -2.005035e-07    -3.718627e-06    -2.033643e-06    6.12237e-07    2.471756e-06    -8.959733e-07    3.416552e-06    2.882731e-06    -1.438193e-06    -1.421748e-06
7.69247e-07    7.773765e-07    2.827254e-07    -8.123048e-07    -1.071878e-06    -3.006449e-08    -2.282368e-06    -2.159909e-06    -1.094189e-07    1.909799e-06    7.535675e-07    6.317815e-07    6.140289e-07    8.726218e-07    -1.468323e-06    -1.087062e-06    1.61095e-06    9.669608e-07    -1.521815e-07    -9.300528e-08    9.871281e-07    -2.633526e-06    -2.333134e-06    1.052605e-06    1.67151e-06    3.985317e-08    -1.830977e-06    -1.036181e-06    4.908935e-07    9.713513e-07    -6.103325e-07    1.932214e-06    1.838677e-06    -4.447233e-07    -1.294567e-06
1.617606e-06    -7.220785e-07    8.460565e-08    1.09131e-06    -1.755245e-06    -1.756157e-06    -1.401671e-08    2.350078e-07    2.254298e-07    6.272223e-07    5.24531e-07    2.31753e-07    -1.092666e-06    -2.039507e-07    6.080789e-08    5.051246e-08    4.224876e-07    -6.949467e-07    1.618316e-07    1.824858e-07    5.059417e-07    5.212924e-07    -3.802366e-07    -2.005035e-07    3.985317e-08    2.012641e-06    -1.084462e-06    -2.528048e-06    5.52929e-07    8.895366e-07    2.553276e-07    -1.958113e-07    3.984933e-07    8.723871e-07    -1.324464e-06
-5.394106e-06    -3.549687e-06    -1.907128e-06    5.062447e-07    8.662825e-06    1.795275e-06    9.157972e-06    8.099165e-06    1.426095e-08    -8.224909e-06    -2.889984e-06    2.134733e-06    1.628944e-07    -5.213165e-06    3.146229e-06    5.425071e-07    -3.152895e-06    2.989813e-07    -2.051738e-06    -1.656049e-07    -4.242076e-06    7.553309e-06    5.208769e-06    -3.718627e-06    -1.830977e-06    -1.084462e-06    1.231489e-05    7.399215e-06    -4.367598e-06    -6.808388e-06    2.564107e-06    -7.045509e-06    -8.18513e-06    2.260757e-06    5.079671e-06
-4.862e-06    -1.877433e-06    -2.826744e-06    -5.875307e-07    7.907553e-06    3.171547e-06    5.116624e-06    4.19075e-06    -1.501095e-07    -4.586722e-06    -2.295124e-06    8.939391e-07    1.60059e-06    -2.237312e-06    1.184023e-06    1.275033e-07    -1.746458e-06    1.338065e-06    -2.110382e-06    -4.486565e-07    -3.149033e-06    3.714753e-06    3.898146e-06    -2.033643e-06    -1.036181e-06    -2.528048e-06    7.399215e-06    8.376002e-06    -2.191953e-06    -5.799055e-06    8.682828e-07    -4.288975e-06    -4.871944e-06    8.866675e-07    4.10197e-06
1.946378e-06    8.498929e-08    -2.754787e-07    5.005691e-07    -1.787652e-06    -3.086012e-07    -2.797721e-06    -2.706966e-06    3.764086e-07    2.400732e-06    2.555046e-07    -8.578694e-07    -3.390203e-07    1.955653e-06    -5.602989e-07    2.796255e-07    1.189024e-06    -2.109439e-07    -1.147071e-07    -6.993512e-08    1.601218e-06    -1.20115e-06    -1.674692e-06    6.12237e-07    4.908935e-07    5.52929e-07    -4.367598e-06    -2.191953e-06    2.952375e-06    1.537028e-06    -1.406775e-06    1.221035e-06    3.2245e-06    -3.881893e-07    -1.821894e-06
3.48618e-06    2.681825e-06    2.409011e-06    -4.39188e-07    -6.489298e-06    -1.692636e-06    -5.239516e-06    -4.453045e-06    -2.25456e-07    4.539266e-06    2.092748e-06    -1.152142e-06    -3.610748e-07    2.553193e-06    -1.64031e-06    -3.697017e-07    1.448557e-06    -5.322145e-07    2.018301e-06    2.884163e-07    2.472219e-06    -4.758459e-06    -3.220862e-06    2.471756e-06    9.713513e-07    8.895366e-07    -6.808388e-06    -5.799055e-06    1.537028e-06    5.02213e-06    -9.775096e-07    4.742435e-06    4.40335e-06    -1.580935e-06    -3.005428e-06
-7.969294e-07    -8.581073e-07    5.989454e-08    7.147039e-07    5.76349e-07    -4.161084e-07    2.362991e-06    2.248597e-06    4.714615e-07    -1.611872e-06    2.801438e-07    2.867651e-07    -5.686829e-07    -1.481344e-06    6.581517e-07    1.894157e-07    -1.214357e-06    -2.474464e-07    3.697433e-07    -3.654186e-08    -1.259616e-06    1.565269e-06    1.738508e-06    -8.959733e-07    -6.103325e-07    2.553276e-07    2.564107e-06    8.682828e-07    -1.406775e-06    -9.775096e-07    1.596467e-06    -1.429157e-06    -2.774452e-06    9.084157e-07    8.853961e-07
2.884674e-06    3.864854e-06    2.233305e-06    -2.090984e-06    -5.841229e-06    -4.857839e-07    -6.413099e-06    -5.721257e-06    -8.515924e-07    5.735992e-06    2.037341e-06    -6.192307e-07    1.254787e-06    2.894143e-06    -2.707742e-06    -1.317551e-06    2.183124e-06    7.42315e-07    1.499291e-06    1.956457e-07    2.226387e-06    -7.011365e-06    -3.889431e-06    3.416552e-06    1.932214e-06    -1.958113e-07    -7.045509e-06    -4.288975e-06    1.221035e-06    4.742435e-06    -1.429157e-06    6.479871e-06    4.988231e-06    -2.458281e-06    -2.908665e-06
3.495595e-06    2.451381e-06    9.460441e-07    -1.295472e-06    -5.084273e-06    -6.927579e-07    -6.95722e-06    -6.31974e-06    -5.122339e-07    5.787538e-06    1.19444e-06    -8.52724e-07    7.263848e-07    3.846966e-06    -2.586425e-06    -8.606809e-07    3.273452e-06    3.137003e-07    5.577851e-07    1.112868e-07    3.734236e-06    -5.673801e-06    -4.974365e-06    2.882731e-06    1.838677e-06    3.984933e-07    -8.18513e-06    -4.871944e-06    3.2245e-06    4.40335e-06    -2.774452e-06    4.988231e-06    6.890727e-06    -1.949096e-06    -3.549198e-06
-4.947631e-07    -1.647847e-06    -1.023154e-06    1.106388e-06    1.546267e-06    -8.647434e-07    2.332501e-06    2.401892e-06    6.856346e-07    -1.640351e-06    -1.698067e-07    5.066531e-07    -8.563317e-07    -1.358998e-06    6.828133e-07    2.628905e-07    -4.62933e-07    -3.858603e-07    -5.226158e-07    -5.753832e-08    -7.458702e-07    2.65418e-06    1.359163e-06    -1.438193e-06    -4.447233e-07    8.723871e-07    2.260757e-06    8.866675e-07    -3.881893e-07    -1.580935e-06    9.084157e-07    -2.458281e-06    -1.949096e-06    1.660576e-06    3.2462e-07
-2.912541e-06    -1.14126e-06    -8.194014e-07    1.395167e-07    4.214563e-06    1.696324e-06    3.714767e-06    3.109116e-06    -6.458342e-08    -3.680258e-06    -1.432613e-06    1.243057e-07    2.494322e-07    -1.621876e-06    1.57916e-06    6.494984e-07    -2.008655e-06    1.326879e-07    -6.14975e-07    -1.178659e-07    -2.000488e-06    3.026246e-06    2.84307e-06    -1.421748e-06    -1.294567e-06    -1.324464e-06    5.079671e-06    4.10197e-06    -1.821894e-06    -3.005428e-06    8.853961e-07    -2.908665e-06    -3.549198e-06    3.2462e-07    2.98175e-06
