3.490078e-06    1.213294e-06    1.097288e-06    2.060172e-07    -4.584124e-06    2.907737e-06    -6.426051e-06    -3.209257e-06    3.701025e-06    1.64294e-06    1.617606e-06    -5.394106e-06    -4.862e-06    1.946378e-06    3.48618e-06    -7.969294e-07    2.884674e-06    3.495595e-06    -4.947631e-07    -2.912541e-06
1.213294e-06    3.784766e-06    2.010427e-06    -1.633096e-06    -2.675437e-06    3.13027e-06    -5.623458e-06    -4.592394e-06    4.606433e-06    1.178619e-06    -7.220785e-07    -3.549687e-06    -1.877433e-06    8.498929e-08    2.681825e-06    -8.581073e-07    3.864854e-06    2.451381e-06    -1.647847e-06    -1.14126e-06
1.097288e-06    2.010427e-06    2.951421e-06    -1.846875e-07    -3.412919e-06    1.436061e-06    -3.088406e-06    -2.218802e-06    3.341445e-06    4.266862e-07    8.460565e-08    -1.907128e-06    -2.826744e-06    -2.754787e-07    2.409011e-06    5.989454e-08    2.233305e-06    9.460441e-07    -1.023154e-06    -8.194014e-07
2.060172e-07    -1.633096e-06    -1.846875e-07    2.647575e-06    9.443321e-07    -1.953193e-06    2.836283e-06    2.355e-06    -1.625126e-06    -2.036425e-07    1.09131e-06    5.062447e-07    -5.875307e-07    5.005691e-07    -4.39188e-07    7.147039e-07    -2.090984e-06    -1.295472e-06    1.106388e-06    1.395167e-07
-4.584124e-06    -2.675437e-06    -3.412919e-06    9.443321e-07    1.169766e-05    -6.538603e-06    1.195028e-05    6.311411e-06    -7.197216e-06    -1.935153e-06    -1.755245e-06    8.662825e-06    7.907553e-06    -1.787652e-06    -6.489298e-06    5.76349e-07    -5.841229e-06    -5.084273e-06    1.546267e-06    4.214563e-06
2.907737e-06    3.13027e-06    1.436061e-06    -1.953193e-06    -6.538603e-06    7.716902e-06    -1.213243e-05    -8.158074e-06    7.231402e-06    2.228366e-06    -2.532235e-07    -8.044572e-06    -4.28264e-06    2.162329e-06    4.713685e-06    -1.738228e-06    6.288421e-06    5.846736e-06    -2.296484e-06    -3.272896e-06
-6.426051e-06    -5.623458e-06    -3.088406e-06    2.836283e-06    1.195028e-05    -1.213243e-05    2.44415e-05    1.208992e-05    -1.38656e-05    -3.893199e-06    -6.118096e-07    1.495618e-05    9.009056e-06    -3.671042e-06    -9.230144e-06    3.088227e-06    -1.148609e-05    -1.049712e-05    4.065405e-06    6.243866e-06
-3.209257e-06    -4.592394e-06    -2.218802e-06    2.355e-06    6.311411e-06    -8.158074e-06    1.208992e-05    1.090864e-05    -8.808035e-06    -3.11613e-06    5.012516e-07    8.480423e-06    4.990246e-06    -1.669417e-06    -5.537933e-06    2.036499e-06    -7.473555e-06    -6.481197e-06    2.882059e-06    3.578076e-06
3.701025e-06    4.606433e-06    3.341445e-06    -1.625126e-06    -7.197216e-06    7.231402e-06    -1.38656e-05    -8.808035e-06    9.812327e-06    2.518798e-06    -9.89442e-08    -8.641201e-06    -6.002099e-06    1.345195e-06    6.213271e-06    -1.55097e-06    7.511351e-06    5.93141e-06    -2.92545e-06    -3.485948e-06
1.64294e-06    1.178619e-06    4.266862e-07    -2.036425e-07    -1.935153e-06    2.228366e-06    -3.893199e-06    -3.11613e-06    2.518798e-06    1.462973e-06    4.873561e-07    -3.276024e-06    -2.40613e-06    1.084535e-06    2.015485e-06    -9.931309e-07    2.044149e-06    2.628411e-06    -7.19292e-07    -1.508784e-06
1.617606e-06    -7.220785e-07    8.460565e-08    1.09131e-06    -1.755245e-06    -2.532235e-07    -6.118096e-07    5.012516e-07    -9.89442e-08    4.873561e-07    2.012641e-06    -1.084462e-06    -2.528048e-06    5.52929e-07    8.895366e-07    2.553276e-07    -1.958113e-07    3.984933e-07    8.723871e-07    -1.324464e-06
-5.394106e-06    -3.549687e-06    -1.907128e-06    5.062447e-07    8.662825e-06    -8.044572e-06    1.495618e-05    8.480423e-06    -8.641201e-06    -3.276024e-06    -1.084462e-06    1.231489e-05    7.399215e-06    -4.367598e-06    -6.808388e-06    2.564107e-06    -7.045509e-06    -8.18513e-06    2.260757e-06    5.079671e-06
-4.862e-06    -1.877433e-06    -2.826744e-06    -5.875307e-07    7.907553e-06    -4.28264e-06    9.009056e-06    4.990246e-06    -6.002099e-06    -2.40613e-06    -2.528048e-06    7.399215e-06    8.376002e-06    -2.191953e-06    -5.799055e-06    8.682828e-07    -4.288975e-06    -4.871944e-06    8.866675e-07    4.10197e-06
1.946378e-06    8.498929e-08    -2.754787e-07    5.005691e-07    -1.787652e-06    2.162329e-06    -3.671042e-06    -1.669417e-06    1.345195e-06    1.084535e-06    5.52929e-07    -4.367598e-06    -2.191953e-06    2.952375e-06    1.537028e-06    -1.406775e-06    1.221035e-06    3.2245e-06    -3.881893e-07    -1.821894e-06
3.48618e-06    2.681825e-06    2.409011e-06    -4.39188e-07    -6.489298e-06    4.713685e-06    -9.230144e-06    -5.537933e-06    6.213271e-06    2.015485e-06    8.895366e-07    -6.808388e-06    -5.799055e-06    1.537028e-06    5.02213e-06    -9.775096e-07    4.742435e-06    4.40335e-06    -1.580935e-06    -3.005428e-06
-7.969294e-07    -8.581073e-07    5.989454e-08    7.147039e-07    5.76349e-07    -1.738228e-06    3.088227e-06    2.036499e-06    -1.55097e-06    -9.931309e-07    2.553276e-07    2.564107e-06    8.682828e-07    -1.406775e-06    -9.775096e-07    1.596467e-06    -1.429157e-06    -2.774452e-06    9.084157e-07    8.853961e-07
2.884674e-06    3.864854e-06    2.233305e-06    -2.090984e-06    -5.841229e-06    6.288421e-06    -1.148609e-05    -7.473555e-06    7.511351e-06    2.044149e-06    -1.958113e-07    -7.045509e-06    -4.288975e-06    1.221035e-06    4.742435e-06    -1.429157e-06    6.479871e-06    4.988231e-06    -2.458281e-06    -2.908665e-06
3.495595e-06    2.451381e-06    9.460441e-07    -1.295472e-06    -5.084273e-06    5.846736e-06    -1.049712e-05    -6.481197e-06    5.93141e-06    2.628411e-06    3.984933e-07    -8.18513e-06    -4.871944e-06    3.2245e-06    4.40335e-06    -2.774452e-06    4.988231e-06    6.890727e-06    -1.949096e-06    -3.549198e-06
-4.947631e-07    -1.647847e-06    -1.023154e-06    1.106388e-06    1.546267e-06    -2.296484e-06    4.065405e-06    2.882059e-06    -2.92545e-06    -7.19292e-07    8.723871e-07    2.260757e-06    8.866675e-07    -3.881893e-07    -1.580935e-06    9.084157e-07    -2.458281e-06    -1.949096e-06    1.660576e-06    3.2462e-07
-2.912541e-06    -1.14126e-06    -8.194014e-07    1.395167e-07    4.214563e-06    -3.272896e-06    6.243866e-06    3.578076e-06    -3.485948e-06    -1.508784e-06    -1.324464e-06    5.079671e-06    4.10197e-06    -1.821894e-06    -3.005428e-06    8.853961e-07    -2.908665e-06    -3.549198e-06    3.2462e-07    2.98175e-06
