3.490078e-06    1.213294e-06    1.097288e-06    2.060172e-07    -4.584124e-06    2.903877e-06    -6.049613e-06    -5.405216e-06    2.224339e-06    3.316957e-06    -7.969294e-07    2.884674e-06    3.495595e-06    -4.947631e-07    -2.912541e-06
1.213294e-06    3.784766e-06    2.010427e-06    -1.633096e-06    -2.675437e-06    1.123133e-07    -3.160806e-06    -3.681095e-06    -2.466974e-07    3.323994e-06    -8.581073e-07    3.864854e-06    2.451381e-06    -1.647847e-06    -1.14126e-06
1.097288e-06    2.010427e-06    2.951421e-06    -1.846875e-07    -3.412919e-06    -7.635286e-07    -2.791311e-06    -2.132403e-06    3.710777e-07    2.913436e-06    5.989454e-08    2.233305e-06    9.460441e-07    -1.023154e-06    -8.194014e-07
2.060172e-07    -1.633096e-06    -1.846875e-07    2.647575e-06    9.443321e-07    3.600645e-07    -7.586411e-08    6.058725e-07    1.412908e-06    -1.032757e-06    7.147039e-07    -2.090984e-06    -1.295472e-06    1.106388e-06    1.395167e-07
-4.584124e-06    -2.675437e-06    -3.412919e-06    9.443321e-07    1.169766e-05    -3.086493e-06    8.691655e-06    8.672001e-06    -1.383072e-06    -6.995826e-06    5.76349e-07    -5.841229e-06    -5.084273e-06    1.546267e-06    4.214563e-06
2.903877e-06    1.123133e-07    -7.635286e-07    3.600645e-07    -3.086493e-06    5.343634e-06    -4.80044e-06    -6.384368e-06    1.096752e-06    2.820316e-06    -1.009406e-06    2.208054e-06    3.691693e-06    -3.225558e-07    -2.387419e-06
-6.049613e-06    -3.160806e-06    -2.791311e-06    -7.586411e-08    8.691655e-06    -4.80044e-06    1.152969e-05    1.00048e-05    -3.703091e-06    -6.718147e-06    1.686861e-06    -6.177144e-06    -6.752774e-06    1.518768e-06    5.196586e-06
-5.405216e-06    -3.681095e-06    -2.132403e-06    6.058725e-07    8.672001e-06    -6.384368e-06    1.00048e-05    1.296327e-05    -1.702172e-06    -7.98713e-06    1.458823e-06    -7.180538e-06    -6.855406e-06    1.822613e-06    4.873548e-06
2.224339e-06    -2.466974e-07    3.710777e-07    1.412908e-06    -1.383072e-06    1.096752e-06    -3.703091e-06    -1.702172e-06    3.213827e-06    2.9082e-07    -8.120866e-08    1.733902e-07    9.204721e-07    7.475208e-07    -1.799253e-06
3.316957e-06    3.323994e-06    2.913436e-06    -1.032757e-06    -6.995826e-06    2.820316e-06    -6.718147e-06    -7.98713e-06    2.9082e-07    6.611452e-06    -9.435045e-07    5.635471e-06    4.561155e-06    -2.146343e-06    -2.874988e-06
-7.969294e-07    -8.581073e-07    5.989454e-08    7.147039e-07    5.76349e-07    -1.009406e-06    1.686861e-06    1.458823e-06    -8.120866e-08    -9.435045e-07    1.596467e-06    -1.429157e-06    -2.774452e-06    9.084157e-07    8.853961e-07
2.884674e-06    3.864854e-06    2.233305e-06    -2.090984e-06    -5.841229e-06    2.208054e-06    -6.177144e-06    -7.180538e-06    1.733902e-07    5.635471e-06    -1.429157e-06    6.479871e-06    4.988231e-06    -2.458281e-06    -2.908665e-06
3.495595e-06    2.451381e-06    9.460441e-07    -1.295472e-06    -5.084273e-06    3.691693e-06    -6.752774e-06    -6.855406e-06    9.204721e-07    4.561155e-06    -2.774452e-06    4.988231e-06    6.890727e-06    -1.949096e-06    -3.549198e-06
-4.947631e-07    -1.647847e-06    -1.023154e-06    1.106388e-06    1.546267e-06    -3.225558e-07    1.518768e-06    1.822613e-06    7.475208e-07    -2.146343e-06    9.084157e-07    -2.458281e-06    -1.949096e-06    1.660576e-06    3.2462e-07
-2.912541e-06    -1.14126e-06    -8.194014e-07    1.395167e-07    4.214563e-06    -2.387419e-06    5.196586e-06    4.873548e-06    -1.799253e-06    -2.874988e-06    8.853961e-07    -2.908665e-06    -3.549198e-06    3.2462e-07    2.98175e-06
