2.824795e-06    2.32684e-08    -4.005137e-07    7.244122e-07    -1.687462e-06    -7.894283e-07    2.587623e-06    2.838606e-06    -8.401316e-07    -1.638008e-06
2.32684e-08    9.764566e-07    3.793033e-07    -1.450308e-07    -6.205036e-07    -3.13774e-07    3.563213e-07    3.217838e-07    -3.340724e-07    1.31282e-07
-4.005137e-07    3.793033e-07    1.657109e-06    3.438411e-09    -1.080412e-06    -1.471291e-07    -4.824205e-07    3.607956e-07    4.116403e-07    -3.315424e-07
7.244122e-07    -1.450308e-07    3.438411e-09    1.413583e-06    -1.065945e-06    -3.966315e-08    1.6834e-06    1.206219e-06    -2.690225e-07    -1.204324e-06
-1.687462e-06    -6.205036e-07    -1.080412e-06    -1.065945e-06    2.704583e-06    5.572209e-07    -2.087023e-06    -2.453902e-06    4.630599e-07    1.621567e-06
-7.894283e-07    -3.13774e-07    -1.471291e-07    -3.966315e-08    5.572209e-07    1.596467e-06    -1.429157e-06    -2.774452e-06    9.084157e-07    8.853961e-07
2.587623e-06    3.563213e-07    -4.824205e-07    1.6834e-06    -2.087023e-06    -1.429157e-06    6.479871e-06    4.988231e-06    -2.458281e-06    -2.908665e-06
2.838606e-06    3.217838e-07    3.607956e-07    1.206219e-06    -2.453902e-06    -2.774452e-06    4.988231e-06    6.890727e-06    -1.949096e-06    -3.549198e-06
-8.401316e-07    -3.340724e-07    4.116403e-07    -2.690225e-07    4.630599e-07    9.084157e-07    -2.458281e-06    -1.949096e-06    1.660576e-06    3.2462e-07
-1.638008e-06    1.31282e-07    -3.315424e-07    -1.204324e-06    1.621567e-06    8.853961e-07    -2.908665e-06    -3.549198e-06    3.2462e-07    2.98175e-06
