1    -0.06409369    -0.6033327    -0.117936    0.005767962    0.1156709    -0.09590359    -0.1322938    0.1121398    -0.01338823    -0.0192144    -0.05264847    0.006246816    0.01408952    0.03757521
-0.06409369    1    -0.09900662    -0.5676348    0.03544622    -0.1185898    0.03050806    -0.01534211    -0.09935152    0.1512562    0.02029376    0.01492477    -0.02422817    -0.03500459    0.02388229
-0.6033327    -0.09900662    1    -0.06336199    -0.3576137    -0.1607362    0.04955094    0.03585659    -0.1489401    0.1505021    0.07038841    0.03111335    -0.04758121    -0.02866881    -0.04591984
-0.117936    -0.5676348    -0.06336199    1    -0.2964738    0.1087533    -0.1304138    -0.0865096    0.06060474    -0.004663784    -0.01681301    0.03903336    -0.008420048    0.008409884    -0.0006851304
0.005767962    0.03544622    -0.3576137    -0.2964738    1    0.05223852    0.1037053    0.1082733    0.05795582    -0.2127758    -0.0152668    0.00255632    0.05817463    -0.01399667    0.01138284
0.1156709    -0.1185898    -0.1607362    0.1087533    0.05223852    1    -0.07097652    -0.6286305    -0.03675972    0.02730792    0.01734315    0.03201973    0.01787652    0.02694501    -0.04629005
-0.09590359    0.03050806    0.04955094    -0.1304138    0.1037053    -0.07097652    1    -0.0791724    -0.5835572    0.1192374    0.04309511    -0.02085941    0.009273937    0.03100812    -0.005797631
-0.1322938    -0.01534211    0.03585659    -0.0865096    0.1082733    -0.6286305    -0.0791724    1    -0.02143606    -0.3763256    -0.02343641    -0.004841111    0.01775051    -0.02700405    0.04102495
0.1121398    -0.09935152    -0.1489401    0.06060474    0.05795582    -0.03675972    -0.5835572    -0.02143606    1    -0.4130093    -0.02140191    -0.004567032    0.002897947    -0.02634923    0.00771561
-0.01338823    0.1512562    0.1505021    -0.004663784    -0.2127758    0.02730792    0.1192374    -0.3763256    -0.4130093    1    -0.009301442    0.01479668    -0.03400993    0.000486546    -0.03040818
-0.0192144    0.02029376    0.07038841    -0.01681301    -0.0152668    0.01734315    0.04309511    -0.02343641    -0.02140191    -0.009301442    1    -0.001034051    -0.579239    -0.05867098    -0.04234761
-0.05264847    0.01492477    0.03111335    0.03903336    0.00255632    0.03201973    -0.02085941    -0.004841111    -0.004567032    0.01479668    -0.001034051    1    -0.09055389    -0.6628608    0.215994
0.006246816    -0.02422817    -0.04758121    -0.008420048    0.05817463    0.01787652    0.009273937    0.01775051    0.002897947    -0.03400993    -0.579239    -0.09055389    1    -0.07619338    -0.3353676
0.01408952    -0.03500459    -0.02866881    0.008409884    -0.01399667    0.02694501    0.03100812    -0.02700405    -0.02634923    0.000486546    -0.05867098    -0.6628608    -0.07619338    1    -0.4102918
0.03757521    0.02388229    -0.04591984    -0.0006851304    0.01138284    -0.04629005    -0.005797631    0.04102495    0.00771561    -0.03040818    -0.04234761    0.215994    -0.3353676    -0.4102918    1
