1    0.04906791    -0.5733122    -0.04768158    0.0270085    -0.03494881    -0.007852254    0.02225328    -0.02517614    0.06341314    0.07815264    -0.08173545    -0.1349497    0.04060273    0.006473677    -0.01463525    0.05181037    0.01589474    -0.02019697    -0.02471695    0.03712324    0.03232202    0.003961423    -0.00939065    -0.02143709    0.006021854    0.08661026    -0.05965373    -0.06743866    0.07067536
0.04906791    1    -0.08481752    -0.5860951    0.1151126    -0.03912683    -0.0003636056    -0.01007981    -0.02112001    0.08192874    -0.05325389    -0.031163    0.00553076    -0.09268284    0.07622175    -0.04980882    0.02939106    0.0282521    -0.02032628    -0.005364617    -0.08264246    0.03509002    0.08727938    -0.01425881    -0.03656455    -0.01096049    0.04856987    0.005389305    -0.03017387    0.01044359
-0.5733122    -0.08481752    1    0.06538671    -0.4271286    0.0478436    0.01167424    -0.05478356    0.01167327    -0.03289356    -0.0822694    -0.03256273    -0.01975499    -0.07509917    0.134287    -0.01457506    -0.09599375    0.01263565    0.05974952    -0.008053537    -0.0523483    0.05228823    0.03947899    -0.0654458    0.004523582    0.04775215    -0.1267458    -0.006969944    0.07157218    -0.0272016
-0.04768158    -0.5860951    0.06538671    1    -0.4462675    0.03897282    0.05567353    0.0007204521    -0.0268183    -0.1011564    0.06776798    -0.1222775    -0.07841976    0.06195382    0.01471666    -0.02608941    -0.01004011    -0.002437374    0.03188205    0.02076203    0.02799873    0.007682849    -0.00437235    -0.0193285    0.01424113    0.01164383    -0.0312953    0.002516863    -0.009689354    0.02482014
0.0270085    0.1151126    -0.4271286    -0.4462675    1    0.02738323    -0.02527456    0.001668931    0.01151941    -0.01556827    0.01020844    0.1816679    0.06915276    -0.03202071    -0.04796313    -0.001656392    0.007903905    -0.01744658    -0.02147395    0.04351178    0.003165527    -0.08094346    -0.04962389    0.07747945    0.05062756    -0.05753192    0.07478476    0.07164271    -0.05237184    -0.02031929
-0.03494881    -0.03912683    0.0478436    0.03897282    0.02738323    1    0.02409479    -0.5540134    0.007876378    0.0002197257    0.02967009    0.01452004    -0.03390074    -0.01608421    -0.03610334    0.07850804    -0.1199364    -0.07392843    0.07351146    -0.01079453    0.001167938    0.05053197    -0.01818723    0.04460723    -0.02469238    -0.02254841    -0.0003931387    0.003168792    -0.02378233    0.04388652
-0.007852254    -0.0003636056    0.01167424    0.05567353    -0.02527456    0.02409479    1    -0.07524301    -0.5866202    0.1660791    -0.01732409    -0.05522407    0.009204831    0.02227046    0.02303321    -0.0856209    0.01882001    -0.04591214    -0.08652181    0.1234961    -0.05885864    0.0583429    0.05671484    -0.03082633    -0.03504148    5.571004e-05    -0.05983796    0.008045654    0.04308305    -0.024182
0.02225328    -0.01007981    -0.05478356    0.0007204521    0.001668931    -0.5540134    -0.07524301    1    -0.01726578    -0.3431392    -0.08249017    0.03508293    0.05235863    0.01456912    0.04019639    -0.1056197    -0.01655692    -0.05189201    -0.07081788    0.1678069    -0.03250702    0.0261017    0.07046367    -0.03621001    -0.03441768    -0.01049385    -0.01099746    0.02220994    -0.03795854    0.02219328
-0.02517614    -0.02112001    0.01167327    -0.0268183    0.01151941    0.007876378    -0.5866202    -0.01726578    1    -0.4829047    -0.01219593    0.0433162    0.008523012    -0.01182069    -0.03052122    0.1133986    -0.1316171    -0.1173357    0.1024472    0.009415141    0.03809489    -0.01927009    0.02828198    0.01954596    -0.05823883    -0.03095036    0.0626854    -0.0174325    -0.05520915    0.04700352
0.06341314    0.08192874    -0.03289356    -0.1011564    -0.01556827    0.0002197257    0.1660791    -0.3431392    -0.4829047    1    0.01578425    -0.0399718    -0.02940308    0.009640102    0.0198546    0.0007486661    0.1588583    0.1232686    -0.03780868    -0.1402384    -0.005129683    -0.05665335    -0.05422545    0.02654571    0.04879514    0.03868073    -0.006114126    -0.01105012    0.04315339    -0.02387041
0.07815264    -0.05325389    -0.0822694    0.06776798    0.01020844    0.02967009    -0.01732409    -0.08249017    -0.01219593    0.01578425    1    -0.07097652    -0.6286305    -0.03675972    0.02730792    0.01734315    0.03201973    0.01787652    0.02694501    -0.04629005    0.1247479    0.03731564    -0.05032255    0.01771883    -0.06651712    -0.008896891    0.009869074    0.003122145    -0.009680778    0.02362222
-0.08173545    -0.031163    -0.03256273    -0.1222775    0.1816679    0.01452004    -0.05522407    0.03508293    0.0433162    -0.0399718    -0.07097652    1    -0.0791724    -0.5835572    0.1192374    0.04309511    -0.02085941    0.009273937    0.03100812    -0.005797631    -0.01358936    0.1224614    0.04695277    -0.0454947    -0.04076742    -0.06359591    0.008297618    0.01793905    0.005015956    0.02436472
-0.1349497    0.00553076    -0.01975499    -0.07841976    0.06915276    -0.03390074    0.009204831    0.05235863    0.008523012    -0.02940308    -0.6286305    -0.0791724    1    -0.02143606    -0.3763256    -0.02343641    -0.004841111    0.01775051    -0.02700405    0.04102495    -0.07272416    0.01843433    0.1040985    -0.02393191    -0.04458224    -0.01497102    0.03701657    -0.02526247    0.02080239    0.01459992
0.04060273    -0.09268284    -0.07509917    0.06195382    -0.03202071    -0.01608421    0.02227046    0.01456912    -0.01182069    0.009640102    -0.03675972    -0.5835572    -0.02143606    1    -0.4130093    -0.02140191    -0.004567032    0.002897947    -0.02634923    0.00771561    -0.03432942    -0.06872039    0.03435553    0.0737631    -0.04120934    0.03168262    -0.01068729    0.01469403    0.002564623    -0.02624095
0.006473677    0.07622175    0.134287    0.01471666    -0.04796313    -0.03610334    0.02303321    0.04019639    -0.03052122    0.0198546    0.02730792    0.1192374    -0.3763256    -0.4130093    1    -0.009301442    0.01479668    -0.03400993    0.000486546    -0.03040818    -0.03539781    -0.01407046    -0.07228424    -0.02006017    0.1893294    0.007275371    -0.05941935    -0.0005473347    -0.009962569    -0.004733897
-0.01463525    -0.04980882    -0.01457506    -0.02608941    -0.001656392    0.07850804    -0.0856209    -0.1056197    0.1133986    0.0007486661    0.01734315    0.04309511    -0.02343641    -0.02140191    -0.009301442    1    -0.001034051    -0.579239    -0.05867098    -0.04234761    0.07484761    -0.01597461    -0.049203    0.07849913    -0.07678051    -0.01823968    0.02058904    0.04376419    -0.01302688    -0.01683618
0.05181037    0.02939106    -0.09599375    -0.01004011    0.007903905    -0.1199364    0.01882001    -0.01655692    -0.1316171    0.1588583    0.03201973    -0.02085941    -0.004841111    -0.004567032    0.01479668    -0.001034051    1    -0.09055389    -0.6628608    0.215994    -0.06771765    0.1236452    0.06226058    -0.05879155    0.002915948    0.01433906    -0.02425017    -0.009726631    -0.0009839155    0.01028365
0.01589474    0.0282521    0.01263565    -0.002437374    -0.01744658    -0.07392843    -0.04591214    -0.05189201    -0.1173357    0.1232686    0.01787652    0.009273937    0.01775051    0.002897947    -0.03400993    -0.579239    -0.09055389    1    -0.07619338    -0.3353676    -0.06700186    0.1008299    0.09021291    -0.1016921    0.006992843    0.003970722    -0.01708219    -0.04912191    0.0106584    0.06532427
-0.02019697    -0.02032628    0.05974952    0.03188205    -0.02147395    0.07351146    -0.08652181    -0.07081788    0.1024472    -0.03780868    0.02694501    0.03100812    -0.02700405    -0.02634923    0.000486546    -0.05867098    -0.6628608    -0.07619338    1    -0.4102918    0.0406931    -0.09395322    0.004966285    0.08527794    -0.06502711    0.005283524    0.005098237    -0.02368206    0.00837236    0.02465908
-0.02471695    -0.005364617    -0.008053537    0.02076203    0.04351178    -0.01079453    0.1234961    0.1678069    0.009415141    -0.1402384    -0.04629005    -0.005797631    0.04102495    0.00771561    -0.03040818    -0.04234761    0.215994    -0.3353676    -0.4102918    1    -0.004873319    -0.03541442    -0.05105197    0.03320421    0.1093209    -0.004897566    0.0112552    0.02133209    -0.01363519    -0.02280288
0.03712324    -0.08264246    -0.0523483    0.02799873    0.003165527    0.001167938    -0.05885864    -0.03250702    0.03809489    -0.005129683    0.1247479    -0.01358936    -0.07272416    -0.03432942    -0.03539781    0.07484761    -0.06771765    -0.06700186    0.0406931    -0.004873319    1    0.1817067    -0.7009072    -0.08989701    0.03300119    0.03198998    0.06991132    0.002607221    -0.003431639    -0.05016594
0.03232202    0.03509002    0.05228823    0.007682849    -0.08094346    0.05053197    0.0583429    0.0261017    -0.01927009    -0.05665335    0.03731564    0.1224614    0.01843433    -0.06872039    -0.01407046    -0.01597461    0.1236452    0.1008299    -0.09395322    -0.03541442    0.1817067    1    -0.3427951    -0.6935129    0.2865004    -0.02144315    -0.01846099    -0.02188471    0.03538414    0.003230499
0.003961423    0.08727938    0.03947899    -0.00437235    -0.04962389    -0.01818723    0.05671484    0.07046367    0.02828198    -0.05422545    -0.05032255    0.04695277    0.1040985    0.03435553    -0.07228424    -0.049203    0.06226058    0.09021291    0.004966285    -0.05105197    -0.7009072    -0.3427951    1    0.168816    -0.5352536    -0.02234605    -0.02177618    0.01279503    -0.01755484    0.05976834
-0.00939065    -0.01425881    -0.0654458    -0.0193285    0.07747945    0.04460723    -0.03082633    -0.03621001    0.01954596    0.02654571    0.01771883    -0.0454947    -0.02393191    0.0737631    -0.02006017    0.07849913    -0.05879155    -0.1016921    0.08527794    0.03320421    -0.08989701    -0.6935129    0.168816    1    -0.3929891    0.02983421    0.06709509    0.007325648    -0.02237549    -0.02315146
-0.02143709    -0.03656455    0.004523582    0.01424113    0.05062756    -0.02469238    -0.03504148    -0.03441768    -0.05823883    0.04879514    -0.06651712    -0.04076742    -0.04458224    -0.04120934    0.1893294    -0.07678051    0.002915948    0.006992843    -0.06502711    0.1093209    0.03300119    0.2865004    -0.5352536    -0.3929891    1    -0.001368428    -0.04844724    -0.003834085    -0.000757417    -0.007255853
0.006021854    -0.01096049    0.04775215    0.01164383    -0.05753192    -0.02254841    5.571004e-05    -0.01049385    -0.03095036    0.03868073    -0.008896891    -0.06359591    -0.01497102    0.03168262    0.007275371    -0.01823968    0.01433906    0.003970722    0.005283524    -0.004897566    0.03198998    -0.02144315    -0.02234605    0.02983421    -0.001368428    1    -0.1376514    -0.6676179    0.09997202    0.0203232
0.08661026    0.04856987    -0.1267458    -0.0312953    0.07478476    -0.0003931387    -0.05983796    -0.01099746    0.0626854    -0.006114126    0.009869074    0.008297618    0.03701657    -0.01068729    -0.05941935    0.02058904    -0.02425017    -0.01708219    0.005098237    0.0112552    0.06991132    -0.01846099    -0.02177618    0.06709509    -0.04844724    -0.1376514    1    0.03542279    -0.676552    0.1943159
-0.05965373    0.005389305    -0.006969944    0.002516863    0.07164271    0.003168792    0.008045654    0.02220994    -0.0174325    -0.01105012    0.003122145    0.01793905    -0.02526247    0.01469403    -0.0005473347    0.04376419    -0.009726631    -0.04912191    -0.02368206    0.02133209    0.002607221    -0.02188471    0.01279503    0.007325648    -0.003834085    -0.6676179    0.03542279    1    -0.05155417    -0.452103
-0.06743866    -0.03017387    0.07157218    -0.009689354    -0.05237184    -0.02378233    0.04308305    -0.03795854    -0.05520915    0.04315339    -0.009680778    0.005015956    0.02080239    0.002564623    -0.009962569    -0.01302688    -0.0009839155    0.0106584    0.00837236    -0.01363519    -0.003431639    0.03538414    -0.01755484    -0.02237549    -0.000757417    0.09997202    -0.676552    -0.05155417    1    -0.5967933
0.07067536    0.01044359    -0.0272016    0.02482014    -0.02031929    0.04388652    -0.024182    0.02219328    0.04700352    -0.02387041    0.02362222    0.02436472    0.01459992    -0.02624095    -0.004733897    -0.01683618    0.01028365    0.06532427    0.02465908    -0.02280288    -0.05016594    0.003230499    0.05976834    -0.02315146    -0.007255853    0.0203232    0.1943159    -0.452103    -0.5967933    1
