1    -0.001034051    -0.579239    -0.05867098    -0.04234761    0.09746129    -0.02227672    0.02244638    0.1082203    -0.1830192
-0.001034051    1    -0.09055389    -0.6628608    0.215994    -0.2747627    0.1189844    0.1744944    -0.2655163    0.02893522
-0.579239    -0.09055389    1    -0.07619338    -0.3353676    -0.2679683    0.1837509    0.1083087    -0.2398998    0.01976526
-0.05867098    -0.6628608    -0.07619338    1    -0.4102918    0.183953    -0.05932168    -0.06319106    0.1976621    -0.1701544
-0.04234761    0.215994    -0.3353676    -0.4102918    1    0.08295126    -0.1071263    -0.1037272    0.05400412    0.1608331
0.09746129    -0.2747627    -0.2679683    0.183953    0.08295126    1    0.009148284    -0.5227716    -0.02662411    -0.09164891
-0.02227672    0.1189844    0.1837509    -0.05932168    -0.1071263    0.009148284    1    -0.6390093    -0.4031495    0.1813855
0.02244638    0.1744944    0.1083087    -0.06319106    -0.1037272    -0.5227716    -0.6390093    1    -0.06712646    -0.3321347
0.1082203    -0.2655163    -0.2398998    0.1976621    0.05400412    -0.02662411    -0.4031495    -0.06712646    1    -0.130076
-0.1830192    0.02893522    0.01976526    -0.1701544    0.1608331    -0.09164891    0.1813855    -0.3321347    -0.130076    1
