1    0.04906791    -0.5733122    -0.04768158    0.0270085    -0.03494881    -0.007852254    0.02225328    -0.02517614    0.06341314    0.07815264    -0.08173545    -0.1349497    0.04060273    0.006473677    -0.01463525    0.05181037    0.01589474    -0.02019697    -0.02471695    0.03594995    0.007186362    0.02617445    -0.008393182    -0.07647098
0.04906791    1    -0.08481752    -0.5860951    0.1151126    -0.03912683    -0.0003636056    -0.01007981    -0.02112001    0.08192874    -0.05325389    -0.031163    0.00553076    -0.09268284    0.07622175    -0.04980882    0.02939106    0.0282521    -0.02032628    -0.005364617    0.01438452    0.09698338    0.02559117    -0.1122227    0.001190384
-0.5733122    -0.08481752    1    0.06538671    -0.4271286    0.0478436    0.01167424    -0.05478356    0.01167327    -0.03289356    -0.0822694    -0.03256273    -0.01975499    -0.07509917    0.134287    -0.01457506    -0.09599375    0.01263565    0.05974952    -0.008053537    -0.0751491    0.07687527    0.02222995    -0.04541475    0.05207186
-0.04768158    -0.5860951    0.06538671    1    -0.4462675    0.03897282    0.05567353    0.0007204521    -0.0268183    -0.1011564    0.06776798    -0.1222775    -0.07841976    0.06195382    0.01471666    -0.02608941    -0.01004011    -0.002437374    0.03188205    0.02076203    -0.02082146    -0.02774063    0.0316901    0.02709893    -0.03241286
0.0270085    0.1151126    -0.4271286    -0.4462675    1    0.02738323    -0.02527456    0.001668931    0.01151941    -0.01556827    0.01020844    0.1816679    0.06915276    -0.03202071    -0.04796313    -0.001656392    0.007903905    -0.01744658    -0.02147395    0.04351178    0.03319602    -0.08959202    -0.04408155    0.04998135    0.03845295
-0.03494881    -0.03912683    0.0478436    0.03897282    0.02738323    1    0.02409479    -0.5540134    0.007876378    0.0002197257    0.02967009    0.01452004    -0.03390074    -0.01608421    -0.03610334    0.07850804    -0.1199364    -0.07392843    0.07351146    -0.01079453    0.02791763    0.02512868    0.008676574    0.01794543    -0.04107965
-0.007852254    -0.0003636056    0.01167424    0.05567353    -0.02527456    0.02409479    1    -0.07524301    -0.5866202    0.1660791    -0.01732409    -0.05522407    0.009204831    0.02227046    0.02303321    -0.0856209    0.01882001    -0.04591214    -0.08652181    0.1234961    -0.07989473    0.03770082    0.08388446    -0.02145901    -0.04757929
0.02225328    -0.01007981    -0.05478356    0.0007204521    0.001668931    -0.5540134    -0.07524301    1    -0.01726578    -0.3431392    -0.08249017    0.03508293    0.05235863    0.01456912    0.04019639    -0.1056197    -0.01655692    -0.05189201    -0.07081788    0.1678069    -0.04845144    0.05387999    0.04641522    -0.02398783    -0.01980682
-0.02517614    -0.02112001    0.01167327    -0.0268183    0.01151941    0.007876378    -0.5866202    -0.01726578    1    -0.4829047    -0.01219593    0.0433162    0.008523012    -0.01182069    -0.03052122    0.1133986    -0.1316171    -0.1173357    0.1024472    0.009415141    0.061731    0.002591675    0.001769296    0.002590324    -0.01865112
0.06341314    0.08192874    -0.03289356    -0.1011564    -0.01556827    0.0002197257    0.1660791    -0.3431392    -0.4829047    1    0.01578425    -0.0399718    -0.02940308    0.009640102    0.0198546    0.0007486661    0.1588583    0.1232686    -0.03780868    -0.1402384    -0.001366923    -0.08307514    -0.0316706    0.02107132    0.002696015
0.07815264    -0.05325389    -0.0822694    0.06776798    0.01020844    0.02967009    -0.01732409    -0.08249017    -0.01219593    0.01578425    1    -0.07097652    -0.6286305    -0.03675972    0.02730792    0.01734315    0.03201973    0.01787652    0.02694501    -0.04629005    0.0689343    0.007783313    -0.0212918    0.07752301    -0.06880227
-0.08173545    -0.031163    -0.03256273    -0.1222775    0.1816679    0.01452004    -0.05522407    0.03508293    0.0433162    -0.0399718    -0.07097652    1    -0.0791724    -0.5835572    0.1192374    0.04309511    -0.02085941    0.009273937    0.03100812    -0.005797631    -0.02575429    0.08160993    0.09425702    -0.03981627    -0.07526258
-0.1349497    0.00553076    -0.01975499    -0.07841976    0.06915276    -0.03390074    0.009204831    0.05235863    0.008523012    -0.02940308    -0.6286305    -0.0791724    1    -0.02143606    -0.3763256    -0.02343641    -0.004841111    0.01775051    -0.02700405    0.04102495    -0.05758539    0.04204721    0.08289322    -0.04544069    -0.04537007
0.04060273    -0.09268284    -0.07509917    0.06195382    -0.03202071    -0.01608421    0.02227046    0.01456912    -0.01182069    0.009640102    -0.03675972    -0.5835572    -0.02143606    1    -0.4130093    -0.02140191    -0.004567032    0.002897947    -0.02634923    0.00771561    -0.008007704    -0.0271273    -0.008622669    0.0471318    -0.0192737
0.006473677    0.07622175    0.134287    0.01471666    -0.04796313    -0.03610334    0.02303321    0.04019639    -0.03052122    0.0198546    0.02730792    0.1192374    -0.3763256    -0.4130093    1    -0.009301442    0.01479668    -0.03400993    0.000486546    -0.03040818    -0.02454855    -0.02518229    -0.05908019    -0.0291618    0.1029901
-0.01463525    -0.04980882    -0.01457506    -0.02608941    -0.001656392    0.07850804    -0.0856209    -0.1056197    0.1133986    0.0007486661    0.01734315    0.04309511    -0.02343641    -0.02140191    -0.009301442    1    -0.001034051    -0.579239    -0.05867098    -0.04234761    0.03864859    -0.06475712    -0.003715495    0.1169609    -0.08696884
0.05181037    0.02939106    -0.09599375    -0.01004011    0.007903905    -0.1199364    0.01882001    -0.01655692    -0.1316171    0.1588583    0.03201973    -0.02085941    -0.004841111    -0.004567032    0.01479668    -0.001034051    1    -0.09055389    -0.6628608    0.215994    -0.07357978    0.0710669    0.1233419    -0.06320749    -0.05696737
0.01589474    0.0282521    0.01263565    -0.002437374    -0.01744658    -0.07392843    -0.04591214    -0.05189201    -0.1173357    0.1232686    0.01787652    0.009273937    0.01775051    0.002897947    -0.03400993    -0.579239    -0.09055389    1    -0.07619338    -0.3353676    -0.07292102    0.08887813    0.1092698    -0.1029734    -0.007283713
-0.02019697    -0.02032628    0.05974952    0.03188205    -0.02147395    0.07351146    -0.08652181    -0.07081788    0.1024472    -0.03780868    0.02694501    0.03100812    -0.02700405    -0.02634923    0.000486546    -0.05867098    -0.6628608    -0.07619338    1    -0.4102918    0.05741836    -0.04155417    -0.0529726    0.07310362    -0.02806758
-0.02471695    -0.005364617    -0.008053537    0.02076203    0.04351178    -0.01079453    0.1234961    0.1678069    0.009415141    -0.1402384    -0.04629005    -0.005797631    0.04102495    0.00771561    -0.03040818    -0.04234761    0.215994    -0.3353676    -0.4102918    1    0.03455315    -0.01536239    -0.07373261    -0.0009497598    0.03524836
0.03594995    0.01438452    -0.0751491    -0.02082146    0.03319602    0.02791763    -0.07989473    -0.04845144    0.061731    -0.001366923    0.0689343    -0.02575429    -0.05758539    -0.008007704    -0.02454855    0.03864859    -0.07357978    -0.07292102    0.05741836    0.03455315    1    0.1175183    -0.6888881    -0.007499106    0.04592695
0.007186362    0.09698338    0.07687527    -0.02774063    -0.08959202    0.02512868    0.03770082    0.05387999    0.002591675    -0.08307514    0.007783313    0.08160993    0.04204721    -0.0271273    -0.02518229    -0.06475712    0.0710669    0.08887813    -0.04155417    -0.01536239    0.1175183    1    -0.2907878    -0.6958708    0.2802592
0.02617445    0.02559117    0.02222995    0.0316901    -0.04408155    0.008676574    0.08388446    0.04641522    0.001769296    -0.0316706    -0.0212918    0.09425702    0.08289322    -0.008622669    -0.05908019    -0.003715495    0.1233419    0.1092698    -0.0529726    -0.07373261    -0.6888881    -0.2907878    1    0.09759804    -0.538035
-0.008393182    -0.1122227    -0.04541475    0.02709893    0.04998135    0.01794543    -0.02145901    -0.02398783    0.002590324    0.02107132    0.07752301    -0.03981627    -0.04544069    0.0471318    -0.0291618    0.1169609    -0.06320749    -0.1029734    0.07310362    -0.0009497598    -0.007499106    -0.6958708    0.09759804    1    -0.4298296
-0.07647098    0.001190384    0.05207186    -0.03241286    0.03845295    -0.04107965    -0.04757929    -0.01980682    -0.01865112    0.002696015    -0.06880227    -0.07526258    -0.04537007    -0.0192737    0.1029901    -0.08696884    -0.05696737    -0.007283713    -0.02806758    0.03524836    0.04592695    0.2802592    -0.538035    -0.4298296    1
