1    -0.07097652    -0.6286305    -0.03675972    0.02730792    0.01734315    0.03201973    0.01787652    0.02694501    -0.04629005    -0.02728783    -0.03765196    -0.009063143    0.02389594    0.02791286
-0.07097652    1    -0.0791724    -0.5835572    0.1192374    0.04309511    -0.02085941    0.009273937    0.03100812    -0.005797631    0.02629894    -0.06592303    -0.08086873    -0.02031981    0.09905445
-0.6286305    -0.0791724    1    -0.02143606    -0.3763256    -0.02343641    -0.004841111    0.01775051    -0.02700405    0.04102495    0.01645754    0.002476394    -0.01432922    0.006328358    0.01636737
-0.03675972    -0.5835572    -0.02143606    1    -0.4130093    -0.02140191    -0.004567032    0.002897947    -0.02634923    0.00771561    -0.0161732    0.0254502    0.03847716    0.0145307    -0.08453703
0.02730792    0.1192374    -0.3763256    -0.4130093    1    -0.009301442    0.01479668    -0.03400993    0.000486546    -0.03040818    0.006587987    0.02238162    0.005637427    -0.01770216    -0.007600626
0.01734315    0.04309511    -0.02343641    -0.02140191    -0.009301442    1    -0.001034051    -0.579239    -0.05867098    -0.04234761    -0.05826451    -0.04276539    0.0300382    0.05521156    -0.01699227
0.03201973    -0.02085941    -0.004841111    -0.004567032    0.01479668    -0.001034051    1    -0.09055389    -0.6628608    0.215994    -0.03305782    -0.03887891    -0.01132879    0.00851467    0.02026148
0.01787652    0.009273937    0.01775051    0.002897947    -0.03400993    -0.579239    -0.09055389    1    -0.07619338    -0.3353676    0.001991328    0.0338725    -0.004360406    -0.07418811    0.06808374
0.02694501    0.03100812    -0.02700405    -0.02634923    0.000486546    -0.05867098    -0.6628608    -0.07619338    1    -0.4102918    0.04490894    0.02153209    -0.004715205    0.01564288    -0.03671725
-0.04629005    -0.005797631    0.04102495    0.00771561    -0.03040818    -0.04234761    0.215994    -0.3353676    -0.4102918    1    0.03628373    -0.01988679    -0.04249171    -0.002344917    0.04880883
-0.02728783    0.02629894    0.01645754    -0.0161732    0.006587987    -0.05826451    -0.03305782    0.001991328    0.04490894    0.03628373    1    0.1400241    -0.8017412    -0.2016428    0.2533022
-0.03765196    -0.06592303    0.002476394    0.0254502    0.02238162    -0.04276539    -0.03887891    0.0338725    0.02153209    -0.01988679    0.1400241    1    0.1472722    -0.7823827    0.08175681
-0.009063143    -0.08086873    -0.01432922    0.03847716    0.005637427    0.0300382    -0.01132879    -0.004360406    -0.004715205    -0.04249171    -0.8017412    0.1472722    1    0.08810614    -0.5706687
0.02389594    -0.02031981    0.006328358    0.0145307    -0.01770216    0.05521156    0.00851467    -0.07418811    0.01564288    -0.002344917    -0.2016428    -0.7823827    0.08810614    1    -0.4619127
0.02791286    0.09905445    0.01636737    -0.08453703    -0.007600626    -0.01699227    0.02026148    0.06808374    -0.03671725    0.04880883    0.2533022    0.08175681    -0.5706687    -0.4619127    1
