1.488221e-06    -2.408789e-08    -8.901257e-07    1.222054e-07    -3.036784e-08    9.535367e-08    -2.159987e-07    -3.447242e-08    2.551243e-07    -1.254902e-07
-2.408789e-08    1.469001e-06    -2.675869e-07    -8.766441e-07    3.187884e-07    -1.570041e-07    -1.032918e-08    -9.457484e-08    -1.819742e-07    2.487699e-07
-8.901257e-07    -2.675869e-07    1.48309e-06    1.63897e-08    -6.518244e-07    -8.390851e-08    -2.191378e-08    -1.547499e-07    -1.779199e-07    2.941342e-07
1.222054e-07    -8.766441e-07    1.63897e-08    1.491342e-06    -6.821081e-07    1.448935e-07    -2.204763e-07    -5.948381e-08    2.583525e-07    -1.23416e-07
-3.036784e-08    3.187884e-07    -6.518244e-07    -6.821081e-07    1.407593e-06    -3.485555e-08    2.495079e-07    1.964436e-07    -8.202576e-08    -1.599559e-07
9.535367e-08    -1.570041e-07    -8.390851e-08    1.448935e-07    -3.485555e-08    1.444516e-06    -1.939162e-07    -9.293725e-07    1.499415e-07    5.878618e-08
-2.159987e-07    -1.032918e-08    -2.191378e-08    -2.204763e-07    2.495079e-07    -1.939162e-07    1.465682e-06    4.995097e-08    -9.667921e-07    3.112e-07
-3.447242e-08    -9.457484e-08    -1.547499e-07    -5.948381e-08    1.964436e-07    -9.293725e-07    4.995097e-08    1.456154e-06    2.002684e-08    -6.826053e-07
2.551243e-07    -1.819742e-07    -1.779199e-07    2.583525e-07    -8.202576e-08    1.499415e-07    -9.667921e-07    2.002684e-08    1.5434e-06    -8.089421e-07
-1.254902e-07    2.487699e-07    2.941342e-07    -1.23416e-07    -1.599559e-07    5.878618e-08    3.112e-07    -6.826053e-07    -8.089421e-07    1.387049e-06
