1.50224e-06    8.840528e-08    -8.956167e-07    -7.148572e-08    1.182897e-09    5.920285e-08    5.608572e-09    -3.017396e-08    -1.60147e-09    1.75388e-08
8.840528e-08    1.435959e-06    -2.204547e-07    -9.522975e-07    2.322514e-07    1.822884e-09    1.879597e-08    -2.637671e-08    -1.351032e-08    2.460219e-08
-8.956167e-07    -2.204547e-07    1.417768e-06    -1.869782e-09    -5.391077e-07    -5.002275e-08    -2.488132e-08    3.04871e-08    5.062763e-09    -8.911563e-09
-7.148572e-08    -9.522975e-07    -1.869782e-09    1.52686e-06    -6.059923e-07    2.02192e-09    3.420194e-09    4.611599e-09    -2.604262e-08    2.710984e-08
1.182897e-09    2.322514e-07    -5.391077e-07    -6.059923e-07    1.410909e-06    2.533759e-08    -3.707861e-08    6.478424e-09    5.058241e-08    -5.196964e-08
5.920285e-08    1.822884e-09    -5.002275e-08    2.02192e-09    2.533759e-08    1.444516e-06    -1.939162e-07    -9.293725e-07    1.499415e-07    5.878618e-08
5.608572e-09    1.879597e-08    -2.488132e-08    3.420194e-09    -3.707861e-08    -1.939162e-07    1.465682e-06    4.995097e-08    -9.667921e-07    3.112e-07
-3.017396e-08    -2.637671e-08    3.04871e-08    4.611599e-09    6.478424e-09    -9.293725e-07    4.995097e-08    1.456154e-06    2.002684e-08    -6.826053e-07
-1.60147e-09    -1.351032e-08    5.062763e-09    -2.604262e-08    5.058241e-08    1.499415e-07    -9.667921e-07    2.002684e-08    1.5434e-06    -8.089421e-07
1.75388e-08    2.460219e-08    -8.911563e-09    2.710984e-08    -5.196964e-08    5.878618e-08    3.112e-07    -6.826053e-07    -8.089421e-07    1.387049e-06
