1.494597e-06    -1.049596e-08    -8.186644e-07    -1.86224e-07    -2.001404e-08    9.395757e-08    -2.851483e-08    -5.501153e-08    6.788133e-08    -2.945259e-08    2.121461e-07    -4.17592e-09    -7.755427e-08    2.550289e-07    -1.26814e-07    -1.076428e-08    -2.060325e-08    8.578279e-09    1.461576e-08    -1.810542e-08
-1.049596e-08    1.411913e-06    -9.452864e-08    -8.109401e-07    5.829558e-08    2.232472e-08    -1.090431e-07    -1.455795e-07    -2.125885e-08    1.158162e-07    -3.978581e-07    3.350779e-07    4.548694e-07    -3.168363e-07    -5.943029e-08    -8.08365e-09    3.546509e-09    1.669904e-08    4.230727e-08    -5.263048e-08
-8.186644e-07    -9.452864e-08    1.406109e-06    -3.27649e-08    -5.292035e-07    -1.146842e-08    -1.41479e-07    -1.056992e-07    8.928842e-09    1.070287e-07    -4.020845e-07    3.135904e-07    4.808207e-07    -3.225232e-07    -5.711384e-08    1.806353e-08    1.161726e-08    -4.700914e-09    1.008458e-10    -4.805127e-08
-1.86224e-07    -8.109401e-07    -3.27649e-08    1.473983e-06    -4.513986e-07    8.523812e-08    -6.172855e-08    -4.429956e-08    8.525642e-08    -3.803621e-08    2.108537e-07    5.163406e-08    -8.800506e-08    2.360425e-07    -1.157048e-07    2.11214e-08    8.69869e-09    1.382589e-08    -3.513044e-08    -1.532635e-08
-2.001404e-08    5.829558e-08    -5.292035e-07    -4.513986e-07    1.397723e-06    -9.416922e-08    1.524346e-07    1.755129e-07    -7.359049e-08    -8.684031e-08    1.890225e-07    -3.215453e-07    -3.864188e-07    6.781127e-08    1.691727e-07    -1.660127e-08    -3.040463e-09    -1.069932e-08    3.789792e-09    6.309688e-08
9.395757e-08    2.232472e-08    -1.146842e-08    8.523812e-08    -9.416922e-08    1.341467e-06    -1.219208e-07    -6.823208e-07    -1.35642e-07    -1.918035e-07    -6.006207e-08    1.623582e-07    1.340965e-07    -1.612729e-08    -7.57183e-08    -1.47916e-07    -1.035671e-08    1.441796e-07    1.14929e-07    6.679898e-08
-2.851483e-08    -1.090431e-07    -1.41479e-07    -6.172855e-08    1.524346e-07    -1.219208e-07    1.959888e-06    -3.92745e-07    -5.239837e-07    -1.773262e-08    2.066067e-07    -2.447354e-07    -3.283902e-07    1.32863e-07    1.028894e-07    3.709911e-08    3.504624e-08    -2.576419e-08    5.548566e-08    1.526787e-07
-5.501153e-08    -1.455795e-07    -1.056992e-07    -4.429956e-08    1.755129e-07    -6.823208e-07    -3.92745e-07    1.96677e-06    -1.748312e-07    -7.574391e-07    1.781109e-07    -2.440415e-07    -2.683478e-07    1.233313e-07    8.14541e-08    1.901854e-09    5.602564e-08    1.297038e-07    5.421327e-08    -2.176861e-07
6.788133e-08    -2.125885e-08    8.928842e-09    8.525642e-08    -7.359049e-08    -1.35642e-07    -5.239837e-07    -1.748312e-07    1.389196e-06    -3.349705e-07    -3.703073e-08    1.263143e-07    1.428847e-07    1.368599e-08    -1.040216e-07    2.16354e-07    1.126388e-07    -5.008044e-08    -1.668523e-07    -1.888717e-07
-2.945259e-08    1.158162e-07    1.070287e-07    -3.803621e-08    -8.684031e-08    -1.918035e-07    -1.773262e-08    -7.574391e-07    -3.349705e-07    1.439695e-06    -1.29557e-07    8.794721e-08    1.304042e-07    -1.378991e-07    2.812768e-08    -7.749069e-08    -1.078604e-07    -1.167381e-07    -6.901659e-08    -1.006865e-08
2.121461e-07    -3.978581e-07    -4.020845e-07    2.108537e-07    1.890225e-07    -6.006207e-08    2.066067e-07    1.781109e-07    -3.703073e-08    -1.29557e-07    1.367607e-06    -3.399759e-07    -6.355789e-07    1.187194e-07    -1.167139e-07    -1.963415e-07    -8.052151e-08    1.95242e-07    2.098011e-07    1.816533e-08
-4.17592e-09    3.350779e-07    3.135904e-07    5.163406e-08    -3.215453e-07    1.623582e-07    -2.447354e-07    -2.440415e-07    1.263143e-07    8.794721e-08    -3.399759e-07    1.754976e-06    8.989151e-08    -7.144456e-07    -6.704824e-08    1.479177e-08    1.304937e-07    8.973109e-08    1.469665e-08    -1.533507e-08
-7.755427e-08    4.548694e-07    4.808207e-07    -8.800506e-08    -3.864188e-07    1.340965e-07    -3.283902e-07    -2.683478e-07    1.428847e-07    1.304042e-07    -6.355789e-07    8.989151e-08    1.706385e-06    -2.692439e-07    -7.773005e-07    -4.263684e-09    1.065744e-07    1.532648e-07    3.024236e-08    -2.53752e-07
2.550289e-07    -3.168363e-07    -3.225232e-07    2.360425e-07    6.781127e-08    -1.612729e-08    1.32863e-07    1.233313e-07    1.368599e-08    -1.378991e-07    1.187194e-07    -7.144456e-07    -2.692439e-07    1.419714e-06    -4.286468e-07    2.617208e-07    8.532739e-08    -1.288615e-07    -1.309934e-07    -1.347986e-07
-1.26814e-07    -5.943029e-08    -5.711384e-08    -1.157048e-07    1.691727e-07    -7.57183e-08    1.028894e-07    8.14541e-08    -1.040216e-07    2.812768e-08    -1.167139e-07    -6.704824e-08    -7.773005e-07    -4.286468e-07    1.454712e-06    -4.52932e-08    -1.771403e-07    -1.060272e-07    -3.713331e-08    -4.198397e-08
-1.076428e-08    -8.08365e-09    1.806353e-08    2.11214e-08    -1.660127e-08    -1.47916e-07    3.709911e-08    1.901854e-09    2.16354e-07    -7.749069e-08    -1.963415e-07    1.479177e-08    -4.263684e-09    2.617208e-07    -4.52932e-08    1.444516e-06    -1.939162e-07    -9.293725e-07    1.499415e-07    5.878618e-08
-2.060325e-08    3.546509e-09    1.161726e-08    8.69869e-09    -3.040463e-09    -1.035671e-08    3.504624e-08    5.602564e-08    1.126388e-07    -1.078604e-07    -8.052151e-08    1.304937e-07    1.065744e-07    8.532739e-08    -1.771403e-07    -1.939162e-07    1.465682e-06    4.995097e-08    -9.667921e-07    3.112e-07
8.578279e-09    1.669904e-08    -4.700914e-09    1.382589e-08    -1.069932e-08    1.441796e-07    -2.576419e-08    1.297038e-07    -5.008044e-08    -1.167381e-07    1.95242e-07    8.973109e-08    1.532648e-07    -1.288615e-07    -1.060272e-07    -9.293725e-07    4.995097e-08    1.456154e-06    2.002684e-08    -6.826053e-07
1.461576e-08    4.230727e-08    1.008458e-10    -3.513044e-08    3.789792e-09    1.14929e-07    5.548566e-08    5.421327e-08    -1.668523e-07    -6.901659e-08    2.098011e-07    1.469665e-08    3.024236e-08    -1.309934e-07    -3.713331e-08    1.499415e-07    -9.667921e-07    2.002684e-08    1.5434e-06    -8.089421e-07
-1.810542e-08    -5.263048e-08    -4.805127e-08    -1.532635e-08    6.309688e-08    6.679898e-08    1.526787e-07    -2.176861e-07    -1.888717e-07    -1.006865e-08    1.816533e-08    -1.533507e-08    -2.53752e-07    -1.347986e-07    -4.198397e-08    5.878618e-08    3.112e-07    -6.826053e-07    -8.089421e-07    1.387049e-06
