1.540072e-06    4.203011e-08    -9.845987e-07    -8.415882e-08    1.218942e-07    -1.240622e-08    2.562838e-08    1.041773e-08    -2.110513e-08    2.607341e-08
4.203011e-08    1.409758e-06    -2.469949e-07    -9.085959e-07    2.757342e-07    -3.627236e-09    3.805718e-09    2.054386e-08    -1.584067e-09    3.92486e-09
-9.845987e-07    -2.469949e-07    1.424396e-06    9.399913e-08    -5.746941e-07    -1.213512e-08    -2.420443e-08    -1.286499e-08    -3.371961e-09    4.961468e-09
-8.415882e-08    -9.085959e-07    9.399913e-08    1.510507e-06    -6.59625e-07    3.569227e-09    3.47149e-09    -1.402354e-08    -6.664496e-09    7.169761e-09
1.218942e-07    2.757342e-07    -5.746941e-07    -6.59625e-07    1.366875e-06    2.284454e-08    2.12237e-08    7.566286e-09    1.544534e-08    -2.012203e-08
-1.240622e-08    -3.627236e-09    -1.213512e-08    3.569227e-09    2.284454e-08    1.444516e-06    -1.939162e-07    -9.293725e-07    1.499415e-07    5.878618e-08
2.562838e-08    3.805718e-09    -2.420443e-08    3.47149e-09    2.12237e-08    -1.939162e-07    1.465682e-06    4.995097e-08    -9.667921e-07    3.112e-07
1.041773e-08    2.054386e-08    -1.286499e-08    -1.402354e-08    7.566286e-09    -9.293725e-07    4.995097e-08    1.456154e-06    2.002684e-08    -6.826053e-07
-2.110513e-08    -1.584067e-09    -3.371961e-09    -6.664496e-09    1.544534e-08    1.499415e-07    -9.667921e-07    2.002684e-08    1.5434e-06    -8.089421e-07
2.607341e-08    3.92486e-09    4.961468e-09    7.169761e-09    -2.012203e-08    5.878618e-08    3.112e-07    -6.826053e-07    -8.089421e-07    1.387049e-06
