4.065874e-06    1.444463e-06    -1.30919e-06    1.393739e-06    -2.555243e-06    1.183162e-06    1.960318e-06    1.255236e-06    2.576251e-07    -2.640801e-06    1.605012e-06    -4.452434e-06    -4.567707e-06    1.879355e-06    3.004144e-06
1.444463e-06    3.996512e-06    2.036594e-06    -2.94904e-07    -2.130989e-06    -1.434692e-07    2.927481e-06    2.321761e-06    8.670177e-07    -3.900193e-06    7.088304e-09    -3.84277e-06    -3.233163e-06    -2.659802e-07    3.478545e-06
-1.30919e-06    2.036594e-06    4.786242e-06    -3.044692e-07    -2.243706e-06    -8.044723e-07    1.72862e-06    1.522935e-06    1.919059e-06    -2.211479e-06    -1.167217e-06    -2.239226e-06    -9.894504e-07    -1.819222e-07    1.9458e-06
1.393739e-06    -2.94904e-07    -3.044692e-07    2.846093e-06    -3.047384e-06    5.896088e-07    2.193361e-07    6.686074e-07    7.908022e-07    -1.971513e-06    1.732994e-06    -2.112095e-06    -2.825936e-06    1.307844e-06    1.217996e-06
-2.555243e-06    -2.130989e-06    -2.243706e-06    -3.047384e-06    6.855159e-06    -2.661775e-07    -2.564516e-06    -3.20556e-06    -2.312788e-06    5.085137e-06    -1.660446e-06    6.262371e-06    5.807833e-06    -2.563968e-06    -4.107035e-06
1.183162e-06    -1.434692e-07    -8.044723e-07    5.896088e-07    -2.661775e-07    1.728296e-06    5.63794e-07    6.632652e-08    2.454159e-08    -8.461414e-07    7.845626e-07    -2.031016e-06    -1.347443e-06    1.089412e-06    8.183832e-07
1.960318e-06    2.927481e-06    1.72862e-06    2.193361e-07    -2.564516e-06    5.63794e-07    3.379428e-06    1.695834e-06    7.760532e-07    -3.887484e-06    2.491036e-07    -4.781903e-06    -3.219864e-06    9.541786e-07    3.358162e-06
1.255236e-06    2.321761e-06    1.522935e-06    6.686074e-07    -3.20556e-06    6.632652e-08    1.695834e-06    2.808297e-06    1.282215e-06    -2.909534e-06    3.019626e-07    -3.704464e-06    -3.175827e-06    9.822027e-07    2.72243e-06
2.576251e-07    8.670177e-07    1.919059e-06    7.908022e-07    -2.312788e-06    2.454159e-08    7.760532e-07    1.282215e-06    1.788368e-06    -1.941441e-06    -1.433317e-07    -2.950105e-06    -1.81894e-06    1.156791e-06    1.691227e-06
-2.640801e-06    -3.900193e-06    -2.211479e-06    -1.971513e-06    5.085137e-06    -8.461414e-07    -3.887484e-06    -2.909534e-06    -1.941441e-06    7.054571e-06    -1.258542e-06    6.845156e-06    5.753883e-06    -1.549601e-06    -4.89327e-06
1.605012e-06    7.088304e-09    -1.167217e-06    1.732994e-06    -1.660446e-06    7.845626e-07    2.491036e-07    3.019626e-07    -1.433317e-07    -1.258542e-06    2.012641e-06    -1.084462e-06    -2.528048e-06    5.52929e-07    8.895366e-07
-4.452434e-06    -3.84277e-06    -2.239226e-06    -2.112095e-06    6.262371e-06    -2.031016e-06    -4.781903e-06    -3.704464e-06    -2.950105e-06    6.845156e-06    -1.084462e-06    1.231489e-05    7.399215e-06    -4.367598e-06    -6.808388e-06
-4.567707e-06    -3.233163e-06    -9.894504e-07    -2.825936e-06    5.807833e-06    -1.347443e-06    -3.219864e-06    -3.175827e-06    -1.81894e-06    5.753883e-06    -2.528048e-06    7.399215e-06    8.376002e-06    -2.191953e-06    -5.799055e-06
1.879355e-06    -2.659802e-07    -1.819222e-07    1.307844e-06    -2.563968e-06    1.089412e-06    9.541786e-07    9.822027e-07    1.156791e-06    -1.549601e-06    5.52929e-07    -4.367598e-06    -2.191953e-06    2.952375e-06    1.537028e-06
3.004144e-06    3.478545e-06    1.9458e-06    1.217996e-06    -4.107035e-06    8.183832e-07    3.358162e-06    2.72243e-06    1.691227e-06    -4.89327e-06    8.895366e-07    -6.808388e-06    -5.799055e-06    1.537028e-06    5.02213e-06
