2.938365e-06    5.52461e-07    -3.828623e-07    -3.597655e-07    -1.475985e-06    -1.897577e-06    -8.442491e-07    7.882014e-07    -1.698734e-06    1.766326e-06    -8.36008e-07    -4.510269e-07    -7.422689e-07    -1.634631e-07    1.726114e-06
5.52461e-07    8.959781e-06    7.379887e-06    -3.554531e-07    -6.442373e-06    -2.036524e-06    -2.964435e-06    -2.623308e-06    -1.222559e-06    4.217066e-06    -1.435911e-06    -3.267885e-06    -2.968104e-06    -2.819762e-06    5.264651e-06
-3.828623e-07    7.379887e-06    7.571474e-06    4.759414e-07    -6.435171e-06    -2.112924e-06    -2.470401e-06    -1.995937e-06    -1.669598e-07    2.929449e-06    -1.082669e-06    -2.93913e-06    -2.267415e-06    -2.190379e-06    3.726974e-06
-3.597655e-07    -3.554531e-07    4.759414e-07    2.226733e-06    -1.332381e-06    -2.316327e-07    -5.808406e-07    -3.305851e-07    1.234884e-06    -9.18701e-07    -5.491228e-07    -7.057343e-07    9.002986e-08    4.167621e-07    -3.159154e-07
-1.475985e-06    -6.442373e-06    -6.435171e-06    -1.332381e-06    9.474392e-06    3.077701e-06    2.565239e-06    9.564532e-07    6.154322e-07    -1.787379e-06    2.221839e-06    3.113259e-06    1.361581e-06    1.655572e-06    -3.722749e-06
-1.897577e-06    -2.036524e-06    -2.112924e-06    -2.316327e-07    3.077701e-06    4.065874e-06    1.444463e-06    -1.30919e-06    1.393739e-06    -2.555243e-06    1.183162e-06    1.960318e-06    1.255236e-06    2.576251e-07    -2.640801e-06
-8.442491e-07    -2.964435e-06    -2.470401e-06    -5.808406e-07    2.565239e-06    1.444463e-06    3.996512e-06    2.036594e-06    -2.94904e-07    -2.130989e-06    -1.434692e-07    2.927481e-06    2.321761e-06    8.670177e-07    -3.900193e-06
7.882014e-07    -2.623308e-06    -1.995937e-06    -3.305851e-07    9.564532e-07    -1.30919e-06    2.036594e-06    4.786242e-06    -3.044692e-07    -2.243706e-06    -8.044723e-07    1.72862e-06    1.522935e-06    1.919059e-06    -2.211479e-06
-1.698734e-06    -1.222559e-06    -1.669598e-07    1.234884e-06    6.154322e-07    1.393739e-06    -2.94904e-07    -3.044692e-07    2.846093e-06    -3.047384e-06    5.896088e-07    2.193361e-07    6.686074e-07    7.908022e-07    -1.971513e-06
1.766326e-06    4.217066e-06    2.929449e-06    -9.18701e-07    -1.787379e-06    -2.555243e-06    -2.130989e-06    -2.243706e-06    -3.047384e-06    6.855159e-06    -2.661775e-07    -2.564516e-06    -3.20556e-06    -2.312788e-06    5.085137e-06
-8.36008e-07    -1.435911e-06    -1.082669e-06    -5.491228e-07    2.221839e-06    1.183162e-06    -1.434692e-07    -8.044723e-07    5.896088e-07    -2.661775e-07    1.728296e-06    5.63794e-07    6.632652e-08    2.454159e-08    -8.461414e-07
-4.510269e-07    -3.267885e-06    -2.93913e-06    -7.057343e-07    3.113259e-06    1.960318e-06    2.927481e-06    1.72862e-06    2.193361e-07    -2.564516e-06    5.63794e-07    3.379428e-06    1.695834e-06    7.760532e-07    -3.887484e-06
-7.422689e-07    -2.968104e-06    -2.267415e-06    9.002986e-08    1.361581e-06    1.255236e-06    2.321761e-06    1.522935e-06    6.686074e-07    -3.20556e-06    6.632652e-08    1.695834e-06    2.808297e-06    1.282215e-06    -2.909534e-06
-1.634631e-07    -2.819762e-06    -2.190379e-06    4.167621e-07    1.655572e-06    2.576251e-07    8.670177e-07    1.919059e-06    7.908022e-07    -2.312788e-06    2.454159e-08    7.760532e-07    1.282215e-06    1.788368e-06    -1.941441e-06
1.726114e-06    5.264651e-06    3.726974e-06    -3.159154e-07    -3.722749e-06    -2.640801e-06    -3.900193e-06    -2.211479e-06    -1.971513e-06    5.085137e-06    -8.461414e-07    -3.887484e-06    -2.909534e-06    -1.941441e-06    7.054571e-06
