4.065874e-06    1.444463e-06    -1.30919e-06    1.393739e-06    -2.555243e-06    1.183162e-06    1.960318e-06    1.255236e-06    2.576251e-07    -2.640801e-06    2.909418e-06    -5.033262e-06    -4.270324e-06    1.999766e-06    2.908984e-06
1.444463e-06    3.996512e-06    2.036594e-06    -2.94904e-07    -2.130989e-06    -1.434692e-07    2.927481e-06    2.321761e-06    8.670177e-07    -3.900193e-06    1.083738e-06    -3.662429e-06    -4.946036e-06    -1.155701e-07    4.287063e-06
-1.30919e-06    2.036594e-06    4.786242e-06    -3.044692e-07    -2.243706e-06    -8.044723e-07    1.72862e-06    1.522935e-06    1.919059e-06    -2.211479e-06    -1.393614e-06    -2.072241e-06    -1.704333e-06    -5.749962e-07    2.575712e-06
1.393739e-06    -2.94904e-07    -3.044692e-07    2.846093e-06    -3.047384e-06    5.896088e-07    2.193361e-07    6.686074e-07    7.908022e-07    -1.971513e-06    1.17258e-06    -3.154399e-06    -2.172748e-06    2.278987e-06    5.361336e-07
-2.555243e-06    -2.130989e-06    -2.243706e-06    -3.047384e-06    6.855159e-06    -2.661775e-07    -2.564516e-06    -3.20556e-06    -2.312788e-06    5.085137e-06    -1.193162e-06    6.744829e-06    5.584205e-06    -2.893788e-06    -3.891904e-06
1.183162e-06    -1.434692e-07    -8.044723e-07    5.896088e-07    -2.661775e-07    1.728296e-06    5.63794e-07    6.632652e-08    2.454159e-08    -8.461414e-07    2.521466e-06    -2.031442e-06    -2.317162e-06    8.194363e-07    6.003061e-07
1.960318e-06    2.927481e-06    1.72862e-06    2.193361e-07    -2.564516e-06    5.63794e-07    3.379428e-06    1.695834e-06    7.760532e-07    -3.887484e-06    1.792799e-06    -4.429524e-06    -4.893085e-06    6.741078e-07    3.847492e-06
1.255236e-06    2.321761e-06    1.522935e-06    6.686074e-07    -3.20556e-06    6.632652e-08    1.695834e-06    2.808297e-06    1.282215e-06    -2.909534e-06    8.821505e-07    -3.177946e-06    -3.90872e-06    5.028266e-07    3.074669e-06
2.576251e-07    8.670177e-07    1.919059e-06    7.908022e-07    -2.312788e-06    2.454159e-08    7.760532e-07    1.282215e-06    1.788368e-06    -1.941441e-06    3.336388e-07    -2.554093e-06    -2.224893e-06    3.02351e-07    1.735963e-06
-2.640801e-06    -3.900193e-06    -2.211479e-06    -1.971513e-06    5.085137e-06    -8.461414e-07    -3.887484e-06    -2.909534e-06    -1.941441e-06    7.054571e-06    -2.621013e-06    7.23919e-06    7.594454e-06    -1.840212e-06    -5.081558e-06
2.909418e-06    1.083738e-06    -1.393614e-06    1.17258e-06    -1.193162e-06    2.521466e-06    1.792799e-06    8.821505e-07    3.336388e-07    -2.621013e-06    5.343634e-06    -4.80044e-06    -6.384368e-06    1.096752e-06    2.820316e-06
-5.033262e-06    -3.662429e-06    -2.072241e-06    -3.154399e-06    6.744829e-06    -2.031442e-06    -4.429524e-06    -3.177946e-06    -2.554093e-06    7.23919e-06    -4.80044e-06    1.152969e-05    1.00048e-05    -3.703091e-06    -6.718147e-06
-4.270324e-06    -4.946036e-06    -1.704333e-06    -2.172748e-06    5.584205e-06    -2.317162e-06    -4.893085e-06    -3.90872e-06    -2.224893e-06    7.594454e-06    -6.384368e-06    1.00048e-05    1.296327e-05    -1.702172e-06    -7.98713e-06
1.999766e-06    -1.155701e-07    -5.749962e-07    2.278987e-06    -2.893788e-06    8.194363e-07    6.741078e-07    5.028266e-07    3.02351e-07    -1.840212e-06    1.096752e-06    -3.703091e-06    -1.702172e-06    3.213827e-06    2.9082e-07
2.908984e-06    4.287063e-06    2.575712e-06    5.361336e-07    -3.891904e-06    6.003061e-07    3.847492e-06    3.074669e-06    1.735963e-06    -5.081558e-06    2.820316e-06    -6.718147e-06    -7.98713e-06    2.9082e-07    6.611452e-06
