4.065874e-06    1.444463e-06    -1.30919e-06    1.393739e-06    -2.555243e-06    1.061189e-06    -1.782355e-06    -3.222344e-06    -1.419372e-06    1.402291e-06
1.444463e-06    3.996512e-06    2.036594e-06    -2.94904e-07    -2.130989e-06    -7.009737e-08    -2.976402e-06    -4.25672e-06    -8.413192e-07    2.775899e-06
-1.30919e-06    2.036594e-06    4.786242e-06    -3.044692e-07    -2.243706e-06    -1.103404e-06    -2.900574e-06    -3.49213e-06    1.420507e-07    3.313455e-06
1.393739e-06    -2.94904e-07    -3.044692e-07    2.846093e-06    -3.047384e-06    8.085253e-07    -7.786359e-07    -1.147587e-06    -6.037992e-07    6.566541e-07
-2.555243e-06    -2.130989e-06    -2.243706e-06    -3.047384e-06    6.855159e-06    -9.924791e-07    3.160249e-06    4.85536e-06    8.394221e-07    -2.459454e-06
1.061189e-06    -7.009737e-08    -1.103404e-06    8.085253e-07    -9.924791e-07    1.304262e-06    6.247221e-08    -3.078309e-07    1.517268e-07    -1.02564e-06
-1.782355e-06    -2.976402e-06    -2.900574e-06    -7.786359e-07    3.160249e-06    6.247221e-08    5.800965e-06    7.090695e-06    1.356825e-06    -5.936589e-06
-3.222344e-06    -4.25672e-06    -3.49213e-06    -1.147587e-06    4.85536e-06    -3.078309e-07    7.090695e-06    9.871788e-06    2.108438e-06    -7.461141e-06
-1.419372e-06    -8.413192e-07    1.420507e-07    -6.037992e-07    8.394221e-07    1.517268e-07    1.356825e-06    2.108438e-06    2.273703e-06    -2.530292e-06
1.402291e-06    2.775899e-06    3.313455e-06    6.566541e-07    -2.459454e-06    -1.02564e-06    -5.936589e-06    -7.461141e-06    -2.530292e-06    7.901383e-06
