4.065874e-06    1.444463e-06    -1.30919e-06    1.393739e-06    -2.555243e-06    1.183162e-06    1.960318e-06    1.255236e-06    2.576251e-07    -2.640801e-06    -1.433668e-06    -2.280259e-06    -1.83779e-06    -1.01283e-06    4.346801e-06    2.909418e-06    -5.033262e-06    -4.270324e-06    1.999766e-06    2.908984e-06
1.444463e-06    3.996512e-06    2.036594e-06    -2.94904e-07    -2.130989e-06    -1.434692e-07    2.927481e-06    2.321761e-06    8.670177e-07    -3.900193e-06    -9.122413e-07    -3.172225e-06    -2.556465e-06    -1.066557e-07    4.575098e-06    1.083738e-06    -3.662429e-06    -4.946036e-06    -1.155701e-07    4.287063e-06
-1.30919e-06    2.036594e-06    4.786242e-06    -3.044692e-07    -2.243706e-06    -8.044723e-07    1.72862e-06    1.522935e-06    1.919059e-06    -2.211479e-06    -3.273632e-07    -2.654677e-06    -2.013751e-06    1.076065e-06    2.313064e-06    -1.393614e-06    -2.072241e-06    -1.704333e-06    -5.749962e-07    2.575712e-06
1.393739e-06    -2.94904e-07    -3.044692e-07    2.846093e-06    -3.047384e-06    5.896088e-07    2.193361e-07    6.686074e-07    7.908022e-07    -1.971513e-06    -6.045153e-07    -6.27527e-07    -7.461246e-07    -7.355696e-08    9.687616e-07    1.17258e-06    -3.154399e-06    -2.172748e-06    2.278987e-06    5.361336e-07
-2.555243e-06    -2.130989e-06    -2.243706e-06    -3.047384e-06    6.855159e-06    -2.661775e-07    -2.564516e-06    -3.20556e-06    -2.312788e-06    5.085137e-06    1.312094e-06    3.554071e-06    3.446629e-06    -4.330408e-07    -4.928073e-06    -1.193162e-06    6.744829e-06    5.584205e-06    -2.893788e-06    -3.891904e-06
1.183162e-06    -1.434692e-07    -8.044723e-07    5.896088e-07    -2.661775e-07    1.728296e-06    5.63794e-07    6.632652e-08    2.454159e-08    -8.461414e-07    -1.022777e-06    -1.309359e-06    -9.679009e-07    -7.325033e-07    2.17672e-06    2.521466e-06    -2.031442e-06    -2.317162e-06    8.194363e-07    6.003061e-07
1.960318e-06    2.927481e-06    1.72862e-06    2.193361e-07    -2.564516e-06    5.63794e-07    3.379428e-06    1.695834e-06    7.760532e-07    -3.887484e-06    -1.023244e-06    -3.294223e-06    -2.76842e-06    -1.312389e-07    4.848646e-06    1.792799e-06    -4.429524e-06    -4.893085e-06    6.741078e-07    3.847492e-06
1.255236e-06    2.321761e-06    1.522935e-06    6.686074e-07    -3.20556e-06    6.632652e-08    1.695834e-06    2.808297e-06    1.282215e-06    -2.909534e-06    -6.10673e-07    -2.799156e-06    -2.505689e-06    2.031067e-07    3.362577e-06    8.821505e-07    -3.177946e-06    -3.90872e-06    5.028266e-07    3.074669e-06
2.576251e-07    8.670177e-07    1.919059e-06    7.908022e-07    -2.312788e-06    2.454159e-08    7.760532e-07    1.282215e-06    1.788368e-06    -1.941441e-06    -2.035437e-07    -2.615824e-06    -2.43933e-06    5.480804e-07    2.578068e-06    3.336388e-07    -2.554093e-06    -2.224893e-06    3.02351e-07    1.735963e-06
-2.640801e-06    -3.900193e-06    -2.211479e-06    -1.971513e-06    5.085137e-06    -8.461414e-07    -3.887484e-06    -2.909534e-06    -1.941441e-06    7.054571e-06    1.360374e-06    4.599261e-06    4.39167e-06    -9.753739e-08    -6.734509e-06    -2.621013e-06    7.23919e-06    7.594454e-06    -1.840212e-06    -5.081558e-06
-1.433668e-06    -9.122413e-07    -3.273632e-07    -6.045153e-07    1.312094e-06    -1.022777e-06    -1.023244e-06    -6.10673e-07    -2.035437e-07    1.360374e-06    2.001764e-06    1.686116e-06    5.904205e-07    8.1742e-07    -3.160535e-06    -1.849956e-06    3.257967e-06    3.041736e-06    -1.241136e-06    -1.878921e-06
-2.280259e-06    -3.172225e-06    -2.654677e-06    -6.27527e-07    3.554071e-06    -1.309359e-06    -3.294223e-06    -2.799156e-06    -2.615824e-06    4.599261e-06    1.686116e-06    8.997597e-06    7.171972e-06    -6.955095e-07    -9.452042e-06    -4.035664e-06    6.929857e-06    8.734657e-06    1.06739e-07    -6.105453e-06
-1.83779e-06    -2.556465e-06    -2.013751e-06    -7.461246e-07    3.446629e-06    -9.679009e-07    -2.76842e-06    -2.505689e-06    -2.43933e-06    4.39167e-06    5.904205e-07    7.171972e-06    6.910058e-06    -1.004171e-06    -7.518411e-06    -3.079693e-06    5.725473e-06    6.899503e-06    9.112116e-09    -4.637662e-06
-1.01283e-06    -1.066557e-07    1.076065e-06    -7.355696e-08    -4.330408e-07    -7.325033e-07    -1.312389e-07    2.031067e-07    5.480804e-07    -9.753739e-08    8.1742e-07    -6.955095e-07    -1.004171e-06    1.524391e-06    -5.479888e-07    -1.016953e-06    7.548446e-07    7.301048e-07    -7.898716e-07    -1.816633e-07
4.346801e-06    4.575098e-06    2.313064e-06    9.687616e-07    -4.928073e-06    2.17672e-06    4.848646e-06    3.362577e-06    2.578068e-06    -6.734509e-06    -3.160535e-06    -9.452042e-06    -7.518411e-06    -5.479888e-07    1.26785e-05    5.54916e-06    -1.013659e-05    -1.128872e-05    1.435214e-06    7.723394e-06
2.909418e-06    1.083738e-06    -1.393614e-06    1.17258e-06    -1.193162e-06    2.521466e-06    1.792799e-06    8.821505e-07    3.336388e-07    -2.621013e-06    -1.849956e-06    -4.035664e-06    -3.079693e-06    -1.016953e-06    5.54916e-06    5.343634e-06    -4.80044e-06    -6.384368e-06    1.096752e-06    2.820316e-06
-5.033262e-06    -3.662429e-06    -2.072241e-06    -3.154399e-06    6.744829e-06    -2.031442e-06    -4.429524e-06    -3.177946e-06    -2.554093e-06    7.23919e-06    3.257967e-06    6.929857e-06    5.725473e-06    7.548446e-07    -1.013659e-05    -4.80044e-06    1.152969e-05    1.00048e-05    -3.703091e-06    -6.718147e-06
-4.270324e-06    -4.946036e-06    -1.704333e-06    -2.172748e-06    5.584205e-06    -2.317162e-06    -4.893085e-06    -3.90872e-06    -2.224893e-06    7.594454e-06    3.041736e-06    8.734657e-06    6.899503e-06    7.301048e-07    -1.128872e-05    -6.384368e-06    1.00048e-05    1.296327e-05    -1.702172e-06    -7.98713e-06
1.999766e-06    -1.155701e-07    -5.749962e-07    2.278987e-06    -2.893788e-06    8.194363e-07    6.741078e-07    5.028266e-07    3.02351e-07    -1.840212e-06    -1.241136e-06    1.06739e-07    9.112116e-09    -7.898716e-07    1.435214e-06    1.096752e-06    -3.703091e-06    -1.702172e-06    3.213827e-06    2.9082e-07
2.908984e-06    4.287063e-06    2.575712e-06    5.361336e-07    -3.891904e-06    6.003061e-07    3.847492e-06    3.074669e-06    1.735963e-06    -5.081558e-06    -1.878921e-06    -6.105453e-06    -4.637662e-06    -1.816633e-07    7.723394e-06    2.820316e-06    -6.718147e-06    -7.98713e-06    2.9082e-07    6.611452e-06
