4.065874e-06    1.444463e-06    -1.30919e-06    1.393739e-06    -2.555243e-06    1.183162e-06    1.960318e-06    1.255236e-06    2.576251e-07    -2.640801e-06    -1.433668e-06    -2.280259e-06    -1.83779e-06    -1.01283e-06    4.346801e-06    -8.814867e-07    1.772348e-06    2.65046e-06    -5.537307e-07    -3.206422e-06
1.444463e-06    3.996512e-06    2.036594e-06    -2.94904e-07    -2.130989e-06    -1.434692e-07    2.927481e-06    2.321761e-06    8.670177e-07    -3.900193e-06    -9.122413e-07    -3.172225e-06    -2.556465e-06    -1.066557e-07    4.575098e-06    9.725274e-07    1.240113e-06    1.640453e-06    -1.245713e-06    -2.917038e-06
-1.30919e-06    2.036594e-06    4.786242e-06    -3.044692e-07    -2.243706e-06    -8.044723e-07    1.72862e-06    1.522935e-06    1.919059e-06    -2.211479e-06    -3.273632e-07    -2.654677e-06    -2.013751e-06    1.076065e-06    2.313064e-06    1.432416e-06    5.917957e-07    4.045883e-07    -1.762689e-06    -1.205564e-06
1.393739e-06    -2.94904e-07    -3.044692e-07    2.846093e-06    -3.047384e-06    5.896088e-07    2.193361e-07    6.686074e-07    7.908022e-07    -1.971513e-06    -6.045153e-07    -6.27527e-07    -7.461246e-07    -7.355696e-08    9.687616e-07    -1.318282e-06    1.494338e-06    6.486538e-07    -1.011423e-06    -2.960137e-07
-2.555243e-06    -2.130989e-06    -2.243706e-06    -3.047384e-06    6.855159e-06    -2.661775e-07    -2.564516e-06    -3.20556e-06    -2.312788e-06    5.085137e-06    1.312094e-06    3.554071e-06    3.446629e-06    -4.330408e-07    -4.928073e-06    1.315102e-06    -3.187016e-06    -2.313184e-06    2.754133e-06    2.318822e-06
1.183162e-06    -1.434692e-07    -8.044723e-07    5.896088e-07    -2.661775e-07    1.728296e-06    5.63794e-07    6.632652e-08    2.454159e-08    -8.461414e-07    -1.022777e-06    -1.309359e-06    -9.679009e-07    -7.325033e-07    2.17672e-06    -2.512158e-07    1.117619e-07    6.185572e-07    -6.18836e-08    -8.300562e-07
1.960318e-06    2.927481e-06    1.72862e-06    2.193361e-07    -2.564516e-06    5.63794e-07    3.379428e-06    1.695834e-06    7.760532e-07    -3.887484e-06    -1.023244e-06    -3.294223e-06    -2.76842e-06    -1.312389e-07    4.848646e-06    4.875964e-07    1.184736e-06    1.747634e-06    -9.469623e-07    -2.85722e-06
1.255236e-06    2.321761e-06    1.522935e-06    6.686074e-07    -3.20556e-06    6.632652e-08    1.695834e-06    2.808297e-06    1.282215e-06    -2.909534e-06    -6.10673e-07    -2.799156e-06    -2.505689e-06    2.031067e-07    3.362577e-06    2.398948e-07    1.438331e-06    1.179772e-06    -1.68158e-06    -1.619852e-06
2.576251e-07    8.670177e-07    1.919059e-06    7.908022e-07    -2.312788e-06    2.454159e-08    7.760532e-07    1.282215e-06    1.788368e-06    -1.941441e-06    -2.035437e-07    -2.615824e-06    -2.43933e-06    5.480804e-07    2.578068e-06    1.241931e-07    1.388454e-06    9.582421e-07    -1.551932e-06    -1.236016e-06
-2.640801e-06    -3.900193e-06    -2.211479e-06    -1.971513e-06    5.085137e-06    -8.461414e-07    -3.887484e-06    -2.909534e-06    -1.941441e-06    7.054571e-06    1.360374e-06    4.599261e-06    4.39167e-06    -9.753739e-08    -6.734509e-06    4.728384e-07    -3.161132e-06    -2.587202e-06    2.535121e-06    3.536466e-06
-1.433668e-06    -9.122413e-07    -3.273632e-07    -6.045153e-07    1.312094e-06    -1.022777e-06    -1.023244e-06    -6.10673e-07    -2.035437e-07    1.360374e-06    2.001764e-06    1.686116e-06    5.904205e-07    8.1742e-07    -3.160535e-06    8.125885e-08    -5.302466e-07    -1.445715e-06    4.35261e-07    2.167467e-06
-2.280259e-06    -3.172225e-06    -2.654677e-06    -6.27527e-07    3.554071e-06    -1.309359e-06    -3.294223e-06    -2.799156e-06    -2.615824e-06    4.599261e-06    1.686116e-06    8.997597e-06    7.171972e-06    -6.955095e-07    -9.452042e-06    -1.022131e-06    -3.010923e-06    -3.822469e-06    2.706026e-06    6.004832e-06
-1.83779e-06    -2.556465e-06    -2.013751e-06    -7.461246e-07    3.446629e-06    -9.679009e-07    -2.76842e-06    -2.505689e-06    -2.43933e-06    4.39167e-06    5.904205e-07    7.171972e-06    6.910058e-06    -1.004171e-06    -7.518411e-06    -3.757573e-07    -3.075417e-06    -2.942053e-06    2.626133e-06    4.1803e-06
-1.01283e-06    -1.066557e-07    1.076065e-06    -7.355696e-08    -4.330408e-07    -7.325033e-07    -1.312389e-07    2.031067e-07    5.480804e-07    -9.753739e-08    8.1742e-07    -6.955095e-07    -1.004171e-06    1.524391e-06    -5.479888e-07    -1.841894e-07    4.24551e-07    8.282737e-08    -5.385164e-07    4.996045e-07
4.346801e-06    4.575098e-06    2.313064e-06    9.687616e-07    -4.928073e-06    2.17672e-06    4.848646e-06    3.362577e-06    2.578068e-06    -6.734509e-06    -3.160535e-06    -9.452042e-06    -7.518411e-06    -5.479888e-07    1.26785e-05    1.934853e-07    3.791871e-06    5.395838e-06    -2.845562e-06    -7.658539e-06
-8.814867e-07    9.725274e-07    1.432416e-06    -1.318282e-06    1.315102e-06    -2.512158e-07    4.875964e-07    2.398948e-07    1.241931e-07    4.728384e-07    8.125885e-08    -1.022131e-06    -3.757573e-07    -1.841894e-07    1.934853e-07    2.558072e-06    -1.030405e-06    -9.521974e-07    7.201107e-08    -8.596367e-07
1.772348e-06    1.240113e-06    5.917957e-07    1.494338e-06    -3.187016e-06    1.117619e-07    1.184736e-06    1.438331e-06    1.388454e-06    -3.161132e-06    -5.302466e-07    -3.010923e-06    -3.075417e-06    4.24551e-07    3.791871e-06    -1.030405e-06    3.057108e-06    2.216349e-06    -2.152236e-06    -2.453138e-06
2.65046e-06    1.640453e-06    4.045883e-07    6.486538e-07    -2.313184e-06    6.185572e-07    1.747634e-06    1.179772e-06    9.582421e-07    -2.587202e-06    -1.445715e-06    -3.822469e-06    -2.942053e-06    8.282737e-08    5.395838e-06    -9.521974e-07    2.216349e-06    3.62826e-06    -1.11566e-06    -3.904295e-06
-5.537307e-07    -1.245713e-06    -1.762689e-06    -1.011423e-06    2.754133e-06    -6.18836e-08    -9.469623e-07    -1.68158e-06    -1.551932e-06    2.535121e-06    4.35261e-07    2.706026e-06    2.626133e-06    -5.385164e-07    -2.845562e-06    7.201107e-08    -2.152236e-06    -1.11566e-06    2.469577e-06    1.343457e-06
-3.206422e-06    -2.917038e-06    -1.205564e-06    -2.960137e-07    2.318822e-06    -8.300562e-07    -2.85722e-06    -1.619852e-06    -1.236016e-06    3.536466e-06    2.167467e-06    6.004832e-06    4.1803e-06    4.996045e-07    -7.658539e-06    -8.596367e-07    -2.453138e-06    -3.904295e-06    1.343457e-06    6.550864e-06
