3.399707e-06    2.125229e-06    -5.915166e-07    -5.227191e-07    -1.309164e-06    -8.859844e-07    -1.671297e-06    -4.405644e-07    -1.788965e-07    1.410886e-06    -8.035199e-07    -1.689325e-06    -1.30333e-06    -3.31982e-07    2.303549e-06
2.125229e-06    1.348276e-05    6.354984e-06    -1.615957e-06    -6.311525e-06    -3.742407e-06    -5.332277e-06    -3.714829e-06    -1.14621e-06    5.211563e-06    -4.435523e-07    -4.848473e-06    -3.565035e-06    -2.820964e-06    6.396739e-06
-5.915166e-07    6.354984e-06    7.522459e-06    1.032646e-06    -5.41534e-06    -1.588031e-06    -1.822169e-06    -2.767476e-06    -1.214885e-06    3.137462e-06    -3.188217e-07    -1.965895e-06    -1.187908e-06    -1.928154e-06    2.826451e-06
-5.227191e-07    -1.615957e-06    1.032646e-06    4.863043e-06    -2.402271e-06    9.418901e-07    4.054486e-07    -8.396845e-07    7.296741e-07    -1.522602e-06    -9.190099e-07    -5.07064e-08    1.405773e-06    1.452321e-07    -4.696777e-07
-1.309164e-06    -6.311525e-06    -5.41534e-06    -2.402271e-06    8.308284e-06    1.409479e-06    2.43295e-06    2.5343e-06    2.076482e-07    -1.694893e-06    1.475202e-06    2.555558e-06    1.270396e-06    1.5402e-06    -2.764606e-06
-8.859844e-07    -3.742407e-06    -1.588031e-06    9.418901e-07    1.409479e-06    5.605946e-06    1.486493e-06    -2.293789e-06    1.309581e-06    -2.433349e-06    1.145665e-06    1.939706e-06    1.242081e-06    2.801994e-07    -2.577914e-06
-1.671297e-06    -5.332277e-06    -1.822169e-06    4.054486e-07    2.43295e-06    1.486493e-06    5.406271e-06    1.7896e-06    -1.2035e-06    -1.855255e-06    -1.834255e-07    2.906993e-06    2.333319e-06    8.858913e-07    -3.880775e-06
-4.405644e-07    -3.714829e-06    -2.767476e-06    -8.396845e-07    2.5343e-06    -2.293789e-06    1.7896e-06    6.210638e-06    -2.104701e-07    -2.8184e-06    -7.644335e-07    1.715713e-06    1.501058e-06    1.924602e-06    -2.239165e-06
-1.788965e-07    -1.14621e-06    -1.214885e-06    7.296741e-07    2.076482e-07    1.309581e-06    -1.2035e-06    -2.104701e-07    4.356599e-06    -3.707009e-06    6.496419e-07    2.402099e-07    6.432744e-07    7.415432e-07    -1.98556e-06
1.410886e-06    5.211563e-06    3.137462e-06    -1.522602e-06    -1.694893e-06    -2.433349e-06    -1.855255e-06    -2.8184e-06    -3.707009e-06    8.222035e-06    -2.645896e-07    -2.543789e-06    -3.178517e-06    -2.327729e-06    5.007096e-06
-8.035199e-07    -4.435523e-07    -3.188217e-07    -9.190099e-07    1.475202e-06    1.145665e-06    -1.834255e-07    -7.644335e-07    6.496419e-07    -2.645896e-07    3.230536e-06    6.521993e-07    -8.292902e-07    -4.694414e-08    -8.449585e-07
-1.689325e-06    -4.848473e-06    -1.965895e-06    -5.07064e-08    2.555558e-06    1.939706e-06    2.906993e-06    1.715713e-06    2.402099e-07    -2.543789e-06    6.521993e-07    4.815387e-06    1.475379e-06    -1.762443e-07    -3.655233e-06
-1.30333e-06    -3.565035e-06    -1.187908e-06    1.405773e-06    1.270396e-06    1.242081e-06    2.333319e-06    1.501058e-06    6.432744e-07    -3.178517e-06    -8.292902e-07    1.475379e-06    4.226065e-06    1.280345e-06    -3.448641e-06
-3.31982e-07    -2.820964e-06    -1.928154e-06    1.452321e-07    1.5402e-06    2.801994e-07    8.858913e-07    1.924602e-06    7.415432e-07    -2.327729e-06    -4.694414e-08    -1.762443e-07    1.280345e-06    3.315228e-06    -2.547434e-06
2.303549e-06    6.396739e-06    2.826451e-06    -4.696777e-07    -2.764606e-06    -2.577914e-06    -3.880775e-06    -2.239165e-06    -1.98556e-06    5.007096e-06    -8.449585e-07    -3.655233e-06    -3.448641e-06    -2.547434e-06    8.46548e-06
