5.605946e-06    1.486493e-06    -2.293789e-06    1.309581e-06    -2.433349e-06    1.145665e-06    1.939706e-06    1.242081e-06    2.801994e-07    -2.577914e-06    3.503056e-07    1.275481e-06    -1.120983e-06    1.154789e-06    5.54845e-08
1.486493e-06    5.406271e-06    1.7896e-06    -1.2035e-06    -1.855255e-06    -1.834255e-07    2.906993e-06    2.333319e-06    8.858913e-07    -3.880775e-06    1.21056e-07    -1.825751e-07    -9.1485e-07    1.887771e-06    4.392381e-07
-2.293789e-06    1.7896e-06    6.210638e-06    -2.104701e-07    -2.8184e-06    -7.644335e-07    1.715713e-06    1.501058e-06    1.924602e-06    -2.239165e-06    -5.28704e-08    -5.704403e-07    2.078351e-09    7.53062e-07    4.412045e-07
1.309581e-06    -1.2035e-06    -2.104701e-07    4.356599e-06    -3.707009e-06    6.496419e-07    2.402099e-07    6.432744e-07    7.415432e-07    -1.98556e-06    2.699275e-07    -3.401388e-07    -6.635207e-07    8.081625e-07    1.135779e-07
-2.433349e-06    -1.855255e-06    -2.8184e-06    -3.707009e-06    8.222035e-06    -2.645896e-07    -2.543789e-06    -3.178517e-06    -2.327729e-06    5.007096e-06    -8.701042e-07    4.052885e-07    1.593518e-06    -1.596486e-06    -5.253849e-07
1.145665e-06    -1.834255e-07    -7.644335e-07    6.496419e-07    -2.645896e-07    3.230536e-06    6.521993e-07    -8.292902e-07    -4.694414e-08    -8.449585e-07    -3.540875e-07    1.289854e-06    -3.709125e-08    -5.033852e-08    5.149622e-08
1.939706e-06    2.906993e-06    1.715713e-06    2.402099e-07    -2.543789e-06    6.521993e-07    4.815387e-06    1.475379e-06    -1.762443e-07    -3.655233e-06    1.166354e-07    1.656503e-07    -6.10919e-07    1.481979e-06    3.37454e-07
1.242081e-06    2.333319e-06    1.501058e-06    6.432744e-07    -3.178517e-06    -8.292902e-07    1.475379e-06    4.226065e-06    1.280345e-06    -3.448641e-06    4.340381e-07    -4.181104e-07    -7.92809e-07    9.574872e-07    3.936727e-07
2.801994e-07    8.858913e-07    1.924602e-06    7.415432e-07    -2.327729e-06    -4.694414e-08    -1.762443e-07    1.280345e-06    3.315228e-06    -2.547434e-06    7.657137e-08    3.518537e-07    -1.085568e-07    5.722062e-07    1.036581e-07
-2.577914e-06    -3.880775e-06    -2.239165e-06    -1.98556e-06    5.007096e-06    -8.449585e-07    -3.655233e-06    -3.448641e-06    -2.547434e-06    8.46548e-06    -3.148236e-07    1.655788e-07    1.483096e-06    -2.677562e-06    -5.644012e-07
3.503056e-07    1.21056e-07    -5.28704e-08    2.699275e-07    -8.701042e-07    -3.540875e-07    1.166354e-07    4.340381e-07    7.657137e-08    -3.148236e-07    2.988247e-06    -1.991629e-06    -2.093622e-06    3.125771e-07    3.228359e-08
1.275481e-06    -1.825751e-07    -5.704403e-07    -3.401388e-07    4.052885e-07    1.289854e-06    1.656503e-07    -4.181104e-07    3.518537e-07    1.655788e-07    -1.991629e-06    6.198898e-06    8.836452e-07    -1.557639e-06    -2.231747e-07
-1.120983e-06    -9.1485e-07    2.078351e-09    -6.635207e-07    1.593518e-06    -3.709125e-08    -6.10919e-07    -7.92809e-07    -1.085568e-07    1.483096e-06    -2.093622e-06    8.836452e-07    3.886072e-06    -8.659798e-07    -1.07937e-06
1.154789e-06    1.887771e-06    7.53062e-07    8.081625e-07    -1.596486e-06    -5.033852e-08    1.481979e-06    9.574872e-07    5.722062e-07    -2.677562e-06    3.125771e-07    -1.557639e-06    -8.659798e-07    3.447616e-06    -3.463314e-07
5.54845e-08    4.392381e-07    4.412045e-07    1.135779e-07    -5.253849e-07    5.149622e-08    3.37454e-07    3.936727e-07    1.036581e-07    -5.644012e-07    3.228359e-08    -2.231747e-07    -1.07937e-06    -3.463314e-07    1.594115e-06
