4.083067e-06    -7.209514e-07    -2.108591e-06    1.132269e-06    -8.348474e-07    7.721647e-07    1.330037e-06    7.917265e-07    1.454078e-06    -1.945982e-06
-7.209514e-07    3.225865e-06    1.042384e-06    -2.33534e-06    -4.072581e-07    -9.988722e-07    -1.19136e-06    -5.599364e-07    -3.102757e-07    1.407534e-06
-2.108591e-06    1.042384e-06    5.821202e-06    -1.991838e-08    -3.365409e-06    -6.384382e-07    -5.359252e-07    3.933135e-08    -2.08081e-06    2.915226e-06
1.132269e-06    -2.33534e-06    -1.991838e-08    5.180488e-06    -2.360911e-06    1.520581e-06    1.210749e-06    8.183073e-07    2.45375e-07    -1.543027e-06
-8.348474e-07    -4.072581e-07    -3.365409e-06    -2.360911e-06    5.410115e-06    -7.876387e-07    -2.644437e-07    1.714507e-07    3.027041e-07    -9.631834e-07
7.721647e-07    -9.988722e-07    -6.384382e-07    1.520581e-06    -7.876387e-07    5.605946e-06    1.486493e-06    -2.293789e-06    1.309581e-06    -2.433349e-06
1.330037e-06    -1.19136e-06    -5.359252e-07    1.210749e-06    -2.644437e-07    1.486493e-06    5.406271e-06    1.7896e-06    -1.2035e-06    -1.855255e-06
7.917265e-07    -5.599364e-07    3.933135e-08    8.183073e-07    1.714507e-07    -2.293789e-06    1.7896e-06    6.210638e-06    -2.104701e-07    -2.8184e-06
1.454078e-06    -3.102757e-07    -2.08081e-06    2.45375e-07    3.027041e-07    1.309581e-06    -1.2035e-06    -2.104701e-07    4.356599e-06    -3.707009e-06
-1.945982e-06    1.407534e-06    2.915226e-06    -1.543027e-06    -9.631834e-07    -2.433349e-06    -1.855255e-06    -2.8184e-06    -3.707009e-06    8.222035e-06
