5.822814e-06    1.144062e-06    -3.347841e-07    5.3992e-07    -4.367985e-06    -8.445206e-07    -4.597568e-06    -3.407797e-06    2.927913e-08    2.917351e-06    3.349093e-06    -6.608496e-06    -3.454185e-06    3.823609e-06    1.587017e-06
1.144062e-06    6.940317e-06    2.053654e-06    -4.019397e-06    -2.213134e-06    -1.706765e-06    -4.471328e-06    -2.535129e-06    -7.888725e-07    3.128338e-06    3.29739e-06    -5.983911e-06    -4.956974e-06    4.945379e-06    1.300821e-06
-3.347841e-07    2.053654e-06    6.090265e-06    2.954975e-07    -5.512376e-06    -8.456961e-07    -3.608695e-06    -1.798078e-06    6.760955e-07    1.158326e-06    1.537024e-06    -2.981627e-06    -2.599224e-06    3.463043e-06    4.401319e-07
5.3992e-07    -4.019397e-06    2.954975e-07    7.617706e-06    -1.904709e-06    8.833448e-07    6.361723e-07    9.819947e-07    1.470218e-06    -1.777695e-06    -1.649758e-06    2.629823e-06    2.052157e-06    -1.339279e-06    -2.874789e-07
-4.367985e-06    -2.213134e-06    -5.512376e-06    -1.904709e-06    1.682544e-05    2.341139e-06    1.022423e-05    6.301385e-06    -1.660814e-06    -5.232966e-06    -7.360449e-06    1.258022e-05    6.902461e-06    -7.637992e-06    -1.964851e-06
-8.445206e-07    -1.706765e-06    -8.456961e-07    8.833448e-07    2.341139e-06    7.481787e-06    2.106806e-06    -3.077257e-06    -1.156732e-06    -1.265952e-06    -1.285618e-06    3.320308e-06    1.757296e-06    -1.40712e-06    -1.309554e-06
-4.597568e-06    -4.471328e-06    -3.608695e-06    6.361723e-07    1.022423e-05    2.106806e-06    1.494939e-05    6.508715e-06    -2.827156e-06    -5.976005e-06    -9.755369e-06    1.602647e-05    1.008225e-05    -1.092707e-05    -2.571097e-06
-3.407797e-06    -2.535129e-06    -1.798078e-06    9.819947e-07    6.301385e-06    -3.077257e-06    6.508715e-06    1.065716e-05    1.27674e-06    -6.33017e-06    -6.875067e-06    1.072965e-05    7.549982e-06    -7.272813e-06    -1.488646e-06
2.927913e-08    -7.888725e-07    6.760955e-07    1.470218e-06    -1.660814e-06    -1.156732e-06    -2.827156e-06    1.27674e-06    7.010674e-06    -2.997433e-06    7.850544e-07    1.502578e-06    1.617317e-08    -6.473632e-08    -3.955704e-07
2.917351e-06    3.128338e-06    1.158326e-06    -1.777695e-06    -5.232966e-06    -1.265952e-06    -5.976005e-06    -6.33017e-06    -2.997433e-06    1.015424e-05    6.276457e-06    -1.230539e-05    -6.944259e-06    7.048724e-06    2.098026e-06
3.349093e-06    3.29739e-06    1.537024e-06    -1.649758e-06    -7.360449e-06    -1.285618e-06    -9.755369e-06    -6.875067e-06    7.850544e-07    6.276457e-06    1.28318e-05    -1.343508e-05    -1.148941e-05    7.33996e-06    2.126045e-06
-6.608496e-06    -5.983911e-06    -2.981627e-06    2.629823e-06    1.258022e-05    3.320308e-06    1.602647e-05    1.072965e-05    1.502578e-06    -1.230539e-05    -1.343508e-05    3.78281e-05    3.641432e-06    -1.623158e-05    -3.169238e-06
-3.454185e-06    -4.956974e-06    -2.599224e-06    2.052157e-06    6.902461e-06    1.757296e-06    1.008225e-05    7.549982e-06    1.617317e-08    -6.944259e-06    -1.148941e-05    3.641432e-06    2.348911e-05    -9.899701e-06    -4.074325e-06
3.823609e-06    4.945379e-06    3.463043e-06    -1.339279e-06    -7.637992e-06    -1.40712e-06    -1.092707e-05    -7.272813e-06    -6.473632e-08    7.048724e-06    7.33996e-06    -1.623158e-05    -9.899701e-06    1.418406e-05    1.99351e-06
1.587017e-06    1.300821e-06    4.401319e-07    -2.874789e-07    -1.964851e-06    -1.309554e-06    -2.571097e-06    -1.488646e-06    -3.955704e-07    2.098026e-06    2.126045e-06    -3.169238e-06    -4.074325e-06    1.99351e-06    2.511805e-06
