5.822814e-06    1.144062e-06    -3.347841e-07    5.3992e-07    -4.367985e-06    1.458594e-06    -3.025542e-07    4.768747e-08    1.226929e-06    -1.401086e-06
1.144062e-06    6.940317e-06    2.053654e-06    -4.019397e-06    -2.213134e-06    8.470017e-07    -2.625781e-07    -8.728422e-07    7.756084e-07    -9.095314e-08
-3.347841e-07    2.053654e-06    6.090265e-06    2.954975e-07    -5.512376e-06    5.99192e-07    -5.344212e-07    -8.823306e-07    3.547205e-07    5.027074e-07
5.3992e-07    -4.019397e-06    2.954975e-07    7.617706e-06    -1.904709e-06    -4.902699e-07    -3.19663e-07    -5.893251e-08    -6.796809e-07    6.712257e-07
-4.367985e-06    -2.213134e-06    -5.512376e-06    -1.904709e-06    1.682544e-05    -3.367477e-06    4.762022e-07    8.426293e-07    -2.244309e-06    2.257578e-06
1.458594e-06    8.470017e-07    5.99192e-07    -4.902699e-07    -3.367477e-06    6.5356e-06    6.433282e-08    -2.624365e-06    -5.492661e-08    -1.609206e-06
-3.025542e-07    -2.625781e-07    -5.344212e-07    -3.19663e-07    4.762022e-07    6.433282e-08    4.854421e-06    8.861192e-08    -2.565194e-06    -5.845262e-07
4.768747e-08    -8.728422e-07    -8.823306e-07    -5.893251e-08    8.426293e-07    -2.624365e-06    8.861192e-08    5.30825e-06    1.616607e-08    -2.257114e-06
1.226929e-06    7.756084e-07    3.547205e-07    -6.796809e-07    -2.244309e-06    -5.492661e-08    -2.565194e-06    1.616607e-08    5.347355e-06    -1.947457e-06
-1.401086e-06    -9.095314e-08    5.027074e-07    6.712257e-07    2.257578e-06    -1.609206e-06    -5.845262e-07    -2.257114e-06    -1.947457e-06    5.212614e-06
