5.822814e-06    1.144062e-06    -3.347841e-07    5.3992e-07    -4.367985e-06    5.293185e-07    -3.235856e-06    -4.622695e-06    -1.478675e-06    3.516043e-06
1.144062e-06    6.940317e-06    2.053654e-06    -4.019397e-06    -2.213134e-06    -1.173514e-06    -3.254771e-06    -3.748128e-06    -1.118367e-06    3.807593e-06
-3.347841e-07    2.053654e-06    6.090265e-06    2.954975e-07    -5.512376e-06    7.11951e-08    -2.220924e-06    -3.087627e-06    -4.487063e-07    1.741109e-06
5.3992e-07    -4.019397e-06    2.954975e-07    7.617706e-06    -1.904709e-06    1.352653e-06    9.324129e-07    6.864036e-07    8.739823e-07    -1.874238e-06
-4.367985e-06    -2.213134e-06    -5.512376e-06    -1.904709e-06    1.682544e-05    -1.29785e-06    6.949828e-06    9.489258e-06    2.239048e-06    -6.432284e-06
5.293185e-07    -1.173514e-06    7.11951e-08    1.352653e-06    -1.29785e-06    5.827196e-06    -1.955213e-08    -3.154162e-06    -4.402428e-07    -7.192624e-07
-3.235856e-06    -3.254771e-06    -2.220924e-06    9.324129e-07    6.949828e-06    -1.955213e-08    9.738602e-06    6.803159e-06    -1.049526e-06    -5.626806e-06
-4.622695e-06    -3.748128e-06    -3.087627e-06    6.864036e-07    9.489258e-06    -3.154162e-06    6.803159e-06    1.369764e-05    2.365745e-06    -8.996157e-06
-1.478675e-06    -1.118367e-06    -4.487063e-07    8.739823e-07    2.239048e-06    -4.402428e-07    -1.049526e-06    2.365745e-06    6.526551e-06    -3.922509e-06
3.516043e-06    3.807593e-06    1.741109e-06    -1.874238e-06    -6.432284e-06    -7.192624e-07    -5.626806e-06    -8.996157e-06    -3.922509e-06    1.153112e-05
