5.822814e-06    1.144062e-06    -3.347841e-07    5.3992e-07    -4.367985e-06    2.784749e-06    2.218919e-06    1.032775e-06    -1.051526e-06    -3.689749e-06    -8.445206e-07    -4.597568e-06    -3.407797e-06    2.927913e-08    2.917351e-06    -1.988696e-07    1.217381e-06    -5.376649e-07    1.253218e-06    1.985815e-07
1.144062e-06    6.940317e-06    2.053654e-06    -4.019397e-06    -2.213134e-06    2.336209e-06    3.146429e-06    9.342465e-07    -1.728713e-06    -2.779039e-06    -1.706765e-06    -4.471328e-06    -2.535129e-06    -7.888725e-07    3.128338e-06    -6.118209e-08    -3.575457e-07    -2.871209e-07    1.3351e-06    4.374203e-07
-3.347841e-07    2.053654e-06    6.090265e-06    2.954975e-07    -5.512376e-06    8.637058e-07    1.935885e-06    1.227727e-06    -6.468777e-07    -1.56742e-06    -8.456961e-07    -3.608695e-06    -1.798078e-06    6.760955e-07    1.158326e-06    8.025421e-07    -9.170014e-07    -1.537005e-06    1.601306e-06    4.303922e-07
5.3992e-07    -4.019397e-06    2.954975e-07    7.617706e-06    -1.904709e-06    -7.462035e-07    -6.621544e-07    4.191916e-07    1.294289e-06    1.500334e-06    8.833448e-07    6.361723e-07    9.819947e-07    1.470218e-06    -1.777695e-06    1.285857e-06    -1.408583e-06    -1.177437e-06    4.033921e-07    -1.525822e-08
-4.367985e-06    -2.213134e-06    -5.512376e-06    -1.904709e-06    1.682544e-05    -3.97297e-06    -4.10241e-06    -1.837802e-06    3.445397e-06    9.036637e-06    2.341139e-06    1.022423e-05    6.301385e-06    -1.660814e-06    -5.232966e-06    -3.934667e-07    -1.850288e-06    2.075912e-06    -3.110673e-06    -4.739776e-07
2.784749e-06    2.336209e-06    8.637058e-07    -7.462035e-07    -3.97297e-06    6.002168e-06    2.499985e-06    -7.291535e-07    -1.204992e-06    -4.233417e-06    -1.280339e-06    -4.953798e-06    -3.221097e-06    -5.766388e-07    3.541626e-06    -3.495821e-07    1.537177e-06    -2.75223e-07    1.288261e-06    1.867654e-07
2.218919e-06    3.146429e-06    1.935885e-06    -6.621544e-07    -4.10241e-06    2.499985e-06    7.134593e-06    1.792764e-06    -4.538308e-06    -3.642903e-06    -1.909104e-06    -5.303597e-06    -2.349203e-06    3.631827e-07    2.939264e-06    2.018324e-07    2.726e-07    -6.518382e-07    1.411968e-06    4.154211e-07
1.032775e-06    9.342465e-07    1.227727e-06    4.191916e-07    -1.837802e-06    -7.291535e-07    1.792764e-06    5.383775e-06    3.909532e-07    -4.562798e-06    -1.083607e-06    -1.824596e-06    -2.352206e-07    8.633195e-07    6.444932e-07    7.095472e-07    -8.637079e-07    -9.030707e-07    6.354235e-07    3.794719e-07
-1.051526e-06    -1.728713e-06    -6.468777e-07    1.294289e-06    3.445397e-06    -1.204992e-06    -4.538308e-06    3.909532e-07    7.847648e-06    2.826005e-07    1.018024e-06    3.771726e-06    2.342504e-06    3.075531e-08    -2.454093e-06    9.752737e-07    -1.267185e-06    -8.658649e-07    -6.660566e-07    2.335008e-08
-3.689749e-06    -2.779039e-06    -1.56742e-06    1.500334e-06    9.036637e-06    -4.233417e-06    -3.642903e-06    -4.562798e-06    2.826005e-07    1.605163e-05    3.04616e-06    8.097673e-06    4.40883e-06    -1.312564e-06    -4.863687e-06    -1.524929e-07    -1.746867e-06    8.76154e-07    -2.261628e-06    -3.192572e-07
-8.445206e-07    -1.706765e-06    -8.456961e-07    8.833448e-07    2.341139e-06    -1.280339e-06    -1.909104e-06    -1.083607e-06    1.018024e-06    3.04616e-06    7.481787e-06    2.106806e-06    -3.077257e-06    -1.156732e-06    -1.265952e-06    2.464487e-07    -2.935308e-07    -7.338631e-08    -7.495988e-07    -1.249462e-07
-4.597568e-06    -4.471328e-06    -3.608695e-06    6.361723e-07    1.022423e-05    -4.953798e-06    -5.303597e-06    -1.824596e-06    3.771726e-06    8.097673e-06    2.106806e-06    1.494939e-05    6.508715e-06    -2.827156e-06    -5.976005e-06    9.568703e-07    -2.518098e-06    -3.461307e-07    -2.769606e-06    -7.295953e-08
-3.407797e-06    -2.535129e-06    -1.798078e-06    9.819947e-07    6.301385e-06    -3.221097e-06    -2.349203e-06    -2.352206e-07    2.342504e-06    4.40883e-06    -3.077257e-06    6.508715e-06    1.065716e-05    1.27674e-06    -6.33017e-06    1.733882e-06    -2.982903e-06    -1.071408e-06    -1.217516e-06    8.958705e-08
2.927913e-08    -7.888725e-07    6.760955e-07    1.470218e-06    -1.660814e-06    -5.766388e-07    3.631827e-07    8.633195e-07    3.075531e-08    -1.312564e-06    -1.156732e-06    -2.827156e-06    1.27674e-06    7.010674e-06    -2.997433e-06    1.416097e-06    -1.586535e-06    -1.137006e-06    9.234452e-07    -5.126885e-08
2.917351e-06    3.128338e-06    1.158326e-06    -1.777695e-06    -5.232966e-06    3.541626e-06    2.939264e-06    6.444932e-07    -2.454093e-06    -4.863687e-06    -1.265952e-06    -5.976005e-06    -6.33017e-06    -2.997433e-06    1.015424e-05    -2.288136e-06    3.522542e-06    1.899704e-06    2.408188e-07    3.603099e-08
-1.988696e-07    -6.118209e-08    8.025421e-07    1.285857e-06    -3.934667e-07    -3.495821e-07    2.018324e-07    7.095472e-07    9.752737e-07    -1.524929e-07    2.464487e-07    9.568703e-07    1.733882e-06    1.416097e-06    -2.288136e-06    3.147431e-06    -2.270696e-06    -2.616707e-06    5.260565e-07    1.832993e-07
1.217381e-06    -3.575457e-07    -9.170014e-07    -1.408583e-06    -1.850288e-06    1.537177e-06    2.726e-07    -8.637079e-07    -1.267185e-06    -1.746867e-06    -2.935308e-07    -2.518098e-06    -2.982903e-06    -1.586535e-06    3.522542e-06    -2.270696e-06    8.999813e-06    -1.52951e-06    -2.158703e-06    7.417984e-08
-5.376649e-07    -2.871209e-07    -1.537005e-06    -1.177437e-06    2.075912e-06    -2.75223e-07    -6.518382e-07    -9.030707e-07    -8.658649e-07    8.76154e-07    -7.338631e-08    -3.461307e-07    -1.071408e-06    -1.137006e-06    1.899704e-06    -2.616707e-06    -1.52951e-06    6.475147e-06    -1.035103e-06    -8.321831e-07
1.253218e-06    1.3351e-06    1.601306e-06    4.033921e-07    -3.110673e-06    1.288261e-06    1.411968e-06    6.354235e-07    -6.660566e-07    -2.261628e-06    -7.495988e-07    -2.769606e-06    -1.217516e-06    9.234452e-07    2.408188e-07    5.260565e-07    -2.158703e-06    -1.035103e-06    3.602277e-06    -7.012462e-08
1.985815e-07    4.374203e-07    4.303922e-07    -1.525822e-08    -4.739776e-07    1.867654e-07    4.154211e-07    3.794719e-07    2.335008e-08    -3.192572e-07    -1.249462e-07    -7.295953e-08    8.958705e-08    -5.126885e-08    3.603099e-08    1.832993e-07    7.417984e-08    -8.321831e-07    -7.012462e-08    5.490899e-07
