5.822814e-06    1.144062e-06    -3.347841e-07    5.3992e-07    -4.367985e-06    2.784749e-06    2.218919e-06    1.032775e-06    -1.051526e-06    -3.689749e-06    -8.445206e-07    -4.597568e-06    -3.407797e-06    2.927913e-08    2.917351e-06    -1.442761e-06    -3.695492e-06    -2.848215e-06    -2.261087e-07    3.512356e-06
1.144062e-06    6.940317e-06    2.053654e-06    -4.019397e-06    -2.213134e-06    2.336209e-06    3.146429e-06    9.342465e-07    -1.728713e-06    -2.779039e-06    -1.706765e-06    -4.471328e-06    -2.535129e-06    -7.888725e-07    3.128338e-06    -1.601445e-07    -3.44377e-06    -2.536152e-06    -4.60637e-07    2.176241e-06
-3.347841e-07    2.053654e-06    6.090265e-06    2.954975e-07    -5.512376e-06    8.637058e-07    1.935885e-06    1.227727e-06    -6.468777e-07    -1.56742e-06    -8.456961e-07    -3.608695e-06    -1.798078e-06    6.760955e-07    1.158326e-06    -5.587283e-07    -1.463765e-06    -8.478135e-07    5.502152e-08    5.279436e-07
5.3992e-07    -4.019397e-06    2.954975e-07    7.617706e-06    -1.904709e-06    -7.462035e-07    -6.621544e-07    4.191916e-07    1.294289e-06    1.500334e-06    8.833448e-07    6.361723e-07    9.819947e-07    1.470218e-06    -1.777695e-06    -4.989872e-07    1.591967e-06    1.51315e-06    4.769975e-07    -1.009036e-06
-4.367985e-06    -2.213134e-06    -5.512376e-06    -1.904709e-06    1.682544e-05    -3.97297e-06    -4.10241e-06    -1.837802e-06    3.445397e-06    9.036637e-06    2.341139e-06    1.022423e-05    6.301385e-06    -1.660814e-06    -5.232966e-06    2.21615e-06    6.445673e-06    5.231803e-06    -4.868225e-07    -5.425728e-06
2.784749e-06    2.336209e-06    8.637058e-07    -7.462035e-07    -3.97297e-06    6.002168e-06    2.499985e-06    -7.291535e-07    -1.204992e-06    -4.233417e-06    -1.280339e-06    -4.953798e-06    -3.221097e-06    -5.766388e-07    3.541626e-06    -5.909101e-07    -5.134272e-06    -4.27019e-06    6.878555e-08    4.584581e-06
2.218919e-06    3.146429e-06    1.935885e-06    -6.621544e-07    -4.10241e-06    2.499985e-06    7.134593e-06    1.792764e-06    -4.538308e-06    -3.642903e-06    -1.909104e-06    -5.303597e-06    -2.349203e-06    3.631827e-07    2.939264e-06    -1.208655e-06    -4.664411e-06    -3.639629e-06    -6.396613e-07    3.912142e-06
1.032775e-06    9.342465e-07    1.227727e-06    4.191916e-07    -1.837802e-06    -7.291535e-07    1.792764e-06    5.383775e-06    3.909532e-07    -4.562798e-06    -1.083607e-06    -1.824596e-06    -2.352206e-07    8.633195e-07    6.444932e-07    -7.811957e-07    -1.525074e-06    -1.214088e-06    -7.237715e-07    1.051494e-06
-1.051526e-06    -1.728713e-06    -6.468777e-07    1.294289e-06    3.445397e-06    -1.204992e-06    -4.538308e-06    3.909532e-07    7.847648e-06    2.826005e-07    1.018024e-06    3.771726e-06    2.342504e-06    3.075531e-08    -2.454093e-06    7.271443e-07    2.479226e-06    2.041196e-06    3.811801e-07    -2.704765e-06
-3.689749e-06    -2.779039e-06    -1.56742e-06    1.500334e-06    9.036637e-06    -4.233417e-06    -3.642903e-06    -4.562798e-06    2.826005e-07    1.605163e-05    3.04616e-06    8.097673e-06    4.40883e-06    -1.312564e-06    -4.863687e-06    1.342548e-06    8.687103e-06    7.224106e-06    -5.963962e-07    -6.537003e-06
-8.445206e-07    -1.706765e-06    -8.456961e-07    8.833448e-07    2.341139e-06    -1.280339e-06    -1.909104e-06    -1.083607e-06    1.018024e-06    3.04616e-06    7.481787e-06    2.106806e-06    -3.077257e-06    -1.156732e-06    -1.265952e-06    6.017122e-07    2.648773e-06    1.800275e-06    -1.138155e-08    -1.76322e-06
-4.597568e-06    -4.471328e-06    -3.608695e-06    6.361723e-07    1.022423e-05    -4.953798e-06    -5.303597e-06    -1.824596e-06    3.771726e-06    8.097673e-06    2.106806e-06    1.494939e-05    6.508715e-06    -2.827156e-06    -5.976005e-06    1.18361e-06    8.437158e-06    7.208016e-06    3.646881e-07    -7.346423e-06
-3.407797e-06    -2.535129e-06    -1.798078e-06    9.819947e-07    6.301385e-06    -3.221097e-06    -2.349203e-06    -2.352206e-07    2.342504e-06    4.40883e-06    -3.077257e-06    6.508715e-06    1.065716e-05    1.27674e-06    -6.33017e-06    8.977229e-07    5.273499e-06    4.65525e-06    3.795095e-07    -5.016906e-06
2.927913e-08    -7.888725e-07    6.760955e-07    1.470218e-06    -1.660814e-06    -5.766388e-07    3.631827e-07    8.633195e-07    3.075531e-08    -1.312564e-06    -1.156732e-06    -2.827156e-06    1.27674e-06    7.010674e-06    -2.997433e-06    -2.31607e-07    -3.798403e-07    2.508308e-07    1.431626e-06    -1.370945e-06
2.917351e-06    3.128338e-06    1.158326e-06    -1.777695e-06    -5.232966e-06    3.541626e-06    2.939264e-06    6.444932e-07    -2.454093e-06    -4.863687e-06    -1.265952e-06    -5.976005e-06    -6.33017e-06    -2.997433e-06    1.015424e-05    -6.967735e-07    -5.580177e-06    -5.459523e-06    -1.366697e-06    7.143435e-06
-1.442761e-06    -1.601445e-07    -5.587283e-07    -4.989872e-07    2.21615e-06    -5.909101e-07    -1.208655e-06    -7.811957e-07    7.271443e-07    1.342548e-06    6.017122e-07    1.18361e-06    8.977229e-07    -2.31607e-07    -6.967735e-07    8.310243e-06    7.169591e-07    -4.005831e-06    -1.139772e-06    -1.311306e-06
-3.695492e-06    -3.44377e-06    -1.463765e-06    1.591967e-06    6.445673e-06    -5.134272e-06    -4.664411e-06    -1.525074e-06    2.479226e-06    8.687103e-06    2.648773e-06    8.437158e-06    5.273499e-06    -3.798403e-07    -5.580177e-06    7.169591e-07    1.271021e-05    7.131861e-06    -2.430606e-06    -6.207599e-06
-2.848215e-06    -2.536152e-06    -8.478135e-07    1.51315e-06    5.231803e-06    -4.27019e-06    -3.639629e-06    -1.214088e-06    2.041196e-06    7.224106e-06    1.800275e-06    7.208016e-06    4.65525e-06    2.508308e-07    -5.459523e-06    -4.005831e-06    7.131861e-06    1.191275e-05    9.718327e-07    -7.686366e-06
-2.261087e-07    -4.60637e-07    5.502152e-08    4.769975e-07    -4.868225e-07    6.878555e-08    -6.396613e-07    -7.237715e-07    3.811801e-07    -5.963962e-07    -1.138155e-08    3.646881e-07    3.795095e-07    1.431626e-06    -1.366697e-06    -1.139772e-06    -2.430606e-06    9.718327e-07    5.917591e-06    -2.512549e-06
3.512356e-06    2.176241e-06    5.279436e-07    -1.009036e-06    -5.425728e-06    4.584581e-06    3.912142e-06    1.051494e-06    -2.704765e-06    -6.537003e-06    -1.76322e-06    -7.346423e-06    -5.016906e-06    -1.370945e-06    7.143435e-06    -1.311306e-06    -6.207599e-06    -7.686366e-06    -2.512549e-06    1.256022e-05
