5.822814e-06    1.144062e-06    -3.347841e-07    5.3992e-07    -4.367985e-06    6.620389e-06    -6.556769e-07    -6.846072e-06    -9.956667e-08    -7.898444e-07
1.144062e-06    6.940317e-06    2.053654e-06    -4.019397e-06    -2.213134e-06    4.26146e-06    -1.206323e-07    -2.145511e-06    -2.267265e-06    -6.658112e-07
-3.347841e-07    2.053654e-06    6.090265e-06    2.954975e-07    -5.512376e-06    3.491488e-06    1.280806e-07    -9.104492e-07    -7.906949e-07    -1.703731e-06
5.3992e-07    -4.019397e-06    2.954975e-07    7.617706e-06    -1.904709e-06    -9.1762e-07    5.065792e-07    2.077652e-06    8.53336e-07    -9.465185e-07
-4.367985e-06    -2.213134e-06    -5.512376e-06    -1.904709e-06    1.682544e-05    -1.30825e-05    2.899289e-07    1.182356e-05    4.49932e-07    3.066043e-07
6.620389e-06    4.26146e-06    3.491488e-06    -9.1762e-07    -1.30825e-05    3.447127e-05    -1.75381e-06    -2.926069e-05    -3.41665e-06    1.053693e-06
-6.556769e-07    -1.206323e-07    1.280806e-07    5.065792e-07    2.899289e-07    -1.75381e-06    1.633123e-05    -2.068668e-06    -7.985345e-06    1.689296e-06
-6.846072e-06    -2.145511e-06    -9.104492e-07    2.077652e-06    1.182356e-05    -2.926069e-05    -2.068668e-06    4.014613e-05    2.628551e-06    -8.016042e-06
-9.956667e-08    -2.267265e-06    -7.906949e-07    8.53336e-07    4.49932e-07    -3.41665e-06    -7.985345e-06    2.628551e-06    1.515576e-05    -6.47047e-06
-7.898444e-07    -6.658112e-07    -1.703731e-06    -9.465185e-07    3.066043e-07    1.053693e-06    1.689296e-06    -8.016042e-06    -6.47047e-06    1.560759e-05
