5.822814e-06    1.144062e-06    -3.347841e-07    5.3992e-07    -4.367985e-06    3.349093e-06    -6.608496e-06    -3.454185e-06    3.823609e-06    1.587017e-06
1.144062e-06    6.940317e-06    2.053654e-06    -4.019397e-06    -2.213134e-06    3.29739e-06    -5.983911e-06    -4.956974e-06    4.945379e-06    1.300821e-06
-3.347841e-07    2.053654e-06    6.090265e-06    2.954975e-07    -5.512376e-06    1.537024e-06    -2.981627e-06    -2.599224e-06    3.463043e-06    4.401319e-07
5.3992e-07    -4.019397e-06    2.954975e-07    7.617706e-06    -1.904709e-06    -1.649758e-06    2.629823e-06    2.052157e-06    -1.339279e-06    -2.874789e-07
-4.367985e-06    -2.213134e-06    -5.512376e-06    -1.904709e-06    1.682544e-05    -7.360449e-06    1.258022e-05    6.902461e-06    -7.637992e-06    -1.964851e-06
3.349093e-06    3.29739e-06    1.537024e-06    -1.649758e-06    -7.360449e-06    1.28318e-05    -1.343508e-05    -1.148941e-05    7.33996e-06    2.126045e-06
-6.608496e-06    -5.983911e-06    -2.981627e-06    2.629823e-06    1.258022e-05    -1.343508e-05    3.78281e-05    3.641432e-06    -1.623158e-05    -3.169238e-06
-3.454185e-06    -4.956974e-06    -2.599224e-06    2.052157e-06    6.902461e-06    -1.148941e-05    3.641432e-06    2.348911e-05    -9.899701e-06    -4.074325e-06
3.823609e-06    4.945379e-06    3.463043e-06    -1.339279e-06    -7.637992e-06    7.33996e-06    -1.623158e-05    -9.899701e-06    1.418406e-05    1.99351e-06
1.587017e-06    1.300821e-06    4.401319e-07    -2.874789e-07    -1.964851e-06    2.126045e-06    -3.169238e-06    -4.074325e-06    1.99351e-06    2.511805e-06
