5.822814e-06    1.144062e-06    -3.347841e-07    5.3992e-07    -4.367985e-06    -8.445206e-07    -4.597568e-06    -3.407797e-06    2.927913e-08    2.917351e-06    1.483385e-06    -5.257157e-06    -4.888164e-06    1.905396e-06    3.446401e-06
1.144062e-06    6.940317e-06    2.053654e-06    -4.019397e-06    -2.213134e-06    -1.706765e-06    -4.471328e-06    -2.535129e-06    -7.888725e-07    3.128338e-06    -7.207438e-07    -3.931406e-06    -2.319733e-06    8.37241e-08    3.141014e-06
-3.347841e-07    2.053654e-06    6.090265e-06    2.954975e-07    -5.512376e-06    -8.456961e-07    -3.608695e-06    -1.798078e-06    6.760955e-07    1.158326e-06    2.497325e-07    -2.357041e-06    -3.128492e-06    -3.087537e-07    2.74757e-06
5.3992e-07    -4.019397e-06    2.954975e-07    7.617706e-06    -1.904709e-06    8.833448e-07    6.361723e-07    9.819947e-07    1.470218e-06    -1.777695e-06    1.532872e-06    1.676753e-07    -1.067685e-06    8.322953e-07    -4.270209e-07
-4.367985e-06    -2.213134e-06    -5.512376e-06    -1.904709e-06    1.682544e-05    2.341139e-06    1.022423e-05    6.301385e-06    -1.660814e-06    -5.232966e-06    -2.127431e-06    9.184043e-06    8.871461e-06    -1.967515e-06    -6.947669e-06
-8.445206e-07    -1.706765e-06    -8.456961e-07    8.833448e-07    2.341139e-06    7.481787e-06    2.106806e-06    -3.077257e-06    -1.156732e-06    -1.265952e-06    5.127694e-08    2.845055e-06    1.945709e-06    -5.91615e-07    -2.084707e-06
-4.597568e-06    -4.471328e-06    -3.608695e-06    6.361723e-07    1.022423e-05    2.106806e-06    1.494939e-05    6.508715e-06    -2.827156e-06    -5.976005e-06    -6.517505e-07    1.019435e-05    7.708326e-06    -2.288263e-06    -7.064768e-06
-3.407797e-06    -2.535129e-06    -1.798078e-06    9.819947e-07    6.301385e-06    -3.077257e-06    6.508715e-06    1.065716e-05    1.27674e-06    -6.33017e-06    -6.169003e-07    5.872471e-06    4.712625e-06    -1.161334e-06    -4.160688e-06
2.927913e-08    -7.888725e-07    6.760955e-07    1.470218e-06    -1.660814e-06    -1.156732e-06    -2.827156e-06    1.27674e-06    7.010674e-06    -2.997433e-06    4.920775e-07    -7.152264e-07    -1.1105e-06    5.599036e-07    3.945929e-07
2.917351e-06    3.128338e-06    1.158326e-06    -1.777695e-06    -5.232966e-06    -1.265952e-06    -5.976005e-06    -6.33017e-06    -2.997433e-06    1.015424e-05    5.844216e-08    -6.1791e-06    -3.884241e-06    1.209352e-06    4.065877e-06
1.483385e-06    -7.207438e-07    2.497325e-07    1.532872e-06    -2.127431e-06    5.127694e-08    -6.517505e-07    -6.169003e-07    4.920775e-07    5.844216e-08    7.237073e-06    -6.570187e-07    -6.570981e-06    -2.4095e-07    1.011372e-06
-5.257157e-06    -3.931406e-06    -2.357041e-06    1.676753e-07    9.184043e-06    2.845055e-06    1.019435e-05    5.872471e-06    -7.152264e-07    -6.1791e-06    -6.570187e-07    1.787854e-05    5.888056e-06    -8.092161e-06    -6.093986e-06
-4.888164e-06    -2.319733e-06    -3.128492e-06    -1.067685e-06    8.871461e-06    1.945709e-06    7.708326e-06    4.712625e-06    -1.1105e-06    -3.884241e-06    -6.570981e-06    5.888056e-06    1.463422e-05    -1.604699e-06    -7.426766e-06
1.905396e-06    8.37241e-08    -3.087537e-07    8.322953e-07    -1.967515e-06    -5.91615e-07    -2.288263e-06    -1.161334e-06    5.599036e-07    1.209352e-06    -2.4095e-07    -8.092161e-06    -1.604699e-06    8.025108e-06    3.30577e-07
3.446401e-06    3.141014e-06    2.74757e-06    -4.270209e-07    -6.947669e-06    -2.084707e-06    -7.064768e-06    -4.160688e-06    3.945929e-07    4.065877e-06    1.011372e-06    -6.093986e-06    -7.426766e-06    3.30577e-07    7.432968e-06
