8.56438e-06    1.656935e-06    -3.73977e-06    5.371598e-07    -1.851676e-06    8.580595e-07    1.729407e-06    1.137775e-06    2.783261e-07    -2.115449e-06    1.268098e-06    -2.016714e-06    -3.545351e-06    -9.366189e-07    1.515786e-06    -1.1283e-06    -2.206134e-06    -1.765771e-06    -8.673982e-07    3.994276e-06    4.577488e-06    5.920166e-07    -5.452919e-06    1.160227e-06    -1.605819e-06    8.609958e-07    -1.318905e-07    3.284083e-06    1.314597e-06    -2.696779e-06    -7.355973e-07    1.617401e-06    2.257883e-06    -4.605523e-07    -2.833919e-06
1.656935e-06    7.710914e-06    1.915862e-06    -2.814275e-06    -1.363248e-06    -1.395058e-07    2.836613e-06    2.564343e-06    9.923847e-07    -3.839685e-06    -6.106852e-07    -3.482954e-06    -4.472234e-06    -1.284907e-06    3.539548e-06    -1.072805e-06    -3.525608e-06    -2.740785e-06    -6.953641e-08    4.926347e-06    4.927729e-06    9.805814e-07    -3.653002e-06    -1.736203e-06    -1.102949e-06    -1.184541e-06    5.241181e-06    4.790595e-06    -2.499054e-06    -2.22842e-06    1.080695e-06    1.482334e-06    1.548501e-06    -1.188522e-06    -3.182629e-06
-3.73977e-06    1.915862e-06    8.080443e-06    6.411805e-07    -4.812911e-06    -5.172671e-07    1.641039e-06    1.875231e-06    1.649648e-06    -2.537654e-06    -1.073223e-06    -2.946969e-06    -3.268914e-06    -5.03609e-07    3.425219e-06    -5.05562e-07    -2.445497e-06    -1.85595e-06    9.507726e-07    2.336857e-06    3.475939e-06    -7.722325e-07    -7.083872e-07    -2.104706e-06    -3.187364e-07    -2.632914e-06    5.296025e-06    4.070385e-06    -2.605973e-06    -1.830933e-06    1.230689e-06    7.80759e-07    2.269184e-07    -1.591052e-06    -1.228718e-06
5.371598e-07    -2.814275e-06    6.411805e-07    7.31455e-06    -5.379579e-06    5.240194e-07    1.97802e-07    5.13681e-07    5.173608e-07    -1.666889e-06    9.785535e-07    -1.07737e-06    -1.542032e-06    -2.168535e-07    8.438092e-07    -4.475191e-07    -6.059497e-07    -5.762263e-07    7.179734e-08    6.997413e-07    3.444185e-06    -1.195539e-06    -1.77012e-06    3.432543e-08    -1.460033e-07    4.121106e-07    -6.2678e-07    1.436203e-06    1.275911e-06    -1.816422e-06    -9.285491e-07    1.048785e-06    4.052787e-07    -7.908764e-07    -1.799957e-07
-1.851676e-06    -1.363248e-06    -4.812911e-06    -5.379579e-06    1.304621e-05    -1.296483e-07    -2.516145e-06    -3.261733e-06    -2.154308e-06    4.55609e-06    -8.235275e-07    3.803943e-06    5.266083e-06    8.984314e-07    -3.165443e-06    1.130573e-06    3.495543e-06    3.32045e-06    -2.879754e-07    -4.775791e-06    -7.669449e-06    6.038539e-07    4.154821e-06    2.64783e-07    2.701993e-06    8.134015e-07    -2.098452e-06    -5.567811e-06    -5.94594e-07    4.237486e-06    1.001114e-06    -2.715132e-06    -2.01367e-06    2.301545e-06    2.384326e-06
8.580595e-07    -1.395058e-07    -5.172671e-07    5.240194e-07    -1.296483e-07    6.582398e-06    1.037564e-06    -2.446976e-06    -3.224219e-07    -8.358538e-07    -1.533844e-07    -2.564435e-07    -6.553735e-07    -1.119717e-06    1.045931e-06    -5.79111e-07    -1.878093e-06    -1.341656e-06    -4.525454e-08    2.11391e-06    1.354494e-06    6.838463e-07    -2.912105e-06    2.515989e-07    -6.017289e-07    2.096894e-07    8.996995e-07    9.492107e-07    3.032227e-07    -1.209888e-06    -4.194073e-08    1.042243e-07    3.941521e-07    -3.310779e-08    -6.925684e-07
1.729407e-06    2.836613e-06    1.641039e-06    1.97802e-07    -2.516145e-06    1.037564e-06    7.037613e-06    1.691766e-06    -2.041662e-06    -2.820863e-06    -1.549831e-07    -2.909264e-06    -3.718939e-06    -1.083083e-06    2.767963e-06    -1.402928e-06    -3.302604e-06    -2.832209e-06    -4.916302e-07    5.22088e-06    4.147643e-06    6.984765e-07    -3.377573e-06    -4.502299e-07    -1.780318e-06    -9.220335e-07    3.970529e-06    4.218148e-06    -1.541077e-06    -2.337122e-06    5.208159e-07    1.273954e-06    1.364337e-06    -9.111702e-07    -2.654648e-06
1.137775e-06    2.564343e-06    1.875231e-06    5.13681e-07    -3.261733e-06    -2.446976e-06    1.691766e-06    6.470306e-06    1.44606e-06    -4.993714e-06    1.977573e-07    -2.199524e-06    -3.218026e-06    -5.298504e-07    1.96817e-06    -9.37446e-07    -3.075269e-06    -2.837026e-06    -1.885593e-07    4.24162e-06    4.138738e-06    1.061492e-06    -2.15151e-06    -1.240695e-06    -1.469586e-06    -1.126809e-06    2.822393e-06    3.862204e-06    -1.187531e-06    -1.911758e-06    2.251774e-07    1.514257e-06    1.160144e-06    -1.477891e-06    -1.936522e-06
2.783261e-07    9.923847e-07    1.649648e-06    5.173608e-07    -2.154308e-06    -3.224219e-07    -2.041662e-06    1.44606e-06    6.593983e-06    -4.096146e-06    -8.280764e-08    -1.73437e-06    -2.361131e-06    -2.05657e-07    1.786921e-06    2.893107e-08    -2.929246e-06    -2.522031e-06    8.857182e-07    2.428154e-06    4.198112e-06    -4.915459e-07    -2.896585e-06    -7.179556e-07    -3.042986e-07    -1.175652e-06    1.56136e-06    3.153348e-06    -2.510274e-07    -1.710458e-06    2.402016e-07    1.214994e-06    6.828013e-07    -1.261516e-06    -1.087171e-06
-2.115449e-06    -3.839685e-06    -2.537654e-06    -1.666889e-06    4.55609e-06    -8.358538e-07    -2.820863e-06    -4.993714e-06    -4.096146e-06    1.26802e-05    -3.503512e-07    3.731619e-06    5.301853e-06    1.937064e-06    -3.68274e-06    1.487256e-06    5.31682e-06    4.615481e-06    -2.687903e-07    -7.13067e-06    -8.42265e-06    -5.804122e-08    5.309332e-06    9.523234e-07    3.134868e-06    8.273212e-07    -4.568022e-06    -6.082834e-06    1.099979e-06    3.960798e-06    2.792027e-07    -3.030956e-06    -2.128458e-06    2.238492e-06    3.362007e-06
1.268098e-06    -6.106852e-07    -1.073223e-06    9.785535e-07    -8.235275e-07    -1.533844e-07    -1.549831e-07    1.977573e-07    -8.280764e-08    -3.503512e-07    5.827196e-06    -1.955213e-08    -3.154162e-06    -4.402428e-07    -7.192624e-07    8.048214e-08    1.293159e-07    -4.260249e-08    -1.203722e-08    2.617042e-08    1.139138e-06    -3.287534e-07    -6.061937e-07    1.487517e-06    -5.962693e-07    1.669042e-06    -2.791894e-06    -5.437631e-07    2.400504e-06    -6.919842e-07    -9.705479e-07    6.657407e-07    6.836877e-07    -6.408279e-08    -2.890841e-07
-2.016714e-06    -3.482954e-06    -2.946969e-06    -1.07737e-06    3.803943e-06    -2.564435e-07    -2.909264e-06    -2.199524e-06    -1.73437e-06    3.731619e-06    -1.955213e-08    9.738602e-06    6.803159e-06    -1.049526e-06    -5.626806e-06    1.524282e-06    6.266211e-06    4.764146e-06    -5.888949e-07    -6.679432e-06    -9.929483e-06    2.269145e-06    1.002691e-05    8.786675e-07    -1.429519e-06    1.767646e-06    -7.128235e-06    -7.966763e-06    2.291651e-06    4.821496e-06    -1.417367e-06    -2.454215e-06    -2.360038e-06    1.802669e-06    5.090444e-06
-3.545351e-06    -4.472234e-06    -3.268914e-06    -1.542032e-06    5.266083e-06    -6.553735e-07    -3.718939e-06    -3.218026e-06    -2.361131e-06    5.301853e-06    -3.154162e-06    6.803159e-06    1.369764e-05    2.365745e-06    -8.996157e-06    2.235976e-06    8.12956e-06    6.294548e-06    -2.283009e-07    -9.633526e-06    -1.336896e-05    2.16269e-06    1.377831e-05    1.102279e-06    -8.298829e-07    2.000333e-06    -8.225473e-06    -1.05295e-05    1.790853e-06    6.881044e-06    -9.890591e-07    -3.630108e-06    -3.895911e-06    2.459326e-06    6.91891e-06
-9.366189e-07    -1.284907e-06    -5.03609e-07    -2.168535e-07    8.984314e-07    -1.119717e-06    -1.083083e-06    -5.298504e-07    -2.05657e-07    1.937064e-06    -4.402428e-07    -1.049526e-06    2.365745e-06    6.526551e-06    -3.922509e-06    1.480685e-06    2.236677e-06    1.522452e-06    6.831595e-07    -3.649017e-06    -3.296621e-06    -1.146473e-07    5.370179e-06    6.365319e-07    -7.108377e-08    8.01071e-07    -3.835322e-06    -3.304414e-06    1.493635e-06    2.235331e-06    4.968204e-08    -9.205053e-07    -1.292305e-06    4.10741e-07    2.368731e-06
1.515786e-06    3.539548e-06    3.425219e-06    8.438092e-07    -3.165443e-06    1.045931e-06    2.767963e-06    1.96817e-06    1.786921e-06    -3.68274e-06    -7.192624e-07    -5.626806e-06    -8.996157e-06    -3.922509e-06    1.153112e-05    -2.153208e-06    -6.974946e-06    -4.990406e-06    -4.443566e-09    7.665486e-06    9.668851e-06    -2.062124e-06    -1.175063e-05    -2.341362e-06    2.573841e-06    -2.728076e-06    1.045987e-05    8.834683e-06    -4.017078e-06    -5.478807e-06    1.806891e-06    2.118793e-06    2.243349e-06    -1.912779e-06    -5.42892e-06
-1.1283e-06    -1.072805e-06    -5.05562e-07    -4.475191e-07    1.130573e-06    -5.79111e-07    -1.402928e-06    -9.37446e-07    2.893107e-08    1.487256e-06    8.048214e-08    1.524282e-06    2.235976e-06    1.480685e-06    -2.153208e-06    6.40453e-06    1.805346e-06    -1.789783e-06    3.080078e-09    -3.085656e-06    -2.641812e-06    -6.061728e-08    4.300103e-06    6.69058e-07    3.971897e-08    9.370156e-07    -3.769907e-06    -3.00725e-06    1.353701e-06    2.284926e-06    -6.560894e-08    -6.54855e-07    -1.174165e-06    4.424348e-07    2.021903e-06
-2.206134e-06    -3.525608e-06    -2.445497e-06    -6.059497e-07    3.495543e-06    -1.878093e-06    -3.302604e-06    -3.075269e-06    -2.929246e-06    5.31682e-06    1.293159e-07    6.266211e-06    8.12956e-06    2.236677e-06    -6.974946e-06    1.805346e-06    1.318194e-05    6.971675e-06    -3.502478e-06    -9.198236e-06    -1.227434e-05    1.073699e-06    1.348065e-05    1.248543e-06    -9.289371e-07    2.006111e-06    -7.942939e-06    -9.317275e-06    2.130854e-06    5.779856e-06    -1.081987e-06    -3.194677e-06    -3.361776e-06    2.238338e-06    6.216886e-06
-1.765771e-06    -2.740785e-06    -1.85595e-06    -5.762263e-07    3.32045e-06    -1.341656e-06    -2.832209e-06    -2.837026e-06    -2.522031e-06    4.615481e-06    -4.260249e-08    4.764146e-06    6.294548e-06    1.522452e-06    -4.990406e-06    -1.789783e-06    6.971675e-06    1.050383e-05    -7.422984e-07    -9.049029e-06    -1.012568e-05    1.017692e-06    1.011225e-05    6.688308e-07    2.082005e-08    1.555787e-06    -4.94371e-06    -7.398127e-06    1.063824e-06    4.322806e-06    -5.726965e-07    -3.006883e-06    -2.507672e-06    2.103888e-06    4.516348e-06
-8.673982e-07    -6.953641e-08    9.507726e-07    7.179734e-08    -2.879754e-07    -4.525454e-08    -4.916302e-07    -1.885593e-07    8.857182e-07    -2.687903e-07    -1.203722e-08    -5.888949e-07    -2.283009e-07    6.831595e-07    -4.443566e-09    3.080078e-09    -3.502478e-06    -7.422984e-07    5.972233e-06    -1.824118e-06    1.552013e-06    -9.257474e-07    5.445897e-07    2.293379e-07    6.088612e-08    6.402773e-08    -6.744171e-07    -2.385588e-07    7.987227e-07    -9.679303e-08    -1.340807e-07    2.771992e-07    1.244574e-07    -3.071829e-07    3.319786e-07
3.994276e-06    4.926347e-06    2.336857e-06    6.997413e-07    -4.775791e-06    2.11391e-06    5.22088e-06    4.24162e-06    2.428154e-06    -7.13067e-06    2.617042e-08    -6.679432e-06    -9.633526e-06    -3.649017e-06    7.665486e-06    -3.085656e-06    -9.198236e-06    -9.049029e-06    -1.824118e-06    1.634509e-05    1.370517e-05    -3.417648e-07    -1.611384e-05    -1.229697e-06    -1.156062e-06    -2.199086e-06    9.525059e-06    1.129687e-05    -2.480564e-06    -7.278727e-06    4.211424e-07    4.009545e-06    4.672319e-06    -2.402497e-06    -7.803914e-06
4.577488e-06    4.927729e-06    3.475939e-06    3.444185e-06    -7.669449e-06    1.354494e-06    4.147643e-06    4.138738e-06    4.198112e-06    -8.42265e-06    1.139138e-06    -9.929483e-06    -1.336896e-05    -3.296621e-06    9.668851e-06    -2.641812e-06    -1.227434e-05    -1.012568e-05    1.552013e-06    1.370517e-05    3.447127e-05    -1.75381e-06    -2.926069e-05    -3.41665e-06    1.053693e-06    -2.795739e-06    8.240089e-06    1.478329e-05    -1.216478e-06    -8.940968e-06    5.086391e-09    6.186458e-06    6.556562e-06    -3.30752e-06    -9.839203e-06
5.920166e-07    9.805814e-07    -7.722325e-07    -1.195539e-06    6.038539e-07    6.838463e-07    6.984765e-07    1.061492e-06    -4.915459e-07    -5.804122e-08    -3.287534e-07    2.269145e-06    2.16269e-06    -1.146473e-07    -2.062124e-06    -6.061728e-08    1.073699e-06    1.017692e-06    -9.257474e-07    -3.417648e-07    -1.75381e-06    1.633123e-05    -2.068668e-06    -7.985345e-06    1.689296e-06    -2.732839e-07    -1.275941e-06    -1.241695e-06    -7.340316e-07    2.119917e-06    3.352984e-08    -1.153125e-06    -5.262953e-07    1.018953e-06    1.043283e-06
-5.452919e-06    -3.653002e-06    -7.083872e-07    -1.77012e-06    4.154821e-06    -2.912105e-06    -3.377573e-06    -2.15151e-06    -2.896585e-06    5.309332e-06    -6.061937e-07    1.002691e-05    1.377831e-05    5.370179e-06    -1.175063e-05    4.300103e-06    1.348065e-05    1.011225e-05    5.445897e-07    -1.611384e-05    -2.926069e-05    -2.068668e-06    4.014613e-05    2.628551e-06    -8.016042e-06    2.466177e-06    -1.169058e-05    -1.57148e-05    2.268928e-06    1.052654e-05    -5.752443e-07    -5.028594e-06    -7.048326e-06    1.985404e-06    1.178185e-05
1.160227e-06    -1.736203e-06    -2.104706e-06    3.432543e-08    2.64783e-07    2.515989e-07    -4.502299e-07    -1.240695e-06    -7.179556e-07    9.523234e-07    1.487517e-06    8.786675e-07    1.102279e-06    6.365319e-07    -2.341362e-06    6.69058e-07    1.248543e-06    6.688308e-07    2.293379e-07    -1.229697e-06    -3.41665e-06    -7.985345e-06    2.628551e-06    1.515576e-05    -6.47047e-06    2.266504e-06    -4.586667e-06    -2.80082e-06    3.264076e-06    1.546046e-07    -1.190777e-06    3.866016e-07    5.969367e-07    4.961805e-07    -1.346914e-07
-1.605819e-06    -1.102949e-06    -3.187364e-07    -1.460033e-07    2.701993e-06    -6.017289e-07    -1.780318e-06    -1.469586e-06    -3.042986e-07    3.134868e-06    -5.962693e-07    -1.429519e-06    -8.298829e-07    -7.108377e-08    2.573841e-06    3.971897e-08    -9.289371e-07    2.082005e-08    6.088612e-08    -1.156062e-06    1.053693e-06    1.689296e-06    -8.016042e-06    -6.47047e-06    1.560759e-05    -6.388135e-07    3.495961e-06    1.224762e-06    -2.353413e-06    -5.172993e-08    1.498076e-06    -1.548826e-06    -1.214109e-06    1.058997e-06    1.396884e-07
8.609958e-07    -1.184541e-06    -2.632914e-06    4.121106e-07    8.134015e-07    2.096894e-07    -9.220335e-07    -1.126809e-06    -1.175652e-06    8.273212e-07    1.669042e-06    1.767646e-06    2.000333e-06    8.01071e-07    -2.728076e-06    9.370156e-07    2.006111e-06    1.555787e-06    6.402773e-08    -2.199086e-06    -2.795739e-06    -2.732839e-07    2.466177e-06    2.266504e-06    -6.388135e-07    1.368263e-05    -3.141831e-06    -1.240488e-05    2.116482e-06    1.522131e-06    -1.379271e-06    -6.197243e-07    -2.36072e-07    1.033463e-06    1.448404e-06
-1.318905e-07    5.241181e-06    5.296025e-06    -6.2678e-07    -2.098452e-06    8.996995e-07    3.970529e-06    2.822393e-06    1.56136e-06    -4.568022e-06    -2.791894e-06    -7.128235e-06    -8.225473e-06    -3.835322e-06    1.045987e-05    -3.769907e-06    -7.942939e-06    -4.94371e-06    -6.744171e-07    9.525059e-06    8.240089e-06    -1.275941e-06    -1.169058e-05    -4.586667e-06    3.495961e-06    -3.141831e-06    2.809659e-05    5.667185e-06    -1.568886e-05    -2.889295e-06    3.572564e-06    1.518232e-06    1.607196e-06    -1.940337e-06    -6.452271e-06
3.284083e-06    4.790595e-06    4.070385e-06    1.436203e-06    -5.567811e-06    9.492107e-07    4.218148e-06    3.862204e-06    3.153348e-06    -6.082834e-06    -5.437631e-07    -7.966763e-06    -1.05295e-05    -3.304414e-06    8.834683e-06    -3.00725e-06    -9.317275e-06    -7.398127e-06    -2.385588e-07    1.129687e-05    1.478329e-05    -1.241695e-06    -1.57148e-05    -2.80082e-06    1.224762e-06    -1.240488e-05    5.667185e-06    2.575876e-05    -2.687036e-06    -1.071542e-05    1.591695e-06    4.111752e-06    4.205236e-06    -2.720014e-06    -8.043095e-06
1.314597e-06    -2.499054e-06    -2.605973e-06    1.275911e-06    -5.94594e-07    3.032227e-07    -1.541077e-06    -1.187531e-06    -2.510274e-07    1.099979e-06    2.400504e-06    2.291651e-06    1.790853e-06    1.493635e-06    -4.017078e-06    1.353701e-06    2.130854e-06    1.063824e-06    7.987227e-07    -2.480564e-06    -1.216478e-06    -7.340316e-07    2.268928e-06    3.264076e-06    -2.353413e-06    2.116482e-06    -1.568886e-05    -2.687036e-06    1.603499e-05    -2.890706e-06    -2.782484e-06    5.922683e-07    8.118582e-07    2.335445e-07    1.759707e-06
-2.696779e-06    -2.22842e-06    -1.830933e-06    -1.816422e-06    4.237486e-06    -1.209888e-06    -2.337122e-06    -1.911758e-06    -1.710458e-06    3.960798e-06    -6.919842e-07    4.821496e-06    6.881044e-06    2.235331e-06    -5.478807e-06    2.284926e-06    5.779856e-06    4.322806e-06    -9.679303e-08    -7.278727e-06    -8.940968e-06    2.119917e-06    1.052654e-05    1.546046e-07    -5.172993e-08    1.522131e-06    -2.889295e-06    -1.071542e-05    -2.890706e-06    1.124191e-05    1.918213e-07    -2.951121e-06    -3.239265e-06    1.926153e-06    4.982527e-06
-7.355973e-07    1.080695e-06    1.230689e-06    -9.285491e-07    1.001114e-06    -4.194073e-08    5.208159e-07    2.251774e-07    2.402016e-07    2.792027e-07    -9.705479e-07    -1.417367e-06    -9.890591e-07    4.968204e-08    1.806891e-06    -6.560894e-08    -1.081987e-06    -5.726965e-07    -1.340807e-07    4.211424e-07    5.086391e-09    3.352984e-08    -5.752443e-07    -1.190777e-06    1.498076e-06    -1.379271e-06    3.572564e-06    1.591695e-06    -2.782484e-06    1.918213e-07    5.372935e-06    -1.048605e-06    -3.038114e-06    1.074588e-07    -8.356004e-07
1.617401e-06    1.482334e-06    7.80759e-07    1.048785e-06    -2.715132e-06    1.042243e-07    1.273954e-06    1.514257e-06    1.214994e-06    -3.030956e-06    6.657407e-07    -2.454215e-06    -3.630108e-06    -9.205053e-07    2.118793e-06    -6.54855e-07    -3.194677e-06    -3.006883e-06    2.771992e-07    4.009545e-06    6.186458e-06    -1.153125e-06    -5.028594e-06    3.866016e-07    -1.548826e-06    -6.197243e-07    1.518232e-06    4.111752e-06    5.922683e-07    -2.951121e-06    -1.048605e-06    6.412761e-06    2.074921e-06    -4.802022e-06    -1.870294e-06
2.257883e-06    1.548501e-06    2.269184e-07    4.052787e-07    -2.01367e-06    3.941521e-07    1.364337e-06    1.160144e-06    6.828013e-07    -2.128458e-06    6.836877e-07    -2.360038e-06    -3.895911e-06    -1.292305e-06    2.243349e-06    -1.174165e-06    -3.361776e-06    -2.507672e-06    1.244574e-07    4.672319e-06    6.556562e-06    -5.262953e-07    -7.048326e-06    5.969367e-07    -1.214109e-06    -2.36072e-07    1.607196e-06    4.205236e-06    8.118582e-07    -3.239265e-06    -3.038114e-06    2.074921e-06    6.704207e-06    -6.723546e-07    -5.456442e-06
-4.605523e-07    -1.188522e-06    -1.591052e-06    -7.908764e-07    2.301545e-06    -3.310779e-08    -9.111702e-07    -1.477891e-06    -1.261516e-06    2.238492e-06    -6.408279e-08    1.802669e-06    2.459326e-06    4.10741e-07    -1.912779e-06    4.424348e-07    2.238338e-06    2.103888e-06    -3.071829e-07    -2.402497e-06    -3.30752e-06    1.018953e-06    1.985404e-06    4.961805e-07    1.058997e-06    1.033463e-06    -1.940337e-06    -2.720014e-06    2.335445e-07    1.926153e-06    1.074588e-07    -4.802022e-06    -6.723546e-07    7.346948e-06    -1.715072e-06
-2.833919e-06    -3.182629e-06    -1.228718e-06    -1.799957e-07    2.384326e-06    -6.925684e-07    -2.654648e-06    -1.936522e-06    -1.087171e-06    3.362007e-06    -2.890841e-07    5.090444e-06    6.91891e-06    2.368731e-06    -5.42892e-06    2.021903e-06    6.216886e-06    4.516348e-06    3.319786e-07    -7.803914e-06    -9.839203e-06    1.043283e-06    1.178185e-05    -1.346914e-07    1.396884e-07    1.448404e-06    -6.452271e-06    -8.043095e-06    1.759707e-06    4.982527e-06    -8.356004e-07    -1.870294e-06    -5.456442e-06    -1.715072e-06    1.090784e-05
