6.5356e-06    6.433282e-08    -2.624365e-06    -5.492661e-08    -1.609206e-06    1.640232e-06    1.935954e-06    -2.998215e-09    -3.051735e-07    -6.695663e-07    1.230654e-06    1.15437e-06    3.629823e-07    7.937933e-07    -2.053839e-06
6.433282e-08    4.854421e-06    8.861192e-08    -2.565194e-06    -5.845262e-07    -2.622669e-07    -2.58479e-07    -1.65913e-07    -5.816367e-07    9.644951e-07    -6.40139e-07    -3.077661e-07    -4.17959e-07    -6.181852e-07    1.742567e-06
-2.624365e-06    8.861192e-08    5.30825e-06    1.616607e-08    -2.257114e-06    4.416281e-08    -1.110771e-06    -9.314008e-07    3.026409e-07    4.748145e-07    -4.617029e-07    -9.978088e-07    -3.762615e-07    -5.349291e-07    1.700427e-06
-5.492661e-08    -2.565194e-06    1.616607e-08    5.347355e-06    -1.947457e-06    4.021528e-07    4.54369e-07    7.960231e-07    7.746209e-07    -1.095794e-06    6.071761e-07    6.24778e-08    -2.088171e-07    9.178775e-07    -1.208792e-06
-1.609206e-06    -5.845262e-07    -2.257114e-06    -1.947457e-06    5.212614e-06    -1.251778e-06    -5.801809e-07    5.641984e-07    -5.479206e-08    -1.493771e-07    -6.041886e-07    -3.157548e-08    3.564162e-07    -1.566566e-07    -2.487297e-07
1.640232e-06    -2.622669e-07    4.416281e-08    4.021528e-07    -1.251778e-06    8.56438e-06    1.656935e-06    -3.73977e-06    5.371598e-07    -1.851676e-06    8.580595e-07    1.729407e-06    1.137775e-06    2.783261e-07    -2.115449e-06
1.935954e-06    -2.58479e-07    -1.110771e-06    4.54369e-07    -5.801809e-07    1.656935e-06    7.710914e-06    1.915862e-06    -2.814275e-06    -1.363248e-06    -1.395058e-07    2.836613e-06    2.564343e-06    9.923847e-07    -3.839685e-06
-2.998215e-09    -1.65913e-07    -9.314008e-07    7.960231e-07    5.641984e-07    -3.73977e-06    1.915862e-06    8.080443e-06    6.411805e-07    -4.812911e-06    -5.172671e-07    1.641039e-06    1.875231e-06    1.649648e-06    -2.537654e-06
-3.051735e-07    -5.816367e-07    3.026409e-07    7.746209e-07    -5.479206e-08    5.371598e-07    -2.814275e-06    6.411805e-07    7.31455e-06    -5.379579e-06    5.240194e-07    1.97802e-07    5.13681e-07    5.173608e-07    -1.666889e-06
-6.695663e-07    9.644951e-07    4.748145e-07    -1.095794e-06    -1.493771e-07    -1.851676e-06    -1.363248e-06    -4.812911e-06    -5.379579e-06    1.304621e-05    -1.296483e-07    -2.516145e-06    -3.261733e-06    -2.154308e-06    4.55609e-06
1.230654e-06    -6.40139e-07    -4.617029e-07    6.071761e-07    -6.041886e-07    8.580595e-07    -1.395058e-07    -5.172671e-07    5.240194e-07    -1.296483e-07    6.582398e-06    1.037564e-06    -2.446976e-06    -3.224219e-07    -8.358538e-07
1.15437e-06    -3.077661e-07    -9.978088e-07    6.24778e-08    -3.157548e-08    1.729407e-06    2.836613e-06    1.641039e-06    1.97802e-07    -2.516145e-06    1.037564e-06    7.037613e-06    1.691766e-06    -2.041662e-06    -2.820863e-06
3.629823e-07    -4.17959e-07    -3.762615e-07    -2.088171e-07    3.564162e-07    1.137775e-06    2.564343e-06    1.875231e-06    5.13681e-07    -3.261733e-06    -2.446976e-06    1.691766e-06    6.470306e-06    1.44606e-06    -4.993714e-06
7.937933e-07    -6.181852e-07    -5.349291e-07    9.178775e-07    -1.566566e-07    2.783261e-07    9.923847e-07    1.649648e-06    5.173608e-07    -2.154308e-06    -3.224219e-07    -2.041662e-06    1.44606e-06    6.593983e-06    -4.096146e-06
-2.053839e-06    1.742567e-06    1.700427e-06    -1.208792e-06    -2.487297e-07    -2.115449e-06    -3.839685e-06    -2.537654e-06    -1.666889e-06    4.55609e-06    -8.358538e-07    -2.820863e-06    -4.993714e-06    -4.096146e-06    1.26802e-05
