8.56438e-06    1.656935e-06    -3.73977e-06    5.371598e-07    -1.851676e-06    8.580595e-07    1.729407e-06    1.137775e-06    2.783261e-07    -2.115449e-06    1.268098e-06    -2.016714e-06    -3.545351e-06    -9.366189e-07    1.515786e-06    -1.1283e-06    -2.206134e-06    -1.765771e-06    -8.673982e-07    3.994276e-06    4.099089e-06    -6.04277e-06    -4.774464e-06    2.866293e-06    2.670667e-06
1.656935e-06    7.710914e-06    1.915862e-06    -2.814275e-06    -1.363248e-06    -1.395058e-07    2.836613e-06    2.564343e-06    9.923847e-07    -3.839685e-06    -6.106852e-07    -3.482954e-06    -4.472234e-06    -1.284907e-06    3.539548e-06    -1.072805e-06    -3.525608e-06    -2.740785e-06    -6.953641e-08    4.926347e-06    5.503733e-07    -3.960422e-06    -4.93816e-06    -5.090022e-07    4.897004e-06
-3.73977e-06    1.915862e-06    8.080443e-06    6.411805e-07    -4.812911e-06    -5.172671e-07    1.641039e-06    1.875231e-06    1.649648e-06    -2.537654e-06    -1.073223e-06    -2.946969e-06    -3.268914e-06    -5.03609e-07    3.425219e-06    -5.05562e-07    -2.445497e-06    -1.85595e-06    9.507726e-07    2.336857e-06    -1.936033e-06    -2.05879e-06    -2.152436e-06    -6.111728e-07    3.045435e-06
5.371598e-07    -2.814275e-06    6.411805e-07    7.31455e-06    -5.379579e-06    5.240194e-07    1.97802e-07    5.13681e-07    5.173608e-07    -1.666889e-06    9.785535e-07    -1.07737e-06    -1.542032e-06    -2.168535e-07    8.438092e-07    -4.475191e-07    -6.059497e-07    -5.762263e-07    7.179734e-08    6.997413e-07    1.953394e-06    -3.813906e-06    -2.958767e-06    2.984069e-06    4.505107e-07
-1.851676e-06    -1.363248e-06    -4.812911e-06    -5.379579e-06    1.304621e-05    -1.296483e-07    -2.516145e-06    -3.261733e-06    -2.154308e-06    4.55609e-06    -8.235275e-07    3.803943e-06    5.266083e-06    8.984314e-07    -3.165443e-06    1.130573e-06    3.495543e-06    3.32045e-06    -2.879754e-07    -4.775791e-06    -1.667457e-06    7.612019e-06    6.868128e-06    -3.638286e-06    -4.329184e-06
8.580595e-07    -1.395058e-07    -5.172671e-07    5.240194e-07    -1.296483e-07    6.582398e-06    1.037564e-06    -2.446976e-06    -3.224219e-07    -8.358538e-07    -1.533844e-07    -2.564435e-07    -6.553735e-07    -1.119717e-06    1.045931e-06    -5.79111e-07    -1.878093e-06    -1.341656e-06    -4.525454e-08    2.11391e-06    3.515483e-06    -3.463126e-06    -2.833725e-06    1.782039e-06    6.436842e-07
1.729407e-06    2.836613e-06    1.641039e-06    1.97802e-07    -2.516145e-06    1.037564e-06    7.037613e-06    1.691766e-06    -2.041662e-06    -2.820863e-06    -1.549831e-07    -2.909264e-06    -3.718939e-06    -1.083083e-06    2.767963e-06    -1.402928e-06    -3.302604e-06    -2.832209e-06    -4.916302e-07    5.22088e-06    1.702388e-06    -4.708341e-06    -4.948002e-06    5.969272e-07    4.096003e-06
1.137775e-06    2.564343e-06    1.875231e-06    5.13681e-07    -3.261733e-06    -2.446976e-06    1.691766e-06    6.470306e-06    1.44606e-06    -4.993714e-06    1.977573e-07    -2.199524e-06    -3.218026e-06    -5.298504e-07    1.96817e-06    -9.37446e-07    -3.075269e-06    -2.837026e-06    -1.885593e-07    4.24162e-06    4.306856e-07    -3.495928e-06    -4.376831e-06    2.896972e-07    3.709586e-06
2.783261e-07    9.923847e-07    1.649648e-06    5.173608e-07    -2.154308e-06    -3.224219e-07    -2.041662e-06    1.44606e-06    6.593983e-06    -4.096146e-06    -8.280764e-08    -1.73437e-06    -2.361131e-06    -2.05657e-07    1.786921e-06    2.893107e-08    -2.929246e-06    -2.522031e-06    8.857182e-07    2.428154e-06    9.905401e-07    -3.070798e-06    -2.710352e-06    9.195887e-07    1.669053e-06
-2.115449e-06    -3.839685e-06    -2.537654e-06    -1.666889e-06    4.55609e-06    -8.358538e-07    -2.820863e-06    -4.993714e-06    -4.096146e-06    1.26802e-05    -3.503512e-07    3.731619e-06    5.301853e-06    1.937064e-06    -3.68274e-06    1.487256e-06    5.31682e-06    4.615481e-06    -2.687903e-07    -7.13067e-06    -3.085547e-06    8.43442e-06    8.341549e-06    -2.629902e-06    -5.388433e-06
1.268098e-06    -6.106852e-07    -1.073223e-06    9.785535e-07    -8.235275e-07    -1.533844e-07    -1.549831e-07    1.977573e-07    -8.280764e-08    -3.503512e-07    5.827196e-06    -1.955213e-08    -3.154162e-06    -4.402428e-07    -7.192624e-07    8.048214e-08    1.293159e-07    -4.260249e-08    -1.203722e-08    2.617042e-08    5.550282e-07    -1.111467e-06    -5.547062e-07    1.274208e-06    -9.068523e-08
-2.016714e-06    -3.482954e-06    -2.946969e-06    -1.07737e-06    3.803943e-06    -2.564435e-07    -2.909264e-06    -2.199524e-06    -1.73437e-06    3.731619e-06    -1.955213e-08    9.738602e-06    6.803159e-06    -1.049526e-06    -5.626806e-06    1.524282e-06    6.266211e-06    4.764146e-06    -5.888949e-07    -6.679432e-06    -2.623067e-06    6.558484e-06    6.875463e-06    -4.605853e-07    -5.426148e-06
-3.545351e-06    -4.472234e-06    -3.268914e-06    -1.542032e-06    5.266083e-06    -6.553735e-07    -3.718939e-06    -3.218026e-06    -2.361131e-06    5.301853e-06    -3.154162e-06    6.803159e-06    1.369764e-05    2.365745e-06    -8.996157e-06    2.235976e-06    8.12956e-06    6.294548e-06    -2.283009e-07    -9.633526e-06    -3.875144e-06    9.928302e-06    8.976382e-06    -1.698653e-06    -7.050638e-06
-9.366189e-07    -1.284907e-06    -5.03609e-07    -2.168535e-07    8.984314e-07    -1.119717e-06    -1.083083e-06    -5.298504e-07    -2.05657e-07    1.937064e-06    -4.402428e-07    -1.049526e-06    2.365745e-06    6.526551e-06    -3.922509e-06    1.480685e-06    2.236677e-06    1.522452e-06    6.831595e-07    -3.649017e-06    -2.355129e-06    3.890776e-06    3.178054e-06    -1.007097e-06    -1.932313e-06
1.515786e-06    3.539548e-06    3.425219e-06    8.438092e-07    -3.165443e-06    1.045931e-06    2.767963e-06    1.96817e-06    1.786921e-06    -3.68274e-06    -7.192624e-07    -5.626806e-06    -8.996157e-06    -3.922509e-06    1.153112e-05    -2.153208e-06    -6.974946e-06    -4.990406e-06    -4.443566e-09    7.665486e-06    3.469897e-06    -7.430023e-06    -7.253979e-06    6.96878e-07    5.390003e-06
-1.1283e-06    -1.072805e-06    -5.05562e-07    -4.475191e-07    1.130573e-06    -5.79111e-07    -1.402928e-06    -9.37446e-07    2.893107e-08    1.487256e-06    8.048214e-08    1.524282e-06    2.235976e-06    1.480685e-06    -2.153208e-06    6.40453e-06    1.805346e-06    -1.789783e-06    3.080078e-09    -3.085656e-06    -1.732882e-06    3.377204e-06    2.708423e-06    -1.035051e-06    -1.935934e-06
-2.206134e-06    -3.525608e-06    -2.445497e-06    -6.059497e-07    3.495543e-06    -1.878093e-06    -3.302604e-06    -3.075269e-06    -2.929246e-06    5.31682e-06    1.293159e-07    6.266211e-06    8.12956e-06    2.236677e-06    -6.974946e-06    1.805346e-06    1.318194e-05    6.971675e-06    -3.502478e-06    -9.198236e-06    -5.074267e-06    8.393942e-06    9.156779e-06    -4.446399e-07    -6.342691e-06
-1.765771e-06    -2.740785e-06    -1.85595e-06    -5.762263e-07    3.32045e-06    -1.341656e-06    -2.832209e-06    -2.837026e-06    -2.522031e-06    4.615481e-06    -4.260249e-08    4.764146e-06    6.294548e-06    1.522452e-06    -4.990406e-06    -1.789783e-06    6.971675e-06    1.050383e-05    -7.422984e-07    -9.049029e-06    -3.782062e-06    6.85472e-06    7.285828e-06    -4.59473e-07    -4.881937e-06
-8.673982e-07    -6.953641e-08    9.507726e-07    7.179734e-08    -2.879754e-07    -4.525454e-08    -4.916302e-07    -1.885593e-07    8.857182e-07    -2.687903e-07    -1.203722e-08    -5.888949e-07    -2.283009e-07    6.831595e-07    -4.443566e-09    3.080078e-09    -3.502478e-06    -7.422984e-07    5.972233e-06    -1.824118e-06    -6.252807e-07    6.895848e-07    3.135272e-07    -5.102434e-07    -2.439869e-07
3.994276e-06    4.926347e-06    2.336857e-06    6.997413e-07    -4.775791e-06    2.11391e-06    5.22088e-06    4.24162e-06    2.428154e-06    -7.13067e-06    2.617042e-08    -6.679432e-06    -9.633526e-06    -3.649017e-06    7.665486e-06    -3.085656e-06    -9.198236e-06    -9.049029e-06    -1.824118e-06    1.634509e-05    6.178018e-06    -1.168443e-05    -1.120703e-05    1.688826e-06    8.052168e-06
4.099089e-06    5.503733e-07    -1.936033e-06    1.953394e-06    -1.667457e-06    3.515483e-06    1.702388e-06    4.306856e-07    9.905401e-07    -3.085547e-06    5.550282e-07    -2.623067e-06    -3.875144e-06    -2.355129e-06    3.469897e-06    -1.732882e-06    -5.074267e-06    -3.782062e-06    -6.252807e-07    6.178018e-06    1.861523e-05    -7.574978e-06    -1.61217e-05    2.088944e-06    3.150723e-06
-6.04277e-06    -3.960422e-06    -2.05879e-06    -3.813906e-06    7.612019e-06    -3.463126e-06    -4.708341e-06    -3.495928e-06    -3.070798e-06    8.43442e-06    -1.111467e-06    6.558484e-06    9.928302e-06    3.890776e-06    -7.430023e-06    3.377204e-06    8.393942e-06    6.85472e-06    6.895848e-07    -1.168443e-05    -7.574978e-06    2.85244e-05    8.369271e-06    -1.430804e-05    -5.794113e-06
-4.774464e-06    -4.93816e-06    -2.152436e-06    -2.958767e-06    6.868128e-06    -2.833725e-06    -4.948002e-06    -4.376831e-06    -2.710352e-06    8.341549e-06    -5.547062e-07    6.875463e-06    8.976382e-06    3.178054e-06    -7.253979e-06    2.708423e-06    9.156779e-06    7.285828e-06    3.135272e-07    -1.120703e-05    -1.61217e-05    8.369271e-06    2.706447e-05    -3.085033e-06    -1.045444e-05
2.866293e-06    -5.090022e-07    -6.111728e-07    2.984069e-06    -3.638286e-06    1.782039e-06    5.969272e-07    2.896972e-07    9.195887e-07    -2.629902e-06    1.274208e-06    -4.605853e-07    -1.698653e-06    -1.007097e-06    6.96878e-07    -1.035051e-06    -4.446399e-07    -4.59473e-07    -5.102434e-07    1.688826e-06    2.088944e-06    -1.430804e-05    -3.085033e-06    1.553907e-05    -1.672362e-06
2.670667e-06    4.897004e-06    3.045435e-06    4.505107e-07    -4.329184e-06    6.436842e-07    4.096003e-06    3.709586e-06    1.669053e-06    -5.388433e-06    -9.068523e-08    -5.426148e-06    -7.050638e-06    -1.932313e-06    5.390003e-06    -1.935934e-06    -6.342691e-06    -4.881937e-06    -2.439869e-07    8.052168e-06    3.150723e-06    -5.794113e-06    -1.045444e-05    -1.672362e-06    1.000909e-05
