8.56438e-06    1.656935e-06    -3.73977e-06    5.371598e-07    -1.851676e-06    8.580595e-07    1.729407e-06    1.137775e-06    2.783261e-07    -2.115449e-06    4.577488e-06    5.920166e-07    -5.452919e-06    1.160227e-06    -1.605819e-06
1.656935e-06    7.710914e-06    1.915862e-06    -2.814275e-06    -1.363248e-06    -1.395058e-07    2.836613e-06    2.564343e-06    9.923847e-07    -3.839685e-06    4.927729e-06    9.805814e-07    -3.653002e-06    -1.736203e-06    -1.102949e-06
-3.73977e-06    1.915862e-06    8.080443e-06    6.411805e-07    -4.812911e-06    -5.172671e-07    1.641039e-06    1.875231e-06    1.649648e-06    -2.537654e-06    3.475939e-06    -7.722325e-07    -7.083872e-07    -2.104706e-06    -3.187364e-07
5.371598e-07    -2.814275e-06    6.411805e-07    7.31455e-06    -5.379579e-06    5.240194e-07    1.97802e-07    5.13681e-07    5.173608e-07    -1.666889e-06    3.444185e-06    -1.195539e-06    -1.77012e-06    3.432543e-08    -1.460033e-07
-1.851676e-06    -1.363248e-06    -4.812911e-06    -5.379579e-06    1.304621e-05    -1.296483e-07    -2.516145e-06    -3.261733e-06    -2.154308e-06    4.55609e-06    -7.669449e-06    6.038539e-07    4.154821e-06    2.64783e-07    2.701993e-06
8.580595e-07    -1.395058e-07    -5.172671e-07    5.240194e-07    -1.296483e-07    6.582398e-06    1.037564e-06    -2.446976e-06    -3.224219e-07    -8.358538e-07    1.354494e-06    6.838463e-07    -2.912105e-06    2.515989e-07    -6.017289e-07
1.729407e-06    2.836613e-06    1.641039e-06    1.97802e-07    -2.516145e-06    1.037564e-06    7.037613e-06    1.691766e-06    -2.041662e-06    -2.820863e-06    4.147643e-06    6.984765e-07    -3.377573e-06    -4.502299e-07    -1.780318e-06
1.137775e-06    2.564343e-06    1.875231e-06    5.13681e-07    -3.261733e-06    -2.446976e-06    1.691766e-06    6.470306e-06    1.44606e-06    -4.993714e-06    4.138738e-06    1.061492e-06    -2.15151e-06    -1.240695e-06    -1.469586e-06
2.783261e-07    9.923847e-07    1.649648e-06    5.173608e-07    -2.154308e-06    -3.224219e-07    -2.041662e-06    1.44606e-06    6.593983e-06    -4.096146e-06    4.198112e-06    -4.915459e-07    -2.896585e-06    -7.179556e-07    -3.042986e-07
-2.115449e-06    -3.839685e-06    -2.537654e-06    -1.666889e-06    4.55609e-06    -8.358538e-07    -2.820863e-06    -4.993714e-06    -4.096146e-06    1.26802e-05    -8.42265e-06    -5.804122e-08    5.309332e-06    9.523234e-07    3.134868e-06
4.577488e-06    4.927729e-06    3.475939e-06    3.444185e-06    -7.669449e-06    1.354494e-06    4.147643e-06    4.138738e-06    4.198112e-06    -8.42265e-06    3.447127e-05    -1.75381e-06    -2.926069e-05    -3.41665e-06    1.053693e-06
5.920166e-07    9.805814e-07    -7.722325e-07    -1.195539e-06    6.038539e-07    6.838463e-07    6.984765e-07    1.061492e-06    -4.915459e-07    -5.804122e-08    -1.75381e-06    1.633123e-05    -2.068668e-06    -7.985345e-06    1.689296e-06
-5.452919e-06    -3.653002e-06    -7.083872e-07    -1.77012e-06    4.154821e-06    -2.912105e-06    -3.377573e-06    -2.15151e-06    -2.896585e-06    5.309332e-06    -2.926069e-05    -2.068668e-06    4.014613e-05    2.628551e-06    -8.016042e-06
1.160227e-06    -1.736203e-06    -2.104706e-06    3.432543e-08    2.64783e-07    2.515989e-07    -4.502299e-07    -1.240695e-06    -7.179556e-07    9.523234e-07    -3.41665e-06    -7.985345e-06    2.628551e-06    1.515576e-05    -6.47047e-06
-1.605819e-06    -1.102949e-06    -3.187364e-07    -1.460033e-07    2.701993e-06    -6.017289e-07    -1.780318e-06    -1.469586e-06    -3.042986e-07    3.134868e-06    1.053693e-06    1.689296e-06    -8.016042e-06    -6.47047e-06    1.560759e-05
