5.986784e-06    -5.296229e-07    -3.377952e-06    3.889622e-07    -6.078117e-07    1.048095e-06    9.863032e-07    5.267138e-07    1.499003e-06    -1.783383e-06    -1.368122e-07    8.469875e-07    1.079851e-06    7.552895e-07    -1.989285e-06    -3.933777e-07    -2.180234e-06    -1.955848e-06    4.017576e-07    2.264863e-06
-5.296229e-07    5.636718e-06    8.171368e-07    -3.663831e-06    -6.033849e-07    -1.39565e-06    -9.475828e-07    -3.903422e-07    -7.120927e-07    1.833349e-06    8.97678e-08    -1.00918e-06    -8.412721e-07    -3.845497e-07    1.474827e-06    -5.128916e-07    2.88903e-07    9.944564e-07    -2.567766e-07    -8.692155e-07
-3.377952e-06    8.171368e-07    7.445097e-06    1.276807e-07    -3.790918e-06    -9.310621e-07    -4.405078e-07    -3.944774e-07    -2.00977e-06    2.882353e-06    8.39253e-07    7.205491e-08    -1.169512e-06    -4.117774e-07    1.464625e-06    -6.625794e-07    -1.401816e-06    -4.947151e-07    -6.634851e-07    1.400053e-06
3.889622e-07    -3.663831e-06    1.276807e-07    7.232965e-06    -2.657269e-06    1.696494e-06    1.092779e-06    4.058644e-07    3.049276e-07    -1.402172e-06    4.933405e-07    1.587929e-06    1.116634e-06    1.129717e-06    -2.244386e-06    -2.920041e-07    -3.943891e-06    -3.830872e-06    5.777834e-07    4.609928e-06
-6.078117e-07    -6.033849e-07    -3.790918e-06    -2.657269e-06    6.276715e-06    -6.005543e-07    -1.690003e-07    6.060719e-07    4.276494e-07    -1.317253e-06    -1.053421e-06    -6.061426e-07    4.010457e-07    -2.85614e-07    5.92062e-07    1.197299e-06    3.656639e-06    2.629808e-06    4.044891e-07    -4.202345e-06
1.048095e-06    -1.39565e-06    -9.310621e-07    1.696494e-06    -6.005543e-07    8.56438e-06    1.656935e-06    -3.73977e-06    5.371598e-07    -1.851676e-06    8.580595e-07    1.729407e-06    1.137775e-06    2.783261e-07    -2.115449e-06    -1.1283e-06    -2.206134e-06    -1.765771e-06    -8.673982e-07    3.994276e-06
9.863032e-07    -9.475828e-07    -4.405078e-07    1.092779e-06    -1.690003e-07    1.656935e-06    7.710914e-06    1.915862e-06    -2.814275e-06    -1.363248e-06    -1.395058e-07    2.836613e-06    2.564343e-06    9.923847e-07    -3.839685e-06    -1.072805e-06    -3.525608e-06    -2.740785e-06    -6.953641e-08    4.926347e-06
5.267138e-07    -3.903422e-07    -3.944774e-07    4.058644e-07    6.060719e-07    -3.73977e-06    1.915862e-06    8.080443e-06    6.411805e-07    -4.812911e-06    -5.172671e-07    1.641039e-06    1.875231e-06    1.649648e-06    -2.537654e-06    -5.05562e-07    -2.445497e-06    -1.85595e-06    9.507726e-07    2.336857e-06
1.499003e-06    -7.120927e-07    -2.00977e-06    3.049276e-07    4.276494e-07    5.371598e-07    -2.814275e-06    6.411805e-07    7.31455e-06    -5.379579e-06    5.240194e-07    1.97802e-07    5.13681e-07    5.173608e-07    -1.666889e-06    -4.475191e-07    -6.059497e-07    -5.762263e-07    7.179734e-08    6.997413e-07
-1.783383e-06    1.833349e-06    2.882353e-06    -1.402172e-06    -1.317253e-06    -1.851676e-06    -1.363248e-06    -4.812911e-06    -5.379579e-06    1.304621e-05    -1.296483e-07    -2.516145e-06    -3.261733e-06    -2.154308e-06    4.55609e-06    1.130573e-06    3.495543e-06    3.32045e-06    -2.879754e-07    -4.775791e-06
-1.368122e-07    8.97678e-08    8.39253e-07    4.933405e-07    -1.053421e-06    8.580595e-07    -1.395058e-07    -5.172671e-07    5.240194e-07    -1.296483e-07    6.582398e-06    1.037564e-06    -2.446976e-06    -3.224219e-07    -8.358538e-07    -5.79111e-07    -1.878093e-06    -1.341656e-06    -4.525454e-08    2.11391e-06
8.469875e-07    -1.00918e-06    7.205491e-08    1.587929e-06    -6.061426e-07    1.729407e-06    2.836613e-06    1.641039e-06    1.97802e-07    -2.516145e-06    1.037564e-06    7.037613e-06    1.691766e-06    -2.041662e-06    -2.820863e-06    -1.402928e-06    -3.302604e-06    -2.832209e-06    -4.916302e-07    5.22088e-06
1.079851e-06    -8.412721e-07    -1.169512e-06    1.116634e-06    4.010457e-07    1.137775e-06    2.564343e-06    1.875231e-06    5.13681e-07    -3.261733e-06    -2.446976e-06    1.691766e-06    6.470306e-06    1.44606e-06    -4.993714e-06    -9.37446e-07    -3.075269e-06    -2.837026e-06    -1.885593e-07    4.24162e-06
7.552895e-07    -3.845497e-07    -4.117774e-07    1.129717e-06    -2.85614e-07    2.783261e-07    9.923847e-07    1.649648e-06    5.173608e-07    -2.154308e-06    -3.224219e-07    -2.041662e-06    1.44606e-06    6.593983e-06    -4.096146e-06    2.893107e-08    -2.929246e-06    -2.522031e-06    8.857182e-07    2.428154e-06
-1.989285e-06    1.474827e-06    1.464625e-06    -2.244386e-06    5.92062e-07    -2.115449e-06    -3.839685e-06    -2.537654e-06    -1.666889e-06    4.55609e-06    -8.358538e-07    -2.820863e-06    -4.993714e-06    -4.096146e-06    1.26802e-05    1.487256e-06    5.31682e-06    4.615481e-06    -2.687903e-07    -7.13067e-06
-3.933777e-07    -5.128916e-07    -6.625794e-07    -2.920041e-07    1.197299e-06    -1.1283e-06    -1.072805e-06    -5.05562e-07    -4.475191e-07    1.130573e-06    -5.79111e-07    -1.402928e-06    -9.37446e-07    2.893107e-08    1.487256e-06    6.40453e-06    1.805346e-06    -1.789783e-06    3.080078e-09    -3.085656e-06
-2.180234e-06    2.88903e-07    -1.401816e-06    -3.943891e-06    3.656639e-06    -2.206134e-06    -3.525608e-06    -2.445497e-06    -6.059497e-07    3.495543e-06    -1.878093e-06    -3.302604e-06    -3.075269e-06    -2.929246e-06    5.31682e-06    1.805346e-06    1.318194e-05    6.971675e-06    -3.502478e-06    -9.198236e-06
-1.955848e-06    9.944564e-07    -4.947151e-07    -3.830872e-06    2.629808e-06    -1.765771e-06    -2.740785e-06    -1.85595e-06    -5.762263e-07    3.32045e-06    -1.341656e-06    -2.832209e-06    -2.837026e-06    -2.522031e-06    4.615481e-06    -1.789783e-06    6.971675e-06    1.050383e-05    -7.422984e-07    -9.049029e-06
4.017576e-07    -2.567766e-07    -6.634851e-07    5.777834e-07    4.044891e-07    -8.673982e-07    -6.953641e-08    9.507726e-07    7.179734e-08    -2.879754e-07    -4.525454e-08    -4.916302e-07    -1.885593e-07    8.857182e-07    -2.687903e-07    3.080078e-09    -3.502478e-06    -7.422984e-07    5.972233e-06    -1.824118e-06
2.264863e-06    -8.692155e-07    1.400053e-06    4.609928e-06    -4.202345e-06    3.994276e-06    4.926347e-06    2.336857e-06    6.997413e-07    -4.775791e-06    2.11391e-06    5.22088e-06    4.24162e-06    2.428154e-06    -7.13067e-06    -3.085656e-06    -9.198236e-06    -9.049029e-06    -1.824118e-06    1.634509e-05
