2.600983e-06    -3.286611e-07    -1.342674e-06    6.021406e-07    1.593954e-08    1.607309e-07    -1.733268e-07    -7.295566e-08    1.166715e-07    -3.298978e-09    -8.592304e-08    2.930226e-08    2.976535e-08    -1.372647e-08    8.05633e-08
-3.286611e-07    3.160636e-06    -1.907102e-08    -2.568925e-06    8.523284e-07    1.979408e-09    -1.352581e-07    -9.037153e-08    -4.169036e-08    9.899724e-08    -6.514163e-08    -4.62901e-08    6.509298e-08    -3.235921e-09    3.843355e-10
-1.342674e-06    -1.907102e-08    3.326219e-06    3.893051e-07    -2.172842e-06    2.154068e-07    -2.490564e-07    -3.893222e-07    1.225128e-07    1.122982e-07    3.405016e-08    7.30707e-09    -4.297934e-08    -3.44732e-08    2.788392e-08
6.021406e-07    -2.568925e-06    3.893051e-07    5.404785e-06    -3.126419e-06    4.402275e-07    -2.731041e-07    -4.302797e-07    3.033748e-07    5.922875e-11    9.36981e-08    4.641594e-08    -5.439054e-08    -8.591566e-08    -1.741049e-08
1.593954e-08    8.523284e-07    -2.172842e-06    -3.126419e-06    5.295479e-06    -5.235779e-07    4.538303e-07    6.687217e-07    -3.279464e-07    -1.187475e-07    5.491187e-09    -5.613856e-08    5.412662e-08    8.622935e-08    -1.768048e-07
1.607309e-07    1.979408e-09    2.154068e-07    4.402275e-07    -5.235779e-07    1.522817e-06    -6.193391e-07    -1.167208e-06    3.210409e-07    3.583482e-08    -3.146999e-07    -2.012429e-07    2.211555e-07    3.491335e-07    7.976387e-08
-1.733268e-07    -1.352581e-07    -2.490564e-07    -2.731041e-07    4.538303e-07    -6.193391e-07    4.544071e-06    -2.302371e-06    -1.320329e-06    2.26815e-07    5.613745e-09    1.54532e-07    -5.978907e-10    -7.725797e-08    2.242403e-07
-7.295566e-08    -9.037153e-08    -3.893222e-07    -4.302797e-07    6.687217e-07    -1.167208e-06    -2.302371e-06    4.281386e-06    -4.117152e-07    -5.328397e-07    -1.438736e-08    1.340141e-07    2.659921e-07    6.014816e-08    -5.905567e-07
1.166715e-07    -4.169036e-08    1.225128e-07    3.033748e-07    -3.279464e-07    3.210409e-07    -1.320329e-06    -4.117152e-07    1.53437e-06    -1.456893e-07    3.825729e-07    1.226598e-07    -2.178764e-07    -2.228058e-07    -1.474502e-07
-3.298978e-09    9.899724e-08    1.122982e-07    5.922875e-11    -1.187475e-07    3.583482e-08    2.26815e-07    -5.328397e-07    -1.456893e-07    4.091927e-07    -2.203029e-08    -1.356825e-07    -7.29253e-08    -9.58022e-09    -5.252465e-10
-8.592304e-08    -6.514163e-08    3.405016e-08    9.36981e-08    5.491187e-09    -3.146999e-07    5.613745e-09    -1.438736e-08    3.825729e-07    -2.203029e-08    3.069153e-06    -5.261763e-07    -2.192146e-06    3.374953e-07    8.121976e-08
2.930226e-08    -4.62901e-08    7.30707e-09    4.641594e-08    -5.613856e-08    -2.012429e-07    1.54532e-07    1.340141e-07    1.226598e-07    -1.356825e-07    -5.261763e-07    3.847413e-06    1.141822e-07    -3.192157e-06    8.326779e-07
2.976535e-08    6.509298e-08    -4.297934e-08    -5.439054e-08    5.412662e-08    2.211555e-07    -5.978907e-10    2.659921e-07    -2.178764e-07    -7.29253e-08    -2.192146e-06    1.141822e-07    3.763799e-06    3.70122e-09    -1.990408e-06
-1.372647e-08    -3.235921e-09    -3.44732e-08    -8.591566e-08    8.622935e-08    3.491335e-07    -7.725797e-08    6.014816e-08    -2.228058e-07    -9.58022e-09    3.374953e-07    -3.192157e-06    3.70122e-09    5.55885e-06    -2.989057e-06
8.05633e-08    3.843355e-10    2.788392e-08    -1.741049e-08    -1.768048e-07    7.976387e-08    2.242403e-07    -5.905567e-07    -1.474502e-07    -5.252465e-10    8.121976e-08    8.326779e-07    -1.990408e-06    -2.989057e-06    4.455677e-06
