5.703121e-06    -2.34857e-07    -3.620678e-06    -4.919708e-07    2.5232e-08    1.016356e-08    -2.357844e-08    -6.771174e-09    -1.065127e-07    1.217117e-07
-2.34857e-07    3.926806e-06    -1.002308e-07    -2.260295e-06    3.949029e-07    5.352387e-08    -8.951795e-09    -1.19225e-07    -9.074906e-09    1.409023e-07
-3.620678e-06    -1.002308e-07    4.598383e-06    1.814464e-07    -1.238884e-06    -1.964892e-08    -5.673042e-08    -1.188893e-08    1.642787e-07    -3.384638e-08
-4.919708e-07    -2.260295e-06    1.814464e-07    3.965647e-06    -1.309077e-06    -1.249229e-07    -7.268227e-08    8.17977e-08    1.186355e-07    -1.3299e-08
2.5232e-08    3.949029e-07    -1.238884e-06    -1.309077e-06    3.231137e-06    8.647939e-09    1.215886e-07    8.64343e-08    -9.615525e-08    -1.001582e-07
1.016356e-08    5.352387e-08    -1.964892e-08    -1.249229e-07    8.647939e-09    3.069153e-06    -5.261763e-07    -2.192146e-06    3.374953e-07    8.121976e-08
-2.357844e-08    -8.951795e-09    -5.673042e-08    -7.268227e-08    1.215886e-07    -5.261763e-07    3.847413e-06    1.141822e-07    -3.192157e-06    8.326779e-07
-6.771174e-09    -1.19225e-07    -1.188893e-08    8.17977e-08    8.64343e-08    -2.192146e-06    1.141822e-07    3.763799e-06    3.70122e-09    -1.990408e-06
-1.065127e-07    -9.074906e-09    1.642787e-07    1.186355e-07    -9.615525e-08    3.374953e-07    -3.192157e-06    3.70122e-09    5.55885e-06    -2.989057e-06
1.217117e-07    1.409023e-07    -3.384638e-08    -1.3299e-08    -1.001582e-07    8.121976e-08    8.326779e-07    -1.990408e-06    -2.989057e-06    4.455677e-06
