5.089656e-06    1.888015e-07    -3.277961e-06    8.594094e-08    -2.952586e-07    2.739127e-07    -4.068371e-07    -6.455862e-08    6.676505e-07    -5.142974e-07
1.888015e-07    6.066389e-06    -1.616651e-06    -3.337731e-06    1.28354e-06    -4.217483e-07    -2.80753e-08    -2.340087e-07    -5.41544e-07    9.122665e-07
-3.277961e-06    -1.616651e-06    5.880102e-06    2.169844e-07    -2.446277e-06    -3.023288e-07    -1.52545e-07    -3.046479e-07    -3.471104e-07    9.291437e-07
8.594094e-08    -3.337731e-06    2.169844e-07    5.069693e-06    -1.798967e-06    2.886936e-07    -4.562697e-07    -5.518735e-08    7.771461e-07    -5.158326e-07
-2.952586e-07    1.28354e-06    -2.446277e-06    -1.798967e-06    4.716638e-06    -1.771666e-08    5.649778e-07    4.155895e-07    -3.32302e-07    -4.425948e-07
2.739127e-07    -4.217483e-07    -3.023288e-07    2.886936e-07    -1.771666e-08    3.069153e-06    -5.261763e-07    -2.192146e-06    3.374953e-07    8.121976e-08
-4.068371e-07    -2.80753e-08    -1.52545e-07    -4.562697e-07    5.649778e-07    -5.261763e-07    3.847413e-06    1.141822e-07    -3.192157e-06    8.326779e-07
-6.455862e-08    -2.340087e-07    -3.046479e-07    -5.518735e-08    4.155895e-07    -2.192146e-06    1.141822e-07    3.763799e-06    3.70122e-09    -1.990408e-06
6.676505e-07    -5.41544e-07    -3.471104e-07    7.771461e-07    -3.32302e-07    3.374953e-07    -3.192157e-06    3.70122e-09    5.55885e-06    -2.989057e-06
-5.142974e-07    9.122665e-07    9.291437e-07    -5.158326e-07    -4.425948e-07    8.121976e-08    8.326779e-07    -1.990408e-06    -2.989057e-06    4.455677e-06
