4.725822e-06    -2.000979e-07    -2.906086e-06    -4.483164e-07    1.731308e-07    -1.132741e-07    -7.988891e-08    8.597603e-08    2.795754e-08    3.889732e-08
-2.000979e-07    3.915343e-06    -1.885232e-07    -2.538816e-06    3.615295e-07    8.30651e-09    -2.548356e-08    -6.466145e-08    6.387026e-08    8.688758e-08
-2.906086e-06    -1.885232e-07    4.379507e-06    3.138876e-09    -1.650605e-06    5.794406e-08    -3.641904e-08    -9.589795e-08    5.449001e-08    5.310463e-08
-4.483164e-07    -2.538816e-06    3.138876e-09    4.626585e-06    -1.536757e-06    -2.992966e-08    -1.527241e-08    1.617244e-08    1.460625e-08    3.723275e-08
1.731308e-07    3.615295e-07    -1.650605e-06    -1.536757e-06    3.862514e-06    1.454713e-08    6.297549e-08    5.655251e-08    -6.362476e-08    -1.480941e-07
-1.132741e-07    8.30651e-09    5.794406e-08    -2.992966e-08    1.454713e-08    3.069153e-06    -5.261763e-07    -2.192146e-06    3.374953e-07    8.121976e-08
-7.988891e-08    -2.548356e-08    -3.641904e-08    -1.527241e-08    6.297549e-08    -5.261763e-07    3.847413e-06    1.141822e-07    -3.192157e-06    8.326779e-07
8.597603e-08    -6.466145e-08    -9.589795e-08    1.617244e-08    5.655251e-08    -2.192146e-06    1.141822e-07    3.763799e-06    3.70122e-09    -1.990408e-06
2.795754e-08    6.387026e-08    5.449001e-08    1.460625e-08    -6.362476e-08    3.374953e-07    -3.192157e-06    3.70122e-09    5.55885e-06    -2.989057e-06
3.889732e-08    8.688758e-08    5.310463e-08    3.723275e-08    -1.480941e-07    8.121976e-08    8.326779e-07    -1.990408e-06    -2.989057e-06    4.455677e-06
