2.533777e-06    -4.266937e-07    -1.291445e-06    5.937822e-07    -7.863822e-11    2.288072e-07    -2.568261e-07    -1.957962e-07    3.291202e-07    -7.64295e-08    1.541916e-07    -6.857981e-08    -2.286364e-07    1.41727e-07    2.948195e-08    9.946985e-09    -2.33261e-08    4.404023e-09    -1.247621e-09    5.278942e-08
-4.266937e-07    3.182776e-06    6.380439e-08    -2.655799e-06    8.383507e-07    2.802185e-08    -1.620801e-07    -2.205805e-07    7.662071e-09    1.65037e-07    1.732333e-08    -1.506535e-07    -5.684559e-08    -5.517935e-08    7.806616e-08    -6.992827e-08    2.349795e-08    4.375085e-09    -4.009138e-08    5.548389e-08
-1.291445e-06    6.380439e-08    3.389444e-06    3.92713e-07    -2.300373e-06    1.608145e-07    -2.219309e-07    -3.585337e-07    7.018316e-08    1.817154e-07    1.904817e-07    -2.875859e-07    -2.992843e-07    1.06121e-07    9.452053e-08    -2.960269e-08    -7.22022e-09    -5.601686e-09    -1.542182e-08    8.692396e-09
5.937822e-07    -2.655799e-06    3.92713e-07    5.445952e-06    -3.122491e-06    3.808388e-07    -3.769026e-07    -2.604429e-07    4.031901e-07    -7.962064e-08    4.417084e-07    -2.206271e-07    -5.421892e-07    3.381222e-07    3.05786e-09    1.635465e-07    2.198463e-08    -7.349054e-08    -8.145401e-08    2.169515e-08
-7.863822e-11    8.383507e-07    -2.300373e-06    -3.122491e-06    5.391972e-06    -4.311868e-07    4.763257e-07    5.828956e-07    -3.920022e-07    -1.256018e-07    -5.364166e-07    5.192012e-07    7.455379e-07    -4.115606e-07    -1.212329e-07    -2.343726e-08    3.544416e-08    4.167758e-08    8.38073e-08    -1.991271e-07
2.288072e-07    2.802185e-08    1.608145e-07    3.808388e-07    -4.311868e-07    4.198355e-06    -3.570896e-07    -3.268864e-06    -2.005086e-07    -1.219386e-07    -2.593112e-07    3.754339e-07    3.043467e-07    -1.476575e-07    -9.40225e-08    -4.279614e-07    -9.688824e-08    3.196944e-07    3.070012e-07    1.843657e-07
-2.568261e-07    -1.620801e-07    -2.219309e-07    -3.769026e-07    4.763257e-07    -3.570896e-07    1.233661e-05    -8.056497e-06    -2.337646e-06    6.702505e-07    4.644868e-07    -3.84062e-07    -6.863254e-07    2.936372e-07    1.314173e-07    5.161131e-08    -6.382884e-08    -3.717155e-07    6.069029e-08    8.485476e-07
-1.957962e-07    -2.205805e-07    -3.585337e-07    -2.604429e-07    5.828956e-07    -3.268864e-06    -8.056497e-06    1.231061e-05    -7.233887e-07    -1.183478e-06    3.687862e-07    -4.727328e-07    -4.241961e-07    2.551866e-07    9.716301e-08    -2.237816e-08    1.305968e-07    4.577215e-07    1.749905e-07    -1.002033e-06
3.291202e-07    7.662071e-09    7.018316e-08    4.031901e-07    -3.920022e-07    -2.005086e-07    -2.337646e-06    -7.233887e-07    3.857491e-06    -3.243028e-07    -1.94757e-07    2.349337e-07    3.139268e-07    -8.157929e-08    -1.101688e-07    5.393521e-07    3.237655e-07    -1.117594e-07    -4.850874e-07    -4.689466e-07
-7.64295e-08    1.65037e-07    1.817154e-07    -7.962064e-08    -1.256018e-07    -1.219386e-07    6.702505e-07    -1.183478e-06    -3.243028e-07    1.055329e-06    -1.407761e-07    1.051815e-07    1.723801e-07    -1.413723e-07    5.758597e-09    -7.630763e-08    -1.197049e-07    -1.286879e-07    -7.033174e-08    3.119163e-08
1.541916e-07    1.732333e-08    1.904817e-07    4.417084e-07    -5.364166e-07    -2.593112e-07    4.644868e-07    3.687862e-07    -1.94757e-07    -1.407761e-07    1.522817e-06    -6.193391e-07    -1.167208e-06    3.210409e-07    3.583482e-08    -3.146999e-07    -2.012429e-07    2.211555e-07    3.491335e-07    7.976387e-08
-6.857981e-08    -1.506535e-07    -2.875859e-07    -2.206271e-07    5.192012e-07    3.754339e-07    -3.84062e-07    -4.727328e-07    2.349337e-07    1.051815e-07    -6.193391e-07    4.544071e-06    -2.302371e-06    -1.320329e-06    2.26815e-07    5.613745e-09    1.54532e-07    -5.978907e-10    -7.725797e-08    2.242403e-07
-2.286364e-07    -5.684559e-08    -2.992843e-07    -5.421892e-07    7.455379e-07    3.043467e-07    -6.863254e-07    -4.241961e-07    3.139268e-07    1.723801e-07    -1.167208e-06    -2.302371e-06    4.281386e-06    -4.117152e-07    -5.328397e-07    -1.438736e-08    1.340141e-07    2.659921e-07    6.014816e-08    -5.905567e-07
1.41727e-07    -5.517935e-08    1.06121e-07    3.381222e-07    -4.115606e-07    -1.476575e-07    2.936372e-07    2.551866e-07    -8.157929e-08    -1.413723e-07    3.210409e-07    -1.320329e-06    -4.117152e-07    1.53437e-06    -1.456893e-07    3.825729e-07    1.226598e-07    -2.178764e-07    -2.228058e-07    -1.474502e-07
2.948195e-08    7.806616e-08    9.452053e-08    3.05786e-09    -1.212329e-07    -9.40225e-08    1.314173e-07    9.716301e-08    -1.101688e-07    5.758597e-09    3.583482e-08    2.26815e-07    -5.328397e-07    -1.456893e-07    4.091927e-07    -2.203029e-08    -1.356825e-07    -7.29253e-08    -9.58022e-09    -5.252465e-10
9.946985e-09    -6.992827e-08    -2.960269e-08    1.635465e-07    -2.343726e-08    -4.279614e-07    5.161131e-08    -2.237816e-08    5.393521e-07    -7.630763e-08    -3.146999e-07    5.613745e-09    -1.438736e-08    3.825729e-07    -2.203029e-08    3.069153e-06    -5.261763e-07    -2.192146e-06    3.374953e-07    8.121976e-08
-2.33261e-08    2.349795e-08    -7.22022e-09    2.198463e-08    3.544416e-08    -9.688824e-08    -6.382884e-08    1.305968e-07    3.237655e-07    -1.197049e-07    -2.012429e-07    1.54532e-07    1.340141e-07    1.226598e-07    -1.356825e-07    -5.261763e-07    3.847413e-06    1.141822e-07    -3.192157e-06    8.326779e-07
4.404023e-09    4.375085e-09    -5.601686e-09    -7.349054e-08    4.167758e-08    3.196944e-07    -3.717155e-07    4.577215e-07    -1.117594e-07    -1.286879e-07    2.211555e-07    -5.978907e-10    2.659921e-07    -2.178764e-07    -7.29253e-08    -2.192146e-06    1.141822e-07    3.763799e-06    3.70122e-09    -1.990408e-06
-1.247621e-09    -4.009138e-08    -1.542182e-08    -8.145401e-08    8.38073e-08    3.070012e-07    6.069029e-08    1.749905e-07    -4.850874e-07    -7.033174e-08    3.491335e-07    -7.725797e-08    6.014816e-08    -2.228058e-07    -9.58022e-09    3.374953e-07    -3.192157e-06    3.70122e-09    5.55885e-06    -2.989057e-06
5.278942e-08    5.548389e-08    8.692396e-09    2.169515e-08    -1.991271e-07    1.843657e-07    8.485476e-07    -1.002033e-06    -4.689466e-07    3.119163e-08    7.976387e-08    2.242403e-07    -5.905567e-07    -1.474502e-07    -5.252465e-10    8.121976e-08    8.326779e-07    -1.990408e-06    -2.989057e-06    4.455677e-06
