5.182159e-06    3.853866e-07    -2.464886e-06    -2.743596e-07    -9.928149e-08    3.797014e-07    -2.453327e-07    -4.536512e-07    3.168315e-07    2.196417e-08    1.5306e-07    8.906832e-09    -9.780706e-08    -1.293058e-08    5.812654e-08
3.853866e-07    4.010525e-06    -3.291143e-07    -2.734395e-06    8.042172e-07    1.054755e-07    -2.480065e-07    -1.472948e-07    4.244207e-08    8.386617e-08    1.114263e-09    4.874875e-08    -6.897453e-08    -4.978705e-08    7.589947e-08
-2.464886e-06    -3.291143e-07    3.647567e-06    1.099244e-07    -1.724072e-06    4.036776e-08    -1.591519e-07    -1.284061e-07    -3.135706e-08    8.638889e-08    -1.142016e-07    -5.783841e-08    8.134886e-08    1.875785e-08    -1.084192e-08
-2.743596e-07    -2.734395e-06    1.099244e-07    5.123746e-06    -2.446878e-06    2.434416e-07    -7.156501e-08    -3.651864e-07    1.820035e-07    2.325445e-08    2.187631e-09    8.045425e-09    1.186762e-08    -9.458259e-08    9.615147e-08
-9.928149e-08    8.042172e-07    -1.724072e-06    -2.446878e-06    5.950417e-06    -3.850178e-07    3.944104e-07    5.184325e-07    -2.382958e-07    -9.735618e-08    8.02697e-08    -1.290349e-07    2.09955e-08    1.961559e-07    -1.946721e-07
3.797014e-07    1.054755e-07    4.036776e-08    2.434416e-07    -3.850178e-07    1.522817e-06    -6.193391e-07    -1.167208e-06    3.210409e-07    3.583482e-08    -3.146999e-07    -2.012429e-07    2.211555e-07    3.491335e-07    7.976387e-08
-2.453327e-07    -2.480065e-07    -1.591519e-07    -7.156501e-08    3.944104e-07    -6.193391e-07    4.544071e-06    -2.302371e-06    -1.320329e-06    2.26815e-07    5.613745e-09    1.54532e-07    -5.978907e-10    -7.725797e-08    2.242403e-07
-4.536512e-07    -1.472948e-07    -1.284061e-07    -3.651864e-07    5.184325e-07    -1.167208e-06    -2.302371e-06    4.281386e-06    -4.117152e-07    -5.328397e-07    -1.438736e-08    1.340141e-07    2.659921e-07    6.014816e-08    -5.905567e-07
3.168315e-07    4.244207e-08    -3.135706e-08    1.820035e-07    -2.382958e-07    3.210409e-07    -1.320329e-06    -4.117152e-07    1.53437e-06    -1.456893e-07    3.825729e-07    1.226598e-07    -2.178764e-07    -2.228058e-07    -1.474502e-07
2.196417e-08    8.386617e-08    8.638889e-08    2.325445e-08    -9.735618e-08    3.583482e-08    2.26815e-07    -5.328397e-07    -1.456893e-07    4.091927e-07    -2.203029e-08    -1.356825e-07    -7.29253e-08    -9.58022e-09    -5.252465e-10
1.5306e-07    1.114263e-09    -1.142016e-07    2.187631e-09    8.02697e-08    -3.146999e-07    5.613745e-09    -1.438736e-08    3.825729e-07    -2.203029e-08    3.069153e-06    -5.261763e-07    -2.192146e-06    3.374953e-07    8.121976e-08
8.906832e-09    4.874875e-08    -5.783841e-08    8.045425e-09    -1.290349e-07    -2.012429e-07    1.54532e-07    1.340141e-07    1.226598e-07    -1.356825e-07    -5.261763e-07    3.847413e-06    1.141822e-07    -3.192157e-06    8.326779e-07
-9.780706e-08    -6.897453e-08    8.134886e-08    1.186762e-08    2.09955e-08    2.211555e-07    -5.978907e-10    2.659921e-07    -2.178764e-07    -7.29253e-08    -2.192146e-06    1.141822e-07    3.763799e-06    3.70122e-09    -1.990408e-06
-1.293058e-08    -4.978705e-08    1.875785e-08    -9.458259e-08    1.961559e-07    3.491335e-07    -7.725797e-08    6.014816e-08    -2.228058e-07    -9.58022e-09    3.374953e-07    -3.192157e-06    3.70122e-09    5.55885e-06    -2.989057e-06
5.812654e-08    7.589947e-08    -1.084192e-08    9.615147e-08    -1.946721e-07    7.976387e-08    2.242403e-07    -5.905567e-07    -1.474502e-07    -5.252465e-10    8.121976e-08    8.326779e-07    -1.990408e-06    -2.989057e-06    4.455677e-06
