4.633149e-06    -2.226528e-08    -2.577992e-06    -5.526539e-07    -3.784037e-08    4.554006e-07    -2.837427e-07    -4.219777e-08    5.930196e-07    -2.790469e-07    2.16896e-07    -1.263354e-07    -2.30133e-07    2.078061e-07    6.419118e-10    -4.422651e-08    -6.759097e-08    8.665058e-08    -4.291688e-09    -7.240748e-08
-2.226528e-08    4.314035e-06    -1.467289e-07    -2.935138e-06    3.404764e-07    -1.197468e-06    1.110297e-06    1.216484e-06    -1.03292e-06    -1.22857e-08    9.591074e-08    -1.770797e-07    -1.18038e-07    8.561725e-09    5.950345e-08    -8.645105e-09    -3.202757e-09    -1.103003e-07    -2.617664e-09    1.591118e-07
-2.577992e-06    -1.467289e-07    3.894266e-06    -7.059169e-08    -1.365414e-06    -1.004715e-06    1.036136e-06    9.697041e-07    -9.436935e-07    -4.174263e-08    1.008178e-07    -1.451198e-07    -2.017769e-07    -1.72999e-08    7.663223e-08    -9.532347e-10    2.564343e-08    -6.362784e-08    2.166702e-08    1.345874e-07
-5.526539e-07    -2.935138e-06    -7.059169e-08    4.830318e-06    -1.433847e-06    7.454807e-07    -2.669994e-07    -3.90639e-07    5.584895e-07    -2.680226e-07    2.137476e-07    -9.793796e-08    -2.934262e-07    1.817676e-07    1.456897e-08    -2.502888e-08    -6.297353e-09    7.010587e-08    9.216893e-09    -6.356717e-09
-3.784037e-08    3.404764e-07    -1.365414e-06    -1.433847e-06    3.642288e-06    5.199296e-07    -7.745317e-07    -9.416435e-07    3.714423e-07    3.107753e-07    -3.17325e-07    2.608052e-07    4.399936e-07    -1.743284e-07    -7.878297e-08    5.065704e-08    2.23287e-08    -6.714699e-09    -1.785378e-08    -9.955084e-08
4.554006e-07    -1.197468e-06    -1.004715e-06    7.454807e-07    5.199296e-07    4.198355e-06    -3.570896e-07    -3.268864e-06    -2.005086e-07    -1.219386e-07    -2.593112e-07    3.754339e-07    3.043467e-07    -1.476575e-07    -9.40225e-08    -4.279614e-07    -9.688824e-08    3.196944e-07    3.070012e-07    1.843657e-07
-2.837427e-07    1.110297e-06    1.036136e-06    -2.669994e-07    -7.745317e-07    -3.570896e-07    1.233661e-05    -8.056497e-06    -2.337646e-06    6.702505e-07    4.644868e-07    -3.84062e-07    -6.863254e-07    2.936372e-07    1.314173e-07    5.161131e-08    -6.382884e-08    -3.717155e-07    6.069029e-08    8.485476e-07
-4.219777e-08    1.216484e-06    9.697041e-07    -3.90639e-07    -9.416435e-07    -3.268864e-06    -8.056497e-06    1.231061e-05    -7.233887e-07    -1.183478e-06    3.687862e-07    -4.727328e-07    -4.241961e-07    2.551866e-07    9.716301e-08    -2.237816e-08    1.305968e-07    4.577215e-07    1.749905e-07    -1.002033e-06
5.930196e-07    -1.03292e-06    -9.436935e-07    5.584895e-07    3.714423e-07    -2.005086e-07    -2.337646e-06    -7.233887e-07    3.857491e-06    -3.243028e-07    -1.94757e-07    2.349337e-07    3.139268e-07    -8.157929e-08    -1.101688e-07    5.393521e-07    3.237655e-07    -1.117594e-07    -4.850874e-07    -4.689466e-07
-2.790469e-07    -1.22857e-08    -4.174263e-08    -2.680226e-07    3.107753e-07    -1.219386e-07    6.702505e-07    -1.183478e-06    -3.243028e-07    1.055329e-06    -1.407761e-07    1.051815e-07    1.723801e-07    -1.413723e-07    5.758597e-09    -7.630763e-08    -1.197049e-07    -1.286879e-07    -7.033174e-08    3.119163e-08
2.16896e-07    9.591074e-08    1.008178e-07    2.137476e-07    -3.17325e-07    -2.593112e-07    4.644868e-07    3.687862e-07    -1.94757e-07    -1.407761e-07    1.522817e-06    -6.193391e-07    -1.167208e-06    3.210409e-07    3.583482e-08    -3.146999e-07    -2.012429e-07    2.211555e-07    3.491335e-07    7.976387e-08
-1.263354e-07    -1.770797e-07    -1.451198e-07    -9.793796e-08    2.608052e-07    3.754339e-07    -3.84062e-07    -4.727328e-07    2.349337e-07    1.051815e-07    -6.193391e-07    4.544071e-06    -2.302371e-06    -1.320329e-06    2.26815e-07    5.613745e-09    1.54532e-07    -5.978907e-10    -7.725797e-08    2.242403e-07
-2.30133e-07    -1.18038e-07    -2.017769e-07    -2.934262e-07    4.399936e-07    3.043467e-07    -6.863254e-07    -4.241961e-07    3.139268e-07    1.723801e-07    -1.167208e-06    -2.302371e-06    4.281386e-06    -4.117152e-07    -5.328397e-07    -1.438736e-08    1.340141e-07    2.659921e-07    6.014816e-08    -5.905567e-07
2.078061e-07    8.561725e-09    -1.72999e-08    1.817676e-07    -1.743284e-07    -1.476575e-07    2.936372e-07    2.551866e-07    -8.157929e-08    -1.413723e-07    3.210409e-07    -1.320329e-06    -4.117152e-07    1.53437e-06    -1.456893e-07    3.825729e-07    1.226598e-07    -2.178764e-07    -2.228058e-07    -1.474502e-07
6.419118e-10    5.950345e-08    7.663223e-08    1.456897e-08    -7.878297e-08    -9.40225e-08    1.314173e-07    9.716301e-08    -1.101688e-07    5.758597e-09    3.583482e-08    2.26815e-07    -5.328397e-07    -1.456893e-07    4.091927e-07    -2.203029e-08    -1.356825e-07    -7.29253e-08    -9.58022e-09    -5.252465e-10
-4.422651e-08    -8.645105e-09    -9.532347e-10    -2.502888e-08    5.065704e-08    -4.279614e-07    5.161131e-08    -2.237816e-08    5.393521e-07    -7.630763e-08    -3.146999e-07    5.613745e-09    -1.438736e-08    3.825729e-07    -2.203029e-08    3.069153e-06    -5.261763e-07    -2.192146e-06    3.374953e-07    8.121976e-08
-6.759097e-08    -3.202757e-09    2.564343e-08    -6.297353e-09    2.23287e-08    -9.688824e-08    -6.382884e-08    1.305968e-07    3.237655e-07    -1.197049e-07    -2.012429e-07    1.54532e-07    1.340141e-07    1.226598e-07    -1.356825e-07    -5.261763e-07    3.847413e-06    1.141822e-07    -3.192157e-06    8.326779e-07
8.665058e-08    -1.103003e-07    -6.362784e-08    7.010587e-08    -6.714699e-09    3.196944e-07    -3.717155e-07    4.577215e-07    -1.117594e-07    -1.286879e-07    2.211555e-07    -5.978907e-10    2.659921e-07    -2.178764e-07    -7.29253e-08    -2.192146e-06    1.141822e-07    3.763799e-06    3.70122e-09    -1.990408e-06
-4.291688e-09    -2.617664e-09    2.166702e-08    9.216893e-09    -1.785378e-08    3.070012e-07    6.069029e-08    1.749905e-07    -4.850874e-07    -7.033174e-08    3.491335e-07    -7.725797e-08    6.014816e-08    -2.228058e-07    -9.58022e-09    3.374953e-07    -3.192157e-06    3.70122e-09    5.55885e-06    -2.989057e-06
-7.240748e-08    1.591118e-07    1.345874e-07    -6.356717e-09    -9.955084e-08    1.843657e-07    8.485476e-07    -1.002033e-06    -4.689466e-07    3.119163e-08    7.976387e-08    2.242403e-07    -5.905567e-07    -1.474502e-07    -5.252465e-10    8.121976e-08    8.326779e-07    -1.990408e-06    -2.989057e-06    4.455677e-06
