2.600983e-06    -3.286611e-07    -1.342674e-06    6.021406e-07    1.593954e-08    3.888034e-07    -3.379323e-07    -4.895286e-07    1.447335e-07    1.222633e-07    2.424749e-07    -1.070363e-07    -3.07383e-07    2.20157e-07    -3.092637e-08    1.607309e-07    -1.733268e-07    -7.295566e-08    1.166715e-07    -3.298978e-09    9.374908e-08    3.270844e-09    -2.807009e-08    5.834329e-08    -4.599071e-08    -8.592304e-08    2.930226e-08    2.976535e-08    -1.372647e-08    8.05633e-08
-3.286611e-07    3.160636e-06    -1.907102e-08    -2.568925e-06    8.523284e-07    -5.789461e-07    -9.186669e-08    9.859184e-08    -2.628482e-07    3.697421e-07    7.58983e-08    -2.550777e-07    -1.889188e-07    2.393839e-08    1.519875e-07    1.979408e-09    -1.352581e-07    -9.037153e-08    -4.169036e-08    9.899724e-08    -3.247301e-07    2.740387e-07    3.112613e-07    -2.292059e-07    -9.153071e-09    -6.514163e-08    -4.62901e-08    6.509298e-08    -3.235921e-09    3.843355e-10
-1.342674e-06    -1.907102e-08    3.326219e-06    3.893051e-07    -2.172842e-06    -4.521737e-07    -2.759046e-07    -2.495672e-08    -9.041544e-08    3.638052e-07    1.154778e-07    -2.116157e-07    -2.787047e-07    6.528456e-08    1.359093e-07    2.154068e-07    -2.490564e-07    -3.893222e-07    1.225128e-07    1.122982e-07    -2.441429e-07    2.180169e-07    3.981324e-07    -9.126344e-08    -1.82284e-07    3.405016e-08    7.30707e-09    -4.297934e-08    -3.44732e-08    2.788392e-08
6.021406e-07    -2.568925e-06    3.893051e-07    5.404785e-06    -3.126419e-06    6.987241e-07    -6.368619e-07    -6.727893e-07    3.81788e-07    8.113127e-08    3.136192e-07    -2.552282e-07    -3.136161e-07    3.620669e-07    -4.917608e-08    4.402275e-07    -2.731041e-07    -4.302797e-07    3.033748e-07    5.922875e-11    2.525584e-07    -5.652009e-09    -9.434805e-09    2.929974e-07    -2.1823e-07    9.36981e-08    4.641594e-08    -5.439054e-08    -8.591566e-08    -1.741049e-08
1.593954e-08    8.523284e-07    -2.172842e-06    -3.126419e-06    5.295479e-06    1.275625e-07    9.773109e-07    5.112449e-07    -3.198902e-07    -5.233561e-07    -4.65636e-07    4.275985e-07    6.865316e-07    -3.757029e-07    -1.427448e-07    -5.235779e-07    4.538303e-07    6.687217e-07    -3.279464e-07    -1.187475e-07    1.701414e-07    -1.572063e-07    -4.616511e-07    -1.705929e-07    3.25115e-07    5.491187e-09    -5.613856e-08    5.412662e-08    8.622935e-08    -1.768048e-07
3.888034e-07    -5.789461e-07    -4.521737e-07    6.987241e-07    1.275625e-07    5.703121e-06    -2.34857e-07    -3.620678e-06    -4.919708e-07    2.5232e-08    6.206147e-07    -6.736868e-08    -4.64403e-07    7.299834e-07    -3.557775e-07    2.346637e-07    -1.895292e-07    -2.463728e-07    2.161349e-07    9.030757e-09    4.996768e-07    9.104961e-08    -3.357648e-07    8.084479e-08    -1.328057e-07    1.016356e-08    -2.357844e-08    -6.771174e-09    -1.065127e-07    1.217117e-07
-3.379323e-07    -9.186669e-08    -2.759046e-07    -6.368619e-07    9.773109e-07    -2.34857e-07    3.926806e-06    -1.002308e-07    -2.260295e-06    3.949029e-07    -1.202926e-06    1.312669e-06    1.054909e-06    -1.012801e-06    -3.257415e-08    1.316472e-07    -2.393649e-07    -2.425184e-07    9.860494e-08    9.836354e-08    -3.86392e-08    6.518439e-07    1.243227e-07    -3.972634e-07    -5.544073e-08    5.352387e-08    -8.951795e-09    -1.19225e-07    -9.074906e-09    1.409023e-07
-4.895286e-07    9.859184e-08    -2.495672e-08    -6.727893e-07    5.112449e-07    -3.620678e-06    -1.002308e-07    4.598383e-06    1.814464e-07    -1.238884e-06    -1.111521e-06    9.251509e-07    1.160871e-06    -1.007568e-06    6.544276e-09    4.496711e-08    -1.350327e-07    -1.318282e-07    2.869286e-08    6.401458e-08    -3.444844e-07    2.650413e-07    5.913421e-07    -2.652693e-07    -1.947615e-07    -1.964892e-08    -5.673042e-08    -1.188893e-08    1.642787e-07    -3.384638e-08
1.447335e-07    -2.628482e-07    -9.041544e-08    3.81788e-07    -3.198902e-07    -4.919708e-07    -2.260295e-06    1.814464e-07    3.965647e-06    -1.309077e-06    6.712351e-07    -3.595873e-07    -1.397364e-07    4.008292e-07    -2.393945e-07    2.14659e-07    -6.626004e-08    -1.933932e-07    1.020882e-07    -2.783958e-08    2.493853e-08    -2.701905e-07    2.322114e-07    4.741699e-07    -3.029323e-07    -1.249229e-07    -7.268227e-08    8.17977e-08    1.186355e-07    -1.3299e-08
1.222633e-07    3.697421e-07    3.638052e-07    8.113127e-08    -5.233561e-07    2.5232e-08    3.949029e-07    -1.238884e-06    -1.309077e-06    3.231137e-06    3.649477e-07    -7.625569e-07    -5.475923e-07    3.779965e-07    1.547547e-07    -2.010852e-07    2.149651e-07    3.156562e-07    -1.609942e-07    -7.112241e-08    -1.993957e-08    -2.340972e-07    -4.087796e-07    9.811887e-08    6.216801e-07    8.647939e-09    1.215886e-07    8.64343e-08    -9.615525e-08    -1.001582e-07
2.424749e-07    7.58983e-08    1.154778e-07    3.136192e-07    -4.65636e-07    6.206147e-07    -1.202926e-06    -1.111521e-06    6.712351e-07    3.649477e-07    4.198355e-06    -3.570896e-07    -3.268864e-06    -2.005086e-07    -1.219386e-07    -2.593112e-07    3.754339e-07    3.043467e-07    -1.476575e-07    -9.40225e-08    4.649931e-08    -4.078748e-07    -3.055668e-07    6.239246e-08    2.561084e-07    -4.279614e-07    -9.688824e-08    3.196944e-07    3.070012e-07    1.843657e-07
-1.070363e-07    -2.550777e-07    -2.116157e-07    -2.552282e-07    4.275985e-07    -6.736868e-08    1.312669e-06    9.251509e-07    -3.595873e-07    -7.625569e-07    -3.570896e-07    1.233661e-05    -8.056497e-06    -2.337646e-06    6.702505e-07    4.644868e-07    -3.84062e-07    -6.863254e-07    2.936372e-07    1.314173e-07    -3.894495e-07    6.327667e-07    9.753832e-07    -2.244752e-07    -5.638832e-07    5.161131e-08    -6.382884e-08    -3.717155e-07    6.069029e-08    8.485476e-07
-3.07383e-07    -1.889188e-07    -2.787047e-07    -3.136161e-07    6.865316e-07    -4.64403e-07    1.054909e-06    1.160871e-06    -1.397364e-07    -5.475923e-07    -3.268864e-06    -8.056497e-06    1.231061e-05    -7.233887e-07    -1.183478e-06    3.687862e-07    -4.727328e-07    -4.241961e-07    2.551866e-07    9.716301e-08    3.418397e-07    7.192125e-08    -1.530009e-07    1.47668e-07    -1.028639e-07    -2.237816e-08    1.305968e-07    4.577215e-07    1.749905e-07    -1.002033e-06
2.20157e-07    2.393839e-08    6.528456e-08    3.620669e-07    -3.757029e-07    7.299834e-07    -1.012801e-06    -1.007568e-06    4.008292e-07    3.779965e-07    -2.005086e-07    -2.337646e-06    -7.233887e-07    3.857491e-06    -3.243028e-07    -1.94757e-07    2.349337e-07    3.139268e-07    -8.157929e-08    -1.101688e-07    3.731558e-08    -4.195931e-07    -5.631633e-07    7.775403e-08    4.888504e-07    5.393521e-07    3.237655e-07    -1.117594e-07    -4.850874e-07    -4.689466e-07
-3.092637e-08    1.519875e-07    1.359093e-07    -4.917608e-08    -1.427448e-07    -3.557775e-07    -3.257415e-08    6.544276e-09    -2.393945e-07    1.547547e-07    -1.219386e-07    6.702505e-07    -1.183478e-06    -3.243028e-07    1.055329e-06    -1.407761e-07    1.051815e-07    1.723801e-07    -1.413723e-07    5.758597e-09    -4.429696e-08    7.680828e-08    9.280066e-08    -4.88696e-08    -6.607448e-08    -7.630763e-08    -1.197049e-07    -1.286879e-07    -7.033174e-08    3.119163e-08
1.607309e-07    1.979408e-09    2.154068e-07    4.402275e-07    -5.235779e-07    2.346637e-07    1.316472e-07    4.496711e-08    2.14659e-07    -2.010852e-07    -2.593112e-07    4.644868e-07    3.687862e-07    -1.94757e-07    -1.407761e-07    1.522817e-06    -6.193391e-07    -1.167208e-06    3.210409e-07    3.583482e-08    5.733863e-08    4.406349e-07    4.798839e-07    6.192405e-08    -5.381362e-07    -3.146999e-07    -2.012429e-07    2.211555e-07    3.491335e-07    7.976387e-08
-1.733268e-07    -1.352581e-07    -2.490564e-07    -2.731041e-07    4.538303e-07    -1.895292e-07    -2.393649e-07    -1.350327e-07    -6.626004e-08    2.149651e-07    3.754339e-07    -3.84062e-07    -4.727328e-07    2.349337e-07    1.051815e-07    -6.193391e-07    4.544071e-06    -2.302371e-06    -1.320329e-06    2.26815e-07    1.607544e-07    -6.425431e-07    -4.732177e-07    2.877471e-07    3.105832e-07    5.613745e-09    1.54532e-07    -5.978907e-10    -7.725797e-08    2.242403e-07
-7.295566e-08    -9.037153e-08    -3.893222e-07    -4.302797e-07    6.687217e-07    -2.463728e-07    -2.425184e-07    -1.318282e-07    -1.933932e-07    3.156562e-07    3.043467e-07    -6.863254e-07    -4.241961e-07    3.139268e-07    1.723801e-07    -1.167208e-06    -2.302371e-06    4.281386e-06    -4.117152e-07    -5.328397e-07    -1.254345e-08    -4.902458e-07    -7.001094e-07    -4.112934e-08    6.788305e-07    -1.438736e-08    1.340141e-07    2.659921e-07    6.014816e-08    -5.905567e-07
1.166715e-07    -4.169036e-08    1.225128e-07    3.033748e-07    -3.279464e-07    2.161349e-07    9.860494e-08    2.869286e-08    1.020882e-07    -1.609942e-07    -1.476575e-07    2.936372e-07    2.551866e-07    -8.157929e-08    -1.413723e-07    3.210409e-07    -1.320329e-06    -4.117152e-07    1.53437e-06    -1.456893e-07    1.502376e-07    1.8618e-07    2.561749e-07    1.401506e-07    -3.882121e-07    3.825729e-07    1.226598e-07    -2.178764e-07    -2.228058e-07    -1.474502e-07
-3.298978e-09    9.899724e-08    1.122982e-07    5.922875e-11    -1.187475e-07    9.030757e-09    9.836354e-08    6.401458e-08    -2.783958e-08    -7.112241e-08    -9.40225e-08    1.314173e-07    9.716301e-08    -1.101688e-07    5.758597e-09    3.583482e-08    2.26815e-07    -5.328397e-07    -1.456893e-07    4.091927e-07    -1.285543e-07    2.014222e-07    1.594599e-07    -1.762198e-07    -1.655145e-08    -2.203029e-08    -1.356825e-07    -7.29253e-08    -9.58022e-09    -5.252465e-10
9.374908e-08    -3.247301e-07    -2.441429e-07    2.525584e-07    1.701414e-07    4.996768e-07    -3.86392e-08    -3.444844e-07    2.493853e-08    -1.993957e-08    4.649931e-08    -3.894495e-07    3.418397e-07    3.731558e-08    -4.429696e-08    5.733863e-08    1.607544e-07    -1.254345e-08    1.502376e-07    -1.285543e-07    5.089656e-06    1.888015e-07    -3.277961e-06    8.594094e-08    -2.952586e-07    2.739127e-07    -4.068371e-07    -6.455862e-08    6.676505e-07    -5.142974e-07
3.270844e-09    2.740387e-07    2.180169e-07    -5.652009e-09    -1.572063e-07    9.104961e-08    6.518439e-07    2.650413e-07    -2.701905e-07    -2.340972e-07    -4.078748e-07    6.327667e-07    7.192125e-08    -4.195931e-07    7.680828e-08    4.406349e-07    -6.425431e-07    -4.902458e-07    1.8618e-07    2.014222e-07    1.888015e-07    6.066389e-06    -1.616651e-06    -3.337731e-06    1.28354e-06    -4.217483e-07    -2.80753e-08    -2.340087e-07    -5.41544e-07    9.122665e-07
-2.807009e-08    3.112613e-07    3.981324e-07    -9.434805e-09    -4.616511e-07    -3.357648e-07    1.243227e-07    5.913421e-07    2.322114e-07    -4.087796e-07    -3.055668e-07    9.753832e-07    -1.530009e-07    -5.631633e-07    9.280066e-08    4.798839e-07    -4.732177e-07    -7.001094e-07    2.561749e-07    1.594599e-07    -3.277961e-06    -1.616651e-06    5.880102e-06    2.169844e-07    -2.446277e-06    -3.023288e-07    -1.52545e-07    -3.046479e-07    -3.471104e-07    9.291437e-07
5.834329e-08    -2.292059e-07    -9.126344e-08    2.929974e-07    -1.705929e-07    8.084479e-08    -3.972634e-07    -2.652693e-07    4.741699e-07    9.811887e-08    6.239246e-08    -2.244752e-07    1.47668e-07    7.775403e-08    -4.88696e-08    6.192405e-08    2.877471e-07    -4.112934e-08    1.401506e-07    -1.762198e-07    8.594094e-08    -3.337731e-06    2.169844e-07    5.069693e-06    -1.798967e-06    2.886936e-07    -4.562697e-07    -5.518735e-08    7.771461e-07    -5.158326e-07
-4.599071e-08    -9.153071e-09    -1.82284e-07    -2.1823e-07    3.25115e-07    -1.328057e-07    -5.544073e-08    -1.947615e-07    -3.029323e-07    6.216801e-07    2.561084e-07    -5.638832e-07    -1.028639e-07    4.888504e-07    -6.607448e-08    -5.381362e-07    3.105832e-07    6.788305e-07    -3.882121e-07    -1.655145e-08    -2.952586e-07    1.28354e-06    -2.446277e-06    -1.798967e-06    4.716638e-06    -1.771666e-08    5.649778e-07    4.155895e-07    -3.32302e-07    -4.425948e-07
-8.592304e-08    -6.514163e-08    3.405016e-08    9.36981e-08    5.491187e-09    1.016356e-08    5.352387e-08    -1.964892e-08    -1.249229e-07    8.647939e-09    -4.279614e-07    5.161131e-08    -2.237816e-08    5.393521e-07    -7.630763e-08    -3.146999e-07    5.613745e-09    -1.438736e-08    3.825729e-07    -2.203029e-08    2.739127e-07    -4.217483e-07    -3.023288e-07    2.886936e-07    -1.771666e-08    3.069153e-06    -5.261763e-07    -2.192146e-06    3.374953e-07    8.121976e-08
2.930226e-08    -4.62901e-08    7.30707e-09    4.641594e-08    -5.613856e-08    -2.357844e-08    -8.951795e-09    -5.673042e-08    -7.268227e-08    1.215886e-07    -9.688824e-08    -6.382884e-08    1.305968e-07    3.237655e-07    -1.197049e-07    -2.012429e-07    1.54532e-07    1.340141e-07    1.226598e-07    -1.356825e-07    -4.068371e-07    -2.80753e-08    -1.52545e-07    -4.562697e-07    5.649778e-07    -5.261763e-07    3.847413e-06    1.141822e-07    -3.192157e-06    8.326779e-07
2.976535e-08    6.509298e-08    -4.297934e-08    -5.439054e-08    5.412662e-08    -6.771174e-09    -1.19225e-07    -1.188893e-08    8.17977e-08    8.64343e-08    3.196944e-07    -3.717155e-07    4.577215e-07    -1.117594e-07    -1.286879e-07    2.211555e-07    -5.978907e-10    2.659921e-07    -2.178764e-07    -7.29253e-08    -6.455862e-08    -2.340087e-07    -3.046479e-07    -5.518735e-08    4.155895e-07    -2.192146e-06    1.141822e-07    3.763799e-06    3.70122e-09    -1.990408e-06
-1.372647e-08    -3.235921e-09    -3.44732e-08    -8.591566e-08    8.622935e-08    -1.065127e-07    -9.074906e-09    1.642787e-07    1.186355e-07    -9.615525e-08    3.070012e-07    6.069029e-08    1.749905e-07    -4.850874e-07    -7.033174e-08    3.491335e-07    -7.725797e-08    6.014816e-08    -2.228058e-07    -9.58022e-09    6.676505e-07    -5.41544e-07    -3.471104e-07    7.771461e-07    -3.32302e-07    3.374953e-07    -3.192157e-06    3.70122e-09    5.55885e-06    -2.989057e-06
8.05633e-08    3.843355e-10    2.788392e-08    -1.741049e-08    -1.768048e-07    1.217117e-07    1.409023e-07    -3.384638e-08    -1.3299e-08    -1.001582e-07    1.843657e-07    8.485476e-07    -1.002033e-06    -4.689466e-07    3.119163e-08    7.976387e-08    2.242403e-07    -5.905567e-07    -1.474502e-07    -5.252465e-10    -5.142974e-07    9.122665e-07    9.291437e-07    -5.158326e-07    -4.425948e-07    8.121976e-08    8.326779e-07    -1.990408e-06    -2.989057e-06    4.455677e-06
