2.600983e-06    -3.286611e-07    -1.342674e-06    6.021406e-07    1.593954e-08    2.069964e-07    1.989745e-08    -1.024905e-07    -1.090638e-07    -5.563546e-08    2.424749e-07    -1.070363e-07    -3.07383e-07    2.20157e-07    -3.092637e-08    1.607309e-07    -1.733268e-07    -7.295566e-08    1.166715e-07    -3.298978e-09    9.374908e-08    3.270844e-09    -2.807009e-08    5.834329e-08    -4.599071e-08    9.983419e-08    6.130515e-09    4.178487e-08    1.212171e-07    -1.30667e-07    -8.592304e-08    2.930226e-08    2.976535e-08    -1.372647e-08    8.05633e-08
-3.286611e-07    3.160636e-06    -1.907102e-08    -2.568925e-06    8.523284e-07    1.479598e-08    -1.404393e-09    1.383991e-08    -3.354946e-08    -1.799961e-08    7.58983e-08    -2.550777e-07    -1.889188e-07    2.393839e-08    1.519875e-07    1.979408e-09    -1.352581e-07    -9.037153e-08    -4.169036e-08    9.899724e-08    -3.247301e-07    2.740387e-07    3.112613e-07    -2.292059e-07    -9.153071e-09    -1.741134e-07    2.932016e-07    2.46215e-07    -1.506201e-07    -6.480217e-08    -6.514163e-08    -4.62901e-08    6.509298e-08    -3.235921e-09    3.843355e-10
-1.342674e-06    -1.907102e-08    3.326219e-06    3.893051e-07    -2.172842e-06    -1.095566e-08    4.165725e-08    1.345614e-08    -6.975159e-09    5.681905e-08    1.154778e-07    -2.116157e-07    -2.787047e-07    6.528456e-08    1.359093e-07    2.154068e-07    -2.490564e-07    -3.893222e-07    1.225128e-07    1.122982e-07    -2.441429e-07    2.180169e-07    3.981324e-07    -9.126344e-08    -1.82284e-07    -1.234787e-07    2.339987e-07    2.630445e-07    -9.270565e-08    -1.421591e-07    3.405016e-08    7.30707e-09    -4.297934e-08    -3.44732e-08    2.788392e-08
6.021406e-07    -2.568925e-06    3.893051e-07    5.404785e-06    -3.126419e-06    7.863944e-08    6.98556e-08    -6.084864e-08    1.043285e-08    4.299014e-08    3.136192e-07    -2.552282e-07    -3.136161e-07    3.620669e-07    -4.917608e-08    4.402275e-07    -2.731041e-07    -4.302797e-07    3.033748e-07    5.922875e-11    2.525584e-07    -5.652009e-09    -9.434805e-09    2.929974e-07    -2.1823e-07    1.633056e-07    -7.861729e-08    -7.126372e-08    1.824258e-07    -1.230055e-07    9.36981e-08    4.641594e-08    -5.439054e-08    -8.591566e-08    -1.741049e-08
1.593954e-08    8.523284e-07    -2.172842e-06    -3.126419e-06    5.295479e-06    -1.793131e-07    -1.393694e-07    9.142343e-08    1.465645e-07    2.844108e-08    -4.65636e-07    4.275985e-07    6.865316e-07    -3.757029e-07    -1.427448e-07    -5.235779e-07    4.538303e-07    6.687217e-07    -3.279464e-07    -1.187475e-07    1.701414e-07    -1.572063e-07    -4.616511e-07    -1.705929e-07    3.25115e-07    5.262328e-08    -3.219784e-07    -2.826443e-07    -3.297751e-08    2.677771e-07    5.491187e-09    -5.613856e-08    5.412662e-08    8.622935e-08    -1.768048e-07
2.069964e-07    1.479598e-08    -1.095566e-08    7.863944e-08    -1.793131e-07    5.787415e-06    -1.517737e-07    -3.65629e-06    -6.46969e-07    4.738515e-08    5.984194e-07    -1.61898e-07    -3.509038e-07    7.381918e-07    -3.814162e-07    2.388655e-07    -1.816049e-07    -3.097389e-07    2.929761e-07    -6.845463e-10    1.900181e-07    -3.275638e-07    -2.05919e-08    5.667602e-07    -2.485507e-07    5.745206e-07    -5.183373e-07    -5.571258e-07    5.894074e-07    -7.494272e-08    5.998913e-08    8.128973e-08    9.095565e-08    -1.185272e-07    -2.905775e-08
1.989745e-08    -1.404393e-09    4.165725e-08    6.98556e-08    -1.393694e-07    -1.517737e-07    3.908859e-06    -1.424873e-07    -2.216408e-06    4.061929e-07    -1.15925e-06    1.223016e-06    1.151757e-06    -1.021974e-06    -7.291293e-08    1.278184e-07    -2.480294e-07    -1.937756e-07    6.225614e-08    7.523697e-08    -4.149705e-07    1.193727e-07    6.313288e-07    -3.007748e-08    -2.087023e-07    -1.746699e-07    -2.471434e-07    -2.327002e-07    -2.508177e-07    4.763042e-07    1.78436e-08    5.397216e-08    -3.687372e-08    -4.031528e-08    1.217848e-07
-1.024905e-07    1.383991e-08    1.345614e-08    -6.084864e-08    9.142343e-08    -3.65629e-06    -1.424873e-07    4.536265e-06    1.832196e-07    -1.122059e-06    -1.03662e-06    8.707745e-07    1.080062e-06    -9.740363e-07    3.594236e-08    6.461996e-08    -6.076673e-08    -1.084801e-07    -9.101622e-08    5.797198e-08    -2.433024e-07    5.499779e-07    3.752701e-07    -3.8724e-07    -5.997938e-08    -3.329296e-07    2.381297e-09    2.194865e-09    -4.124118e-07    3.645393e-07    -4.84454e-08    -5.284558e-08    -1.334295e-07    8.584811e-08    1.585461e-07
-1.090638e-07    -3.354946e-08    -6.975159e-09    1.043285e-08    1.465645e-07    -6.46969e-07    -2.216408e-06    1.832196e-07    4.007488e-06    -1.328285e-06    5.958301e-07    -3.449868e-07    -1.209261e-07    4.232505e-07    -1.763175e-07    1.949642e-07    -5.374989e-08    -2.295331e-07    1.127433e-07    1.929387e-08    5.05055e-07    2.076662e-07    -3.044614e-07    -4.61609e-09    -9.638542e-08    3.774061e-07    -2.335932e-07    -3.054792e-07    3.488698e-07    -7.968703e-08    -1.113891e-07    -1.354366e-07    6.250233e-08    9.935303e-08    -3.644749e-08
-5.563546e-08    -1.799961e-08    5.681905e-08    4.299014e-08    2.844108e-08    4.738515e-08    4.061929e-07    -1.122059e-06    -1.328285e-06    3.107555e-06    3.246389e-07    -6.881568e-07    -5.226946e-07    2.976121e-07    1.394985e-07    -2.040272e-07    1.342111e-07    3.146373e-07    -9.315508e-08    -7.535163e-08    5.893808e-08    -3.37705e-07    -2.615629e-07    -7.719311e-08    -7.205933e-09    -1.279362e-07    3.284867e-07    3.986498e-07    -4.220084e-08    -2.815688e-07    8.842469e-08    7.864159e-08    1.076725e-08    -4.59575e-08    -8.423097e-08
2.424749e-07    7.58983e-08    1.154778e-07    3.136192e-07    -4.65636e-07    5.984194e-07    -1.15925e-06    -1.03662e-06    5.958301e-07    3.246389e-07    4.198355e-06    -3.570896e-07    -3.268864e-06    -2.005086e-07    -1.219386e-07    -2.593112e-07    3.754339e-07    3.043467e-07    -1.476575e-07    -9.40225e-08    4.649931e-08    -4.078748e-07    -3.055668e-07    6.239246e-08    2.561084e-07    1.321577e-07    3.837891e-07    3.98826e-07    1.946811e-07    -5.250532e-07    -4.279614e-07    -9.688824e-08    3.196944e-07    3.070012e-07    1.843657e-07
-1.070363e-07    -2.550777e-07    -2.116157e-07    -2.552282e-07    4.275985e-07    -1.61898e-07    1.223016e-06    8.707745e-07    -3.449868e-07    -6.881568e-07    -3.570896e-07    1.233661e-05    -8.056497e-06    -2.337646e-06    6.702505e-07    4.644868e-07    -3.84062e-07    -6.863254e-07    2.936372e-07    1.314173e-07    -3.894495e-07    6.327667e-07    9.753832e-07    -2.244752e-07    -5.638832e-07    2.176402e-07    -7.27721e-07    -8.338338e-07    2.533929e-07    5.91581e-07    5.161131e-08    -6.382884e-08    -3.717155e-07    6.069029e-08    8.485476e-07
-3.07383e-07    -1.889188e-07    -2.787047e-07    -3.136161e-07    6.865316e-07    -3.509038e-07    1.151757e-06    1.080062e-06    -1.209261e-07    -5.226946e-07    -3.268864e-06    -8.056497e-06    1.231061e-05    -7.233887e-07    -1.183478e-06    3.687862e-07    -4.727328e-07    -4.241961e-07    2.551866e-07    9.716301e-08    3.418397e-07    7.192125e-08    -1.530009e-07    1.47668e-07    -1.028639e-07    2.06839e-07    -6.396201e-07    -6.158771e-07    2.381444e-08    4.392275e-07    -2.237816e-08    1.305968e-07    4.577215e-07    1.749905e-07    -1.002033e-06
2.20157e-07    2.393839e-08    6.528456e-08    3.620669e-07    -3.757029e-07    7.381918e-07    -1.021974e-06    -9.740363e-07    4.232505e-07    2.976121e-07    -2.005086e-07    -2.337646e-06    -7.233887e-07    3.857491e-06    -3.243028e-07    -1.94757e-07    2.349337e-07    3.139268e-07    -8.157929e-08    -1.101688e-07    3.731558e-08    -4.195931e-07    -5.631633e-07    7.775403e-08    4.888504e-07    1.08036e-07    3.292992e-07    3.472286e-07    1.308195e-07    -4.428704e-07    5.393521e-07    3.237655e-07    -1.117594e-07    -4.850874e-07    -4.689466e-07
-3.092637e-08    1.519875e-07    1.359093e-07    -4.917608e-08    -1.427448e-07    -3.814162e-07    -7.291293e-08    3.594236e-08    -1.763175e-07    1.394985e-07    -1.219386e-07    6.702505e-07    -1.183478e-06    -3.243028e-07    1.055329e-06    -1.407761e-07    1.051815e-07    1.723801e-07    -1.413723e-07    5.758597e-09    -4.429696e-08    7.680828e-08    9.280066e-08    -4.88696e-08    -6.607448e-08    -2.980511e-07    2.664832e-07    2.686432e-07    -2.351579e-07    1.476861e-09    -7.630763e-08    -1.197049e-07    -1.286879e-07    -7.033174e-08    3.119163e-08
1.607309e-07    1.979408e-09    2.154068e-07    4.402275e-07    -5.235779e-07    2.388655e-07    1.278184e-07    6.461996e-08    1.949642e-07    -2.040272e-07    -2.593112e-07    4.644868e-07    3.687862e-07    -1.94757e-07    -1.407761e-07    1.522817e-06    -6.193391e-07    -1.167208e-06    3.210409e-07    3.583482e-08    5.733863e-08    4.406349e-07    4.798839e-07    6.192405e-08    -5.381362e-07    3.276806e-08    -1.354949e-07    -1.889602e-07    1.538786e-09    1.751181e-07    -3.146999e-07    -2.012429e-07    2.211555e-07    3.491335e-07    7.976387e-08
-1.733268e-07    -1.352581e-07    -2.490564e-07    -2.731041e-07    4.538303e-07    -1.816049e-07    -2.480294e-07    -6.076673e-08    -5.374989e-08    1.342111e-07    3.754339e-07    -3.84062e-07    -4.727328e-07    2.349337e-07    1.051815e-07    -6.193391e-07    4.544071e-06    -2.302371e-06    -1.320329e-06    2.26815e-07    1.607544e-07    -6.425431e-07    -4.732177e-07    2.877471e-07    3.105832e-07    -1.477421e-07    1.871415e-07    2.690685e-07    -8.816564e-08    -1.298037e-07    5.613745e-09    1.54532e-07    -5.978907e-10    -7.725797e-08    2.242403e-07
-7.295566e-08    -9.037153e-08    -3.893222e-07    -4.302797e-07    6.687217e-07    -3.097389e-07    -1.937756e-07    -1.084801e-07    -2.295331e-07    3.146373e-07    3.043467e-07    -6.863254e-07    -4.241961e-07    3.139268e-07    1.723801e-07    -1.167208e-06    -2.302371e-06    4.281386e-06    -4.117152e-07    -5.328397e-07    -1.254345e-08    -4.902458e-07    -7.001094e-07    -4.112934e-08    6.788305e-07    6.067212e-08    1.013663e-07    1.544924e-08    3.147025e-08    -1.201929e-07    -1.438736e-08    1.340141e-07    2.659921e-07    6.014816e-08    -5.905567e-07
1.166715e-07    -4.169036e-08    1.225128e-07    3.033748e-07    -3.279464e-07    2.929761e-07    6.225614e-08    -9.101622e-08    1.127433e-07    -9.315508e-08    -1.476575e-07    2.936372e-07    2.551866e-07    -8.157929e-08    -1.413723e-07    3.210409e-07    -1.320329e-06    -4.117152e-07    1.53437e-06    -1.456893e-07    1.502376e-07    1.8618e-07    2.561749e-07    1.401506e-07    -3.882121e-07    2.70261e-08    -2.005798e-07    -2.060123e-07    -1.313633e-12    2.001529e-07    3.825729e-07    1.226598e-07    -2.178764e-07    -2.228058e-07    -1.474502e-07
-3.298978e-09    9.899724e-08    1.122982e-07    5.922875e-11    -1.187475e-07    -6.845463e-10    7.523697e-08    5.797198e-08    1.929387e-08    -7.535163e-08    -9.40225e-08    1.314173e-07    9.716301e-08    -1.101688e-07    5.758597e-09    3.583482e-08    2.26815e-07    -5.328397e-07    -1.456893e-07    4.091927e-07    -1.285543e-07    2.014222e-07    1.594599e-07    -1.762198e-07    -1.655145e-08    -1.125099e-08    1.29301e-08    5.675945e-08    3.277728e-08    -5.054301e-08    -2.203029e-08    -1.356825e-07    -7.29253e-08    -9.58022e-09    -5.252465e-10
9.374908e-08    -3.247301e-07    -2.441429e-07    2.525584e-07    1.701414e-07    1.900181e-07    -4.149705e-07    -2.433024e-07    5.05055e-07    5.893808e-08    4.649931e-08    -3.894495e-07    3.418397e-07    3.731558e-08    -4.429696e-08    5.733863e-08    1.607544e-07    -1.254345e-08    1.502376e-07    -1.285543e-07    5.089656e-06    1.888015e-07    -3.277961e-06    8.594094e-08    -2.952586e-07    3.07919e-07    -4.094813e-07    -2.933214e-07    4.298619e-07    -6.852064e-08    2.739127e-07    -4.068371e-07    -6.455862e-08    6.676505e-07    -5.142974e-07
3.270844e-09    2.740387e-07    2.180169e-07    -5.652009e-09    -1.572063e-07    -3.275638e-07    1.193727e-07    5.499779e-07    2.076662e-07    -3.37705e-07    -4.078748e-07    6.327667e-07    7.192125e-08    -4.195931e-07    7.680828e-08    4.406349e-07    -6.425431e-07    -4.902458e-07    1.8618e-07    2.014222e-07    1.888015e-07    6.066389e-06    -1.616651e-06    -3.337731e-06    1.28354e-06    -3.380692e-07    2.058599e-09    5.202974e-08    -3.551964e-07    3.005822e-07    -4.217483e-07    -2.80753e-08    -2.340087e-07    -5.41544e-07    9.122665e-07
-2.807009e-08    3.112613e-07    3.981324e-07    -9.434805e-09    -4.616511e-07    -2.05919e-08    6.313288e-07    3.752701e-07    -3.044614e-07    -2.615629e-07    -3.055668e-07    9.753832e-07    -1.530009e-07    -5.631633e-07    9.280066e-08    4.798839e-07    -4.732177e-07    -7.001094e-07    2.561749e-07    1.594599e-07    -3.277961e-06    -1.616651e-06    5.880102e-06    2.169844e-07    -2.446277e-06    -1.617449e-07    4.349454e-08    -1.083518e-07    -3.685502e-07    3.627597e-07    -3.023288e-07    -1.52545e-07    -3.046479e-07    -3.471104e-07    9.291437e-07
5.834329e-08    -2.292059e-07    -9.126344e-08    2.929974e-07    -1.705929e-07    5.667602e-07    -3.007748e-08    -3.8724e-07    -4.61609e-09    -7.719311e-08    6.239246e-08    -2.244752e-07    1.47668e-07    7.775403e-08    -4.88696e-08    6.192405e-08    2.877471e-07    -4.112934e-08    1.401506e-07    -1.762198e-07    8.594094e-08    -3.337731e-06    2.169844e-07    5.069693e-06    -1.798967e-06    3.425619e-07    -2.605741e-07    -3.186429e-07    3.015714e-07    -3.743861e-08    2.886936e-07    -4.562697e-07    -5.518735e-08    7.771461e-07    -5.158326e-07
-4.599071e-08    -9.153071e-09    -1.82284e-07    -2.1823e-07    3.25115e-07    -2.485507e-07    -2.087023e-07    -5.997938e-08    -9.638542e-08    -7.205933e-09    2.561084e-07    -5.638832e-07    -1.028639e-07    4.888504e-07    -6.607448e-08    -5.381362e-07    3.105832e-07    6.788305e-07    -3.882121e-07    -1.655145e-08    -2.952586e-07    1.28354e-06    -2.446277e-06    -1.798967e-06    4.716638e-06    -1.913528e-07    3.261555e-07    4.180849e-07    -8.291039e-08    -2.600995e-07    -1.771666e-08    5.649778e-07    4.155895e-07    -3.32302e-07    -4.425948e-07
9.983419e-08    -1.741134e-07    -1.234787e-07    1.633056e-07    5.262328e-08    5.745206e-07    -1.746699e-07    -3.329296e-07    3.774061e-07    -1.279362e-07    1.321577e-07    2.176402e-07    2.06839e-07    1.08036e-07    -2.980511e-07    3.276806e-08    -1.477421e-07    6.067212e-08    2.70261e-08    -1.125099e-08    3.07919e-07    -3.380692e-07    -1.617449e-07    3.425619e-07    -1.913528e-07    4.450782e-06    -2.010048e-07    -3.128666e-06    3.419283e-07    2.703366e-08    2.479095e-07    -5.762254e-07    -6.022247e-08    8.499306e-07    -4.708406e-07
6.130515e-09    2.932016e-07    2.339987e-07    -7.861729e-08    -3.219784e-07    -5.183373e-07    -2.471434e-07    2.381297e-09    -2.335932e-07    3.284867e-07    3.837891e-07    -7.27721e-07    -6.396201e-07    3.292992e-07    2.664832e-07    -1.354949e-07    1.871415e-07    1.013663e-07    -2.005798e-07    1.29301e-08    -4.094813e-07    2.058599e-09    4.349454e-08    -2.605741e-07    3.261555e-07    -2.010048e-07    5.097023e-06    -1.304585e-06    -3.029647e-06    9.681869e-07    -4.019437e-07    6.125798e-08    -1.963543e-07    -6.328813e-07    8.028744e-07
4.178487e-08    2.46215e-07    2.630445e-07    -7.126372e-08    -2.826443e-07    -5.571258e-07    -2.327002e-07    2.194865e-09    -3.054792e-07    3.986498e-07    3.98826e-07    -8.338338e-07    -6.158771e-07    3.472286e-07    2.686432e-07    -1.889602e-07    2.690685e-07    1.544924e-08    -2.060123e-07    5.675945e-08    -2.933214e-07    5.202974e-08    -1.083518e-07    -3.186429e-07    4.180849e-07    -3.128666e-06    -1.304585e-06    5.264917e-06    -8.953145e-08    -1.682977e-06    -2.054369e-07    1.605173e-08    -3.954012e-07    -6.400887e-07    9.617131e-07
1.212171e-07    -1.506201e-07    -9.270565e-08    1.824258e-07    -3.297751e-08    5.894074e-07    -2.508177e-07    -4.124118e-07    3.488698e-07    -4.220084e-08    1.946811e-07    2.533929e-07    2.381444e-08    1.308195e-07    -2.351579e-07    1.538786e-09    -8.816564e-08    3.147025e-08    -1.313633e-12    3.277728e-08    4.298619e-07    -3.551964e-07    -3.685502e-07    3.015714e-07    -8.291039e-08    3.419283e-07    -3.029647e-06    -8.953145e-08    4.412261e-06    -1.565472e-06    3.709478e-07    -5.894263e-07    -1.316183e-07    8.540834e-07    -4.656536e-07
-1.30667e-07    -6.480217e-08    -1.421591e-07    -1.230055e-07    2.677771e-07    -7.494272e-08    4.763042e-07    3.645393e-07    -7.968703e-08    -2.815688e-07    -5.250532e-07    5.91581e-07    4.392275e-07    -4.428704e-07    1.476861e-09    1.751181e-07    -1.298037e-07    -1.201929e-07    2.001529e-07    -5.054301e-08    -6.852064e-08    3.005822e-07    3.627597e-07    -3.743861e-08    -2.600995e-07    2.703366e-08    9.681869e-07    -1.682977e-06    -1.565472e-06    2.880845e-06    -7.677999e-08    5.8565e-07    4.525336e-07    -2.301628e-07    -4.489618e-07
-8.592304e-08    -6.514163e-08    3.405016e-08    9.36981e-08    5.491187e-09    5.998913e-08    1.78436e-08    -4.84454e-08    -1.113891e-07    8.842469e-08    -4.279614e-07    5.161131e-08    -2.237816e-08    5.393521e-07    -7.630763e-08    -3.146999e-07    5.613745e-09    -1.438736e-08    3.825729e-07    -2.203029e-08    2.739127e-07    -4.217483e-07    -3.023288e-07    2.886936e-07    -1.771666e-08    2.479095e-07    -4.019437e-07    -2.054369e-07    3.709478e-07    -7.677999e-08    3.069153e-06    -5.261763e-07    -2.192146e-06    3.374953e-07    8.121976e-08
2.930226e-08    -4.62901e-08    7.30707e-09    4.641594e-08    -5.613856e-08    8.128973e-08    5.397216e-08    -5.284558e-08    -1.354366e-07    7.864159e-08    -9.688824e-08    -6.382884e-08    1.305968e-07    3.237655e-07    -1.197049e-07    -2.012429e-07    1.54532e-07    1.340141e-07    1.226598e-07    -1.356825e-07    -4.068371e-07    -2.80753e-08    -1.52545e-07    -4.562697e-07    5.649778e-07    -5.762254e-07    6.125798e-08    1.605173e-08    -5.894263e-07    5.8565e-07    -5.261763e-07    3.847413e-06    1.141822e-07    -3.192157e-06    8.326779e-07
2.976535e-08    6.509298e-08    -4.297934e-08    -5.439054e-08    5.412662e-08    9.095565e-08    -3.687372e-08    -1.334295e-07    6.250233e-08    1.076725e-08    3.196944e-07    -3.717155e-07    4.577215e-07    -1.117594e-07    -1.286879e-07    2.211555e-07    -5.978907e-10    2.659921e-07    -2.178764e-07    -7.29253e-08    -6.455862e-08    -2.340087e-07    -3.046479e-07    -5.518735e-08    4.155895e-07    -6.022247e-08    -1.963543e-07    -3.954012e-07    -1.316183e-07    4.525336e-07    -2.192146e-06    1.141822e-07    3.763799e-06    3.70122e-09    -1.990408e-06
-1.372647e-08    -3.235921e-09    -3.44732e-08    -8.591566e-08    8.622935e-08    -1.185272e-07    -4.031528e-08    8.584811e-08    9.935303e-08    -4.59575e-08    3.070012e-07    6.069029e-08    1.749905e-07    -4.850874e-07    -7.033174e-08    3.491335e-07    -7.725797e-08    6.014816e-08    -2.228058e-07    -9.58022e-09    6.676505e-07    -5.41544e-07    -3.471104e-07    7.771461e-07    -3.32302e-07    8.499306e-07    -6.328813e-07    -6.400887e-07    8.540834e-07    -2.301628e-07    3.374953e-07    -3.192157e-06    3.70122e-09    5.55885e-06    -2.989057e-06
8.05633e-08    3.843355e-10    2.788392e-08    -1.741049e-08    -1.768048e-07    -2.905775e-08    1.217848e-07    1.585461e-07    -3.644749e-08    -8.423097e-08    1.843657e-07    8.485476e-07    -1.002033e-06    -4.689466e-07    3.119163e-08    7.976387e-08    2.242403e-07    -5.905567e-07    -1.474502e-07    -5.252465e-10    -5.142974e-07    9.122665e-07    9.291437e-07    -5.158326e-07    -4.425948e-07    -4.708406e-07    8.028744e-07    9.617131e-07    -4.656536e-07    -4.489618e-07    8.121976e-08    8.326779e-07    -1.990408e-06    -2.989057e-06    4.455677e-06
