3.399707e-06    2.125229e-06    -5.915166e-07    -5.227191e-07    -1.309164e-06    -2.749373e-07    -4.2565e-07    -6.663767e-07    2.471288e-07    1.486051e-06
2.125229e-06    1.348276e-05    6.354984e-06    -1.615957e-06    -6.311525e-06    -1.31937e-06    -3.6109e-06    -4.69255e-06    2.986148e-06    7.292411e-06
-5.915166e-07    6.354984e-06    7.522459e-06    1.032646e-06    -5.41534e-06    -8.622209e-07    -2.453266e-06    -2.73495e-06    2.114595e-06    4.824955e-06
-5.227191e-07    -1.615957e-06    1.032646e-06    4.863043e-06    -2.402271e-06    -6.950722e-07    8.183195e-07    2.518621e-07    -2.792666e-07    3.718487e-07
-1.309164e-06    -6.311525e-06    -5.41534e-06    -2.402271e-06    8.308284e-06    1.808725e-06    1.422485e-06    2.162467e-06    -1.853908e-06    -4.745393e-06
-2.749373e-07    -1.31937e-06    -8.622209e-07    -6.950722e-07    1.808725e-06    4.002588e-06    -1.224321e-06    -1.88157e-06    2.219525e-07    -8.008506e-07
-4.2565e-07    -3.6109e-06    -2.453266e-06    8.183195e-07    1.422485e-06    -1.224321e-06    4.522789e-06    2.2663e-06    -3.119028e-06    -2.141938e-06
-6.663767e-07    -4.69255e-06    -2.73495e-06    2.518621e-07    2.162467e-06    -1.88157e-06    2.2663e-06    5.084414e-06    -1.095633e-06    -4.586901e-06
2.471288e-07    2.986148e-06    2.114595e-06    -2.792666e-07    -1.853908e-06    2.219525e-07    -3.119028e-06    -1.095633e-06    4.012977e-06    5.345152e-07
1.486051e-06    7.292411e-06    4.824955e-06    3.718487e-07    -4.745393e-06    -8.008506e-07    -2.141938e-06    -4.586901e-06    5.345152e-07    7.937913e-06
