4.979792e-06    2.512916e-06    -2.175512e-07    -1.460202e-06    -4.258484e-06    -1.409557e-06    -5.008728e-06    -2.944088e-06    -6.344639e-07    3.511195e-06    4.088913e-06    -7.99716e-06    -4.331309e-06    4.763872e-06    1.644704e-06    -4.347576e-07    1.646696e-06    -1.553436e-07    1.179789e-06    1.879546e-07    2.107265e-06    -4.264868e-06    -2.5129e-06    2.073258e-06    1.01634e-06    -1.262569e-06    3.699816e-06    4.179913e-06    -1.047109e-06    -2.63709e-06    3.628725e-08    1.748803e-06    2.176575e-06    -1.575685e-06    -2.954672e-06
2.512916e-06    5.399385e-06    1.74499e-06    -3.076662e-06    -4.050674e-06    -1.824844e-06    -5.60656e-06    -2.204932e-06    3.807621e-07    2.906268e-06    3.813427e-06    -7.586244e-06    -4.826281e-06    5.266467e-06    1.762035e-06    1.358924e-07    3.003124e-07    -6.316317e-07    1.388346e-06    4.190594e-07    1.370894e-06    -3.223836e-06    -1.840726e-06    1.60205e-06    5.575135e-07    -1.268346e-06    4.24363e-06    3.810198e-06    -1.806164e-06    -1.94113e-06    6.041612e-07    1.747703e-06    1.895242e-06    -1.882168e-06    -2.852941e-06
-2.175512e-07    1.74499e-06    3.794063e-06    8.61164e-09    -3.11176e-06    -1.116361e-06    -2.120194e-06    -2.686842e-07    9.604007e-07    7.434016e-07    8.815047e-07    -2.14287e-06    -1.868089e-06    1.830704e-06    1.157613e-06    5.485643e-07    -8.124912e-07    -7.872844e-07    6.15624e-07    4.024572e-07    1.981985e-07    1.59555e-07    -1.549988e-07    -4.031004e-08    -3.67896e-07    -4.029974e-07    1.513466e-06    1.357736e-06    -7.382012e-07    -8.477904e-07    1.950065e-07    5.772297e-07    6.918447e-07    -7.815302e-07    -1.133248e-06
-1.460202e-06    -3.076662e-06    8.61164e-09    4.199323e-06    2.58675e-06    9.864714e-07    4.042436e-06    2.36044e-06    6.323084e-08    -2.605743e-06    -3.354417e-06    5.824356e-06    3.450239e-06    -3.490743e-06    -5.945248e-07    7.518078e-07    -1.068481e-06    -5.421219e-07    -8.789954e-07    -2.016811e-08    -9.42945e-07    3.934217e-06    1.568587e-06    -1.981464e-06    -7.746838e-07    4.294996e-07    -3.214959e-06    -1.961829e-06    1.319379e-06    9.849596e-07    -7.242535e-07    -8.494212e-07    -1.259053e-06    6.353489e-07    2.318165e-06
-4.258484e-06    -4.050674e-06    -3.11176e-06    2.58675e-06    1.21106e-05    3.121933e-06    8.271395e-06    4.277682e-06    -1.400289e-06    -4.884958e-06    -7.353012e-06    1.182176e-05    7.585329e-06    -6.439961e-06    -2.798866e-06    2.249783e-07    -2.0716e-06    4.715544e-07    -1.954367e-06    -3.046555e-07    -3.641977e-06    6.274127e-06    3.865088e-06    -3.350285e-06    -8.780004e-07    1.681457e-06    -5.866194e-06    -6.370475e-06    1.8181e-06    3.980321e-06    2.148033e-07    -2.412793e-06    -3.788014e-06    1.644252e-06    4.961822e-06
-1.409557e-06    -1.824844e-06    -1.116361e-06    9.864714e-07    3.121933e-06    3.399707e-06    2.125229e-06    -5.915166e-07    -5.227191e-07    -1.309164e-06    -1.530965e-06    3.385318e-06    2.132505e-06    -1.813284e-06    -1.192527e-06    2.048283e-07    -3.101345e-07    3.040288e-08    -7.860982e-07    -1.390437e-07    -9.142039e-07    1.981524e-06    3.954346e-07    -1.085581e-06    1.484939e-07    7.152247e-07    -1.9283e-06    -1.951859e-06    8.204876e-07    8.915271e-07    -2.749373e-07    -4.2565e-07    -6.663767e-07    2.471288e-07    1.486051e-06
-5.008728e-06    -5.60656e-06    -2.120194e-06    4.042436e-06    8.271395e-06    2.125229e-06    1.348276e-05    6.354984e-06    -1.615957e-06    -6.311525e-06    -8.754483e-06    1.548506e-05    9.698283e-06    -1.053455e-05    -2.782926e-06    8.574937e-07    -2.436418e-06    -2.430449e-07    -2.927937e-06    -8.819495e-08    -3.417522e-06    8.6905e-06    5.105472e-06    -4.017555e-06    -2.037316e-06    1.303454e-06    -7.764446e-06    -6.526686e-06    2.791012e-06    4.201955e-06    -1.31937e-06    -3.6109e-06    -4.69255e-06    2.986148e-06    7.292411e-06
-2.944088e-06    -2.204932e-06    -2.686842e-07    2.36044e-06    4.277682e-06    -5.915166e-07    6.354984e-06    7.522459e-06    1.032646e-06    -5.41534e-06    -5.81874e-06    9.606011e-06    6.66631e-06    -6.198217e-06    -1.538025e-06    1.705299e-06    -2.875544e-06    -1.098018e-06    -1.148834e-06    1.041826e-07    -2.142895e-06    6.465096e-06    4.367685e-06    -3.144589e-06    -2.506532e-06    7.180243e-07    -5.16901e-06    -4.051825e-06    1.368695e-06    3.244698e-06    -8.622209e-07    -2.453266e-06    -2.73495e-06    2.114595e-06    4.824955e-06
-6.344639e-07    3.807621e-07    9.604007e-07    6.323084e-08    -1.400289e-06    -5.227191e-07    -1.615957e-06    1.032646e-06    4.863043e-06    -2.402271e-06    2.978215e-07    1.979933e-06    -6.745109e-08    -2.11509e-07    -3.009917e-07    1.388196e-06    -1.631117e-06    -1.049342e-06    9.060206e-07    -6.313526e-08    3.114019e-07    2.016587e-06    5.46635e-07    -8.7746e-07    -7.909147e-07    5.577396e-07    -8.460656e-07    -3.81067e-07    3.065494e-07    5.336786e-08    -6.950722e-07    8.183195e-07    2.518621e-07    -2.792666e-07    3.718487e-07
3.511195e-06    2.906268e-06    7.434016e-07    -2.605743e-06    -4.884958e-06    -1.309164e-06    -6.311525e-06    -5.41534e-06    -2.402271e-06    8.308284e-06    5.770924e-06    -1.170496e-05    -6.550012e-06    6.590582e-06    2.097012e-06    -2.248313e-06    3.536003e-06    1.806385e-06    2.720178e-07    3.266548e-08    2.193177e-06    -7.573957e-06    -3.98433e-06    3.226172e-06    2.286349e-06    -1.441486e-06    5.80838e-06    4.86589e-06    -1.836169e-06    -3.087189e-06    1.808725e-06    1.422485e-06    2.162467e-06    -1.853908e-06    -4.745393e-06
4.088913e-06    3.813427e-06    8.815047e-07    -3.354417e-06    -7.353012e-06    -1.530965e-06    -8.754483e-06    -5.81874e-06    2.978215e-07    5.770924e-06    9.058368e-06    -1.225435e-05    -8.840395e-06    7.09576e-06    2.036562e-06    -1.432672e-06    3.057826e-06    1.365897e-06    1.261298e-06    -1.457783e-07    3.063166e-06    -7.97651e-06    -4.781357e-06    3.62469e-06    2.425762e-06    -1.649994e-06    6.387669e-06    5.946465e-06    -2.192533e-06    -3.454384e-06    7.592322e-07    2.710382e-06    3.389179e-06    -2.189495e-06    -5.073399e-06
-7.99716e-06    -7.586244e-06    -2.14287e-06    5.824356e-06    1.182176e-05    3.385318e-06    1.548506e-05    9.606011e-06    1.979933e-06    -1.170496e-05    -1.225435e-05    2.640138e-05    1.169717e-05    -1.438958e-05    -3.910931e-06    2.720366e-06    -6.309337e-06    -1.49591e-06    -2.116746e-06    -1.529283e-07    -5.749699e-06    1.46039e-05    8.734428e-06    -7.038213e-06    -3.628709e-06    3.186505e-06    -1.175994e-05    -1.079126e-05    4.156334e-06    6.441898e-06    -1.423236e-06    -4.676836e-06    -6.625929e-06    3.815488e-06    1.066712e-05
-4.331309e-06    -4.826281e-06    -1.868089e-06    3.450239e-06    7.585329e-06    2.132505e-06    9.698283e-06    6.66631e-06    -6.745109e-08    -6.550012e-06    -8.840395e-06    1.169717e-05    1.287541e-05    -8.982866e-06    -3.87357e-06    1.943899e-06    -2.420045e-06    -1.913128e-06    -1.803892e-06    3.071207e-08    -2.646755e-06    8.118226e-06    4.676333e-06    -3.516487e-06    -2.824013e-06    2.133183e-06    -7.727202e-06    -6.732541e-06    2.928564e-06    3.738657e-06    -2.112423e-06    -2.829293e-06    -2.553338e-06    3.452569e-06    5.18941e-06
4.763872e-06    5.266467e-06    1.830704e-06    -3.490743e-06    -6.439961e-06    -1.813284e-06    -1.053455e-05    -6.198217e-06    -2.11509e-07    6.590582e-06    7.09576e-06    -1.438958e-05    -8.982866e-06    1.120152e-05    2.183827e-06    -1.342834e-06    2.376484e-06    5.963582e-07    2.442879e-06    1.838399e-07    2.966968e-06    -8.279416e-06    -4.940641e-06    3.819527e-06    2.32177e-06    -1.473805e-06    7.601263e-06    6.02331e-06    -2.844971e-06    -3.647641e-06    2.022326e-06    3.376023e-06    3.570519e-06    -3.371695e-06    -6.693936e-06
1.644704e-06    1.762035e-06    1.157613e-06    -5.945248e-07    -2.798866e-06    -1.192527e-06    -2.782926e-06    -1.538025e-06    -3.009917e-07    2.097012e-06    2.036562e-06    -3.910931e-06    -3.87357e-06    2.183827e-06    2.902669e-06    -4.965437e-07    8.90586e-07    3.764843e-07    2.737349e-07    1.472219e-07    1.035536e-06    -1.984204e-06    -1.370228e-06    8.346437e-07    6.096853e-07    -1.185628e-06    2.207349e-06    2.789509e-06    -8.706166e-07    -1.49712e-06    1.775576e-07    7.433229e-07    9.849517e-07    -1.145725e-06    -1.645254e-06
-4.347576e-07    1.358924e-07    5.485643e-07    7.518078e-07    2.249783e-07    2.048283e-07    8.574937e-07    1.705299e-06    1.388196e-06    -2.248313e-06    -1.432672e-06    2.720366e-06    1.943899e-06    -1.342834e-06    -4.965437e-07    2.988247e-06    -1.991629e-06    -2.093622e-06    3.125771e-07    3.228359e-08    -7.438068e-07    3.069401e-06    1.750671e-06    -1.132182e-06    -1.331355e-06    1.920139e-07    -1.394689e-06    -9.708999e-07    2.460425e-07    7.696351e-07    -1.035976e-06    -2.50505e-07    -6.040582e-09    4.27634e-07    1.482977e-06
1.646696e-06    3.003124e-07    -8.124912e-07    -1.068481e-06    -2.0716e-06    -3.101345e-07    -2.436418e-06    -2.875544e-06    -1.631117e-06    3.536003e-06    3.057826e-06    -6.309337e-06    -2.420045e-06    2.376484e-06    8.90586e-07    -1.991629e-06    6.198898e-06    8.836452e-07    -1.557639e-06    -2.231747e-07    3.185e-06    -5.001617e-06    -4.755374e-06    2.605618e-06    1.774988e-06    -1.262225e-06    2.257178e-06    3.359796e-06    -4.962837e-07    -2.057492e-06    -2.245936e-07    1.275546e-06    2.580883e-06    -4.778677e-07    -3.376521e-06
-1.553436e-07    -6.316317e-07    -7.872844e-07    -5.421219e-07    4.715544e-07    3.040288e-08    -2.430449e-07    -1.098018e-06    -1.049342e-06    1.806385e-06    1.365897e-06    -1.49591e-06    -1.913128e-06    5.963582e-07    3.764843e-07    -2.093622e-06    8.836452e-07    3.886072e-06    -8.659798e-07    -1.07937e-06    -1.712013e-08    -2.672415e-06    -8.839957e-07    7.441112e-07    1.232922e-06    -2.374805e-07    7.914019e-07    3.328184e-07    -3.862449e-07    8.576086e-08    1.260834e-06    -3.708008e-07    -5.6981e-07    1.586001e-07    -6.411609e-07
1.179789e-06    1.388346e-06    6.15624e-07    -8.789954e-07    -1.954367e-06    -7.860982e-07    -2.927937e-06    -1.148834e-06    9.060206e-07    2.720178e-07    1.261298e-06    -2.116746e-06    -1.803892e-06    2.442879e-06    2.737349e-07    3.125771e-07    -1.557639e-06    -8.659798e-07    3.447616e-06    -3.463314e-07    5.34739e-07    -1.218037e-06    3.497614e-08    8.213148e-07    -3.257256e-07    3.676109e-07    1.38087e-06    4.340563e-07    -5.411198e-07    -4.787998e-07    6.244759e-07    1.001223e-06    6.494267e-07    -6.255753e-07    -1.709132e-06
1.879546e-07    4.190594e-07    4.024572e-07    -2.016811e-08    -3.046555e-07    -1.390437e-07    -8.819495e-08    1.041826e-07    -6.313526e-08    3.266548e-08    -1.457783e-07    -1.529283e-07    3.071207e-08    1.838399e-07    1.472219e-07    3.228359e-08    -2.231747e-07    -1.07937e-06    -3.463314e-07    1.594115e-06    -1.997471e-07    4.038594e-07    2.168435e-07    -2.069894e-07    -9.065238e-08    -4.515344e-08    2.190985e-07    1.762492e-07    -1.722946e-08    -1.846698e-07    -1.005427e-07    -1.198792e-07    -1.23213e-08    -2.335938e-07    -7.613764e-08
2.107265e-06    1.370894e-06    1.981985e-07    -9.42945e-07    -3.641977e-06    -9.142039e-07    -3.417522e-06    -2.142895e-06    3.114019e-07    2.193177e-06    3.063166e-06    -5.749699e-06    -2.646755e-06    2.966968e-06    1.035536e-06    -7.438068e-07    3.185e-06    -1.712013e-08    5.34739e-07    -1.997471e-07    5.206065e-06    -3.781262e-06    -5.183583e-06    2.147384e-06    8.908594e-07    -1.169107e-06    2.106795e-06    3.648046e-06    -6.1772e-07    -2.026296e-06    -4.587206e-07    1.843757e-06    2.856479e-06    -7.967641e-07    -3.646327e-06
-4.264868e-06    -3.223836e-06    1.59555e-07    3.934217e-06    6.274127e-06    1.981524e-06    8.6905e-06    6.465096e-06    2.016587e-06    -7.573957e-06    -7.97651e-06    1.46039e-05    8.118226e-06    -8.279416e-06    -1.984204e-06    3.069401e-06    -5.001617e-06    -2.672415e-06    -1.218037e-06    4.038594e-07    -3.781262e-06    1.295298e-05    5.32707e-06    -6.291279e-06    -2.286183e-06    1.456781e-06    -7.020999e-06    -5.670611e-06    2.539096e-06    3.133493e-06    -2.228444e-06    -2.046945e-06    -3.607634e-06    1.174233e-06    7.353017e-06
-2.5129e-06    -1.840726e-06    -1.549988e-07    1.568587e-06    3.865088e-06    3.954346e-07    5.105472e-06    4.367685e-06    5.46635e-07    -3.98433e-06    -4.781357e-06    8.734428e-06    4.676333e-06    -4.940641e-06    -1.370228e-06    1.750671e-06    -4.755374e-06    -8.839957e-07    3.497614e-08    2.168435e-07    -5.183583e-06    5.32707e-06    8.002449e-06    -2.992026e-06    -3.020549e-06    1.681418e-06    -3.889349e-06    -5.014458e-06    1.239954e-06    2.974032e-06    1.899324e-07    -2.999455e-06    -3.943578e-06    1.908122e-06    5.258796e-06
2.073258e-06    1.60205e-06    -4.031004e-08    -1.981464e-06    -3.350285e-06    -1.085581e-06    -4.017555e-06    -3.144589e-06    -8.7746e-07    3.226172e-06    3.62469e-06    -7.038213e-06    -3.516487e-06    3.819527e-06    8.346437e-07    -1.132182e-06    2.605618e-06    7.441112e-07    8.213148e-07    -2.069894e-07    2.147384e-06    -6.291279e-06    -2.992026e-06    4.501522e-06    5.118659e-07    -7.934617e-07    3.340198e-06    2.791002e-06    -1.34878e-06    -1.435267e-06    7.470029e-07    9.654386e-07    2.069368e-06    -3.031474e-07    -3.841958e-06
1.01634e-06    5.575135e-07    -3.67896e-07    -7.746838e-07    -8.780004e-07    1.484939e-07    -2.037316e-06    -2.506532e-06    -7.909147e-07    2.286349e-06    2.425762e-06    -3.628709e-06    -2.824013e-06    2.32177e-06    6.096853e-07    -1.331355e-06    1.774988e-06    1.232922e-06    -3.257256e-07    -9.065238e-08    8.908594e-07    -2.286183e-06    -3.020549e-06    5.118659e-07    3.083442e-06    -6.612309e-07    2.038638e-06    1.969338e-06    -4.617952e-07    -1.388022e-06    1.790857e-07    1.509119e-06    1.073308e-06    -1.368029e-06    -1.735591e-06
-1.262569e-06    -1.268346e-06    -4.029974e-07    4.294996e-07    1.681457e-06    7.152247e-07    1.303454e-06    7.180243e-07    5.577396e-07    -1.441486e-06    -1.649994e-06    3.186505e-06    2.133183e-06    -1.473805e-06    -1.185628e-06    1.920139e-07    -1.262225e-06    -2.374805e-07    3.676109e-07    -4.515344e-08    -1.169107e-06    1.456781e-06    1.681418e-06    -7.934617e-07    -6.612309e-07    3.084688e-06    -1.453245e-06    -3.664578e-06    1.030621e-06    8.550283e-07    1.033932e-07    -9.392428e-07    -9.963785e-07    1.243142e-06    8.193826e-07
3.699816e-06    4.24363e-06    1.513466e-06    -3.214959e-06    -5.866194e-06    -1.9283e-06    -7.764446e-06    -5.16901e-06    -8.460656e-07    5.80838e-06    6.387669e-06    -1.175994e-05    -7.727202e-06    7.601263e-06    2.207349e-06    -1.394689e-06    2.257178e-06    7.914019e-07    1.38087e-06    2.190985e-07    2.106795e-06    -7.020999e-06    -3.889349e-06    3.340198e-06    2.038638e-06    -1.453245e-06    7.948872e-06    4.720644e-06    -3.334925e-06    -2.589876e-06    1.301931e-06    2.343861e-06    2.499174e-06    -2.622152e-06    -4.681113e-06
4.179913e-06    3.810198e-06    1.357736e-06    -1.961829e-06    -6.370475e-06    -1.951859e-06    -6.526686e-06    -4.051825e-06    -3.81067e-07    4.86589e-06    5.946465e-06    -1.079126e-05    -6.732541e-06    6.02331e-06    2.789509e-06    -9.708999e-07    3.359796e-06    3.328184e-07    4.340563e-07    1.762492e-07    3.648046e-06    -5.670611e-06    -5.014458e-06    2.791002e-06    1.969338e-06    -3.664578e-06    4.720644e-06    8.373818e-06    -1.932707e-06    -4.201023e-06    -1.197216e-07    2.762759e-06    3.283126e-06    -2.767092e-06    -4.125061e-06
-1.047109e-06    -1.806164e-06    -7.382012e-07    1.319379e-06    1.8181e-06    8.204876e-07    2.791012e-06    1.368695e-06    3.065494e-07    -1.836169e-06    -2.192533e-06    4.156334e-06    2.928564e-06    -2.844971e-06    -8.706166e-07    2.460425e-07    -4.962837e-07    -3.862449e-07    -5.411198e-07    -1.722946e-08    -6.1772e-07    2.539096e-06    1.239954e-06    -1.34878e-06    -4.617952e-07    1.030621e-06    -3.334925e-06    -1.932707e-06    3.151918e-06    -3.574882e-07    -9.259817e-07    -7.424486e-07    -9.359439e-07    1.050317e-06    1.67885e-06
-2.63709e-06    -1.94113e-06    -8.477904e-07    9.849596e-07    3.980321e-06    8.915271e-07    4.201955e-06    3.244698e-06    5.336786e-08    -3.087189e-06    -3.454384e-06    6.441898e-06    3.738657e-06    -3.647641e-06    -1.49712e-06    7.696351e-07    -2.057492e-06    8.576086e-08    -4.787998e-07    -1.846698e-07    -2.026296e-06    3.133493e-06    2.974032e-06    -1.435267e-06    -1.388022e-06    8.550283e-07    -2.589876e-06    -4.201023e-06    -3.574882e-07    4.389343e-06    5.765663e-07    -1.887644e-06    -2.046333e-06    1.574641e-06    2.715854e-06
3.628725e-08    6.041612e-07    1.950065e-07    -7.242535e-07    2.148033e-07    -2.749373e-07    -1.31937e-06    -8.622209e-07    -6.950722e-07    1.808725e-06    7.592322e-07    -1.423236e-06    -2.112423e-06    2.022326e-06    1.775576e-07    -1.035976e-06    -2.245936e-07    1.260834e-06    6.244759e-07    -1.005427e-07    -4.587206e-07    -2.228444e-06    1.899324e-07    7.470029e-07    1.790857e-07    1.033932e-07    1.301931e-06    -1.197216e-07    -9.259817e-07    5.765663e-07    4.002588e-06    -1.224321e-06    -1.88157e-06    2.219525e-07    -8.008506e-07
1.748803e-06    1.747703e-06    5.772297e-07    -8.494212e-07    -2.412793e-06    -4.2565e-07    -3.6109e-06    -2.453266e-06    8.183195e-07    1.422485e-06    2.710382e-06    -4.676836e-06    -2.829293e-06    3.376023e-06    7.433229e-07    -2.50505e-07    1.275546e-06    -3.708008e-07    1.001223e-06    -1.198792e-07    1.843757e-06    -2.046945e-06    -2.999455e-06    9.654386e-07    1.509119e-06    -9.392428e-07    2.343861e-06    2.762759e-06    -7.424486e-07    -1.887644e-06    -1.224321e-06    4.522789e-06    2.2663e-06    -3.119028e-06    -2.141938e-06
2.176575e-06    1.895242e-06    6.918447e-07    -1.259053e-06    -3.788014e-06    -6.663767e-07    -4.69255e-06    -2.73495e-06    2.518621e-07    2.162467e-06    3.389179e-06    -6.625929e-06    -2.553338e-06    3.570519e-06    9.849517e-07    -6.040582e-09    2.580883e-06    -5.6981e-07    6.494267e-07    -1.23213e-08    2.856479e-06    -3.607634e-06    -3.943578e-06    2.069368e-06    1.073308e-06    -9.963785e-07    2.499174e-06    3.283126e-06    -9.359439e-07    -2.046333e-06    -1.88157e-06    2.2663e-06    5.084414e-06    -1.095633e-06    -4.586901e-06
-1.575685e-06    -1.882168e-06    -7.815302e-07    6.353489e-07    1.644252e-06    2.471288e-07    2.986148e-06    2.114595e-06    -2.792666e-07    -1.853908e-06    -2.189495e-06    3.815488e-06    3.452569e-06    -3.371695e-06    -1.145725e-06    4.27634e-07    -4.778677e-07    1.586001e-07    -6.255753e-07    -2.335938e-07    -7.967641e-07    1.174233e-06    1.908122e-06    -3.031474e-07    -1.368029e-06    1.243142e-06    -2.622152e-06    -2.767092e-06    1.050317e-06    1.574641e-06    2.219525e-07    -3.119028e-06    -1.095633e-06    4.012977e-06    5.345152e-07
-2.954672e-06    -2.852941e-06    -1.133248e-06    2.318165e-06    4.961822e-06    1.486051e-06    7.292411e-06    4.824955e-06    3.718487e-07    -4.745393e-06    -5.073399e-06    1.066712e-05    5.18941e-06    -6.693936e-06    -1.645254e-06    1.482977e-06    -3.376521e-06    -6.411609e-07    -1.709132e-06    -7.613764e-08    -3.646327e-06    7.353017e-06    5.258796e-06    -3.841958e-06    -1.735591e-06    8.193826e-07    -4.681113e-06    -4.125061e-06    1.67885e-06    2.715854e-06    -8.008506e-07    -2.141938e-06    -4.586901e-06    5.345152e-07    7.937913e-06
