4.979792e-06    2.512916e-06    -2.175512e-07    -1.460202e-06    -4.258484e-06    4.088913e-06    -7.99716e-06    -4.331309e-06    4.763872e-06    1.644704e-06    -4.347576e-07    1.646696e-06    -1.553436e-07    1.179789e-06    1.879546e-07    -1.133947e-06    4.201511e-06    4.956836e-06    -8.57654e-07    -3.29448e-06    3.628725e-08    1.748803e-06    2.176575e-06    -1.575685e-06    -2.954672e-06
2.512916e-06    5.399385e-06    1.74499e-06    -3.076662e-06    -4.050674e-06    3.813427e-06    -7.586244e-06    -4.826281e-06    5.266467e-06    1.762035e-06    1.358924e-07    3.003124e-07    -6.316317e-07    1.388346e-06    4.190594e-07    -1.204015e-06    4.571682e-06    4.459853e-06    -1.488077e-06    -2.537316e-06    6.041612e-07    1.747703e-06    1.895242e-06    -1.882168e-06    -2.852941e-06
-2.175512e-07    1.74499e-06    3.794063e-06    8.61164e-09    -3.11176e-06    8.815047e-07    -2.14287e-06    -1.868089e-06    1.830704e-06    1.157613e-06    5.485643e-07    -8.124912e-07    -7.872844e-07    6.15624e-07    4.024572e-07    -7.426507e-08    1.258792e-06    1.471581e-06    -3.203949e-07    -1.065778e-06    1.950065e-07    5.772297e-07    6.918447e-07    -7.815302e-07    -1.133248e-06
-1.460202e-06    -3.076662e-06    8.61164e-09    4.199323e-06    2.58675e-06    -3.354417e-06    5.824356e-06    3.450239e-06    -3.490743e-06    -5.945248e-07    7.518078e-07    -1.068481e-06    -5.421219e-07    -8.789954e-07    -2.016811e-08    8.469613e-07    -4.196684e-06    -2.987183e-06    1.732642e-06    1.571759e-06    -7.242535e-07    -8.494212e-07    -1.259053e-06    6.353489e-07    2.318165e-06
-4.258484e-06    -4.050674e-06    -3.11176e-06    2.58675e-06    1.21106e-05    -7.353012e-06    1.182176e-05    7.585329e-06    -6.439961e-06    -2.798866e-06    2.249783e-07    -2.0716e-06    4.715544e-07    -1.954367e-06    -3.046555e-07    1.062653e-06    -6.112092e-06    -7.16633e-06    1.183007e-06    4.896849e-06    2.148033e-07    -2.412793e-06    -3.788014e-06    1.644252e-06    4.961822e-06
4.088913e-06    3.813427e-06    8.815047e-07    -3.354417e-06    -7.353012e-06    9.058368e-06    -1.225435e-05    -8.840395e-06    7.09576e-06    2.036562e-06    -1.432672e-06    3.057826e-06    1.365897e-06    1.261298e-06    -1.457783e-07    -2.137618e-06    7.297582e-06    7.821983e-06    -1.869887e-06    -4.815683e-06    7.592322e-07    2.710382e-06    3.389179e-06    -2.189495e-06    -5.073399e-06
-7.99716e-06    -7.586244e-06    -2.14287e-06    5.824356e-06    1.182176e-05    -1.225435e-05    2.640138e-05    1.169717e-05    -1.438958e-05    -3.910931e-06    2.720366e-06    -6.309337e-06    -1.49591e-06    -2.116746e-06    -1.529283e-07    3.170626e-06    -1.479669e-05    -1.423622e-05    3.875739e-06    9.594852e-06    -1.423236e-06    -4.676836e-06    -6.625929e-06    3.815488e-06    1.066712e-05
-4.331309e-06    -4.826281e-06    -1.868089e-06    3.450239e-06    7.585329e-06    -8.840395e-06    1.169717e-05    1.287541e-05    -8.982866e-06    -3.87357e-06    1.943899e-06    -2.420045e-06    -1.913128e-06    -1.803892e-06    3.071207e-08    3.172322e-06    -9.411131e-06    -9.280982e-06    3.445128e-06    5.254429e-06    -2.112423e-06    -2.829293e-06    -2.553338e-06    3.452569e-06    5.18941e-06
4.763872e-06    5.266467e-06    1.830704e-06    -3.490743e-06    -6.439961e-06    7.09576e-06    -1.438958e-05    -8.982866e-06    1.120152e-05    2.183827e-06    -1.342834e-06    2.376484e-06    5.963582e-07    2.442879e-06    1.838399e-07    -2.478466e-06    9.436415e-06    9.317669e-06    -2.941591e-06    -5.634798e-06    2.022326e-06    3.376023e-06    3.570519e-06    -3.371695e-06    -6.693936e-06
1.644704e-06    1.762035e-06    1.157613e-06    -5.945248e-07    -2.798866e-06    2.036562e-06    -3.910931e-06    -3.87357e-06    2.183827e-06    2.902669e-06    -4.965437e-07    8.90586e-07    3.764843e-07    2.737349e-07    1.472219e-07    -8.386778e-07    2.576821e-06    2.922578e-06    -7.891852e-07    -1.888013e-06    1.775576e-07    7.433229e-07    9.849517e-07    -1.145725e-06    -1.645254e-06
-4.347576e-07    1.358924e-07    5.485643e-07    7.518078e-07    2.249783e-07    -1.432672e-06    2.720366e-06    1.943899e-06    -1.342834e-06    -4.965437e-07    2.988247e-06    -1.991629e-06    -2.093622e-06    3.125771e-07    3.228359e-08    4.603781e-07    -3.174399e-06    -1.648667e-06    1.406204e-06    1.235279e-06    -1.035976e-06    -2.50505e-07    -6.040582e-09    4.27634e-07    1.482977e-06
1.646696e-06    3.003124e-07    -8.124912e-07    -1.068481e-06    -2.0716e-06    3.057826e-06    -6.309337e-06    -2.420045e-06    2.376484e-06    8.90586e-07    -1.991629e-06    6.198898e-06    8.836452e-07    -1.557639e-06    -2.231747e-07    -5.493751e-07    3.41014e-06    3.503011e-06    -4.351503e-07    -3.045405e-06    -2.245936e-07    1.275546e-06    2.580883e-06    -4.778677e-07    -3.376521e-06
-1.553436e-07    -6.316317e-07    -7.872844e-07    -5.421219e-07    4.715544e-07    1.365897e-06    -1.49591e-06    -1.913128e-06    5.963582e-07    3.764843e-07    -2.093622e-06    8.836452e-07    3.886072e-06    -8.659798e-07    -1.07937e-06    -5.793591e-07    2.15252e-06    4.571019e-07    -1.420023e-06    5.560374e-08    1.260834e-06    -3.708008e-07    -5.6981e-07    1.586001e-07    -6.411609e-07
1.179789e-06    1.388346e-06    6.15624e-07    -8.789954e-07    -1.954367e-06    1.261298e-06    -2.116746e-06    -1.803892e-06    2.442879e-06    2.737349e-07    3.125771e-07    -1.557639e-06    -8.659798e-07    3.447616e-06    -3.463314e-07    -4.169196e-07    1.427332e-06    2.232184e-06    -6.511446e-07    -9.361801e-07    6.244759e-07    1.001223e-06    6.494267e-07    -6.255753e-07    -1.709132e-06
1.879546e-07    4.190594e-07    4.024572e-07    -2.016811e-08    -3.046555e-07    -1.457783e-07    -1.529283e-07    3.071207e-08    1.838399e-07    1.472219e-07    3.228359e-08    -2.231747e-07    -1.07937e-06    -3.463314e-07    1.594115e-06    1.145689e-08    3.817849e-07    1.578755e-07    -7.607833e-08    -2.021692e-07    -1.005427e-07    -1.198792e-07    -1.23213e-08    -2.335938e-07    -7.613764e-08
-1.133947e-06    -1.204015e-06    -7.426507e-08    8.469613e-07    1.062653e-06    -2.137618e-06    3.170626e-06    3.172322e-06    -2.478466e-06    -8.386778e-07    4.603781e-07    -5.493751e-07    -5.793591e-07    -4.169196e-07    1.145689e-08    3.535645e-06    -2.593624e-06    -4.360092e-06    1.270009e-06    1.338564e-06    -1.116873e-06    -4.971113e-07    -6.106873e-07    1.002655e-06    1.463958e-06
4.201511e-06    4.571682e-06    1.258792e-06    -4.196684e-06    -6.112092e-06    7.297582e-06    -1.479669e-05    -9.411131e-06    9.436415e-06    2.576821e-06    -3.174399e-06    3.41014e-06    2.15252e-06    1.427332e-06    3.817849e-07    -2.593624e-06    1.607521e-05    8.217366e-06    -7.258583e-06    -4.920429e-06    3.344931e-06    1.140064e-06    2.303476e-06    -1.997642e-06    -6.494662e-06
4.956836e-06    4.459853e-06    1.471581e-06    -2.987183e-06    -7.16633e-06    7.821983e-06    -1.423622e-05    -9.280982e-06    9.317669e-06    2.922578e-06    -1.648667e-06    3.503011e-06    4.571019e-07    2.232184e-06    1.578755e-07    -4.360092e-06    8.217366e-06    1.316667e-05    -1.923214e-06    -7.950075e-06    1.098895e-06    3.754704e-06    4.769366e-06    -3.138922e-06    -7.512522e-06
-8.57654e-07    -1.488077e-06    -3.203949e-07    1.732642e-06    1.183007e-06    -1.869887e-06    3.875739e-06    3.445128e-06    -2.941591e-06    -7.891852e-07    1.406204e-06    -4.351503e-07    -1.420023e-06    -6.511446e-07    -7.607833e-08    1.270009e-06    -7.258583e-06    -1.923214e-06    5.376072e-06    -2.548979e-07    -2.554971e-06    9.586219e-07    5.624106e-07    9.934202e-10    1.645372e-06
-3.29448e-06    -2.537316e-06    -1.065778e-06    1.571759e-06    4.896849e-06    -4.815683e-06    9.594852e-06    5.254429e-06    -5.634798e-06    -1.888013e-06    1.235279e-06    -3.045405e-06    5.560374e-08    -9.361801e-07    -2.021692e-07    1.338564e-06    -4.920429e-06    -7.950075e-06    -2.548979e-07    7.218052e-06    4.114107e-07    -3.074874e-06    -3.614978e-06    2.350925e-06    4.908064e-06
3.628725e-08    6.041612e-07    1.950065e-07    -7.242535e-07    2.148033e-07    7.592322e-07    -1.423236e-06    -2.112423e-06    2.022326e-06    1.775576e-07    -1.035976e-06    -2.245936e-07    1.260834e-06    6.244759e-07    -1.005427e-07    -1.116873e-06    3.344931e-06    1.098895e-06    -2.554971e-06    4.114107e-07    4.002588e-06    -1.224321e-06    -1.88157e-06    2.219525e-07    -8.008506e-07
1.748803e-06    1.747703e-06    5.772297e-07    -8.494212e-07    -2.412793e-06    2.710382e-06    -4.676836e-06    -2.829293e-06    3.376023e-06    7.433229e-07    -2.50505e-07    1.275546e-06    -3.708008e-07    1.001223e-06    -1.198792e-07    -4.971113e-07    1.140064e-06    3.754704e-06    9.586219e-07    -3.074874e-06    -1.224321e-06    4.522789e-06    2.2663e-06    -3.119028e-06    -2.141938e-06
2.176575e-06    1.895242e-06    6.918447e-07    -1.259053e-06    -3.788014e-06    3.389179e-06    -6.625929e-06    -2.553338e-06    3.570519e-06    9.849517e-07    -6.040582e-09    2.580883e-06    -5.6981e-07    6.494267e-07    -1.23213e-08    -6.106873e-07    2.303476e-06    4.769366e-06    5.624106e-07    -3.614978e-06    -1.88157e-06    2.2663e-06    5.084414e-06    -1.095633e-06    -4.586901e-06
-1.575685e-06    -1.882168e-06    -7.815302e-07    6.353489e-07    1.644252e-06    -2.189495e-06    3.815488e-06    3.452569e-06    -3.371695e-06    -1.145725e-06    4.27634e-07    -4.778677e-07    1.586001e-07    -6.255753e-07    -2.335938e-07    1.002655e-06    -1.997642e-06    -3.138922e-06    9.934202e-10    2.350925e-06    2.219525e-07    -3.119028e-06    -1.095633e-06    4.012977e-06    5.345152e-07
-2.954672e-06    -2.852941e-06    -1.133248e-06    2.318165e-06    4.961822e-06    -5.073399e-06    1.066712e-05    5.18941e-06    -6.693936e-06    -1.645254e-06    1.482977e-06    -3.376521e-06    -6.411609e-07    -1.709132e-06    -7.613764e-08    1.463958e-06    -6.494662e-06    -7.512522e-06    1.645372e-06    4.908064e-06    -8.008506e-07    -2.141938e-06    -4.586901e-06    5.345152e-07    7.937913e-06
