2.805165e-06    -5.455384e-09    -1.239492e-06    4.724729e-08    -9.601109e-07    2.049811e-07    5.196639e-07    4.602892e-07    -1.417752e-07    -3.826665e-07    5.265768e-07    -8.096368e-08    -7.123731e-07    3.519838e-07    -5.496316e-08    -1.009705e-06    9.982522e-07    6.409238e-07    -2.379139e-07    -2.995046e-07
-5.455384e-09    7.250746e-06    7.002445e-06    4.867289e-07    -5.820875e-06    -6.283848e-06    1.050404e-05    7.18056e-06    -7.065489e-06    -1.760306e-06    1.292936e-06    -1.977202e-06    -9.62212e-07    -1.812661e-06    6.3138e-08    -1.307128e-06    -2.251626e-06    -2.6814e-06    1.967814e-06    4.971918e-06
-1.239492e-06    7.002445e-06    1.13454e-05    2.124082e-06    -8.043069e-06    -8.180949e-06    1.462828e-05    8.918305e-06    -9.503645e-06    -2.548746e-06    1.125083e-06    -3.090385e-06    -3.713321e-07    -2.103498e-06    -1.005638e-07    -8.616805e-07    -3.573126e-06    -4.551197e-06    2.956415e-06    6.912996e-06
4.724729e-08    4.867289e-07    2.124082e-06    3.764095e-06    -3.030688e-06    -1.340014e-06    4.502208e-06    1.574329e-06    -1.879073e-06    -1.064738e-06    1.11677e-06    -2.193986e-06    -1.192878e-07    -2.964324e-07    -1.205338e-07    1.365837e-07    -8.158294e-07    -1.42592e-06    3.589516e-07    2.412235e-06
-9.601109e-07    -5.820875e-06    -8.043069e-06    -3.030688e-06    9.261147e-06    6.556681e-06    -1.271244e-05    -7.696098e-06    7.539398e-06    2.465814e-06    -2.310328e-06    3.373293e-06    1.726925e-06    1.014502e-06    5.455711e-08    1.729672e-06    1.77092e-06    2.690683e-06    -2.044483e-06    -5.387649e-06
2.049811e-07    -6.283848e-06    -8.180949e-06    -1.340014e-06    6.556681e-06    9.058368e-06    -1.225435e-05    -8.840395e-06    7.09576e-06    2.036562e-06    -1.432672e-06    3.057826e-06    1.365897e-06    1.261298e-06    -1.457783e-07    7.592322e-07    2.710382e-06    3.389179e-06    -2.189495e-06    -5.073399e-06
5.196639e-07    1.050404e-05    1.462828e-05    4.502208e-06    -1.271244e-05    -1.225435e-05    2.640138e-05    1.169717e-05    -1.438958e-05    -3.910931e-06    2.720366e-06    -6.309337e-06    -1.49591e-06    -2.116746e-06    -1.529283e-07    -1.423236e-06    -4.676836e-06    -6.625929e-06    3.815488e-06    1.066712e-05
4.602892e-07    7.18056e-06    8.918305e-06    1.574329e-06    -7.696098e-06    -8.840395e-06    1.169717e-05    1.287541e-05    -8.982866e-06    -3.87357e-06    1.943899e-06    -2.420045e-06    -1.913128e-06    -1.803892e-06    3.071207e-08    -2.112423e-06    -2.829293e-06    -2.553338e-06    3.452569e-06    5.18941e-06
-1.417752e-07    -7.065489e-06    -9.503645e-06    -1.879073e-06    7.539398e-06    7.09576e-06    -1.438958e-05    -8.982866e-06    1.120152e-05    2.183827e-06    -1.342834e-06    2.376484e-06    5.963582e-07    2.442879e-06    1.838399e-07    2.022326e-06    3.376023e-06    3.570519e-06    -3.371695e-06    -6.693936e-06
-3.826665e-07    -1.760306e-06    -2.548746e-06    -1.064738e-06    2.465814e-06    2.036562e-06    -3.910931e-06    -3.87357e-06    2.183827e-06    2.902669e-06    -4.965437e-07    8.90586e-07    3.764843e-07    2.737349e-07    1.472219e-07    1.775576e-07    7.433229e-07    9.849517e-07    -1.145725e-06    -1.645254e-06
5.265768e-07    1.292936e-06    1.125083e-06    1.11677e-06    -2.310328e-06    -1.432672e-06    2.720366e-06    1.943899e-06    -1.342834e-06    -4.965437e-07    2.988247e-06    -1.991629e-06    -2.093622e-06    3.125771e-07    3.228359e-08    -1.035976e-06    -2.50505e-07    -6.040582e-09    4.27634e-07    1.482977e-06
-8.096368e-08    -1.977202e-06    -3.090385e-06    -2.193986e-06    3.373293e-06    3.057826e-06    -6.309337e-06    -2.420045e-06    2.376484e-06    8.90586e-07    -1.991629e-06    6.198898e-06    8.836452e-07    -1.557639e-06    -2.231747e-07    -2.245936e-07    1.275546e-06    2.580883e-06    -4.778677e-07    -3.376521e-06
-7.123731e-07    -9.62212e-07    -3.713321e-07    -1.192878e-07    1.726925e-06    1.365897e-06    -1.49591e-06    -1.913128e-06    5.963582e-07    3.764843e-07    -2.093622e-06    8.836452e-07    3.886072e-06    -8.659798e-07    -1.07937e-06    1.260834e-06    -3.708008e-07    -5.6981e-07    1.586001e-07    -6.411609e-07
3.519838e-07    -1.812661e-06    -2.103498e-06    -2.964324e-07    1.014502e-06    1.261298e-06    -2.116746e-06    -1.803892e-06    2.442879e-06    2.737349e-07    3.125771e-07    -1.557639e-06    -8.659798e-07    3.447616e-06    -3.463314e-07    6.244759e-07    1.001223e-06    6.494267e-07    -6.255753e-07    -1.709132e-06
-5.496316e-08    6.3138e-08    -1.005638e-07    -1.205338e-07    5.455711e-08    -1.457783e-07    -1.529283e-07    3.071207e-08    1.838399e-07    1.472219e-07    3.228359e-08    -2.231747e-07    -1.07937e-06    -3.463314e-07    1.594115e-06    -1.005427e-07    -1.198792e-07    -1.23213e-08    -2.335938e-07    -7.613764e-08
-1.009705e-06    -1.307128e-06    -8.616805e-07    1.365837e-07    1.729672e-06    7.592322e-07    -1.423236e-06    -2.112423e-06    2.022326e-06    1.775576e-07    -1.035976e-06    -2.245936e-07    1.260834e-06    6.244759e-07    -1.005427e-07    4.002588e-06    -1.224321e-06    -1.88157e-06    2.219525e-07    -8.008506e-07
9.982522e-07    -2.251626e-06    -3.573126e-06    -8.158294e-07    1.77092e-06    2.710382e-06    -4.676836e-06    -2.829293e-06    3.376023e-06    7.433229e-07    -2.50505e-07    1.275546e-06    -3.708008e-07    1.001223e-06    -1.198792e-07    -1.224321e-06    4.522789e-06    2.2663e-06    -3.119028e-06    -2.141938e-06
6.409238e-07    -2.6814e-06    -4.551197e-06    -1.42592e-06    2.690683e-06    3.389179e-06    -6.625929e-06    -2.553338e-06    3.570519e-06    9.849517e-07    -6.040582e-09    2.580883e-06    -5.6981e-07    6.494267e-07    -1.23213e-08    -1.88157e-06    2.2663e-06    5.084414e-06    -1.095633e-06    -4.586901e-06
-2.379139e-07    1.967814e-06    2.956415e-06    3.589516e-07    -2.044483e-06    -2.189495e-06    3.815488e-06    3.452569e-06    -3.371695e-06    -1.145725e-06    4.27634e-07    -4.778677e-07    1.586001e-07    -6.255753e-07    -2.335938e-07    2.219525e-07    -3.119028e-06    -1.095633e-06    4.012977e-06    5.345152e-07
-2.995046e-07    4.971918e-06    6.912996e-06    2.412235e-06    -5.387649e-06    -5.073399e-06    1.066712e-05    5.18941e-06    -6.693936e-06    -1.645254e-06    1.482977e-06    -3.376521e-06    -6.411609e-07    -1.709132e-06    -7.613764e-08    -8.008506e-07    -2.141938e-06    -4.586901e-06    5.345152e-07    7.937913e-06
