9.058368e-06    -1.225435e-05    -8.840395e-06    7.09576e-06    2.036562e-06    1.016964e-05    -1.035406e-06    -1.091166e-05    -2.159901e-06    1.90309e-06    7.592322e-07    2.710382e-06    3.389179e-06    -2.189495e-06    -5.073399e-06
-1.225435e-05    2.640138e-05    1.169717e-05    -1.438958e-05    -3.910931e-06    -1.718924e-05    1.796244e-06    1.936521e-05    3.621347e-06    -9.598965e-07    -1.423236e-06    -4.676836e-06    -6.625929e-06    3.815488e-06    1.066712e-05
-8.840395e-06    1.169717e-05    1.287541e-05    -8.982866e-06    -3.87357e-06    -1.090166e-05    1.064087e-06    1.080065e-05    2.970584e-06    -1.522177e-06    -2.112423e-06    -2.829293e-06    -2.553338e-06    3.452569e-06    5.18941e-06
7.09576e-06    -1.438958e-05    -8.982866e-06    1.120152e-05    2.183827e-06    1.095273e-05    -1.009507e-06    -1.065903e-05    -2.858016e-06    4.984234e-08    2.022326e-06    3.376023e-06    3.570519e-06    -3.371695e-06    -6.693936e-06
2.036562e-06    -3.910931e-06    -3.87357e-06    2.183827e-06    2.902669e-06    3.595137e-06    6.549884e-08    -3.50032e-06    -1.057015e-06    -1.947144e-07    1.775576e-07    7.433229e-07    9.849517e-07    -1.145725e-06    -1.645254e-06
1.016964e-05    -1.718924e-05    -1.090166e-05    1.095273e-05    3.595137e-06    2.099947e-05    -1.563036e-06    -1.996824e-05    -3.849787e-06    9.066406e-07    -4.503338e-07    5.494715e-06    6.918046e-06    -3.628912e-06    -9.048419e-06
-1.035406e-06    1.796244e-06    1.064087e-06    -1.009507e-06    6.549884e-08    -1.563036e-06    3.944773e-06    1.726005e-06    -1.224903e-06    -5.151496e-09    3.386364e-07    -1.105222e-06    -6.075598e-07    8.011882e-07    1.013295e-06
-1.091166e-05    1.936521e-05    1.080065e-05    -1.065903e-05    -3.50032e-06    -1.996824e-05    1.726005e-06    2.530594e-05    3.793932e-06    -5.008966e-06    -4.690011e-07    -4.40865e-06    -7.066443e-06    2.379988e-06    1.072636e-05
-2.159901e-06    3.621347e-06    2.970584e-06    -2.858016e-06    -1.057015e-06    -3.849787e-06    -1.224903e-06    3.793932e-06    4.580484e-06    -2.293531e-06    -1.081948e-06    2.895803e-08    -5.418898e-07    7.380571e-07    1.123082e-06
1.90309e-06    -9.598965e-07    -1.522177e-06    4.984234e-08    -1.947144e-07    9.066406e-07    -5.151496e-09    -5.008966e-06    -2.293531e-06    8.364997e-06    1.588581e-06    -1.539049e-06    -8.793413e-07    1.226641e-06    -4.224318e-07
7.592322e-07    -1.423236e-06    -2.112423e-06    2.022326e-06    1.775576e-07    -4.503338e-07    3.386364e-07    -4.690011e-07    -1.081948e-06    1.588581e-06    4.002588e-06    -1.224321e-06    -1.88157e-06    2.219525e-07    -8.008506e-07
2.710382e-06    -4.676836e-06    -2.829293e-06    3.376023e-06    7.433229e-07    5.494715e-06    -1.105222e-06    -4.40865e-06    2.895803e-08    -1.539049e-06    -1.224321e-06    4.522789e-06    2.2663e-06    -3.119028e-06    -2.141938e-06
3.389179e-06    -6.625929e-06    -2.553338e-06    3.570519e-06    9.849517e-07    6.918046e-06    -6.075598e-07    -7.066443e-06    -5.418898e-07    -8.793413e-07    -1.88157e-06    2.2663e-06    5.084414e-06    -1.095633e-06    -4.586901e-06
-2.189495e-06    3.815488e-06    3.452569e-06    -3.371695e-06    -1.145725e-06    -3.628912e-06    8.011882e-07    2.379988e-06    7.380571e-07    1.226641e-06    2.219525e-07    -3.119028e-06    -1.095633e-06    4.012977e-06    5.345152e-07
-5.073399e-06    1.066712e-05    5.18941e-06    -6.693936e-06    -1.645254e-06    -9.048419e-06    1.013295e-06    1.072636e-05    1.123082e-06    -4.224318e-07    -8.008506e-07    -2.141938e-06    -4.586901e-06    5.345152e-07    7.937913e-06
