4.44728e-06    5.482973e-07    -1.398058e-06    -5.09664e-07    -1.443838e-06    8.350424e-07    -9.108863e-07    -1.073924e-06    3.189179e-07    1.456873e-06
5.482973e-07    1.040182e-05    7.303586e-06    -1.183592e-06    -6.301785e-06    -8.167426e-07    -3.227624e-06    -3.124971e-06    3.00418e-06    5.128711e-06
-1.398058e-06    7.303586e-06    9.032977e-06    5.19103e-07    -6.890776e-06    -6.808169e-07    -2.745105e-06    -3.54358e-06    2.240851e-06    5.184955e-06
-5.09664e-07    -1.183592e-06    5.19103e-07    3.706006e-06    -1.868423e-06    -9.693291e-07    6.882928e-07    -1.500084e-07    -1.793981e-07    8.629063e-07
-1.443838e-06    -6.301785e-06    -6.890776e-06    -1.868423e-06    1.07462e-05    1.145487e-06    2.16277e-06    3.180544e-06    -1.642728e-06    -5.778619e-06
8.350424e-07    -8.167426e-07    -6.808169e-07    -9.693291e-07    1.145487e-06    4.002588e-06    -1.224321e-06    -1.88157e-06    2.219525e-07    -8.008506e-07
-9.108863e-07    -3.227624e-06    -2.745105e-06    6.882928e-07    2.16277e-06    -1.224321e-06    4.522789e-06    2.2663e-06    -3.119028e-06    -2.141938e-06
-1.073924e-06    -3.124971e-06    -3.54358e-06    -1.500084e-07    3.180544e-06    -1.88157e-06    2.2663e-06    5.084414e-06    -1.095633e-06    -4.586901e-06
3.189179e-07    3.00418e-06    2.240851e-06    -1.793981e-07    -1.642728e-06    2.219525e-07    -3.119028e-06    -1.095633e-06    4.012977e-06    5.345152e-07
1.456873e-06    5.128711e-06    5.184955e-06    8.629063e-07    -5.778619e-06    -8.008506e-07    -2.141938e-06    -4.586901e-06    5.345152e-07    7.937913e-06
