4.44728e-06    5.482973e-07    -1.398058e-06    -5.09664e-07    -1.443838e-06    1.493777e-07    1.679578e-06    -2.380376e-08    -6.747842e-07    -6.676451e-07    8.350424e-07    -9.108863e-07    -1.073924e-06    3.189179e-07    1.456873e-06
5.482973e-07    1.040182e-05    7.303586e-06    -1.183592e-06    -6.301785e-06    -7.977576e-06    1.255336e-05    9.297763e-06    -8.049021e-06    -2.938739e-06    -8.167426e-07    -3.227624e-06    -3.124971e-06    3.00418e-06    5.128711e-06
-1.398058e-06    7.303586e-06    9.032977e-06    5.19103e-07    -6.890776e-06    -7.48458e-06    1.202063e-05    7.823726e-06    -7.095473e-06    -2.343643e-06    -6.808169e-07    -2.745105e-06    -3.54358e-06    2.240851e-06    5.184955e-06
-5.09664e-07    -1.183592e-06    5.19103e-07    3.706006e-06    -1.868423e-06    3.336977e-07    1.851515e-06    1.794075e-07    -7.044052e-07    -4.682198e-07    -9.693291e-07    6.882928e-07    -1.500084e-07    -1.793981e-07    8.629063e-07
-1.443838e-06    -6.301785e-06    -6.890776e-06    -1.868423e-06    1.07462e-05    6.345017e-06    -1.386894e-05    -5.959593e-06    7.162613e-06    2.165801e-06    1.145487e-06    2.16277e-06    3.180544e-06    -1.642728e-06    -5.778619e-06
1.493777e-07    -7.977576e-06    -7.48458e-06    3.336977e-07    6.345017e-06    9.058368e-06    -1.225435e-05    -8.840395e-06    7.09576e-06    2.036562e-06    7.592322e-07    2.710382e-06    3.389179e-06    -2.189495e-06    -5.073399e-06
1.679578e-06    1.255336e-05    1.202063e-05    1.851515e-06    -1.386894e-05    -1.225435e-05    2.640138e-05    1.169717e-05    -1.438958e-05    -3.910931e-06    -1.423236e-06    -4.676836e-06    -6.625929e-06    3.815488e-06    1.066712e-05
-2.380376e-08    9.297763e-06    7.823726e-06    1.794075e-07    -5.959593e-06    -8.840395e-06    1.169717e-05    1.287541e-05    -8.982866e-06    -3.87357e-06    -2.112423e-06    -2.829293e-06    -2.553338e-06    3.452569e-06    5.18941e-06
-6.747842e-07    -8.049021e-06    -7.095473e-06    -7.044052e-07    7.162613e-06    7.09576e-06    -1.438958e-05    -8.982866e-06    1.120152e-05    2.183827e-06    2.022326e-06    3.376023e-06    3.570519e-06    -3.371695e-06    -6.693936e-06
-6.676451e-07    -2.938739e-06    -2.343643e-06    -4.682198e-07    2.165801e-06    2.036562e-06    -3.910931e-06    -3.87357e-06    2.183827e-06    2.902669e-06    1.775576e-07    7.433229e-07    9.849517e-07    -1.145725e-06    -1.645254e-06
8.350424e-07    -8.167426e-07    -6.808169e-07    -9.693291e-07    1.145487e-06    7.592322e-07    -1.423236e-06    -2.112423e-06    2.022326e-06    1.775576e-07    4.002588e-06    -1.224321e-06    -1.88157e-06    2.219525e-07    -8.008506e-07
-9.108863e-07    -3.227624e-06    -2.745105e-06    6.882928e-07    2.16277e-06    2.710382e-06    -4.676836e-06    -2.829293e-06    3.376023e-06    7.433229e-07    -1.224321e-06    4.522789e-06    2.2663e-06    -3.119028e-06    -2.141938e-06
-1.073924e-06    -3.124971e-06    -3.54358e-06    -1.500084e-07    3.180544e-06    3.389179e-06    -6.625929e-06    -2.553338e-06    3.570519e-06    9.849517e-07    -1.88157e-06    2.2663e-06    5.084414e-06    -1.095633e-06    -4.586901e-06
3.189179e-07    3.00418e-06    2.240851e-06    -1.793981e-07    -1.642728e-06    -2.189495e-06    3.815488e-06    3.452569e-06    -3.371695e-06    -1.145725e-06    2.219525e-07    -3.119028e-06    -1.095633e-06    4.012977e-06    5.345152e-07
1.456873e-06    5.128711e-06    5.184955e-06    8.629063e-07    -5.778619e-06    -5.073399e-06    1.066712e-05    5.18941e-06    -6.693936e-06    -1.645254e-06    -8.008506e-07    -2.141938e-06    -4.586901e-06    5.345152e-07    7.937913e-06
