1.396117e-06    -2.673813e-07    -7.756888e-07    1.99134e-07    2.714163e-10    1.086121e-08    -2.92151e-08    -2.211039e-08    -1.258182e-08    8.19439e-08    9.32444e-08    -4.068985e-08    -8.885481e-08    9.068765e-08    -3.405705e-08    1.270326e-07    -1.061022e-07    -1.201355e-07    9.627431e-08    1.302544e-08
-2.673813e-07    1.364518e-06    -7.825551e-08    -9.580399e-07    2.871904e-07    -2.010049e-08    -2.966636e-09    -1.935971e-08    2.206624e-08    2.090312e-08    1.246002e-09    -1.080105e-07    -8.874025e-08    -1.515339e-08    1.110307e-07    -1.539356e-07    -3.089591e-08    -8.781484e-09    -1.009739e-07    1.416149e-07
-7.756888e-07    -7.825551e-08    1.46125e-06    1.298563e-07    -7.32563e-07    -2.081398e-08    -2.163161e-08    2.65412e-08    4.868153e-08    -4.059918e-08    1.584026e-08    -9.474061e-08    -1.060808e-07    9.985551e-10    9.644169e-08    -4.542949e-08    -1.513779e-07    -1.166934e-07    -1.893307e-08    1.566049e-07
1.99134e-07    -9.580399e-07    1.298563e-07    1.565009e-06    -8.046493e-07    3.255793e-08    -6.143481e-09    -1.388681e-09    -2.241273e-08    -1.953944e-08    8.102336e-08    -4.950242e-08    -5.682678e-08    1.044072e-07    -4.236758e-08    2.295068e-07    -1.946208e-07    -2.064257e-07    1.915212e-07    6.275442e-09
2.714163e-10    2.871904e-07    -7.32563e-07    -8.046493e-07    1.422658e-06    1.191062e-08    3.982286e-08    1.511599e-08    -4.054587e-08    -7.181326e-08    -1.196572e-07    1.601796e-07    2.060201e-07    -1.002537e-07    -8.875519e-08    -1.320381e-07    3.144941e-07    2.866822e-07    -1.119509e-07    -1.752603e-07
1.086121e-08    -2.010049e-08    -2.081398e-08    3.255793e-08    1.191062e-08    1.384648e-06    -3.114386e-07    -7.431074e-07    2.056233e-07    -1.353625e-09    9.09644e-08    -7.656859e-08    -5.927297e-08    1.421636e-07    -7.27074e-08    1.269221e-07    -1.137721e-07    -1.201187e-07    9.769134e-08    1.815033e-08
-2.92151e-08    -2.966636e-09    -2.163161e-08    -6.143481e-09    3.982286e-08    -3.114386e-07    1.383074e-06    -4.187749e-08    -9.751589e-07    2.859316e-07    -1.807128e-08    -7.939121e-08    -9.110084e-08    -2.565788e-08    1.202762e-07    -1.115789e-07    -8.569451e-09    -4.753572e-08    -1.42582e-07    1.641829e-07
-2.211039e-08    -1.935971e-08    2.65412e-08    -1.388681e-09    1.511599e-08    -7.431074e-07    -4.187749e-08    1.46743e-06    1.340621e-07    -7.675104e-07    3.054707e-08    -1.080553e-07    -1.370694e-07    -2.343017e-09    1.325858e-07    -6.831859e-08    -1.552635e-07    -1.098348e-07    -9.360706e-09    1.410793e-07
-1.258182e-08    2.206624e-08    4.868153e-08    -2.241273e-08    -4.054587e-08    2.056233e-07    -9.751589e-07    1.340621e-07    1.556799e-06    -7.876328e-07    1.044583e-07    -7.43491e-08    -5.200775e-08    1.179952e-07    -5.79353e-08    1.866673e-07    -2.200276e-07    -1.588802e-07    2.163048e-07    -3.222068e-08
8.19439e-08    2.090312e-08    -4.059918e-08    -1.953944e-08    -7.181326e-08    -1.353625e-09    2.859316e-07    -7.675104e-07    -7.876328e-07    1.441199e-06    -1.10898e-07    1.656664e-07    1.834036e-07    -1.090875e-07    -7.952677e-08    -1.148106e-07    3.041967e-07    2.907203e-07    -1.204728e-07    -1.607352e-07
9.32444e-08    1.246002e-09    1.584026e-08    8.102336e-08    -1.196572e-07    9.09644e-08    -1.807128e-08    3.054707e-08    1.044583e-07    -1.10898e-07    1.341467e-06    -1.219208e-07    -6.823208e-07    -1.35642e-07    -1.918035e-07    -1.681667e-08    -1.633335e-07    -1.698388e-07    -1.451472e-08    1.838248e-07
-4.068985e-08    -1.080105e-07    -9.474061e-08    -4.950242e-08    1.601796e-07    -7.656859e-08    -7.939121e-08    -1.080553e-07    -7.43491e-08    1.656664e-07    -1.219208e-07    1.959888e-06    -3.92745e-07    -5.239837e-07    -1.773262e-08    -7.096519e-09    6.455947e-08    6.032407e-08    -1.35092e-08    -2.15992e-08
-8.885481e-08    -8.874025e-08    -1.060808e-07    -5.682678e-08    2.060201e-07    -5.927297e-08    -9.110084e-08    -1.370694e-07    -5.200775e-08    1.834036e-07    -6.823208e-07    -3.92745e-07    1.96677e-06    -1.748312e-07    -7.574391e-07    1.440284e-08    1.787945e-07    1.707095e-07    -1.189158e-08    -1.851246e-07
9.068765e-08    -1.515339e-08    9.985551e-10    1.044072e-07    -1.002537e-07    1.421636e-07    -2.565788e-08    -2.343017e-09    1.179952e-07    -1.090875e-07    -1.35642e-07    -5.239837e-07    -1.748312e-07    1.389196e-06    -3.349705e-07    1.01324e-08    -1.373411e-07    -1.396949e-07    1.487097e-08    1.136358e-07
-3.405705e-08    1.110307e-07    9.644169e-08    -4.236758e-08    -8.875519e-08    -7.27074e-08    1.202762e-07    1.325858e-07    -5.79353e-08    -7.952677e-08    -1.918035e-07    -1.773262e-08    -7.574391e-07    -3.349705e-07    1.439695e-06    6.096141e-09    6.256887e-09    3.107676e-08    2.069304e-08    -2.574632e-08
1.270326e-07    -1.539356e-07    -4.542949e-08    2.295068e-07    -1.320381e-07    1.269221e-07    -1.115789e-07    -6.831859e-08    1.866673e-07    -1.148106e-07    -1.681667e-08    -7.096519e-09    1.440284e-08    1.01324e-08    6.096141e-09    1.524268e-06    4.071538e-08    -9.663342e-07    1.71821e-08    -4.28011e-08
-1.061022e-07    -3.089591e-08    -1.513779e-07    -1.946208e-07    3.144941e-07    -1.137721e-07    -8.569451e-09    -1.552635e-07    -2.200276e-07    3.041967e-07    -1.633335e-07    6.455947e-08    1.787945e-07    -1.373411e-07    6.256887e-09    4.071538e-08    1.535696e-06    -4.457601e-09    -9.856275e-07    1.236277e-07
-1.201355e-07    -8.781484e-09    -1.166934e-07    -2.064257e-07    2.866822e-07    -1.201187e-07    -4.753572e-08    -1.098348e-07    -1.588802e-07    2.907203e-07    -1.698388e-07    6.032407e-08    1.707095e-07    -1.396949e-07    3.107676e-08    -9.663342e-07    -4.457601e-09    1.49287e-06    2.70754e-08    -6.639486e-07
9.627431e-08    -1.009739e-07    -1.893307e-08    1.915212e-07    -1.119509e-07    9.769134e-08    -1.42582e-07    -9.360706e-09    2.163048e-07    -1.204728e-07    -1.451472e-08    -1.35092e-08    -1.189158e-08    1.487097e-08    2.069304e-08    1.71821e-08    -9.856275e-07    2.70754e-08    1.505614e-06    -5.797934e-07
1.302544e-08    1.416149e-07    1.566049e-07    6.275442e-09    -1.752603e-07    1.815033e-08    1.641829e-07    1.410793e-07    -3.222068e-08    -1.607352e-07    1.838248e-07    -2.15992e-08    -1.851246e-07    1.136358e-07    -2.574632e-08    -4.28011e-08    1.236277e-07    -6.639486e-07    -5.797934e-07    1.400004e-06
