1.396117e-06    -2.673813e-07    -7.756888e-07    1.99134e-07    2.714163e-10    1.086121e-08    -2.92151e-08    -2.211039e-08    -1.258182e-08    8.19439e-08    2.367829e-08    -9.551272e-09    -1.855424e-09    -2.226147e-09    2.404529e-08    1.020919e-07    -7.12819e-08    -3.122575e-08    7.757929e-08    -1.871193e-08    1.270326e-07    -1.061022e-07    -1.201355e-07    9.627431e-08    1.302544e-08
-2.673813e-07    1.364518e-06    -7.825551e-08    -9.580399e-07    2.871904e-07    -2.010049e-08    -2.966636e-09    -1.935971e-08    2.206624e-08    2.090312e-08    -3.444841e-09    -2.315663e-08    3.004596e-08    -6.834819e-09    2.534834e-09    -4.634551e-08    -1.002601e-07    -8.166254e-08    -5.953874e-08    1.103471e-07    -1.539356e-07    -3.089591e-08    -8.781484e-09    -1.009739e-07    1.416149e-07
-7.756888e-07    -7.825551e-08    1.46125e-06    1.298563e-07    -7.32563e-07    -2.081398e-08    -2.163161e-08    2.65412e-08    4.868153e-08    -4.059918e-08    -3.237629e-08    2.704926e-09    1.136012e-08    2.742686e-08    -2.529648e-08    7.077003e-08    -1.807203e-07    -2.250506e-07    3.067616e-08    1.170805e-07    -4.542949e-08    -1.513779e-07    -1.166934e-07    -1.893307e-08    1.566049e-07
1.99134e-07    -9.580399e-07    1.298563e-07    1.565009e-06    -8.046493e-07    3.255793e-08    -6.143481e-09    -1.388681e-09    -2.241273e-08    -1.953944e-08    -2.942852e-09    4.219389e-09    1.520939e-09    2.828797e-08    -2.40156e-08    1.959617e-07    -9.341293e-08    -1.39947e-07    1.321098e-07    -2.200699e-08    2.295068e-07    -1.946208e-07    -2.064257e-07    1.915212e-07    6.275442e-09
2.714163e-10    2.871904e-07    -7.32563e-07    -8.046493e-07    1.422658e-06    1.191062e-08    3.982286e-08    1.511599e-08    -4.054587e-08    -7.181326e-08    3.402326e-08    4.561046e-09    -3.190694e-08    -3.25813e-08    3.704007e-08    -2.109593e-07    2.544076e-07    3.053736e-07    -1.229747e-07    -1.050853e-07    -1.320381e-07    3.144941e-07    2.866822e-07    -1.119509e-07    -1.752603e-07
1.086121e-08    -2.010049e-08    -2.081398e-08    3.255793e-08    1.191062e-08    1.384648e-06    -3.114386e-07    -7.431074e-07    2.056233e-07    -1.353625e-09    1.000516e-07    -1.835092e-07    -1.245544e-07    1.43307e-07    4.970115e-08    9.571119e-08    -5.521538e-08    -1.076676e-07    9.52197e-08    3.003924e-08    1.269221e-07    -1.137721e-07    -1.201187e-07    9.769134e-08    1.815033e-08
-2.92151e-08    -2.966636e-09    -2.163161e-08    -6.143481e-09    3.982286e-08    -3.114386e-07    1.383074e-06    -4.187749e-08    -9.751589e-07    2.859316e-07    -1.089704e-07    1.954656e-08    -3.129591e-08    -1.754815e-07    1.97099e-07    -3.546256e-08    -9.443926e-08    -5.723373e-08    -6.974779e-08    8.094162e-08    -1.115789e-07    -8.569451e-09    -4.753572e-08    -1.42582e-07    1.641829e-07
-2.211039e-08    -1.935971e-08    2.65412e-08    -1.388681e-09    1.511599e-08    -7.431074e-07    -4.187749e-08    1.46743e-06    1.340621e-07    -7.675104e-07    -1.288397e-07    -7.244404e-08    -5.525021e-08    -9.726687e-08    1.687606e-07    6.023236e-08    -1.898918e-07    -1.875982e-07    2.327311e-08    9.522359e-08    -6.831859e-08    -1.552635e-07    -1.098348e-07    -9.360706e-09    1.410793e-07
-1.258182e-08    2.206624e-08    4.868153e-08    -2.241273e-08    -4.054587e-08    2.056233e-07    -9.751589e-07    1.340621e-07    1.556799e-06    -7.876328e-07    1.066618e-07    -2.170557e-07    -1.442682e-07    2.183327e-07    -5.385266e-09    1.967883e-07    -9.683937e-08    -1.826644e-07    1.495264e-07    -1.705388e-08    1.866673e-07    -2.200276e-07    -1.588802e-07    2.163048e-07    -3.222068e-08
8.19439e-08    2.090312e-08    -4.059918e-08    -1.953944e-08    -7.181326e-08    -1.353625e-09    2.859316e-07    -7.675104e-07    -7.876328e-07    1.441199e-06    1.344022e-08    2.686534e-07    2.040959e-07    -6.27576e-08    -2.164654e-07    -2.096286e-07    2.923179e-07    3.462011e-07    -1.616953e-07    -1.071405e-07    -1.148106e-07    3.041967e-07    2.907203e-07    -1.204728e-07    -1.607352e-07
2.367829e-08    -3.444841e-09    -3.237629e-08    -2.942852e-09    3.402326e-08    1.000516e-07    -1.089704e-07    -1.288397e-07    1.066618e-07    1.344022e-08    1.500574e-06    4.060326e-09    -8.85666e-07    -1.309846e-07    -8.964745e-09    1.141553e-07    -5.367508e-08    -8.615266e-08    1.104317e-07    -4.319297e-09    6.600863e-08    -1.160567e-08    -2.899319e-08    4.699213e-08    -3.989923e-08
-9.551272e-09    -2.315663e-08    2.704926e-09    4.219389e-09    4.561046e-09    -1.835092e-07    1.954656e-08    -7.244404e-08    -2.170557e-07    2.686534e-07    4.060326e-09    1.464712e-06    -7.617568e-08    -9.30747e-07    1.01137e-07    2.8811e-08    -1.06037e-07    -8.966978e-08    -1.545858e-08    5.827037e-08    -9.504658e-08    1.510706e-07    1.78928e-07    -7.36174e-08    -8.984299e-08
-1.855424e-09    3.004596e-08    1.136012e-08    1.520939e-09    -3.190694e-08    -1.245544e-07    -3.129591e-08    -5.525021e-08    -1.442682e-07    2.040959e-07    -8.85666e-07    -7.617568e-08    1.446102e-06    -1.553817e-08    -5.505019e-07    2.561841e-08    -1.211111e-07    -1.374748e-07    -3.767441e-08    8.011263e-08    -6.499978e-08    1.506516e-07    1.433067e-07    -6.339879e-08    -6.04488e-08
-2.226147e-09    -6.834819e-09    2.742686e-08    2.828797e-08    -3.25813e-08    1.43307e-07    -1.754815e-07    -9.726687e-08    2.183327e-07    -6.27576e-08    -1.309846e-07    -9.30747e-07    -1.553817e-08    1.496615e-06    -4.839208e-07    1.056417e-07    -6.086915e-08    -1.166384e-07    9.016767e-08    1.036768e-08    1.124106e-07    -4.946969e-08    -5.809694e-08    7.713387e-08    -4.330785e-08
2.404529e-08    2.534834e-09    -2.529648e-08    -2.40156e-08    3.704007e-08    4.970115e-08    1.97099e-07    1.687606e-07    -5.385266e-09    -2.164654e-07    -8.964745e-09    1.01137e-07    -5.505019e-07    -4.839208e-07    1.388061e-06    -1.403379e-07    1.741156e-07    2.281485e-07    -6.379719e-08    -7.692246e-08    -2.085129e-08    -1.444249e-07    -1.10468e-07    -8.977581e-09    1.227171e-07
1.020919e-07    -4.634551e-08    7.077003e-08    1.959617e-07    -2.109593e-07    9.571119e-08    -3.546256e-08    6.023236e-08    1.967883e-07    -2.096286e-07    1.141553e-07    2.8811e-08    2.561841e-08    1.056417e-07    -1.403379e-07    1.367607e-06    -3.399759e-07    -6.355789e-07    1.187194e-07    -1.167139e-07    3.354334e-08    -1.380677e-07    -1.307825e-07    9.544439e-09    1.301588e-07
-7.12819e-08    -1.002601e-07    -1.807203e-07    -9.341293e-08    2.544076e-07    -5.521538e-08    -9.443926e-08    -1.898918e-07    -9.683937e-08    2.923179e-07    -5.367508e-08    -1.06037e-07    -1.211111e-07    -6.086915e-08    1.741156e-07    -3.399759e-07    1.754976e-06    8.989151e-08    -7.144456e-07    -6.704824e-08    -2.002054e-08    1.527271e-08    2.191349e-08    1.204611e-08    -1.715279e-08
-3.122575e-08    -8.166254e-08    -2.250506e-07    -1.39947e-07    3.053736e-07    -1.076676e-07    -5.723373e-08    -1.875982e-07    -1.826644e-07    3.462011e-07    -8.615266e-08    -8.966978e-08    -1.374748e-07    -1.166384e-07    2.281485e-07    -6.355789e-07    8.989151e-08    1.706385e-06    -2.692439e-07    -7.773005e-07    -3.13789e-08    1.160704e-07    8.097663e-08    -1.872486e-08    -7.882596e-08
7.757929e-08    -5.953874e-08    3.067616e-08    1.321098e-07    -1.229747e-07    9.52197e-08    -6.974779e-08    2.327311e-08    1.495264e-07    -1.616953e-07    1.104317e-07    -1.545858e-08    -3.767441e-08    9.016767e-08    -6.379719e-08    1.187194e-07    -7.144456e-07    -2.692439e-07    1.419714e-06    -4.286468e-07    1.382536e-08    -1.144419e-07    -1.043101e-07    1.362816e-08    9.282015e-08
-1.871193e-08    1.103471e-07    1.170805e-07    -2.200699e-08    -1.050853e-07    3.003924e-08    8.094162e-08    9.522359e-08    -1.705388e-08    -1.071405e-07    -4.319297e-09    5.827037e-08    8.011263e-08    1.036768e-08    -7.692246e-08    -1.167139e-07    -6.704824e-08    -7.773005e-07    -4.286468e-07    1.454712e-06    2.281338e-08    2.956983e-08    2.129257e-08    1.900171e-08    -4.046157e-08
1.270326e-07    -1.539356e-07    -4.542949e-08    2.295068e-07    -1.320381e-07    1.269221e-07    -1.115789e-07    -6.831859e-08    1.866673e-07    -1.148106e-07    6.600863e-08    -9.504658e-08    -6.499978e-08    1.124106e-07    -2.085129e-08    3.354334e-08    -2.002054e-08    -3.13789e-08    1.382536e-08    2.281338e-08    1.524268e-06    4.071538e-08    -9.663342e-07    1.71821e-08    -4.28011e-08
-1.061022e-07    -3.089591e-08    -1.513779e-07    -1.946208e-07    3.144941e-07    -1.137721e-07    -8.569451e-09    -1.552635e-07    -2.200276e-07    3.041967e-07    -1.160567e-08    1.510706e-07    1.506516e-07    -4.946969e-08    -1.444249e-07    -1.380677e-07    1.527271e-08    1.160704e-07    -1.144419e-07    2.956983e-08    4.071538e-08    1.535696e-06    -4.457601e-09    -9.856275e-07    1.236277e-07
-1.201355e-07    -8.781484e-09    -1.166934e-07    -2.064257e-07    2.866822e-07    -1.201187e-07    -4.753572e-08    -1.098348e-07    -1.588802e-07    2.907203e-07    -2.899319e-08    1.78928e-07    1.433067e-07    -5.809694e-08    -1.10468e-07    -1.307825e-07    2.191349e-08    8.097663e-08    -1.043101e-07    2.129257e-08    -9.663342e-07    -4.457601e-09    1.49287e-06    2.70754e-08    -6.639486e-07
9.627431e-08    -1.009739e-07    -1.893307e-08    1.915212e-07    -1.119509e-07    9.769134e-08    -1.42582e-07    -9.360706e-09    2.163048e-07    -1.204728e-07    4.699213e-08    -7.36174e-08    -6.339879e-08    7.713387e-08    -8.977581e-09    9.544439e-09    1.204611e-08    -1.872486e-08    1.362816e-08    1.900171e-08    1.71821e-08    -9.856275e-07    2.70754e-08    1.505614e-06    -5.797934e-07
1.302544e-08    1.416149e-07    1.566049e-07    6.275442e-09    -1.752603e-07    1.815033e-08    1.641829e-07    1.410793e-07    -3.222068e-08    -1.607352e-07    -3.989923e-08    -8.984299e-08    -6.04488e-08    -4.330785e-08    1.227171e-07    1.301588e-07    -1.715279e-08    -7.882596e-08    9.282015e-08    -4.046157e-08    -4.28011e-08    1.236277e-07    -6.639486e-07    -5.797934e-07    1.400004e-06
