1.396117e-06    -2.673813e-07    -7.756888e-07    1.99134e-07    2.714163e-10    1.086121e-08    -2.92151e-08    -2.211039e-08    -1.258182e-08    8.19439e-08    4.521618e-08    -1.211006e-08    -2.338289e-08    2.724792e-08    -1.143078e-08    1.270326e-07    -1.061022e-07    -1.201355e-07    9.627431e-08    1.302544e-08
-2.673813e-07    1.364518e-06    -7.825551e-08    -9.580399e-07    2.871904e-07    -2.010049e-08    -2.966636e-09    -1.935971e-08    2.206624e-08    2.090312e-08    -1.101313e-07    8.737812e-08    9.93725e-08    -7.866444e-08    3.305523e-09    -1.539356e-07    -3.089591e-08    -8.781484e-09    -1.009739e-07    1.416149e-07
-7.756888e-07    -7.825551e-08    1.46125e-06    1.298563e-07    -7.32563e-07    -2.081398e-08    -2.163161e-08    2.65412e-08    4.868153e-08    -4.059918e-08    -8.046227e-08    6.875222e-08    1.294892e-07    -2.817096e-08    -6.074687e-08    -4.542949e-08    -1.513779e-07    -1.166934e-07    -1.893307e-08    1.566049e-07
1.99134e-07    -9.580399e-07    1.298563e-07    1.565009e-06    -8.046493e-07    3.255793e-08    -6.143481e-09    -1.388681e-09    -2.241273e-08    -1.953944e-08    7.678206e-08    -4.355955e-09    -9.597904e-09    8.599647e-08    -6.143883e-08    2.295068e-07    -1.946208e-07    -2.064257e-07    1.915212e-07    6.275442e-09
2.714163e-10    2.871904e-07    -7.32563e-07    -8.046493e-07    1.422658e-06    1.191062e-08    3.982286e-08    1.511599e-08    -4.054587e-08    -7.181326e-08    5.000276e-08    -4.724848e-08    -1.303546e-07    -4.616539e-08    9.219859e-08    -1.320381e-07    3.144941e-07    2.866822e-07    -1.119509e-07    -1.752603e-07
1.086121e-08    -2.010049e-08    -2.081398e-08    3.255793e-08    1.191062e-08    1.384648e-06    -3.114386e-07    -7.431074e-07    2.056233e-07    -1.353625e-09    3.39233e-08    -4.334177e-08    -2.562991e-08    8.174824e-08    -2.619377e-08    1.269221e-07    -1.137721e-07    -1.201187e-07    9.769134e-08    1.815033e-08
-2.92151e-08    -2.966636e-09    -2.163161e-08    -6.143481e-09    3.982286e-08    -3.114386e-07    1.383074e-06    -4.187749e-08    -9.751589e-07    2.859316e-07    -3.763026e-08    1.294089e-07    3.853618e-08    -1.155692e-07    5.261425e-09    -1.115789e-07    -8.569451e-09    -4.753572e-08    -1.42582e-07    1.641829e-07
-2.211039e-08    -1.935971e-08    2.65412e-08    -1.388681e-09    1.511599e-08    -7.431074e-07    -4.187749e-08    1.46743e-06    1.340621e-07    -7.675104e-07    -1.346927e-08    1.491137e-07    8.143479e-08    -1.243688e-07    -6.568627e-08    -6.831859e-08    -1.552635e-07    -1.098348e-07    -9.360706e-09    1.410793e-07
-1.258182e-08    2.206624e-08    4.868153e-08    -2.241273e-08    -4.054587e-08    2.056233e-07    -9.751589e-07    1.340621e-07    1.556799e-06    -7.876328e-07    5.221216e-08    -6.103608e-08    3.174067e-08    8.200363e-08    -9.613872e-08    1.866673e-07    -2.200276e-07    -1.588802e-07    2.163048e-07    -3.222068e-08
8.19439e-08    2.090312e-08    -4.059918e-08    -1.953944e-08    -7.181326e-08    -1.353625e-09    2.859316e-07    -7.675104e-07    -7.876328e-07    1.441199e-06    -5.151036e-08    -1.223471e-07    -7.318694e-08    6.275921e-08    1.192011e-07    -1.148106e-07    3.041967e-07    2.907203e-07    -1.204728e-07    -1.607352e-07
4.521618e-08    -1.101313e-07    -8.046227e-08    7.678206e-08    5.000276e-08    3.39233e-08    -3.763026e-08    -1.346927e-08    5.221216e-08    -5.151036e-08    1.451722e-06    5.084839e-08    -8.917713e-07    9.169017e-09    -9.626868e-08    1.334989e-07    -1.074914e-07    -1.2473e-07    1.021314e-07    5.880261e-09
-1.211006e-08    8.737812e-08    6.875222e-08    -4.355955e-09    -4.724848e-08    -4.334177e-08    1.294089e-07    1.491137e-07    -6.103608e-08    -1.223471e-07    5.084839e-08    1.593388e-06    -3.757712e-07    -9.087368e-07    3.473426e-07    -8.857318e-08    6.268929e-08    4.916485e-09    -1.081376e-07    7.826155e-08
-2.338289e-08    9.93725e-08    1.294892e-07    -9.597904e-09    -1.303546e-07    -2.562991e-08    3.853618e-08    8.143479e-08    3.174067e-08    -7.318694e-08    -8.917713e-07    -3.757712e-07    1.553748e-06    6.150669e-08    -6.874152e-07    -1.266056e-07    1.366597e-08    5.139475e-08    -1.139602e-07    7.688984e-08
2.724792e-08    -7.866444e-08    -2.817096e-08    8.599647e-08    -4.616539e-08    8.174824e-08    -1.155692e-07    -1.243688e-07    8.200363e-08    6.275921e-08    9.169017e-09    -9.087368e-07    6.150669e-08    1.45305e-06    -5.407393e-07    9.705425e-08    -1.27769e-07    -9.844578e-08    1.298579e-07    -1.280321e-08
-1.143078e-08    3.305523e-09    -6.074687e-08    -6.143883e-08    9.219859e-08    -2.619377e-08    5.261425e-09    -6.568627e-08    -9.613872e-08    1.192011e-07    -9.626868e-08    3.473426e-07    -6.874152e-07    -5.407393e-07    1.411932e-06    6.531678e-09    8.628322e-08    8.437586e-08    9.404322e-10    -7.454512e-08
1.270326e-07    -1.539356e-07    -4.542949e-08    2.295068e-07    -1.320381e-07    1.269221e-07    -1.115789e-07    -6.831859e-08    1.866673e-07    -1.148106e-07    1.334989e-07    -8.857318e-08    -1.266056e-07    9.705425e-08    6.531678e-09    1.524268e-06    4.071538e-08    -9.663342e-07    1.71821e-08    -4.28011e-08
-1.061022e-07    -3.089591e-08    -1.513779e-07    -1.946208e-07    3.144941e-07    -1.137721e-07    -8.569451e-09    -1.552635e-07    -2.200276e-07    3.041967e-07    -1.074914e-07    6.268929e-08    1.366597e-08    -1.27769e-07    8.628322e-08    4.071538e-08    1.535696e-06    -4.457601e-09    -9.856275e-07    1.236277e-07
-1.201355e-07    -8.781484e-09    -1.166934e-07    -2.064257e-07    2.866822e-07    -1.201187e-07    -4.753572e-08    -1.098348e-07    -1.588802e-07    2.907203e-07    -1.2473e-07    4.916485e-09    5.139475e-08    -9.844578e-08    8.437586e-08    -9.663342e-07    -4.457601e-09    1.49287e-06    2.70754e-08    -6.639486e-07
9.627431e-08    -1.009739e-07    -1.893307e-08    1.915212e-07    -1.119509e-07    9.769134e-08    -1.42582e-07    -9.360706e-09    2.163048e-07    -1.204728e-07    1.021314e-07    -1.081376e-07    -1.139602e-07    1.298579e-07    9.404322e-10    1.71821e-08    -9.856275e-07    2.70754e-08    1.505614e-06    -5.797934e-07
1.302544e-08    1.416149e-07    1.566049e-07    6.275442e-09    -1.752603e-07    1.815033e-08    1.641829e-07    1.410793e-07    -3.222068e-08    -1.607352e-07    5.880261e-09    7.826155e-08    7.688984e-08    -1.280321e-08    -7.454512e-08    -4.28011e-08    1.236277e-07    -6.639486e-07    -5.797934e-07    1.400004e-06
