1.396117e-06    -2.673813e-07    -7.756888e-07    1.99134e-07    2.714163e-10    4.521618e-08    -1.211006e-08    -2.338289e-08    2.724792e-08    -1.143078e-08
-2.673813e-07    1.364518e-06    -7.825551e-08    -9.580399e-07    2.871904e-07    -1.101313e-07    8.737812e-08    9.93725e-08    -7.866444e-08    3.305523e-09
-7.756888e-07    -7.825551e-08    1.46125e-06    1.298563e-07    -7.32563e-07    -8.046227e-08    6.875222e-08    1.294892e-07    -2.817096e-08    -6.074687e-08
1.99134e-07    -9.580399e-07    1.298563e-07    1.565009e-06    -8.046493e-07    7.678206e-08    -4.355955e-09    -9.597904e-09    8.599647e-08    -6.143883e-08
2.714163e-10    2.871904e-07    -7.32563e-07    -8.046493e-07    1.422658e-06    5.000276e-08    -4.724848e-08    -1.303546e-07    -4.616539e-08    9.219859e-08
4.521618e-08    -1.101313e-07    -8.046227e-08    7.678206e-08    5.000276e-08    1.451722e-06    5.084839e-08    -8.917713e-07    9.169017e-09    -9.626868e-08
-1.211006e-08    8.737812e-08    6.875222e-08    -4.355955e-09    -4.724848e-08    5.084839e-08    1.593388e-06    -3.757712e-07    -9.087368e-07    3.473426e-07
-2.338289e-08    9.93725e-08    1.294892e-07    -9.597904e-09    -1.303546e-07    -8.917713e-07    -3.757712e-07    1.553748e-06    6.150669e-08    -6.874152e-07
2.724792e-08    -7.866444e-08    -2.817096e-08    8.599647e-08    -4.616539e-08    9.169017e-09    -9.087368e-07    6.150669e-08    1.45305e-06    -5.407393e-07
-1.143078e-08    3.305523e-09    -6.074687e-08    -6.143883e-08    9.219859e-08    -9.626868e-08    3.473426e-07    -6.874152e-07    -5.407393e-07    1.411932e-06
