1.396117e-06    -2.673813e-07    -7.756888e-07    1.99134e-07    2.714163e-10    1.822196e-08    -6.153793e-08    -1.997917e-08    5.550808e-08    -2.708227e-11
-2.673813e-07    1.364518e-06    -7.825551e-08    -9.580399e-07    2.871904e-07    -7.954447e-08    5.882704e-08    1.088667e-07    -6.972805e-08    -2.61062e-08
-7.756888e-07    -7.825551e-08    1.46125e-06    1.298563e-07    -7.32563e-07    1.355747e-09    1.622437e-07    6.967803e-08    -6.976636e-08    -7.322305e-08
1.99134e-07    -9.580399e-07    1.298563e-07    1.565009e-06    -8.046493e-07    1.060569e-07    1.500814e-08    -1.6694e-08    4.969793e-08    -5.959205e-08
2.714163e-10    2.871904e-07    -7.32563e-07    -8.046493e-07    1.422658e-06    -5.538365e-08    -1.447915e-07    -4.833047e-08    3.135584e-08    7.670456e-08
1.822196e-08    -7.954447e-08    1.355747e-09    1.060569e-07    -5.538365e-08    1.457257e-06    1.743115e-07    -9.820345e-07    -2.900465e-08    -9.333046e-09
-6.153793e-08    5.882704e-08    1.622437e-07    1.500814e-08    -1.447915e-07    1.743115e-07    1.616657e-06    -3.358758e-07    -9.808844e-07    3.401568e-07
-1.997917e-08    1.088667e-07    6.967803e-08    -1.6694e-08    -4.833047e-08    -9.820345e-07    -3.358758e-07    1.598062e-06    1.488089e-07    -7.693114e-07
5.550808e-08    -6.972805e-08    -6.976636e-08    4.969793e-08    3.135584e-08    -2.900465e-08    -9.808844e-07    1.488089e-07    1.454786e-06    -6.167025e-07
-2.708227e-11    -2.61062e-08    -7.322305e-08    -5.959205e-08    7.670456e-08    -9.333046e-09    3.401568e-07    -7.693114e-07    -6.167025e-07    1.398793e-06
