1    0.009148284    -0.5227716    -0.02662411    -0.09164891    -0.07882301    0.007646385    0.1192401    -0.0343122    -0.09016064    0.0602731    0.09674272    0.06040653    -0.006574536    -0.1662842    0.03516326    -0.0736607    -0.09286372    0.009222585    0.06892707    -0.100262    -0.05876979    0.1153365    0.08746204    -0.01207187
0.009148284    1    -0.6390093    -0.4031495    0.1813855    0.0363528    -0.06141078    -0.02327589    0.02080157    0.04933726    0.02584298    -0.09544527    -0.05453542    0.05769351    0.02915375    0.01072083    -0.0190577    -0.03371766    -0.02416454    0.03808288    -0.00643592    0.007629718    -0.04101519    -0.002514353    0.101324
-0.5227716    -0.6390093    1    -0.06712646    -0.3321347    0.13328    0.008431393    -0.1470135    0.08302932    0.03029962    0.00561726    -0.07888957    -0.1071029    0.01495103    0.1535263    -0.05773052    0.04677782    0.08727584    0.01561111    -0.04863121    0.008517349    0.02727629    0.02599453    0.01829302    -0.0881724
-0.02662411    -0.4031495    -0.06712646    1    -0.130076    -0.07388538    0.01882861    0.09124265    -0.02663602    -0.06094702    0.07591904    0.07129146    0.03762172    0.05446516    -0.171403    0.04500068    -0.03100721    -0.05463955    -0.0003248221    0.01787668    0.1530265    0.0912724    -0.0306517    -0.1043167    -0.1119837
-0.09164891    0.1813855    -0.3321347    -0.130076    1    -0.1542298    0.04494515    0.1098803    -0.1195906    0.002665364    -0.1898358    0.07519949    0.1802615    -0.1089111    -0.01337434    -0.02445379    0.07231441    0.06902858    -0.03180805    -0.05570177    -0.01698752    -0.09226233    -0.04700224    -0.01030879    -0.02343041
-0.07882301    0.0363528    0.13328    -0.07388538    -0.1542298    1    -0.3425514    -0.24755    0.1688995    0.007790085    -0.01251458    -0.080766    -0.06596692    0.04967429    0.0640891    0.02901511    -0.005855489    -0.03062845    -0.009909169    0.01139331    -0.08447945    -0.07770937    0.05651413    0.1102664    0.02200722
0.007646385    -0.06141078    0.008431393    0.01882861    0.04494515    -0.3425514    1    -0.6241456    -0.2792986    0.1218277    0.01520168    -0.03746331    -0.03806988    0.05184973    0.0354204    -0.02392559    -0.04965056    0.01132815    0.03570315    -0.003304345    -0.01779192    0.02507684    0.01382804    0.01303361    0.01928556
0.1192401    -0.02327589    -0.1470135    0.09124265    0.1098803    -0.24755    -0.6241456    1    -0.2963397    -0.2330515    -0.02600393    0.08441865    0.05878353    -0.06242653    -0.04563529    0.002630206    -0.03693125    -0.02631473    0.01795838    0.009025377    -0.01887102    0.02595673    0.07922218    0.0074203    -0.1310156
-0.0343122    0.02080157    0.08302932    -0.02663602    -0.1195906    0.1688995    -0.2792986    -0.2963397    1    -0.3314129    0.01363707    -0.05008549    0.003147971    -0.01834    0.02804843    0.02855622    0.04183903    -0.0376764    -0.0668836    0.05776846    0.2354998    0.07558538    -0.1578722    -0.08792805    -0.01408765
-0.09016064    0.04933726    0.03029962    -0.06094702    0.002665364    0.007790085    0.1218277    -0.2330515    -0.3314129    1    0.01284197    0.004797738    0.01335947    0.02652386    -0.07437579    -0.02732812    0.08717869    0.08234134    -0.003210931    -0.06594606    -0.1188029    -0.1060314    0.02790666    -0.02140475    -0.006324006
0.0602731    0.02584298    0.00561726    0.07591904    -0.1898358    -0.01251458    0.01520168    -0.02600393    0.01363707    0.01284197    1    0.08307113    -0.7420018    -0.008477842    0.04639755    0.05233356    -0.01577214    -0.05058534    -0.01593192    0.03080904    0.03702293    0.01894004    0.01478901    -0.02684936    0.007427948
0.09674272    -0.09544527    -0.07888957    0.07129146    0.07519949    -0.080766    -0.03746331    0.08441865    -0.05008549    0.004797738    0.08307113    1    -0.2725877    -0.7281742    0.2765941    -0.03816695    -0.007836006    -0.009937649    -0.03911026    0.04934374    -0.011938    0.04129766    -0.00896556    -0.04354344    0.03127142
0.06040653    -0.05453542    -0.1071029    0.03762172    0.1802615    -0.06596692    -0.03806988    0.05878353    0.003147971    0.01335947    -0.7420018    -0.2725877    1    0.04992343    -0.4475786    0.02142954    -0.02271523    -0.03215141    0.01554791    0.002664398    -0.01394031    0.009203816    0.005555138    0.001726641    -0.03577412
-0.006574536    0.05769351    0.01495103    0.05446516    -0.1089111    0.04967429    0.05184973    -0.06242653    -0.01834    0.02652386    -0.008477842    -0.7281742    0.04992343    1    -0.415051    0.04189703    -0.05511766    -0.04892751    0.02879445    0.01089615    0.04123565    -0.0266158    0.03505491    0.05981547    -0.09640243
-0.1662842    0.02915375    0.1535263    -0.171403    -0.01337434    0.0640891    0.0354204    -0.04563529    0.02804843    -0.07437579    0.04639755    0.2765941    -0.4475786    -0.415051    1    -0.07499522    0.06747561    0.1102255    -0.01324016    -0.05105516    -0.04188392    0.006214583    -0.04278525    -0.03052041    0.09912822
0.03516326    0.01072083    -0.05773052    0.04500068    -0.02445379    0.02901511    -0.02392559    0.002630206    0.02855622    -0.02732812    0.05233356    -0.03816695    0.02142954    0.04189703    -0.07499522    1    0.1113    -0.7716235    -0.2948739    0.2616917    0.1896235    0.05061179    -0.1184294    -0.0748676    0.04929889
-0.0736607    -0.0190577    0.04677782    -0.03100721    0.07231441    -0.005855489    -0.04965056    -0.03693125    0.04183903    0.08717869    -0.01577214    -0.007836006    -0.02271523    -0.05511766    0.06747561    0.1113    1    0.1167179    -0.7951628    0.1122501    0.02308711    0.1659117    -0.0458403    -0.1726403    0.0949835
-0.09286372    -0.03371766    0.08727584    -0.05463955    0.06902858    -0.03062845    0.01132815    -0.02631473    -0.0376764    0.08234134    -0.05058534    -0.009937649    -0.03215141    -0.04892751    0.1102255    -0.7716235    0.1167179    1    0.2636114    -0.66048    -0.1397133    0.01043808    0.1574417    0.02809964    -0.09859233
0.009222585    -0.02416454    0.01561111    -0.0003248221    -0.03180805    -0.009909169    0.03570315    0.01795838    -0.0668836    -0.003210931    -0.01593192    -0.03911026    0.01554791    0.02879445    -0.01324016    -0.2948739    -0.7951628    0.2636114    1    -0.5298588    -0.0778675    -0.1371504    0.114669    0.2094833    -0.1530774
0.06892707    0.03808288    -0.04863121    0.01787668    -0.05570177    0.01139331    -0.003304345    0.009025377    0.05776846    -0.06594606    0.03080904    0.04934374    0.002664398    0.01089615    -0.05105516    0.2616917    0.1122501    -0.66048    -0.5298588    1    0.02978344    0.02352367    -0.1501051    -0.07216762    0.2179818
-0.100262    -0.00643592    0.008517349    0.1530265    -0.01698752    -0.08447945    -0.01779192    -0.01887102    0.2354998    -0.1188029    0.03702293    -0.011938    -0.01394031    0.04123565    -0.04188392    0.1896235    0.02308711    -0.1397133    -0.0778675    0.02978344    1    -0.1376514    -0.6676179    0.09997202    0.0203232
-0.05876979    0.007629718    0.02727629    0.0912724    -0.09226233    -0.07770937    0.02507684    0.02595673    0.07558538    -0.1060314    0.01894004    0.04129766    0.009203816    -0.0266158    0.006214583    0.05061179    0.1659117    0.01043808    -0.1371504    0.02352367    -0.1376514    1    0.03542279    -0.676552    0.1943159
0.1153365    -0.04101519    0.02599453    -0.0306517    -0.04700224    0.05651413    0.01382804    0.07922218    -0.1578722    0.02790666    0.01478901    -0.00896556    0.005555138    0.03505491    -0.04278525    -0.1184294    -0.0458403    0.1574417    0.114669    -0.1501051    -0.6676179    0.03542279    1    -0.05155417    -0.452103
0.08746204    -0.002514353    0.01829302    -0.1043167    -0.01030879    0.1102664    0.01303361    0.0074203    -0.08792805    -0.02140475    -0.02684936    -0.04354344    0.001726641    0.05981547    -0.03052041    -0.0748676    -0.1726403    0.02809964    0.2094833    -0.07216762    0.09997202    -0.676552    -0.05155417    1    -0.5967933
-0.01207187    0.101324    -0.0881724    -0.1119837    -0.02343041    0.02200722    0.01928556    -0.1310156    -0.01408765    -0.006324006    0.007427948    0.03127142    -0.03577412    -0.09640243    0.09912822    0.04929889    0.0949835    -0.09859233    -0.1530774    0.2179818    0.0203232    0.1943159    -0.452103    -0.5967933    1
