1    -0.3425514    -0.24755    0.1688995    0.007790085    0.0338047    -0.020371    -0.04451033    0.006222414    0.03073797    -0.08447945    -0.07770937    0.05651413    0.1102664    0.02200722
-0.3425514    1    -0.6241456    -0.2792986    0.1218277    -0.0150622    0.01909466    0.01027337    -0.01022215    -0.02755133    -0.01779192    0.02507684    0.01382804    0.01303361    0.01928556
-0.24755    -0.6241456    1    -0.2963397    -0.2330515    0.03604504    -0.03829034    -0.04505017    0.01594886    0.03695036    -0.01887102    0.02595673    0.07922218    0.0074203    -0.1310156
0.1688995    -0.2792986    -0.2963397    1    -0.3314129    -0.05122849    -0.0004235332    0.01859759    -0.02506514    0.05159398    0.2354998    0.07558538    -0.1578722    -0.08792805    -0.01408765
0.007790085    0.1218277    -0.2330515    -0.3314129    1    -0.01819155    0.01863395    0.05416043    0.04290818    -0.07564668    -0.1188029    -0.1060314    0.02790666    -0.02140475    -0.006324006
0.0338047    -0.0150622    0.03604504    -0.05122849    -0.01819155    1    0.101416    -0.7969551    -0.2103847    0.2428828    -0.07872464    -0.1188107    0.1006625    0.1829834    -0.1825225
-0.020371    0.01909466    -0.03829034    -0.0004235332    0.01863395    0.101416    1    0.04487903    -0.7812895    0.1599303    -0.08152411    0.007224185    0.01345359    -0.05086353    0.07941754
-0.04451033    0.01027337    -0.04505017    0.01859759    0.05416043    -0.7969551    0.04487903    1    0.1790457    -0.582267    0.06310119    0.01405584    -0.1375716    -0.1572487    0.2293941
0.006222414    -0.01022215    0.01594886    -0.02506514    0.04290818    -0.2103847    -0.7812895    0.1790457    1    -0.5209955    0.07621367    -0.08677693    -0.1100798    0.02056022    0.07940677
0.03073797    -0.02755133    0.03695036    0.05159398    -0.07564668    0.2428828    0.1599303    -0.582267    -0.5209955    1    -0.07536504    0.08858282    0.1673075    0.07619244    -0.1694783
-0.08447945    -0.01779192    -0.01887102    0.2354998    -0.1188029    -0.07872464    -0.08152411    0.06310119    0.07621367    -0.07536504    1    -0.1376514    -0.6676179    0.09997202    0.0203232
-0.07770937    0.02507684    0.02595673    0.07558538    -0.1060314    -0.1188107    0.007224185    0.01405584    -0.08677693    0.08858282    -0.1376514    1    0.03542279    -0.676552    0.1943159
0.05651413    0.01382804    0.07922218    -0.1578722    0.02790666    0.1006625    0.01345359    -0.1375716    -0.1100798    0.1673075    -0.6676179    0.03542279    1    -0.05155417    -0.452103
0.1102664    0.01303361    0.0074203    -0.08792805    -0.02140475    0.1829834    -0.05086353    -0.1572487    0.02056022    0.07619244    0.09997202    -0.676552    -0.05155417    1    -0.5967933
0.02200722    0.01928556    -0.1310156    -0.01408765    -0.006324006    -0.1825225    0.07941754    0.2293941    0.07940677    -0.1694783    0.0203232    0.1943159    -0.452103    -0.5967933    1
