1    -0.001034051    -0.579239    -0.05867098    -0.04234761    0.09096491    -0.007805737    -0.05682554    0.01084811    0.04652311    -0.01823968    0.02058904    0.04376419    -0.01302688    -0.01683618
-0.001034051    1    -0.09055389    -0.6628608    0.215994    -0.03947123    0.01303465    -0.04360872    0.006132214    0.07489098    0.01433906    -0.02425017    -0.009726631    -0.0009839155    0.01028365
-0.579239    -0.09055389    1    -0.07619338    -0.3353676    0.0318321    -0.0310665    -0.03633748    0.03250505    -0.01385271    0.003970722    -0.01708219    -0.04912191    0.0106584    0.06532427
-0.05867098    -0.6628608    -0.07619338    1    -0.4102918    0.1171963    -0.05925429    -0.02851748    0.05769783    -0.005393172    0.005283524    0.005098237    -0.02368206    0.00837236    0.02465908
-0.04234761    0.215994    -0.3353676    -0.4102918    1    -0.1155822    0.06940761    0.06983619    -0.07468906    -0.0518738    -0.004897566    0.0112552    0.02133209    -0.01363519    -0.02280288
0.09096491    -0.03947123    0.0318321    0.1171963    -0.1155822    1    -0.3425514    -0.24755    0.1688995    0.007790085    -0.08447945    -0.07770937    0.05651413    0.1102664    0.02200722
-0.007805737    0.01303465    -0.0310665    -0.05925429    0.06940761    -0.3425514    1    -0.6241456    -0.2792986    0.1218277    -0.01779192    0.02507684    0.01382804    0.01303361    0.01928556
-0.05682554    -0.04360872    -0.03633748    -0.02851748    0.06983619    -0.24755    -0.6241456    1    -0.2963397    -0.2330515    -0.01887102    0.02595673    0.07922218    0.0074203    -0.1310156
0.01084811    0.006132214    0.03250505    0.05769783    -0.07468906    0.1688995    -0.2792986    -0.2963397    1    -0.3314129    0.2354998    0.07558538    -0.1578722    -0.08792805    -0.01408765
0.04652311    0.07489098    -0.01385271    -0.005393172    -0.0518738    0.007790085    0.1218277    -0.2330515    -0.3314129    1    -0.1188029    -0.1060314    0.02790666    -0.02140475    -0.006324006
-0.01823968    0.01433906    0.003970722    0.005283524    -0.004897566    -0.08447945    -0.01779192    -0.01887102    0.2354998    -0.1188029    1    -0.1376514    -0.6676179    0.09997202    0.0203232
0.02058904    -0.02425017    -0.01708219    0.005098237    0.0112552    -0.07770937    0.02507684    0.02595673    0.07558538    -0.1060314    -0.1376514    1    0.03542279    -0.676552    0.1943159
0.04376419    -0.009726631    -0.04912191    -0.02368206    0.02133209    0.05651413    0.01382804    0.07922218    -0.1578722    0.02790666    -0.6676179    0.03542279    1    -0.05155417    -0.452103
-0.01302688    -0.0009839155    0.0106584    0.00837236    -0.01363519    0.1102664    0.01303361    0.0074203    -0.08792805    -0.02140475    0.09997202    -0.676552    -0.05155417    1    -0.5967933
-0.01683618    0.01028365    0.06532427    0.02465908    -0.02280288    0.02200722    0.01928556    -0.1310156    -0.01408765    -0.006324006    0.0203232    0.1943159    -0.452103    -0.5967933    1
