1    -0.3425514    -0.24755    0.1688995    0.007790085    0.01798854    -0.04065403    -0.06900619    -0.01741116    0.1195293    -0.08447945    -0.07770937    0.05651413    0.1102664    0.02200722
-0.3425514    1    -0.6241456    -0.2792986    0.1218277    0.005185252    0.01868814    -0.001572928    0.01406794    -0.04648981    -0.01779192    0.02507684    0.01382804    0.01303361    0.01928556
-0.24755    -0.6241456    1    -0.2963397    -0.2330515    -0.02866228    0.03544331    0.07095481    -0.02415809    -0.0327292    -0.01887102    0.02595673    0.07922218    0.0074203    -0.1310156
0.1688995    -0.2792986    -0.2963397    1    -0.3314129    0.0201038    -0.04794656    -0.1023507    0.02010253    0.1208491    0.2354998    0.07558538    -0.1578722    -0.08792805    -0.01408765
0.007790085    0.1218277    -0.2330515    -0.3314129    1    0.01720538    0.0003217162    0.03269436    0.003594638    -0.08398854    -0.1188029    -0.1060314    0.02790666    -0.02140475    -0.006324006
0.01798854    0.005185252    -0.02866228    0.0201038    0.01720538    1    0.0416845    -0.7534453    -0.07856249    0.08736875    0.00842127    0.02994683    0.02517646    -0.01692716    -0.01852224
-0.04065403    0.01868814    0.03544331    -0.04794656    0.0003217162    0.0416845    1    -0.220745    -0.7680268    0.1760315    -0.004542744    -0.03163716    -0.008899058    0.06320033    -0.0249436
-0.06900619    -0.001572928    0.07095481    -0.1023507    0.03269436    -0.7534453    -0.220745    1    0.05457984    -0.4539195    -0.03623932    0.04263955    0.0264194    -0.01795736    -0.004440584
-0.01741116    0.01406794    -0.02415809    0.02010253    0.003594638    -0.07856249    -0.7680268    0.05457984    1    -0.3206691    0.01918204    0.03027521    0.01889109    -0.03680868    -0.008244375
0.1195293    -0.04648981    -0.0327292    0.1208491    -0.08398854    0.08736875    0.1760315    -0.4539195    -0.3206691    1    0.03400765    -0.08088546    -0.04279001    0.01694961    0.01981231
-0.08447945    -0.01779192    -0.01887102    0.2354998    -0.1188029    0.00842127    -0.004542744    -0.03623932    0.01918204    0.03400765    1    -0.1376514    -0.6676179    0.09997202    0.0203232
-0.07770937    0.02507684    0.02595673    0.07558538    -0.1060314    0.02994683    -0.03163716    0.04263955    0.03027521    -0.08088546    -0.1376514    1    0.03542279    -0.676552    0.1943159
0.05651413    0.01382804    0.07922218    -0.1578722    0.02790666    0.02517646    -0.008899058    0.0264194    0.01889109    -0.04279001    -0.6676179    0.03542279    1    -0.05155417    -0.452103
0.1102664    0.01303361    0.0074203    -0.08792805    -0.02140475    -0.01692716    0.06320033    -0.01795736    -0.03680868    0.01694961    0.09997202    -0.676552    -0.05155417    1    -0.5967933
0.02200722    0.01928556    -0.1310156    -0.01408765    -0.006324006    -0.01852224    -0.0249436    -0.004440584    -0.008244375    0.01981231    0.0203232    0.1943159    -0.452103    -0.5967933    1
