1    -0.3425514    -0.24755    0.1688995    0.007790085    0.02656314    0.05578644    0.1539805    0.0386632    -0.2203005    -0.08447945    -0.07770937    0.05651413    0.1102664    0.02200722
-0.3425514    1    -0.6241456    -0.2792986    0.1218277    0.01189034    -0.1099098    -0.06119945    0.06726883    0.08203335    -0.01779192    0.02507684    0.01382804    0.01303361    0.01928556
-0.24755    -0.6241456    1    -0.2963397    -0.2330515    0.04877607    -0.05211566    -0.1575486    -0.02371983    0.1280792    -0.01887102    0.02595673    0.07922218    0.0074203    -0.1310156
0.1688995    -0.2792986    -0.2963397    1    -0.3314129    0.01751401    0.05822751    0.07922929    0.05887532    -0.1383074    0.2354998    0.07558538    -0.1578722    -0.08792805    -0.01408765
0.007790085    0.1218277    -0.2330515    -0.3314129    1    -0.09773678    0.09706521    0.1241814    -0.1282615    -0.006289234    -0.1188029    -0.1060314    0.02790666    -0.02140475    -0.006324006
0.02656314    0.01189034    0.04877607    0.01751401    -0.09773678    1    0.1175183    -0.6888881    -0.007499106    0.04592695    0.03811379    0.0649115    -0.01489147    -0.01745127    -0.04125743
0.05578644    -0.1099098    -0.05211566    0.05822751    0.09706521    0.1175183    1    -0.2907878    -0.6958708    0.2802592    0.003563782    -0.03867463    -0.0274839    0.0240722    0.01749138
0.1539805    -0.06119945    -0.1575486    0.07922929    0.1241814    -0.6888881    -0.2907878    1    0.09759804    -0.538035    -0.04921008    -0.006044469    0.01836305    -0.003917189    0.04829828
0.0386632    0.06726883    -0.02371983    0.05887532    -0.1282615    -0.007499106    -0.6958708    0.09759804    1    -0.4298296    0.02671605    0.07705192    0.02414094    -0.006282117    -0.04155574
-0.2203005    0.08203335    0.1280792    -0.1383074    -0.006289234    0.04592695    0.2802592    -0.538035    -0.4298296    1    -0.02745773    -0.07163876    0.009207482    0.04189701    -0.04891097
-0.08447945    -0.01779192    -0.01887102    0.2354998    -0.1188029    0.03811379    0.003563782    -0.04921008    0.02671605    -0.02745773    1    -0.1376514    -0.6676179    0.09997202    0.0203232
-0.07770937    0.02507684    0.02595673    0.07558538    -0.1060314    0.0649115    -0.03867463    -0.006044469    0.07705192    -0.07163876    -0.1376514    1    0.03542279    -0.676552    0.1943159
0.05651413    0.01382804    0.07922218    -0.1578722    0.02790666    -0.01489147    -0.0274839    0.01836305    0.02414094    0.009207482    -0.6676179    0.03542279    1    -0.05155417    -0.452103
0.1102664    0.01303361    0.0074203    -0.08792805    -0.02140475    -0.01745127    0.0240722    -0.003917189    -0.006282117    0.04189701    0.09997202    -0.676552    -0.05155417    1    -0.5967933
0.02200722    0.01928556    -0.1310156    -0.01408765    -0.006324006    -0.04125743    0.01749138    0.04829828    -0.04155574    -0.04891097    0.0203232    0.1943159    -0.452103    -0.5967933    1
