1    -0.1750601    -0.4248295    0.2174913    0.002515153    0.07395104    -0.1131871    -0.1369199    0.07386933    0.07649416    0.08417821    0.03365734    -0.08765574    0.06743536    -0.03421618    0.1062739    -0.04173183    -0.06669368    0.0707084    0.03126267    0.06960626    -0.05946263    0.01124724    0.06525906    -0.0422528    -0.03868388    0.02683497    0.02435256    -0.03779789    0.01498125    -0.0324485    0.03713678    -0.01089743    -0.0252368    0.02411072    0.0009747135    0.03327251    -0.05064715    -0.0215638    0.05025186
-0.1750601    1    -0.01491714    -0.6222392    0.2333305    -0.07732744    0.01778574    0.01058778    -0.1651793    0.08876159    0.01301839    -0.05051267    -0.03481799    0.08244198    0.04738014    -0.01884409    0.02837125    -0.05689195    -0.01663733    0.04394241    0.05904949    -0.003635176    -0.07226143    0.02426811    0.06971675    0.02570057    0.005629873    -0.02206836    0.0267326    -0.01257761    0.06517634    -0.02067189    -0.0349201    0.02311271    -0.007536412    0.03858535    -0.04293042    -0.03044503    0.020002    0.0008537819
-0.4248295    -0.01491714    1    0.05952327    -0.5232977    -0.1276178    -0.08015054    -0.01464825    -0.09411968    0.2261081    0.02684463    -0.06595245    -0.01000153    0.01066658    0.06929134    0.0492766    -0.06421367    -0.03536227    0.01248344    0.06460526    -0.03717377    -0.0524544    -0.01608579    0.07371991    0.07790413    0.05941823    -0.02345454    -0.03673244    -0.0009793452    0.0164058    0.07469758    -0.07160698    -0.04301916    0.03843172    -0.007932219    0.002771592    -0.05800285    0.03287454    0.02958227    -0.02717925
0.2174913    -0.6222392    0.05952327    1    -0.5990358    0.08927624    -0.1740325    -0.180289    0.1381758    0.09513753    0.1007842    -0.003344613    -0.07037752    -0.004614059    0.002774564    0.1399626    -0.08823668    -0.08628976    0.1332735    0.0390444    0.03295568    -0.03238618    -0.03195911    0.05777876    0.04540745    0.01295194    -0.007756155    -0.01507274    -0.04536799    0.0123655    -0.01060321    0.00331427    -0.004962427    -0.03767499    0.01569491    0.009905022    0.03889825    -0.01558606    -0.06794439    0.05679076
0.002515153    0.2333305    -0.5232977    -0.5990358    1    -0.0001732517    0.1783414    0.2074047    -0.02316448    -0.2377356    -0.106741    0.07079975    0.08252189    -0.07358928    -0.04753515    -0.171295    0.116167    0.1020139    -0.1270012    -0.03871811    -0.05598918    0.07469587    0.06070256    -0.1086727    -0.1021506    0.01103227    0.02341695    -0.00105645    0.003877634    -0.02687516    -0.0139021    0.006085149    0.01554656    0.001828074    -0.0170674    -0.01513226    -0.03677966    0.009636552    0.05131929    -0.06605082
0.07395104    -0.07732744    -0.1276178    0.08927624    -0.0001732517    1    -0.06409369    -0.6033327    -0.117936    0.005767962    0.07528157    -0.05717756    -0.01027071    0.04660172    -0.03122617    0.1701355    -0.0574486    -0.06066094    0.2054905    -0.1118043    0.01610019    -0.06951527    0.01076136    0.09534299    -0.01308736    -0.003667107    0.01434533    0.02196922    0.01293101    -0.05925186    0.02093308    -0.01606784    -0.006830882    0.02804108    -0.05309203    0.02304323    -0.005218953    -0.01366843    0.0039977    -0.01342778
-0.1131871    0.01778574    -0.08015054    -0.1740325    0.1783414    -0.06409369    1    -0.09900662    -0.5676348    0.03544622    0.01469773    -0.03027661    -0.06975475    0.05468785    0.1215033    -0.2874626    0.1057192    0.2013681    -0.2530253    0.01527344    0.09035622    0.0005434782    -0.09284294    -0.03065628    0.05221953    0.01871929    -0.05181283    -0.05050695    0.04179945    0.002959576    -0.01204764    0.02077989    0.001403953    -0.01595646    0.01200544    0.005991629    0.01629427    0.008106591    -0.01540845    -0.02872888
-0.1369199    0.01058778    -0.01464825    -0.180289    0.2074047    -0.6033327    -0.09900662    1    -0.06336199    -0.3576137    0.01801939    -0.01991905    -0.02466597    -0.0008445505    0.05731621    -0.3127558    0.138836    0.1699537    -0.2257022    0.001491449    -0.008745422    -0.0367233    -0.004724281    0.02556267    0.0508789    0.03143309    -0.0316137    -0.01585068    0.02629431    -0.0393443    0.001555386    -0.01761126    0.03318254    -0.007484851    -0.04273721    -0.0349048    -0.02486632    0.08516028    0.01497621    -0.08319
0.07386933    -0.1651793    -0.09411968    0.1381758    -0.02316448    -0.117936    -0.5676348    -0.06336199    1    -0.2964738    0.05440848    -0.02268755    -0.01978409    0.01962171    -0.02471152    0.1320717    -0.03375441    -0.03376081    0.1219943    -0.1167485    0.07562052    -0.005852118    -0.0299171    -0.007934935    -0.00913873    -0.02343289    0.06052918    0.03467632    -0.06485584    0.01284983    -0.03154554    0.0003895109    0.02274462    -0.0151352    0.0230612    0.01134116    -0.008842299    -0.03169866    0.004983702    0.03282264
0.07649416    0.08876159    0.2261081    0.09513753    -0.2377356    0.005767962    0.03544622    -0.3576137    -0.2964738    1    -0.1149766    0.09323799    0.08222961    -0.0937733    -0.07162653    0.1840341    -0.1126703    -0.1572063    0.08632179    0.1325958    -0.1073837    0.07627857    0.08079149    -0.08159052    -0.03085781    -0.008418857    0.00471083    -0.01117648    0.0101948    0.04207786    0.01671633    0.02775073    -0.05549356    0.004671751    0.04606816    0.0281875    0.01514631    -0.04976897    -0.01577846    0.07491813
0.08417821    0.01301839    0.02684463    0.1007842    -0.106741    0.07528157    0.01469773    0.01801939    0.05440848    -0.1149766    1    0.009148284    -0.5227716    -0.02662411    -0.09164891    -0.07882301    0.007646385    0.1192401    -0.0343122    -0.09016064    0.4204961    -0.2341166    -0.2264663    0.4998609    -0.0821902    0.1386391    0.08816061    -0.03314759    -0.1297317    -0.1288084    0.005091197    0.02243629    0.05565761    0.01011421    -0.1166541    -0.100262    -0.05876979    0.1153365    0.08746204    -0.01207187
0.03365734    -0.05051267    -0.06595245    -0.003344613    0.07079975    -0.05717756    -0.03027661    -0.01991905    -0.02268755    0.09323799    0.009148284    1    -0.6390093    -0.4031495    0.1813855    0.0363528    -0.06141078    -0.02327589    0.02080157    0.04933726    -0.2274046    0.1175345    0.1908151    -0.1545485    -0.1289595    -0.0195929    0.02779592    0.07049557    0.02577592    -0.1272831    0.02871934    0.009693684    -0.03261973    0.03209977    -0.02410192    -0.00643592    0.007629718    -0.04101519    -0.002514353    0.101324
-0.08765574    -0.03481799    -0.01000153    -0.07037752    0.08252189    -0.01027071    -0.06975475    -0.02466597    -0.01978409    0.08222961    -0.5227716    -0.6390093    1    -0.06712646    -0.3321347    0.13328    0.008431393    -0.1470135    0.08302932    0.03029962    -0.2122947    0.1960092    0.1364153    -0.2960502    -0.07907293    0.02174639    0.003933316    -0.06161711    -0.003440981    0.1605904    0.0007899139    0.009874467    -0.008705152    -0.02039757    0.07858117    0.008517349    0.02727629    0.02599453    0.01829302    -0.0881724
0.06743536    0.08244198    0.01066658    -0.004614059    -0.07358928    0.04660172    0.05468785    -0.0008445505    0.01962171    -0.0937733    -0.02662411    -0.4031495    -0.06712646    1    -0.130076    -0.07388538    0.01882861    0.09124265    -0.02663602    -0.06094702    0.45942    -0.200229    -0.2124393    0.3807536    -0.0990365    -0.1525124    -0.01174401    0.1347067    0.07572466    -0.02105252    -0.02708129    0.03772605    0.07853927    -0.01878144    -0.07378712    0.1530265    0.0912724    -0.0306517    -0.1043167    -0.1119837
-0.03421618    0.04738014    0.06929134    0.002774564    -0.04753515    -0.03122617    0.1215033    0.05731621    -0.02471152    -0.07162653    -0.09164891    0.1813855    -0.3321347    -0.130076    1    -0.1542298    0.04494515    0.1098803    -0.1195906    0.002665364    -0.1253436    -0.116752    -0.07265703    -0.0724626    0.4619384    -0.01962446    -0.08758819    -0.1067967    0.02100698    0.1683764    -0.00673613    -0.0844615    -0.07383136    0.01516558    0.05537724    -0.01698752    -0.09226233    -0.04700224    -0.01030879    -0.02343041
0.1062739    -0.01884409    0.0492766    0.1399626    -0.171295    0.1701355    -0.2874626    -0.3127558    0.1320717    0.1840341    -0.07882301    0.0363528    0.13328    -0.07388538    -0.1542298    1    -0.3425514    -0.24755    0.1688995    0.007790085    -0.07208635    0.1296411    0.0257668    -0.06267589    -0.06859719    -0.1767803    -0.06666218    0.1860952    0.1281455    -0.04795744    -0.1263499    -0.07152569    0.1316732    0.1212015    -0.037562    -0.08447945    -0.07770937    0.05651413    0.1102664    0.02200722
-0.04173183    0.02837125    -0.06421367    -0.08823668    0.116167    -0.0574486    0.1057192    0.138836    -0.03375441    -0.1126703    0.007646385    -0.06141078    0.008431393    0.01882861    0.04494515    -0.3425514    1    -0.6241456    -0.2792986    0.1218277    -0.01221896    -0.09842613    0.05058382    0.03587219    0.01075131    0.0457438    0.02730782    -0.02652208    -0.009126031    0.04985198    0.002706932    0.02306117    0.00103875    -0.007419912    0.03841537    -0.01779192    0.02507684    0.01382804    0.01303361    0.01928556
-0.06669368    -0.05689195    -0.03536227    -0.08628976    0.1020139    -0.06066094    0.2013681    0.1699537    -0.03376081    -0.1572063    0.1192401    -0.02327589    -0.1470135    0.09124265    0.1098803    -0.24755    -0.6241456    1    -0.2963397    -0.2330515    0.1405388    -0.0142625    -0.1410526    0.04865965    0.06522706    -0.03524317    -0.001486236    0.04598123    0.02887792    -0.1117265    -0.04358652    0.031866    0.05279601    -0.001865628    -0.08638982    -0.01887102    0.02595673    0.07922218    0.0074203    -0.1310156
0.0707084    -0.01663733    0.01248344    0.1332735    -0.1270012    0.2054905    -0.2530253    -0.2257022    0.1219943    0.08632179    -0.0343122    0.02080157    0.08302932    -0.02663602    -0.1195906    0.1688995    -0.2792986    -0.2963397    1    -0.3314129    -0.01920492    0.0355328    0.05907627    -0.03329079    -0.07680343    0.1556508    0.1312641    -0.06975276    -0.125634    -0.06005435    0.1993922    0.08101921    -0.1072662    -0.07815568    -0.06487866    0.2354998    0.07558538    -0.1578722    -0.08792805    -0.01408765
0.03126267    0.04394241    0.06460526    0.0390444    -0.03871811    -0.1118043    0.01527344    0.001491449    -0.1167485    0.1325958    -0.09016064    0.04933726    0.03029962    -0.06094702    0.002665364    0.007790085    0.1218277    -0.2330515    -0.3314129    1    -0.1315544    0.0147975    0.05810587    -0.009235673    0.02932604    -0.05886408    -0.1385741    -0.03817062    0.003018188    0.03084064    -0.04278369    -0.1147302    -0.008738951    0.003373388    -0.0197679    -0.1188029    -0.1060314    0.02790666    -0.02140475    -0.006324006
0.06960626    0.05904949    -0.03717377    0.03295568    -0.05598918    0.01610019    0.09035622    -0.008745422    0.07562052    -0.1073837    0.4204961    -0.2274046    -0.2122947    0.45942    -0.1253436    -0.07208635    -0.01221896    0.1405388    -0.01920492    -0.1315544    1    0.1802937    -0.5691702    -0.2002636    -0.1141258    -0.03518199    0.04406992    0.08748384    -0.006565689    -0.09400843    -0.1603644    0.01298608    0.1604654    0.08648642    -0.03671642    0.02973779    0.05498523    0.07407697    -0.01060514    -0.09392598
-0.05946263    -0.003635176    -0.0524544    -0.03238618    0.07469587    -0.06951527    0.0005434782    -0.0367233    -0.005852118    0.07627857    -0.2341166    0.1175345    0.1960092    -0.200229    -0.116752    0.1296411    -0.09842613    -0.0142625    0.0355328    0.0147975    0.1802937    1    -0.712963    -0.5634511    0.2419349    -0.004117329    -0.05887365    0.02810096    0.07208845    -0.01944009    -0.02048981    -0.04206599    -0.01845305    0.05780439    0.1025666    -0.00674628    0.01408197    0.04352533    0.03240485    -0.03614079
0.01124724    -0.07226143    -0.01608579    -0.03195911    0.06070256    0.01076136    -0.09284294    -0.004724281    -0.0299171    0.08079149    -0.2264663    0.1908151    0.1364153    -0.2124393    -0.07265703    0.0257668    0.05058382    -0.1410526    0.05907627    0.05810587    -0.5691702    -0.712963    1    0.1600804    -0.4300399    0.004094961    0.08498085    -0.01357486    -0.04992367    0.03569054    0.04503312    0.06082599    -0.01556947    -0.04923939    -0.05356981    0.008916974    0.02095433    -0.05981778    -0.02081737    0.05972902
0.06525906    0.02426811    0.07371991    0.05777876    -0.1086727    0.09534299    -0.03065628    0.02556267    -0.007934935    -0.08159052    0.4998609    -0.1545485    -0.2960502    0.3807536    -0.0724626    -0.06267589    0.03587219    0.04865965    -0.03329079    -0.009235673    -0.2002636    -0.5634511    0.1600804    1    -0.04550196    0.04088292    0.03016526    -0.01105948    -0.05378308    -0.03262829    0.1436854    0.03978726    -0.04075165    -0.09282286    -0.1352477    0.006911928    -0.03437708    0.01492334    0.008254262    -0.02685137
-0.0422528    0.06971675    0.07790413    0.04540745    -0.1021506    -0.01308736    0.05221953    0.0508789    -0.00913873    -0.03085781    -0.0821902    -0.1289595    -0.07907293    -0.0990365    0.4619384    -0.06859719    0.01075131    0.06522706    -0.07680343    0.02932604    -0.1141258    0.2419349    -0.4300399    -0.04550196    1    -0.01434644    -0.1607475    -0.08457745    0.04869665    0.08412436    -0.04299442    -0.1391635    -0.0326559    0.01498628    -0.005949784    -0.05358654    -0.09921473    -0.02379207    -0.006139206    0.05736875
-0.03868388    0.02570057    0.05941823    0.01295194    0.01103227    -0.003667107    0.01871929    0.03143309    -0.02343289    -0.008418857    0.1386391    -0.0195929    0.02174639    -0.1525124    -0.01962446    -0.1767803    0.0457438    -0.03524317    0.1556508    -0.05886408    -0.03518199    -0.004117329    0.004094961    0.04088292    -0.01434644    1    0.05016715    -0.7652618    -0.2164396    0.2527462    0.5959399    0.008867918    -0.4352198    -0.1327181    0.1665932    0.1757093    -0.01902461    -0.08365833    -0.06035079    0.02954738
0.02683497    0.005629873    -0.02345454    -0.007756155    0.02341695    0.01434533    -0.05181283    -0.0316137    0.06052918    0.00471083    0.08816061    0.02779592    0.003933316    -0.01174401    -0.08758819    -0.06666218    0.02730782    -0.001486236    0.1312641    -0.1385741    0.04406992    -0.05887365    0.08498085    0.03016526    -0.1607475    0.05016715    1    0.07725506    -0.7808682    0.1179414    0.03727942    0.5768487    0.003365721    -0.4236526    0.06463427    0.04511379    0.1572304    -0.01627114    -0.09815471    -0.01748515
0.02435256    -0.02206836    -0.03673244    -0.01507274    -0.00105645    0.02196922    -0.05050695    -0.01585068    0.03467632    -0.01117648    -0.03314759    0.07049557    -0.06161711    0.1347067    -0.1067967    0.1860952    -0.02652208    0.04598123    -0.06975276    -0.03817062    0.08748384    0.02810096    -0.01357486    -0.01105948    -0.08457745    -0.7652618    0.07725506    1    0.210168    -0.6410685    -0.4368008    0.05310049    0.5855373    0.1218832    -0.4151067    -0.1032741    0.05570676    0.1396427    0.0561913    -0.1408994
-0.03779789    0.0267326    -0.0009793452    -0.04536799    0.003877634    0.01293101    0.04179945    0.02629431    -0.06485584    0.0101948    -0.1297317    0.02577592    -0.003440981    0.07572466    0.02100698    0.1281455    -0.009126031    0.02887792    -0.125634    0.003018188    -0.006565689    0.07208845    -0.04992367    -0.05378308    0.04869665    -0.2164396    -0.7808682    0.210168    1    -0.5415401    -0.1096388    -0.43125    0.1203527    0.5588632    -0.3183744    -0.02245147    -0.0877916    0.04534361    0.128129    -0.06091721
0.01498125    -0.01257761    0.0164058    0.0123655    -0.02687516    -0.05925186    0.002959576    -0.0393443    0.01284983    0.04207786    -0.1288084    -0.1272831    0.1605904    -0.02105252    0.1683764    -0.04795744    0.04985198    -0.1117265    -0.06005435    0.03084064    -0.09400843    -0.01944009    0.03569054    -0.03262829    0.08412436    0.2527462    0.1179414    -0.6410685    -0.5415401    1    0.08022032    0.03772683    -0.3454525    -0.2947401    0.6483583    -0.06040446    -0.04292855    -0.09685357    -0.04914318    0.253015
-0.0324485    0.06517634    0.07469758    -0.01060321    -0.0139021    0.02093308    -0.01204764    0.001555386    -0.03154554    0.01671633    0.005091197    0.02871934    0.0007899139    -0.02708129    -0.00673613    -0.1263499    0.002706932    -0.04358652    0.1993922    -0.04278369    -0.1603644    -0.02048981    0.04503312    0.1436854    -0.04299442    0.5959399    0.03727942    -0.4368008    -0.1096388    0.08022032    1    -0.07100112    -0.728322    -0.04729772    0.1596486    0.5977577    -0.08046202    -0.3984988    0.0001008383    0.04818253
0.03713678    -0.02067189    -0.07160698    0.00331427    0.006085149    -0.01606784    0.02077989    -0.01761126    0.0003895109    0.02775073    0.02243629    0.009693684    0.009874467    0.03772605    -0.0844615    -0.07152569    0.02306117    0.031866    0.08101921    -0.1147302    0.01298608    -0.04206599    0.06082599    0.03978726    -0.1391635    0.008867918    0.5768487    0.05310049    -0.43125    0.03772683    -0.07100112    1    0.0881019    -0.7726396    0.1730508    -0.02102613    0.5589629    0.01665341    -0.4008157    0.09564381
-0.01089743    -0.0349201    -0.04301916    -0.004962427    0.01554656    -0.006830882    0.001403953    0.03318254    0.02274462    -0.05549356    0.05565761    -0.03261973    -0.008705152    0.07853927    -0.07383136    0.1316732    0.00103875    0.05279601    -0.1072662    -0.008738951    0.1604654    -0.01845305    -0.01556947    -0.04075165    -0.0326559    -0.4352198    0.003365721    0.5855373    0.1203527    -0.3454525    -0.728322    0.0881019    1    0.04617607    -0.5515985    -0.4168925    0.06428404    0.5812836    0.01412991    -0.3068639
-0.0252368    0.02311271    0.03843172    -0.03767499    0.001828074    0.02804108    -0.01595646    -0.007484851    -0.0151352    0.004671751    0.01011421    0.03209977    -0.02039757    -0.01878144    0.01516558    0.1212015    -0.007419912    -0.001865628    -0.07815568    0.003373388    0.08648642    0.05780439    -0.04923939    -0.09282286    0.01498628    -0.1327181    -0.4236526    0.1218832    0.5588632    -0.2947401    -0.04729772    -0.7726396    0.04617607    1    -0.5459898    0.007878584    -0.412785    0.01791493    0.5618735    -0.3169163
0.02411072    -0.007536412    -0.007932219    0.01569491    -0.0170674    -0.05309203    0.01200544    -0.04273721    0.0230612    0.04606816    -0.1166541    -0.02410192    0.07858117    -0.07378712    0.05537724    -0.037562    0.03841537    -0.08638982    -0.06487866    -0.0197679    -0.03671642    0.1025666    -0.05356981    -0.1352477    -0.005949784    0.1665932    0.06463427    -0.4151067    -0.3183744    0.6483583    0.1596486    0.1730508    -0.5515985    -0.5459898    1    0.0122435    0.08702397    -0.3026942    -0.3122294    0.6186472
0.0009747135    0.03858535    0.002771592    0.009905022    -0.01513226    0.02304323    0.005991629    -0.0349048    0.01134116    0.0281875    -0.100262    -0.00643592    0.008517349    0.1530265    -0.01698752    -0.08447945    -0.01779192    -0.01887102    0.2354998    -0.1188029    0.02973779    -0.00674628    0.008916974    0.006911928    -0.05358654    0.1757093    0.04511379    -0.1032741    -0.02245147    -0.06040446    0.5977577    -0.02102613    -0.4168925    0.007878584    0.0122435    1    -0.1376514    -0.6676179    0.09997202    0.0203232
0.03327251    -0.04293042    -0.05800285    0.03889825    -0.03677966    -0.005218953    0.01629427    -0.02486632    -0.008842299    0.01514631    -0.05876979    0.007629718    0.02727629    0.0912724    -0.09226233    -0.07770937    0.02507684    0.02595673    0.07558538    -0.1060314    0.05498523    0.01408197    0.02095433    -0.03437708    -0.09921473    -0.01902461    0.1572304    0.05570676    -0.0877916    -0.04292855    -0.08046202    0.5589629    0.06428404    -0.412785    0.08702397    -0.1376514    1    0.03542279    -0.676552    0.1943159
-0.05064715    -0.03044503    0.03287454    -0.01558606    0.009636552    -0.01366843    0.008106591    0.08516028    -0.03169866    -0.04976897    0.1153365    -0.04101519    0.02599453    -0.0306517    -0.04700224    0.05651413    0.01382804    0.07922218    -0.1578722    0.02790666    0.07407697    0.04352533    -0.05981778    0.01492334    -0.02379207    -0.08365833    -0.01627114    0.1396427    0.04534361    -0.09685357    -0.3984988    0.01665341    0.5812836    0.01791493    -0.3026942    -0.6676179    0.03542279    1    -0.05155417    -0.452103
-0.0215638    0.020002    0.02958227    -0.06794439    0.05131929    0.0039977    -0.01540845    0.01497621    0.004983702    -0.01577846    0.08746204    -0.002514353    0.01829302    -0.1043167    -0.01030879    0.1102664    0.01303361    0.0074203    -0.08792805    -0.02140475    -0.01060514    0.03240485    -0.02081737    0.008254262    -0.006139206    -0.06035079    -0.09815471    0.0561913    0.128129    -0.04914318    0.0001008383    -0.4008157    0.01412991    0.5618735    -0.3122294    0.09997202    -0.676552    -0.05155417    1    -0.5967933
0.05025186    0.0008537819    -0.02717925    0.05679076    -0.06605082    -0.01342778    -0.02872888    -0.08319    0.03282264    0.07491813    -0.01207187    0.101324    -0.0881724    -0.1119837    -0.02343041    0.02200722    0.01928556    -0.1310156    -0.01408765    -0.006324006    -0.09392598    -0.03614079    0.05972902    -0.02685137    0.05736875    0.02954738    -0.01748515    -0.1408994    -0.06091721    0.253015    0.04818253    0.09564381    -0.3068639    -0.3169163    0.6186472    0.0203232    0.1943159    -0.452103    -0.5967933    1
