1    -0.001034051    -0.579239    -0.05867098    -0.04234761    0.09746129    -0.02227672    0.02244638    0.1082203    -0.1830192    0.09096491    -0.007805737    -0.05682554    0.01084811    0.04652311    -0.0226617    0.03268199    0.0183719    0.0008472658    -0.02138866    -0.01823968    0.02058904    0.04376419    -0.01302688    -0.01683618
-0.001034051    1    -0.09055389    -0.6628608    0.215994    -0.2747627    0.1189844    0.1744944    -0.2655163    0.02893522    -0.03947123    0.01303465    -0.04360872    0.006132214    0.07489098    -0.03465394    0.04693583    0.04803334    -0.02190575    -0.006533391    0.01433906    -0.02425017    -0.009726631    -0.0009839155    0.01028365
-0.579239    -0.09055389    1    -0.07619338    -0.3353676    -0.2679683    0.1837509    0.1083087    -0.2398998    0.01976526    0.0318321    -0.0310665    -0.03633748    0.03250505    -0.01385271    0.0062441    0.01988326    0.01755719    -0.009669229    -0.02057405    0.003970722    -0.01708219    -0.04912191    0.0106584    0.06532427
-0.05867098    -0.6628608    -0.07619338    1    -0.4102918    0.183953    -0.05932168    -0.06319106    0.1976621    -0.1701544    0.1171963    -0.05925429    -0.02851748    0.05769783    -0.005393172    0.03098912    -0.02708089    -0.01663068    0.03465002    -0.01942313    0.005283524    0.005098237    -0.02368206    0.00837236    0.02465908
-0.04234761    0.215994    -0.3353676    -0.4102918    1    0.08295126    -0.1071263    -0.1037272    0.05400412    0.1608331    -0.1155822    0.06940761    0.06983619    -0.07468906    -0.0518738    -0.02491184    -0.06694385    -0.03036373    0.0292404    0.03339845    -0.004897566    0.0112552    0.02133209    -0.01363519    -0.02280288
0.09746129    -0.2747627    -0.2679683    0.183953    0.08295126    1    0.009148284    -0.5227716    -0.02662411    -0.09164891    -0.07882301    0.007646385    0.1192401    -0.0343122    -0.09016064    0.03516326    -0.0736607    -0.09286372    0.009222585    0.06892707    -0.100262    -0.05876979    0.1153365    0.08746204    -0.01207187
-0.02227672    0.1189844    0.1837509    -0.05932168    -0.1071263    0.009148284    1    -0.6390093    -0.4031495    0.1813855    0.0363528    -0.06141078    -0.02327589    0.02080157    0.04933726    0.01072083    -0.0190577    -0.03371766    -0.02416454    0.03808288    -0.00643592    0.007629718    -0.04101519    -0.002514353    0.101324
0.02244638    0.1744944    0.1083087    -0.06319106    -0.1037272    -0.5227716    -0.6390093    1    -0.06712646    -0.3321347    0.13328    0.008431393    -0.1470135    0.08302932    0.03029962    -0.05773052    0.04677782    0.08727584    0.01561111    -0.04863121    0.008517349    0.02727629    0.02599453    0.01829302    -0.0881724
0.1082203    -0.2655163    -0.2398998    0.1976621    0.05400412    -0.02662411    -0.4031495    -0.06712646    1    -0.130076    -0.07388538    0.01882861    0.09124265    -0.02663602    -0.06094702    0.04500068    -0.03100721    -0.05463955    -0.0003248221    0.01787668    0.1530265    0.0912724    -0.0306517    -0.1043167    -0.1119837
-0.1830192    0.02893522    0.01976526    -0.1701544    0.1608331    -0.09164891    0.1813855    -0.3321347    -0.130076    1    -0.1542298    0.04494515    0.1098803    -0.1195906    0.002665364    -0.02445379    0.07231441    0.06902858    -0.03180805    -0.05570177    -0.01698752    -0.09226233    -0.04700224    -0.01030879    -0.02343041
0.09096491    -0.03947123    0.0318321    0.1171963    -0.1155822    -0.07882301    0.0363528    0.13328    -0.07388538    -0.1542298    1    -0.3425514    -0.24755    0.1688995    0.007790085    0.02901511    -0.005855489    -0.03062845    -0.009909169    0.01139331    -0.08447945    -0.07770937    0.05651413    0.1102664    0.02200722
-0.007805737    0.01303465    -0.0310665    -0.05925429    0.06940761    0.007646385    -0.06141078    0.008431393    0.01882861    0.04494515    -0.3425514    1    -0.6241456    -0.2792986    0.1218277    -0.02392559    -0.04965056    0.01132815    0.03570315    -0.003304345    -0.01779192    0.02507684    0.01382804    0.01303361    0.01928556
-0.05682554    -0.04360872    -0.03633748    -0.02851748    0.06983619    0.1192401    -0.02327589    -0.1470135    0.09124265    0.1098803    -0.24755    -0.6241456    1    -0.2963397    -0.2330515    0.002630206    -0.03693125    -0.02631473    0.01795838    0.009025377    -0.01887102    0.02595673    0.07922218    0.0074203    -0.1310156
0.01084811    0.006132214    0.03250505    0.05769783    -0.07468906    -0.0343122    0.02080157    0.08302932    -0.02663602    -0.1195906    0.1688995    -0.2792986    -0.2963397    1    -0.3314129    0.02855622    0.04183903    -0.0376764    -0.0668836    0.05776846    0.2354998    0.07558538    -0.1578722    -0.08792805    -0.01408765
0.04652311    0.07489098    -0.01385271    -0.005393172    -0.0518738    -0.09016064    0.04933726    0.03029962    -0.06094702    0.002665364    0.007790085    0.1218277    -0.2330515    -0.3314129    1    -0.02732812    0.08717869    0.08234134    -0.003210931    -0.06594606    -0.1188029    -0.1060314    0.02790666    -0.02140475    -0.006324006
-0.0226617    -0.03465394    0.0062441    0.03098912    -0.02491184    0.03516326    0.01072083    -0.05773052    0.04500068    -0.02445379    0.02901511    -0.02392559    0.002630206    0.02855622    -0.02732812    1    0.1113    -0.7716235    -0.2948739    0.2616917    0.1896235    0.05061179    -0.1184294    -0.0748676    0.04929889
0.03268199    0.04693583    0.01988326    -0.02708089    -0.06694385    -0.0736607    -0.0190577    0.04677782    -0.03100721    0.07231441    -0.005855489    -0.04965056    -0.03693125    0.04183903    0.08717869    0.1113    1    0.1167179    -0.7951628    0.1122501    0.02308711    0.1659117    -0.0458403    -0.1726403    0.0949835
0.0183719    0.04803334    0.01755719    -0.01663068    -0.03036373    -0.09286372    -0.03371766    0.08727584    -0.05463955    0.06902858    -0.03062845    0.01132815    -0.02631473    -0.0376764    0.08234134    -0.7716235    0.1167179    1    0.2636114    -0.66048    -0.1397133    0.01043808    0.1574417    0.02809964    -0.09859233
0.0008472658    -0.02190575    -0.009669229    0.03465002    0.0292404    0.009222585    -0.02416454    0.01561111    -0.0003248221    -0.03180805    -0.009909169    0.03570315    0.01795838    -0.0668836    -0.003210931    -0.2948739    -0.7951628    0.2636114    1    -0.5298588    -0.0778675    -0.1371504    0.114669    0.2094833    -0.1530774
-0.02138866    -0.006533391    -0.02057405    -0.01942313    0.03339845    0.06892707    0.03808288    -0.04863121    0.01787668    -0.05570177    0.01139331    -0.003304345    0.009025377    0.05776846    -0.06594606    0.2616917    0.1122501    -0.66048    -0.5298588    1    0.02978344    0.02352367    -0.1501051    -0.07216762    0.2179818
-0.01823968    0.01433906    0.003970722    0.005283524    -0.004897566    -0.100262    -0.00643592    0.008517349    0.1530265    -0.01698752    -0.08447945    -0.01779192    -0.01887102    0.2354998    -0.1188029    0.1896235    0.02308711    -0.1397133    -0.0778675    0.02978344    1    -0.1376514    -0.6676179    0.09997202    0.0203232
0.02058904    -0.02425017    -0.01708219    0.005098237    0.0112552    -0.05876979    0.007629718    0.02727629    0.0912724    -0.09226233    -0.07770937    0.02507684    0.02595673    0.07558538    -0.1060314    0.05061179    0.1659117    0.01043808    -0.1371504    0.02352367    -0.1376514    1    0.03542279    -0.676552    0.1943159
0.04376419    -0.009726631    -0.04912191    -0.02368206    0.02133209    0.1153365    -0.04101519    0.02599453    -0.0306517    -0.04700224    0.05651413    0.01382804    0.07922218    -0.1578722    0.02790666    -0.1184294    -0.0458403    0.1574417    0.114669    -0.1501051    -0.6676179    0.03542279    1    -0.05155417    -0.452103
-0.01302688    -0.0009839155    0.0106584    0.00837236    -0.01363519    0.08746204    -0.002514353    0.01829302    -0.1043167    -0.01030879    0.1102664    0.01303361    0.0074203    -0.08792805    -0.02140475    -0.0748676    -0.1726403    0.02809964    0.2094833    -0.07216762    0.09997202    -0.676552    -0.05155417    1    -0.5967933
-0.01683618    0.01028365    0.06532427    0.02465908    -0.02280288    -0.01207187    0.101324    -0.0881724    -0.1119837    -0.02343041    0.02200722    0.01928556    -0.1310156    -0.01408765    -0.006324006    0.04929889    0.0949835    -0.09859233    -0.1530774    0.2179818    0.0203232    0.1943159    -0.452103    -0.5967933    1
