1    -0.3425514    -0.24755    0.1688995    0.007790085    -0.1364736    -0.09239087    0.120127    0.1839321    -0.04879159    -0.08447945    -0.07770937    0.05651413    0.1102664    0.02200722
-0.3425514    1    -0.6241456    -0.2792986    0.1218277    0.04330707    0.1207345    0.004865055    -0.06361702    0.02409166    -0.01779192    0.02507684    0.01382804    0.01303361    0.01928556
-0.24755    -0.6241456    1    -0.2963397    -0.2330515    0.01838795    -0.0320004    -0.00170544    0.02240941    -0.08165196    -0.01887102    0.02595673    0.07922218    0.0074203    -0.1310156
0.1688995    -0.2792986    -0.2963397    1    -0.3314129    0.09916495    0.03631859    -0.05790354    -0.06243533    -0.06498399    0.2354998    0.07558538    -0.1578722    -0.08792805    -0.01408765
0.007790085    0.1218277    -0.2330515    -0.3314129    1    -0.09245291    -0.09794985    0.00584134    -0.03526675    0.01347757    -0.1188029    -0.1060314    0.02790666    -0.02140475    -0.006324006
-0.1364736    0.04330707    0.01838795    0.09916495    -0.09245291    1    -0.1169316    -0.7228295    0.1430365    0.1130299    0.1757378    0.02504304    -0.105211    -0.008841889    -0.02511926
-0.09239087    0.1207345    -0.0320004    0.03631859    -0.09794985    -0.1169316    1    0.1225456    -0.708288    0.1717449    0.03620365    0.0936842    -0.0119282    -0.0254776    -0.01258437
0.120127    0.004865055    -0.00170544    -0.05790354    0.00584134    -0.7228295    0.1225456    1    -0.1843117    -0.4438617    -0.113282    0.04960023    0.1477838    -0.01328394    -0.06908165
0.1839321    -0.06361702    0.02240941    -0.06243533    -0.03526675    0.1430365    -0.708288    -0.1843117    1    -0.5048047    -0.05155008    -0.09524614    0.06263443    0.1308298    -0.08923405
-0.04879159    0.02409166    -0.08165196    -0.06498399    0.01347757    0.1130299    0.1717449    -0.4438617    -0.5048047    1    0.02834152    -0.01744921    -0.1629022    -0.1021666    0.3065855
-0.08447945    -0.01779192    -0.01887102    0.2354998    -0.1188029    0.1757378    0.03620365    -0.113282    -0.05155008    0.02834152    1    -0.1376514    -0.6676179    0.09997202    0.0203232
-0.07770937    0.02507684    0.02595673    0.07558538    -0.1060314    0.02504304    0.0936842    0.04960023    -0.09524614    -0.01744921    -0.1376514    1    0.03542279    -0.676552    0.1943159
0.05651413    0.01382804    0.07922218    -0.1578722    0.02790666    -0.105211    -0.0119282    0.1477838    0.06263443    -0.1629022    -0.6676179    0.03542279    1    -0.05155417    -0.452103
0.1102664    0.01303361    0.0074203    -0.08792805    -0.02140475    -0.008841889    -0.0254776    -0.01328394    0.1308298    -0.1021666    0.09997202    -0.676552    -0.05155417    1    -0.5967933
0.02200722    0.01928556    -0.1310156    -0.01408765    -0.006324006    -0.02511926    -0.01258437    -0.06908165    -0.08923405    0.3065855    0.0203232    0.1943159    -0.452103    -0.5967933    1
