1    -0.006012193    -0.5898456    0.08617625    -0.07295721    0.1076101    -0.03764536    -0.04524536    0.1007491    -0.131228
-0.006012193    1    -0.2592951    -0.5895032    0.2392751    -0.07796276    -0.01470101    -0.05955463    -0.07328333    0.1700516
-0.5898456    -0.2592951    1    -0.006376612    -0.4396046    -0.08738423    -0.02926552    -0.05541142    -0.0939214    0.2184909
0.08617625    -0.5895032    -0.006376612    1    -0.4237378    0.05396363    -0.07534543    -0.006880194    0.1585259    -0.1463556
-0.07295721    0.2392751    -0.4396046    -0.4237378    1    0.03271876    0.08872767    0.09144405    -0.03583204    -0.08763128
0.1076101    -0.07796276    -0.08738423    0.05396363    0.03271876    1    -0.1376514    -0.6676179    0.09997202    0.0203232
-0.03764536    -0.01470101    -0.02926552    -0.07534543    0.08872767    -0.1376514    1    0.03542279    -0.676552    0.1943159
-0.04524536    -0.05955463    -0.05541142    -0.006880194    0.09144405    -0.6676179    0.03542279    1    -0.05155417    -0.452103
0.1007491    -0.07328333    -0.0939214    0.1585259    -0.03583204    0.09997202    -0.676552    -0.05155417    1    -0.5967933
-0.131228    0.1700516    0.2184909    -0.1463556    -0.08763128    0.0203232    0.1943159    -0.452103    -0.5967933    1
