1    0.009148284    -0.5227716    -0.02662411    -0.09164891    0.4204961    -0.2341166    -0.2264663    0.4998609    -0.0821902    0.1386391    0.08816061    -0.03314759    -0.1297317    -0.1288084    0.005091197    0.02243629    0.05565761    0.01011421    -0.1166541    -0.1846907    -0.02235196    0.1530674    0.1309068    0.05718971    -0.100262    -0.05876979    0.1153365    0.08746204    -0.01207187
0.009148284    1    -0.6390093    -0.4031495    0.1813855    -0.2274046    0.1175345    0.1908151    -0.1545485    -0.1289595    -0.0195929    0.02779592    0.07049557    0.02577592    -0.1272831    0.02871934    0.009693684    -0.03261973    0.03209977    -0.02410192    -0.01272632    0.08423419    0.05877945    -0.03533078    0.04233312    -0.00643592    0.007629718    -0.04101519    -0.002514353    0.101324
-0.5227716    -0.6390093    1    -0.06712646    -0.3321347    -0.2122947    0.1960092    0.1364153    -0.2960502    -0.07907293    0.02174639    0.003933316    -0.06161711    -0.003440981    0.1605904    0.0007899139    0.009874467    -0.008705152    -0.02039757    0.07858117    0.05154237    -0.06933784    -0.05686643    0.01223233    -0.08061524    0.008517349    0.02727629    0.02599453    0.01829302    -0.0881724
-0.02662411    -0.4031495    -0.06712646    1    -0.130076    0.45942    -0.200229    -0.2124393    0.3807536    -0.0990365    -0.1525124    -0.01174401    0.1347067    0.07572466    -0.02105252    -0.02708129    0.03772605    0.07853927    -0.01878144    -0.07378712    0.1685077    0.1107665    -0.07071144    -0.0733373    -0.1314704    0.1530265    0.0912724    -0.0306517    -0.1043167    -0.1119837
-0.09164891    0.1813855    -0.3321347    -0.130076    1    -0.1253436    -0.116752    -0.07265703    -0.0724626    0.4619384    -0.01962446    -0.08758819    -0.1067967    0.02100698    0.1683764    -0.00673613    -0.0844615    -0.07383136    0.01516558    0.05537724    -0.02615625    -0.06834376    -0.04787514    -0.07230841    0.009215987    -0.01698752    -0.09226233    -0.04700224    -0.01030879    -0.02343041
0.4204961    -0.2274046    -0.2122947    0.45942    -0.1253436    1    0.1802937    -0.5691702    -0.2002636    -0.1141258    -0.03518199    0.04406992    0.08748384    -0.006565689    -0.09400843    -0.1603644    0.01298608    0.1604654    0.08648642    -0.03671642    -0.005695692    0.05758863    0.0288577    5.711648e-05    -0.03955499    0.02973779    0.05498523    0.07407697    -0.01060514    -0.09392598
-0.2341166    0.1175345    0.1960092    -0.200229    -0.116752    0.1802937    1    -0.712963    -0.5634511    0.2419349    -0.004117329    -0.05887365    0.02810096    0.07208845    -0.01944009    -0.02048981    -0.04206599    -0.01845305    0.05780439    0.1025666    0.05847813    0.06334651    -0.0310468    -0.03954308    -0.02278919    -0.00674628    0.01408197    0.04352533    0.03240485    -0.03614079
-0.2264663    0.1908151    0.1364153    -0.2124393    -0.07265703    -0.5691702    -0.712963    1    0.1600804    -0.4300399    0.004094961    0.08498085    -0.01357486    -0.04992367    0.03569054    0.04503312    0.06082599    -0.01556947    -0.04923939    -0.05356981    -0.02069721    -0.04746272    0.02933682    0.0215518    -0.00234871    0.008916974    0.02095433    -0.05981778    -0.02081737    0.05972902
0.4998609    -0.1545485    -0.2960502    0.3807536    -0.0724626    -0.2002636    -0.5634511    0.1600804    1    -0.04550196    0.04088292    0.03016526    -0.01105948    -0.05378308    -0.03262829    0.1436854    0.03978726    -0.04075165    -0.09282286    -0.1352477    -0.02535272    0.01031132    0.05481603    0.06309222    -0.02656878    0.006911928    -0.03437708    0.01492334    0.008254262    -0.02685137
-0.0821902    -0.1289595    -0.07907293    -0.0990365    0.4619384    -0.1141258    0.2419349    -0.4300399    -0.04550196    1    -0.01434644    -0.1607475    -0.08457745    0.04869665    0.08412436    -0.04299442    -0.1391635    -0.0326559    0.01498628    -0.005949784    0.007661599    -0.05597703    -0.1085245    -0.04735487    0.1103631    -0.05358654    -0.09921473    -0.02379207    -0.006139206    0.05736875
0.1386391    -0.0195929    0.02174639    -0.1525124    -0.01962446    -0.03518199    -0.004117329    0.004094961    0.04088292    -0.01434644    1    0.05016715    -0.7652618    -0.2164396    0.2527462    0.5959399    0.008867918    -0.4352198    -0.1327181    0.1665932    -0.06744878    -0.06528374    0.0610014    0.09847936    -0.04109018    0.1757093    -0.01902461    -0.08365833    -0.06035079    0.02954738
0.08816061    0.02779592    0.003933316    -0.01174401    -0.08758819    0.04406992    -0.05887365    0.08498085    0.03016526    -0.1607475    0.05016715    1    0.07725506    -0.7808682    0.1179414    0.03727942    0.5768487    0.003365721    -0.4236526    0.06463427    -0.06224125    0.0773126    0.1233002    -0.01906659    -0.05702872    0.04511379    0.1572304    -0.01627114    -0.09815471    -0.01748515
-0.03314759    0.07049557    -0.06161711    0.1347067    -0.1067967    0.08748384    0.02810096    -0.01357486    -0.01105948    -0.08457745    -0.7652618    0.07725506    1    0.210168    -0.6410685    -0.4368008    0.05310049    0.5855373    0.1218832    -0.4151067    0.08847438    0.1177397    -0.02743997    -0.06673486    -0.008507817    -0.1032741    0.05570676    0.1396427    0.0561913    -0.1408994
-0.1297317    0.02577592    -0.003440981    0.07572466    0.02100698    -0.006565689    0.07208845    -0.04992367    -0.05378308    0.04869665    -0.2164396    -0.7808682    0.210168    1    -0.5415401    -0.1096388    -0.43125    0.1203527    0.5588632    -0.3183744    0.114721    0.007375884    -0.09873641    -0.02684394    0.01511229    -0.02245147    -0.0877916    0.04534361    0.128129    -0.06091721
-0.1288084    -0.1272831    0.1605904    -0.02105252    0.1683764    -0.09400843    -0.01944009    0.03569054    -0.03262829    0.08412436    0.2527462    0.1179414    -0.6410685    -0.5415401    1    0.08022032    0.03772683    -0.3454525    -0.2947401    0.6483583    -0.0916817    -0.1155987    0.0184697    0.02839411    -0.01388123    -0.06040446    -0.04292855    -0.09685357    -0.04914318    0.253015
0.005091197    0.02871934    0.0007899139    -0.02708129    -0.00673613    -0.1603644    -0.02048981    0.04503312    0.1436854    -0.04299442    0.5959399    0.03727942    -0.4368008    -0.1096388    0.08022032    1    -0.07100112    -0.728322    -0.04729772    0.1596486    0.03263722    -0.009191988    0.004937926    0.05526076    -0.05842107    0.5977577    -0.08046202    -0.3984988    0.0001008383    0.04818253
0.02243629    0.009693684    0.009874467    0.03772605    -0.0844615    0.01298608    -0.04206599    0.06082599    0.03978726    -0.1391635    0.008867918    0.5768487    0.05310049    -0.43125    0.03772683    -0.07100112    1    0.0881019    -0.7726396    0.1730508    -0.02605286    0.07722162    0.06371527    -0.03855022    -0.02332866    -0.02102613    0.5589629    0.01665341    -0.4008157    0.09564381
0.05565761    -0.03261973    -0.008705152    0.07853927    -0.07383136    0.1604654    -0.01845305    -0.01556947    -0.04075165    -0.0326559    -0.4352198    0.003365721    0.5855373    0.1203527    -0.3454525    -0.728322    0.0881019    1    0.04617607    -0.5515985    0.002452554    0.04654951    0.02203294    -0.0255496    -0.007766701    -0.4168925    0.06428404    0.5812836    0.01412991    -0.3068639
0.01011421    0.03209977    -0.02039757    -0.01878144    0.01516558    0.08648642    0.05780439    -0.04923939    -0.09282286    0.01498628    -0.1327181    -0.4236526    0.1218832    0.5588632    -0.2947401    -0.04729772    -0.7726396    0.04617607    1    -0.5459898    0.02689514    -0.0158034    -0.0286923    0.01481125    -0.005674979    0.007878584    -0.412785    0.01791493    0.5618735    -0.3169163
-0.1166541    -0.02410192    0.07858117    -0.07378712    0.05537724    -0.03671642    0.1025666    -0.05356981    -0.1352477    -0.005949784    0.1665932    0.06463427    -0.4151067    -0.3183744    0.6483583    0.1596486    0.1730508    -0.5515985    -0.5459898    1    -0.04706741    -0.07241807    -0.00694029    0.0110575    0.0373957    0.0122435    0.08702397    -0.3026942    -0.3122294    0.6186472
-0.1846907    -0.01272632    0.05154237    0.1685077    -0.02615625    -0.005695692    0.05847813    -0.02069721    -0.02535272    0.007661599    -0.06744878    -0.06224125    0.08847438    0.114721    -0.0916817    0.03263722    -0.02605286    0.002452554    0.02689514    -0.04706741    1    0.2292549    -0.7925327    -0.3398313    0.2443113    0.1378754    0.01430813    -0.07594447    -0.006305397    -0.04839362
-0.02235196    0.08423419    -0.06933784    0.1107665    -0.06834376    0.05758863    0.06334651    -0.04746272    0.01031132    -0.05597703    -0.06528374    0.0773126    0.1177397    0.007375884    -0.1155987    -0.009191988    0.07722162    0.04654951    -0.0158034    -0.07241807    0.2292549    1    0.0582692    -0.7753216    0.1000554    0.005578518    0.157625    0.004036359    -0.09551998    -0.01131214
0.1530674    0.05877945    -0.05686643    -0.07071144    -0.04787514    0.0288577    -0.0310468    0.02933682    0.05481603    -0.1085245    0.0610014    0.1233002    -0.02743997    -0.09873641    0.0184697    0.004937926    0.06371527    0.02203294    -0.0286923    -0.00694029    -0.7925327    0.0582692    1    0.2852451    -0.6086443    -0.116667    0.05693531    0.1096152    -0.03011969    -0.0003704035
0.1309068    -0.03533078    0.01223233    -0.0733373    -0.07230841    5.711648e-05    -0.03954308    0.0215518    0.06309222    -0.04735487    0.09847936    -0.01906659    -0.06673486    -0.02684394    0.02839411    0.05526076    -0.03855022    -0.0255496    0.01481125    0.0110575    -0.3398313    -0.7753216    0.2852451    1    -0.503745    0.007558403    -0.1073676    0.0242853    0.09828785    -0.02716121
0.05718971    0.04233312    -0.08061524    -0.1314704    0.009215987    -0.03955499    -0.02278919    -0.00234871    -0.02656878    0.1103631    -0.04109018    -0.05702872    -0.008507817    0.01511229    -0.01388123    -0.05842107    -0.02332866    -0.007766701    -0.005674979    0.0373957    0.2443113    0.1000554    -0.6086443    -0.503745    1    -0.01359294    -0.03985826    -0.05819444    -0.004065534    0.1113071
-0.100262    -0.00643592    0.008517349    0.1530265    -0.01698752    0.02973779    -0.00674628    0.008916974    0.006911928    -0.05358654    0.1757093    0.04511379    -0.1032741    -0.02245147    -0.06040446    0.5977577    -0.02102613    -0.4168925    0.007878584    0.0122435    0.1378754    0.005578518    -0.116667    0.007558403    -0.01359294    1    -0.1376514    -0.6676179    0.09997202    0.0203232
-0.05876979    0.007629718    0.02727629    0.0912724    -0.09226233    0.05498523    0.01408197    0.02095433    -0.03437708    -0.09921473    -0.01902461    0.1572304    0.05570676    -0.0877916    -0.04292855    -0.08046202    0.5589629    0.06428404    -0.412785    0.08702397    0.01430813    0.157625    0.05693531    -0.1073676    -0.03985826    -0.1376514    1    0.03542279    -0.676552    0.1943159
0.1153365    -0.04101519    0.02599453    -0.0306517    -0.04700224    0.07407697    0.04352533    -0.05981778    0.01492334    -0.02379207    -0.08365833    -0.01627114    0.1396427    0.04534361    -0.09685357    -0.3984988    0.01665341    0.5812836    0.01791493    -0.3026942    -0.07594447    0.004036359    0.1096152    0.0242853    -0.05819444    -0.6676179    0.03542279    1    -0.05155417    -0.452103
0.08746204    -0.002514353    0.01829302    -0.1043167    -0.01030879    -0.01060514    0.03240485    -0.02081737    0.008254262    -0.006139206    -0.06035079    -0.09815471    0.0561913    0.128129    -0.04914318    0.0001008383    -0.4008157    0.01412991    0.5618735    -0.3122294    -0.006305397    -0.09551998    -0.03011969    0.09828785    -0.004065534    0.09997202    -0.676552    -0.05155417    1    -0.5967933
-0.01207187    0.101324    -0.0881724    -0.1119837    -0.02343041    -0.09392598    -0.03614079    0.05972902    -0.02685137    0.05736875    0.02954738    -0.01748515    -0.1408994    -0.06091721    0.253015    0.04818253    0.09564381    -0.3068639    -0.3169163    0.6186472    -0.04839362    -0.01131214    -0.0003704035    -0.02716121    0.1113071    0.0203232    0.1943159    -0.452103    -0.5967933    1
