1    0.009148284    -0.5227716    -0.02662411    -0.09164891    -0.100262    -0.05876979    0.1153365    0.08746204    -0.01207187
0.009148284    1    -0.6390093    -0.4031495    0.1813855    -0.00643592    0.007629718    -0.04101519    -0.002514353    0.101324
-0.5227716    -0.6390093    1    -0.06712646    -0.3321347    0.008517349    0.02727629    0.02599453    0.01829302    -0.0881724
-0.02662411    -0.4031495    -0.06712646    1    -0.130076    0.1530265    0.0912724    -0.0306517    -0.1043167    -0.1119837
-0.09164891    0.1813855    -0.3321347    -0.130076    1    -0.01698752    -0.09226233    -0.04700224    -0.01030879    -0.02343041
-0.100262    -0.00643592    0.008517349    0.1530265    -0.01698752    1    -0.1376514    -0.6676179    0.09997202    0.0203232
-0.05876979    0.007629718    0.02727629    0.0912724    -0.09226233    -0.1376514    1    0.03542279    -0.676552    0.1943159
0.1153365    -0.04101519    0.02599453    -0.0306517    -0.04700224    -0.6676179    0.03542279    1    -0.05155417    -0.452103
0.08746204    -0.002514353    0.01829302    -0.1043167    -0.01030879    0.09997202    -0.676552    -0.05155417    1    -0.5967933
-0.01207187    0.101324    -0.0881724    -0.1119837    -0.02343041    0.0203232    0.1943159    -0.452103    -0.5967933    1
