1    -0.4774775    -0.4538181    0.1378426    0.1167466    -0.15265    0.06914332    0.09963154    0.01934468    -0.04676362    0.03191581    -0.2661103    -0.149844    0.08531917    0.1657282    0.08850889    0.1599171    -0.139472    -0.1522633    -0.09902989    -0.2415873    -0.09278759    0.0001420806    0.1183099    0.2459549
-0.4774775    1    -0.2704573    -0.27668    0.00682912    0.2413778    -0.2056002    -0.1580214    0.02416761    0.1434799    -0.1593215    0.2310029    0.3075514    -0.0520871    -0.2738797    0.06571718    -0.008295624    0.04122862    0.08315627    0.005361577    -0.03935591    0.1721633    0.2889605    -0.03706128    -0.3210472
-0.4538181    -0.2704573    1    -0.2854063    -0.3209596    0.01723798    0.09127468    0.05529603    -0.1019292    -0.06545556    -0.02121337    0.1091181    0.0292429    -0.07041392    0.006745371    -0.02440629    0.007736984    0.06994781    -0.04141592    0.134796    0.1851766    -0.0386227    -0.05580821    0.008868603    -0.1057828
0.1378426    -0.27668    -0.2854063    1    -0.1334371    0.09636347    -0.2674252    -0.3206827    0.03320412    0.4337361    0.05800028    0.203825    0.08554358    -0.1295012    -0.1161527    -0.08704592    -0.1678627    0.177478    0.3227427    -0.1076728    0.2159473    0.2320248    0.05912311    -0.1318994    -0.2643116
0.1167466    0.00682912    -0.3209596    -0.1334371    1    -0.005229442    -0.08668841    -0.07958962    0.07223001    0.0802685    0.006607309    0.08772347    0.05285874    -0.02063207    -0.101752    -0.009244832    0.04309966    -0.08042693    -0.07471047    0.1245794    -0.1043738    -0.04284979    0.05636041    -0.1017023    -0.02072733
-0.15265    0.2413778    0.01723798    0.09636347    -0.005229442    1    -0.2854361    -0.7194519    0.06167188    0.2449637    -0.0533572    0.1295125    0.2541596    0.06899545    -0.3230051    0.1923157    -0.1277178    -0.06022413    0.2325556    -0.05392613    -0.02563653    0.1249556    0.2075403    -0.01203033    -0.2667712
0.06914332    -0.2056002    0.09127468    -0.2674252    -0.08668841    -0.2854361    1    0.2700116    -0.6854755    -0.3287533    0.09322203    -0.3348576    -0.4130447    0.04746611    0.4836138    -0.1564471    0.02036278    -0.05342712    -0.2206389    0.1810643    0.03705754    -0.324848    -0.3356567    0.2100724    0.3997659
0.09963154    -0.1580214    0.05529603    -0.3206827    -0.07958962    -0.7194519    0.2700116    1    -0.09220107    -0.6530083    0.06219145    -0.3866128    -0.3639556    0.04683181    0.4609693    -0.1235222    -0.007597243    -0.1133191    -0.2297323    0.1902154    -0.0548634    -0.2439189    -0.2248498    0.1459756    0.3703591
0.01934468    0.02416761    -0.1019292    0.03320412    0.07223001    0.06167188    -0.6854755    -0.09220107    1    -0.1518189    0.06813851    -0.03609816    0.06655569    0.1566415    -0.2226417    0.1709992    -0.07137114    -0.1451603    0.1372384    -0.1398082    -0.1611782    0.146939    0.1033701    -0.1035057    -0.04915514
-0.04676362    0.1434799    -0.06545556    0.4337361    0.0802685    0.2449637    -0.3287533    -0.6530083    -0.1518189    1    -0.138329    0.5559261    0.4322634    -0.260135    -0.4172569    -0.01602895    0.1066901    0.2886973    0.1668357    -0.2142765    0.1873216    0.2677133    0.3123837    -0.1822985    -0.5151916
0.03191581    -0.1593215    -0.02121337    0.05800028    0.006607309    -0.0533572    0.09322203    0.06219145    0.06813851    -0.138329    1    -0.2099838    -0.639589    0.2021948    0.148635    -0.07523415    -0.1338796    -0.0217643    0.09520623    0.003540661    0.04781474    -0.2088851    -0.1395838    0.2387938    0.06913171
-0.2661103    0.2310029    0.1091181    0.203825    0.08772347    0.1295125    -0.3348576    -0.3866128    -0.03609816    0.5559261    -0.2099838    1    0.2976746    -0.6280262    -0.2447407    -0.01341398    0.07525218    0.234899    0.09835123    -0.1006923    0.1617192    0.2802645    0.2271709    -0.2999532    -0.3852976
-0.149844    0.3075514    0.0292429    0.08554358    0.05285874    0.2541596    -0.4130447    -0.3639556    0.06655569    0.4322634    -0.639589    0.2976746    1    -0.2405214    -0.6202122    0.08075887    0.1356558    0.1307445    0.03095211    -0.05936474    -0.02860273    0.3125755    0.288282    -0.284064    -0.3151221
0.08531917    -0.0520871    -0.07041392    -0.1295012    -0.02063207    0.06899545    0.04746611    0.04683181    0.1566415    -0.260135    0.2021948    -0.6280262    -0.2405214    1    -0.2275061    0.06376569    -0.05554444    -0.1532258    -0.01549296    0.06384734    -0.1296728    -0.1860809    -0.09989825    0.237168    0.1588193
0.1657282    -0.2738797    0.006745371    -0.1161527    -0.101752    -0.3230051    0.4836138    0.4609693    -0.2226417    -0.4172569    0.148635    -0.2447407    -0.6202122    -0.2275061    1    -0.0864064    -0.04802536    -0.07456138    -0.1216785    0.0569376    0.06738316    -0.2267224    -0.2758775    0.1636665    0.3369682
0.08850889    0.06571718    -0.02440629    -0.08704592    -0.009244832    0.1923157    -0.1564471    -0.1235222    0.1709992    -0.01602895    -0.07523415    -0.01341398    0.08075887    0.06376569    -0.0864064    1    -0.1725068    -0.7027936    0.116493    0.08094118    -0.001785365    0.02099902    0.01585515    0.004025675    -0.04429489
0.1599171    -0.008295624    0.007736984    -0.1678627    0.04309966    -0.1277178    0.02036278    -0.007597243    -0.07137114    0.1066901    -0.1338796    0.07525218    0.1356558    -0.05554444    -0.04802536    -0.1725068    1    0.1574847    -0.7513166    0.1351055    -0.01266924    0.1017366    0.004638792    -0.149716    0.04251783
-0.139472    0.04122862    0.06994781    0.177478    -0.08042693    -0.06022413    -0.05342712    -0.1133191    -0.1451603    0.2886973    -0.0217643    0.234899    0.1307445    -0.1532258    -0.07456138    -0.7027936    0.1574847    1    -0.1113507    -0.3998048    0.1680154    0.064044    0.03127808    -0.09082699    -0.1394175
-0.1522633    0.08315627    -0.04141592    0.3227427    -0.07471047    0.2325556    -0.2206389    -0.2297323    0.1372384    0.1668357    0.09520623    0.09835123    0.03095211    -0.01549296    -0.1216785    0.116493    -0.7513166    -0.1113507    1    -0.4600299    0.008245384    0.0699364    0.1697588    0.08911444    -0.2568212
-0.09902989    0.005361577    0.134796    -0.1076728    0.1245794    -0.05392613    0.1810643    0.1902154    -0.1398082    -0.2142765    0.003540661    -0.1006923    -0.05936474    0.06384734    0.0569376    0.08094118    0.1351055    -0.3998048    -0.4600299    1    -0.1067568    -0.03900898    -0.007309094    0.04504776    0.1087956
-0.2415873    -0.03935591    0.1851766    0.2159473    -0.1043738    -0.02563653    0.03705754    -0.0548634    -0.1611782    0.1873216    0.04781474    0.1617192    -0.02860273    -0.1296728    0.06738316    -0.001785365    -0.01266924    0.1680154    0.008245384    -0.1067568    1    -0.1695333    -0.5201249    0.02960654    -0.1103101
-0.09278759    0.1721633    -0.0386227    0.2320248    -0.04284979    0.1249556    -0.324848    -0.2439189    0.146939    0.2677133    -0.2088851    0.2802645    0.3125755    -0.1860809    -0.2267224    0.02099902    0.1017366    0.064044    0.0699364    -0.03900898    -0.1695333    1    0.31856    -0.6899216    -0.2298555
0.0001420806    0.2889605    -0.05580821    0.05912311    0.05636041    0.2075403    -0.3356567    -0.2248498    0.1033701    0.3123837    -0.1395838    0.2271709    0.288282    -0.09989825    -0.2758775    0.01585515    0.004638792    0.03127808    0.1697588    -0.007309094    -0.5201249    0.31856    1    -0.1292416    -0.6212203
0.1183099    -0.03706128    0.008868603    -0.1318994    -0.1017023    -0.01203033    0.2100724    0.1459756    -0.1035057    -0.1822985    0.2387938    -0.2999532    -0.284064    0.237168    0.1636665    0.004025675    -0.149716    -0.09082699    0.08911444    0.04504776    0.02960654    -0.6899216    -0.1292416    1    -0.1871279
0.2459549    -0.3210472    -0.1057828    -0.2643116    -0.02072733    -0.2667712    0.3997659    0.3703591    -0.04915514    -0.5151916    0.06913171    -0.3852976    -0.3151221    0.1588193    0.3369682    -0.04429489    0.04251783    -0.1394175    -0.2568212    0.1087956    -0.1103101    -0.2298555    -0.6212203    -0.1871279    1
