1    -0.3594829    -0.5702683    0.2343407    0.2264468    -0.02761892    -0.03744236    0.1233234    -0.2056044    -0.2834862    0.004123124    0.05761442    0.004831292    0.08978399    0.03659887    -0.2376624    -0.2271752    -0.1179585    0.3115946    0.3145826
-0.3594829    1    -0.175771    -0.3437631    -0.05963109    0.1763928    -0.03617346    -0.1537612    0.2137411    0.089387    -0.1493353    0.1080476    0.1824138    -0.2063165    -0.008307005    -0.06226729    0.2134715    0.1325317    -0.1829406    -0.04588148
-0.5702683    -0.175771    1    -0.4582405    -0.7041022    0.03816087    0.00252434    -0.1434255    0.3601811    0.2700696    -0.05953614    -0.006643327    0.005609266    -0.1285368    -0.09053799    0.1327166    0.2346385    0.2971465    -0.1614077    -0.4609059
0.2343407    -0.3437631    -0.4582405    1    0.3417084    -0.2113896    0.123719    0.2497621    -0.3359628    -0.2289712    0.1420864    -0.09613235    -0.07973064    0.1620331    -0.01322862    0.1574053    -0.1013638    -0.2406764    -0.008786362    0.1229631
0.2264468    -0.05963109    -0.7041022    0.3417084    1    -0.04710652    -0.09047403    0.1267625    -0.4519641    -0.1094422    0.1433184    -0.1373605    -0.1867071    0.2693018    0.1957948    -0.03101926    -0.3298072    -0.4084363    0.1097851    0.4650173
-0.02761892    0.1763928    0.03816087    -0.2113896    -0.04710652    1    -0.4774775    -0.4538181    0.1378426    0.1167466    -0.3057227    0.002150273    0.1823989    0.1149931    0.1714729    -0.2415873    -0.09278759    0.0001420806    0.1183099    0.2459549
-0.03744236    -0.03617346    0.00252434    0.123719    -0.09047403    -0.4774775    1    -0.2704573    -0.27668    0.00682912    0.1527965    0.133076    -0.05411368    -0.2108001    0.02558008    -0.03935591    0.1721633    0.2889605    -0.03706128    -0.3210472
0.1233234    -0.1537612    -0.1434255    0.2497621    0.1267625    -0.4538181    -0.2704573    1    -0.2854063    -0.3209596    0.08808992    -0.1069452    0.03902616    0.1180376    -0.2816258    0.1851766    -0.0386227    -0.05580821    0.008868603    -0.1057828
-0.2056044    0.2137411    0.3601811    -0.3359628    -0.4519641    0.1378426    -0.27668    -0.2854063    1    -0.1334371    -0.03092368    0.08115146    0.07751717    -0.1913421    -0.1963249    0.2159473    0.2320248    0.05912311    -0.1318994    -0.2643116
-0.2834862    0.089387    0.2700696    -0.2289712    -0.1094422    0.1167466    0.00682912    -0.3209596    -0.1334371    1    -0.0393339    -0.07690269    -0.06782087    -0.04719066    0.04563687    -0.1043738    -0.04284979    0.05636041    -0.1017023    -0.02072733
0.004123124    -0.1493353    -0.05953614    0.1420864    0.1433184    -0.3057227    0.1527965    0.08808992    -0.03092368    -0.0393339    1    -0.1228896    -0.795554    0.03622886    0.1535628    0.0194094    -0.08252774    -0.04625374    0.07688593    -0.05631285
0.05761442    0.1080476    -0.006643327    -0.09613235    -0.1373605    0.002150273    0.133076    -0.1069452    0.08115146    -0.07690269    -0.1228896    1    0.2461418    -0.7312569    0.0347245    -0.2002625    0.1365631    0.1568398    -0.0125651    -0.07443778
0.004831292    0.1824138    0.005609266    -0.07973064    -0.1867071    0.1823989    -0.05411368    0.03902616    0.07751717    -0.06782087    -0.795554    0.2461418    1    -0.09969109    -0.5163728    0.03469317    0.08206446    0.07787133    -0.05866272    -0.05235737
0.08978399    -0.2063165    -0.1285368    0.1620331    0.2693018    0.1149931    -0.2108001    0.1180376    -0.1913421    -0.04719066    0.03622886    -0.7312569    -0.09969109    1    -0.3282296    0.1402534    -0.2207154    -0.3147118    0.08618276    0.2894423
0.03659887    -0.008307005    -0.09053799    -0.01322862    0.1957948    0.1714729    0.02558008    -0.2816258    -0.1963249    0.04563687    0.1535628    0.0347245    -0.5163728    -0.3282296    1    -0.2445386    -0.08979923    0.03482294    0.09783111    0.1739478
-0.2376624    -0.06226729    0.1327166    0.1574053    -0.03101926    -0.2415873    -0.03935591    0.1851766    0.2159473    -0.1043738    0.0194094    -0.2002625    0.03469317    0.1402534    -0.2445386    1    -0.1695333    -0.5201249    0.02960654    -0.1103101
-0.2271752    0.2134715    0.2346385    -0.1013638    -0.3298072    -0.09278759    0.1721633    -0.0386227    0.2320248    -0.04284979    -0.08252774    0.1365631    0.08206446    -0.2207154    -0.08979923    -0.1695333    1    0.31856    -0.6899216    -0.2298555
-0.1179585    0.1325317    0.2971465    -0.2406764    -0.4084363    0.0001420806    0.2889605    -0.05580821    0.05912311    0.05636041    -0.04625374    0.1568398    0.07787133    -0.3147118    0.03482294    -0.5201249    0.31856    1    -0.1292416    -0.6212203
0.3115946    -0.1829406    -0.1614077    -0.008786362    0.1097851    0.1183099    -0.03706128    0.008868603    -0.1318994    -0.1017023    0.07688593    -0.0125651    -0.05866272    0.08618276    0.09783111    0.02960654    -0.6899216    -0.1292416    1    -0.1871279
0.3145826    -0.04588148    -0.4609059    0.1229631    0.4650173    0.2459549    -0.3210472    -0.1057828    -0.2643116    -0.02072733    -0.05631285    -0.07443778    -0.05235737    0.2894423    0.1739478    -0.1103101    -0.2298555    -0.6212203    -0.1871279    1
