1    0.1120652    -0.3681135    -0.001060997    -0.08082685    -0.01879237    0.1280483    -0.02252993    0.002622121    -0.02065416    -0.04782855    0.01440271    0.07578263    -0.02127106    -0.06431871
0.1120652    1    0.2555411    -0.289436    -0.3011503    0.01413369    0.03523768    -0.1015132    0.2732888    0.1848166    0.08447919    0.1479974    0.2127125    -0.09123165    -0.3255562
-0.3681135    0.2555411    1    0.1903292    -0.5369004    0.08620079    -0.07660942    -0.1073756    0.2635311    0.2354378    0.05105975    0.2363989    0.1746854    -0.2397846    -0.2184936
-0.001060997    -0.289436    0.1903292    1    -0.4704953    0.08061681    -0.002159049    -0.03472854    0.1302869    0.06767922    0.01886873    0.2272519    0.08812846    -0.2081668    -0.1129219
-0.08082685    -0.3011503    -0.5369004    -0.4704953    1    -0.05980385    0.04369334    0.1724593    -0.4227113    -0.239922    0.04410777    -0.3268922    -0.2388725    0.2373166    0.2952573
-0.01879237    0.01413369    0.08620079    0.08061681    -0.05980385    1    -0.4774775    -0.4538181    0.1378426    0.1167466    -0.2415873    -0.09278759    0.0001420806    0.1183099    0.2459549
0.1280483    0.03523768    -0.07660942    -0.002159049    0.04369334    -0.4774775    1    -0.2704573    -0.27668    0.00682912    -0.03935591    0.1721633    0.2889605    -0.03706128    -0.3210472
-0.02252993    -0.1015132    -0.1073756    -0.03472854    0.1724593    -0.4538181    -0.2704573    1    -0.2854063    -0.3209596    0.1851766    -0.0386227    -0.05580821    0.008868603    -0.1057828
0.002622121    0.2732888    0.2635311    0.1302869    -0.4227113    0.1378426    -0.27668    -0.2854063    1    -0.1334371    0.2159473    0.2320248    0.05912311    -0.1318994    -0.2643116
-0.02065416    0.1848166    0.2354378    0.06767922    -0.239922    0.1167466    0.00682912    -0.3209596    -0.1334371    1    -0.1043738    -0.04284979    0.05636041    -0.1017023    -0.02072733
-0.04782855    0.08447919    0.05105975    0.01886873    0.04410777    -0.2415873    -0.03935591    0.1851766    0.2159473    -0.1043738    1    -0.1695333    -0.5201249    0.02960654    -0.1103101
0.01440271    0.1479974    0.2363989    0.2272519    -0.3268922    -0.09278759    0.1721633    -0.0386227    0.2320248    -0.04284979    -0.1695333    1    0.31856    -0.6899216    -0.2298555
0.07578263    0.2127125    0.1746854    0.08812846    -0.2388725    0.0001420806    0.2889605    -0.05580821    0.05912311    0.05636041    -0.5201249    0.31856    1    -0.1292416    -0.6212203
-0.02127106    -0.09123165    -0.2397846    -0.2081668    0.2373166    0.1183099    -0.03706128    0.008868603    -0.1318994    -0.1017023    0.02960654    -0.6899216    -0.1292416    1    -0.1871279
-0.06431871    -0.3255562    -0.2184936    -0.1129219    0.2952573    0.2459549    -0.3210472    -0.1057828    -0.2643116    -0.02072733    -0.1103101    -0.2298555    -0.6212203    -0.1871279    1
