1    -0.4774775    -0.4538181    0.1378426    0.1167466    -0.1255879    0.1398677    0.3760927    0.09852986    -0.3175291    -0.15265    0.06914332    0.09963154    0.01934468    -0.04676362    0.08850889    0.1599171    -0.139472    -0.1522633    -0.09902989    -0.2415873    -0.09278759    0.0001420806    0.1183099    0.2459549
-0.4774775    1    -0.2704573    -0.27668    0.00682912    0.2373048    -0.09874131    -0.4602086    0.06896438    0.1059808    0.2413778    -0.2056002    -0.1580214    0.02416761    0.1434799    0.06571718    -0.008295624    0.04122862    0.08315627    0.005361577    -0.03935591    0.1721633    0.2889605    -0.03706128    -0.3210472
-0.4538181    -0.2704573    1    -0.2854063    -0.3209596    0.0241578    -0.09969337    -0.1724443    -0.07889131    0.2728058    0.01723798    0.09127468    0.05529603    -0.1019292    -0.06545556    -0.02440629    0.007736984    0.06994781    -0.04141592    0.134796    0.1851766    -0.0386227    -0.05580821    0.008868603    -0.1057828
0.1378426    -0.27668    -0.2854063    1    -0.1334371    0.3662069    -0.00952362    -0.1420524    -0.05520087    -0.09013656    0.09636347    -0.2674252    -0.3206827    0.03320412    0.4337361    -0.08704592    -0.1678627    0.177478    0.3227427    -0.1076728    0.2159473    0.2320248    0.05912311    -0.1318994    -0.2643116
0.1167466    0.00682912    -0.3209596    -0.1334371    1    -0.03542852    0.1147112    0.114532    -0.1494825    -0.1555497    -0.005229442    -0.08668841    -0.07958962    0.07223001    0.0802685    -0.009244832    0.04309966    -0.08042693    -0.07471047    0.1245794    -0.1043738    -0.04284979    0.05636041    -0.1017023    -0.02072733
-0.1255879    0.2373048    0.0241578    0.3662069    -0.03542852    1    -0.06220697    -0.7892314    -0.1394568    0.06121272    0.2924255    -0.4863733    -0.4413858    0.1213626    0.5021995    0.002781845    -0.009705852    0.1672757    0.2347922    -0.01708179    0.01053487    0.4188661    0.4076123    -0.2009165    -0.5137693
0.1398677    -0.09874131    -0.09969337    -0.00952362    0.1147112    -0.06220697    1    -0.09514101    -0.517768    0.1249409    0.09317191    0.04012832    -0.0165401    -0.09672914    0.01609282    0.04129891    -0.00330808    -0.06870781    -0.028225    -0.02942764    0.01937432    -0.1344757    -0.05706242    0.1003826    0.06306202
0.3760927    -0.4602086    -0.1724443    -0.1420524    0.114532    -0.7892314    -0.09514101    1    0.113711    -0.3384456    -0.4171849    0.4639586    0.4179906    -0.1093406    -0.4300817    -0.04691636    0.08102763    -0.1014061    -0.2411642    -0.04006835    -0.06063691    -0.3039652    -0.4065637    0.107524    0.5708711
0.09852986    0.06896438    -0.07889131    -0.05520087    -0.1494825    -0.1394568    -0.517768    0.113711    1    -0.4318813    0.01331255    0.009646759    0.04681343    0.09585697    -0.07173342    -0.02174716    0.09712252    0.0005078691    -0.03372189    -0.07439448    -0.123196    0.071822    0.05467499    0.04580796    -0.004264685
-0.3175291    0.1059808    0.2728058    -0.09013656    -0.1555497    0.06121272    0.1249409    -0.3384456    -0.4318813    1    0.05117176    0.1107904    0.02961353    -0.1158795    -0.08722689    -0.05884588    -0.281793    0.03209659    0.153316    0.1109764    0.1560991    -0.1739627    -0.1017459    0.1181678    -0.01912225
-0.15265    0.2413778    0.01723798    0.09636347    -0.005229442    0.2924255    0.09317191    -0.4171849    0.01331255    0.05117176    1    -0.2854361    -0.7194519    0.06167188    0.2449637    0.1923157    -0.1277178    -0.06022413    0.2325556    -0.05392613    -0.02563653    0.1249556    0.2075403    -0.01203033    -0.2667712
0.06914332    -0.2056002    0.09127468    -0.2674252    -0.08668841    -0.4863733    0.04012832    0.4639586    0.009646759    0.1107904    -0.2854361    1    0.2700116    -0.6854755    -0.3287533    -0.1564471    0.02036278    -0.05342712    -0.2206389    0.1810643    0.03705754    -0.324848    -0.3356567    0.2100724    0.3997659
0.09963154    -0.1580214    0.05529603    -0.3206827    -0.07958962    -0.4413858    -0.0165401    0.4179906    0.04681343    0.02961353    -0.7194519    0.2700116    1    -0.09220107    -0.6530083    -0.1235222    -0.007597243    -0.1133191    -0.2297323    0.1902154    -0.0548634    -0.2439189    -0.2248498    0.1459756    0.3703591
0.01934468    0.02416761    -0.1019292    0.03320412    0.07223001    0.1213626    -0.09672914    -0.1093406    0.09585697    -0.1158795    0.06167188    -0.6854755    -0.09220107    1    -0.1518189    0.1709992    -0.07137114    -0.1451603    0.1372384    -0.1398082    -0.1611782    0.146939    0.1033701    -0.1035057    -0.04915514
-0.04676362    0.1434799    -0.06545556    0.4337361    0.0802685    0.5021995    0.01609282    -0.4300817    -0.07173342    -0.08722689    0.2449637    -0.3287533    -0.6530083    -0.1518189    1    -0.01602895    0.1066901    0.2886973    0.1668357    -0.2142765    0.1873216    0.2677133    0.3123837    -0.1822985    -0.5151916
0.08850889    0.06571718    -0.02440629    -0.08704592    -0.009244832    0.002781845    0.04129891    -0.04691636    -0.02174716    -0.05884588    0.1923157    -0.1564471    -0.1235222    0.1709992    -0.01602895    1    -0.1725068    -0.7027936    0.116493    0.08094118    -0.001785365    0.02099902    0.01585515    0.004025675    -0.04429489
0.1599171    -0.008295624    0.007736984    -0.1678627    0.04309966    -0.009705852    -0.00330808    0.08102763    0.09712252    -0.281793    -0.1277178    0.02036278    -0.007597243    -0.07137114    0.1066901    -0.1725068    1    0.1574847    -0.7513166    0.1351055    -0.01266924    0.1017366    0.004638792    -0.149716    0.04251783
-0.139472    0.04122862    0.06994781    0.177478    -0.08042693    0.1672757    -0.06870781    -0.1014061    0.0005078691    0.03209659    -0.06022413    -0.05342712    -0.1133191    -0.1451603    0.2886973    -0.7027936    0.1574847    1    -0.1113507    -0.3998048    0.1680154    0.064044    0.03127808    -0.09082699    -0.1394175
-0.1522633    0.08315627    -0.04141592    0.3227427    -0.07471047    0.2347922    -0.028225    -0.2411642    -0.03372189    0.153316    0.2325556    -0.2206389    -0.2297323    0.1372384    0.1668357    0.116493    -0.7513166    -0.1113507    1    -0.4600299    0.008245384    0.0699364    0.1697588    0.08911444    -0.2568212
-0.09902989    0.005361577    0.134796    -0.1076728    0.1245794    -0.01708179    -0.02942764    -0.04006835    -0.07439448    0.1109764    -0.05392613    0.1810643    0.1902154    -0.1398082    -0.2142765    0.08094118    0.1351055    -0.3998048    -0.4600299    1    -0.1067568    -0.03900898    -0.007309094    0.04504776    0.1087956
-0.2415873    -0.03935591    0.1851766    0.2159473    -0.1043738    0.01053487    0.01937432    -0.06063691    -0.123196    0.1560991    -0.02563653    0.03705754    -0.0548634    -0.1611782    0.1873216    -0.001785365    -0.01266924    0.1680154    0.008245384    -0.1067568    1    -0.1695333    -0.5201249    0.02960654    -0.1103101
-0.09278759    0.1721633    -0.0386227    0.2320248    -0.04284979    0.4188661    -0.1344757    -0.3039652    0.071822    -0.1739627    0.1249556    -0.324848    -0.2439189    0.146939    0.2677133    0.02099902    0.1017366    0.064044    0.0699364    -0.03900898    -0.1695333    1    0.31856    -0.6899216    -0.2298555
0.0001420806    0.2889605    -0.05580821    0.05912311    0.05636041    0.4076123    -0.05706242    -0.4065637    0.05467499    -0.1017459    0.2075403    -0.3356567    -0.2248498    0.1033701    0.3123837    0.01585515    0.004638792    0.03127808    0.1697588    -0.007309094    -0.5201249    0.31856    1    -0.1292416    -0.6212203
0.1183099    -0.03706128    0.008868603    -0.1318994    -0.1017023    -0.2009165    0.1003826    0.107524    0.04580796    0.1181678    -0.01203033    0.2100724    0.1459756    -0.1035057    -0.1822985    0.004025675    -0.149716    -0.09082699    0.08911444    0.04504776    0.02960654    -0.6899216    -0.1292416    1    -0.1871279
0.2459549    -0.3210472    -0.1057828    -0.2643116    -0.02072733    -0.5137693    0.06306202    0.5708711    -0.004264685    -0.01912225    -0.2667712    0.3997659    0.3703591    -0.04915514    -0.5151916    -0.04429489    0.04251783    -0.1394175    -0.2568212    0.1087956    -0.1103101    -0.2298555    -0.6212203    -0.1871279    1
