1    -0.1056302    -0.5090539    0.06912975    -0.1068795    0.04702455    -0.0267273    -0.04135537    0.4024888    -0.06666113    0.03806252    0.1790655    0.1255082    -0.09244161    -0.2047413
-0.1056302    1    0.1359468    -0.5457157    -0.1184161    -0.4615324    0.2043381    0.3163979    -0.3323609    -0.02576824    0.09903142    -0.06865236    -0.07707969    -0.005847995    -0.01354381
-0.5090539    0.1359468    1    0.005684328    -0.5467107    -0.5133632    0.3671944    0.3521369    -0.2985041    -0.1250971    0.1895215    -0.1150143    0.03993097    0.08578483    -0.1979443
0.06912975    -0.5457157    0.005684328    1    -0.3967013    0.0526407    0.191348    -0.01909748    0.2057698    -0.1256655    -0.02418661    0.2484738    0.2765554    -0.09643284    -0.2865166
-0.1068795    -0.1184161    -0.5467107    -0.3967013    1    0.5220233    -0.4966433    -0.2970017    -0.008828954    0.2216311    -0.1101628    -0.1414747    -0.2507107    0.006513773    0.4376519
0.04702455    -0.4615324    -0.5133632    0.0526407    0.5220233    1    -0.4774775    -0.4538181    0.1378426    0.1167466    -0.2415873    -0.09278759    0.0001420806    0.1183099    0.2459549
-0.0267273    0.2043381    0.3671944    0.191348    -0.4966433    -0.4774775    1    -0.2704573    -0.27668    0.00682912    -0.03935591    0.1721633    0.2889605    -0.03706128    -0.3210472
-0.04135537    0.3163979    0.3521369    -0.01909748    -0.2970017    -0.4538181    -0.2704573    1    -0.2854063    -0.3209596    0.1851766    -0.0386227    -0.05580821    0.008868603    -0.1057828
0.4024888    -0.3323609    -0.2985041    0.2057698    -0.008828954    0.1378426    -0.27668    -0.2854063    1    -0.1334371    0.2159473    0.2320248    0.05912311    -0.1318994    -0.2643116
-0.06666113    -0.02576824    -0.1250971    -0.1256655    0.2216311    0.1167466    0.00682912    -0.3209596    -0.1334371    1    -0.1043738    -0.04284979    0.05636041    -0.1017023    -0.02072733
0.03806252    0.09903142    0.1895215    -0.02418661    -0.1101628    -0.2415873    -0.03935591    0.1851766    0.2159473    -0.1043738    1    -0.1695333    -0.5201249    0.02960654    -0.1103101
0.1790655    -0.06865236    -0.1150143    0.2484738    -0.1414747    -0.09278759    0.1721633    -0.0386227    0.2320248    -0.04284979    -0.1695333    1    0.31856    -0.6899216    -0.2298555
0.1255082    -0.07707969    0.03993097    0.2765554    -0.2507107    0.0001420806    0.2889605    -0.05580821    0.05912311    0.05636041    -0.5201249    0.31856    1    -0.1292416    -0.6212203
-0.09244161    -0.005847995    0.08578483    -0.09643284    0.006513773    0.1183099    -0.03706128    0.008868603    -0.1318994    -0.1017023    0.02960654    -0.6899216    -0.1292416    1    -0.1871279
-0.2047413    -0.01354381    -0.1979443    -0.2865166    0.4376519    0.2459549    -0.3210472    -0.1057828    -0.2643116    -0.02072733    -0.1103101    -0.2298555    -0.6212203    -0.1871279    1
