1    -0.2528617    -0.7115452    0.22127    0.1058309    -0.01094909    0.1975999    0.2935358    0.01117702    -0.3984052
-0.2528617    1    0.2967899    -0.7120302    -0.1420761    -0.2692863    -0.2498796    -0.2720191    0.0706501    0.5626937
-0.7115452    0.2967899    1    -0.2621357    -0.5743639    -0.03116813    -0.3141643    -0.4152256    0.1090339    0.5369107
0.22127    -0.7120302    -0.2621357    1    -0.1114128    0.1424471    0.1323303    0.1843544    0.02145802    -0.4046464
0.1058309    -0.1420761    -0.5743639    -0.1114128    1    0.07346352    0.2646029    0.1753771    -0.2176735    -0.2363458
-0.01094909    -0.2692863    -0.03116813    0.1424471    0.07346352    1    -0.1695333    -0.5201249    0.02960654    -0.1103101
0.1975999    -0.2498796    -0.3141643    0.1323303    0.2646029    -0.1695333    1    0.31856    -0.6899216    -0.2298555
0.2935358    -0.2720191    -0.4152256    0.1843544    0.1753771    -0.5201249    0.31856    1    -0.1292416    -0.6212203
0.01117702    0.0706501    0.1090339    0.02145802    -0.2176735    0.02960654    -0.6899216    -0.1292416    1    -0.1871279
-0.3984052    0.5626937    0.5369107    -0.4046464    -0.2363458    -0.1103101    -0.2298555    -0.6212203    -0.1871279    1
