1    0.1894219    -0.3429943    -0.1385012    -0.1661251    -0.05902692    -0.104854    -0.05010175    0.06867407    0.1379402
0.1894219    1    0.5062199    -0.2663477    -0.4823125    -0.182312    -0.3631321    -0.3809138    0.2353314    0.5654907
-0.3429943    0.5062199    1    0.1364205    -0.601621    -0.1455562    -0.2942598    -0.2992879    0.2052237    0.4841048
-0.1385012    -0.2663477    0.1364205    1    -0.3475727    -0.07638332    0.1089516    0.01763022    -0.04222244    0.05061058
-0.1661251    -0.4823125    -0.601621    -0.3475727    1    0.2515263    0.2011404    0.2114029    -0.2088559    -0.4427309
-0.05902692    -0.182312    -0.1455562    -0.07638332    0.2515263    1    -0.1695333    -0.5201249    0.02960654    -0.1103101
-0.104854    -0.3631321    -0.2942598    0.1089516    0.2011404    -0.1695333    1    0.31856    -0.6899216    -0.2298555
-0.05010175    -0.3809138    -0.2992879    0.01763022    0.2114029    -0.5201249    0.31856    1    -0.1292416    -0.6212203
0.06867407    0.2353314    0.2052237    -0.04222244    -0.2088559    0.02960654    -0.6899216    -0.1292416    1    -0.1871279
0.1379402    0.5654907    0.4841048    0.05061058    -0.4427309    -0.1103101    -0.2298555    -0.6212203    -0.1871279    1
