1    0.198067    -0.4225725    0.07146314    -0.186491    -0.07078163    0.09997491    0.2442207    -0.02783131    -0.4100583    0.08413714    0.1124032    -0.1814296    0.2286671    0.07754618    -0.09788526    0.2594106    0.2555435    -0.09220539    -0.2659218
0.198067    1    0.2538809    -0.3854224    -0.1678645    -0.5428393    0.1916295    0.6124938    -0.4955164    -0.4541951    0.02616219    0.02610862    -0.1442374    0.3407883    0.2292856    0.1638631    0.2346984    0.2094446    -0.1730264    -0.344613
-0.4225725    0.2538809    1    0.0678435    -0.472596    -0.5218323    0.268063    0.3932443    -0.3792331    -0.1430955    0.01509722    -0.09040069    -0.01067589    0.1752845    0.1594911    0.2167506    0.04881665    0.03051212    -0.1625805    -0.1474478
0.07146314    -0.3854224    0.0678435    1    -0.5213228    -0.008435608    0.2180661    0.002650513    0.05481355    -0.1312332    0.1022312    -0.08452739    -0.09767998    0.1719824    0.03930188    -0.1411582    0.1311333    0.06447657    -0.1106796    -0.01054437
-0.186491    -0.1678645    -0.472596    -0.5213228    1    0.416938    -0.3542449    -0.3977519    0.306548    0.3427704    -0.1744431    0.05463193    0.2031529    -0.2550375    -0.2078102    0.08057897    -0.2640229    -0.1786509    0.1970891    0.1998573
-0.07078163    -0.5428393    -0.5218323    -0.008435608    0.416938    1    -0.3594829    -0.5702683    0.2343407    0.2264468    -0.02761892    -0.03744236    0.1233234    -0.2056044    -0.2834862    -0.2376624    -0.2271752    -0.1179585    0.3115946    0.3145826
0.09997491    0.1916295    0.268063    0.2180661    -0.3542449    -0.3594829    1    -0.175771    -0.3437631    -0.05963109    0.1763928    -0.03617346    -0.1537612    0.2137411    0.089387    -0.06226729    0.2134715    0.1325317    -0.1829406    -0.04588148
0.2442207    0.6124938    0.3932443    0.002650513    -0.3977519    -0.5702683    -0.175771    1    -0.4582405    -0.7041022    0.03816087    0.00252434    -0.1434255    0.3601811    0.2700696    0.1327166    0.2346385    0.2971465    -0.1614077    -0.4609059
-0.02783131    -0.4955164    -0.3792331    0.05481355    0.306548    0.2343407    -0.3437631    -0.4582405    1    0.3417084    -0.2113896    0.123719    0.2497621    -0.3359628    -0.2289712    0.1574053    -0.1013638    -0.2406764    -0.008786362    0.1229631
-0.4100583    -0.4541951    -0.1430955    -0.1312332    0.3427704    0.2264468    -0.05963109    -0.7041022    0.3417084    1    -0.04710652    -0.09047403    0.1267625    -0.4519641    -0.1094422    -0.03101926    -0.3298072    -0.4084363    0.1097851    0.4650173
0.08413714    0.02616219    0.01509722    0.1022312    -0.1744431    -0.02761892    0.1763928    0.03816087    -0.2113896    -0.04710652    1    -0.4774775    -0.4538181    0.1378426    0.1167466    -0.2415873    -0.09278759    0.0001420806    0.1183099    0.2459549
0.1124032    0.02610862    -0.09040069    -0.08452739    0.05463193    -0.03744236    -0.03617346    0.00252434    0.123719    -0.09047403    -0.4774775    1    -0.2704573    -0.27668    0.00682912    -0.03935591    0.1721633    0.2889605    -0.03706128    -0.3210472
-0.1814296    -0.1442374    -0.01067589    -0.09767998    0.2031529    0.1233234    -0.1537612    -0.1434255    0.2497621    0.1267625    -0.4538181    -0.2704573    1    -0.2854063    -0.3209596    0.1851766    -0.0386227    -0.05580821    0.008868603    -0.1057828
0.2286671    0.3407883    0.1752845    0.1719824    -0.2550375    -0.2056044    0.2137411    0.3601811    -0.3359628    -0.4519641    0.1378426    -0.27668    -0.2854063    1    -0.1334371    0.2159473    0.2320248    0.05912311    -0.1318994    -0.2643116
0.07754618    0.2292856    0.1594911    0.03930188    -0.2078102    -0.2834862    0.089387    0.2700696    -0.2289712    -0.1094422    0.1167466    0.00682912    -0.3209596    -0.1334371    1    -0.1043738    -0.04284979    0.05636041    -0.1017023    -0.02072733
-0.09788526    0.1638631    0.2167506    -0.1411582    0.08057897    -0.2376624    -0.06226729    0.1327166    0.1574053    -0.03101926    -0.2415873    -0.03935591    0.1851766    0.2159473    -0.1043738    1    -0.1695333    -0.5201249    0.02960654    -0.1103101
0.2594106    0.2346984    0.04881665    0.1311333    -0.2640229    -0.2271752    0.2134715    0.2346385    -0.1013638    -0.3298072    -0.09278759    0.1721633    -0.0386227    0.2320248    -0.04284979    -0.1695333    1    0.31856    -0.6899216    -0.2298555
0.2555435    0.2094446    0.03051212    0.06447657    -0.1786509    -0.1179585    0.1325317    0.2971465    -0.2406764    -0.4084363    0.0001420806    0.2889605    -0.05580821    0.05912311    0.05636041    -0.5201249    0.31856    1    -0.1292416    -0.6212203
-0.09220539    -0.1730264    -0.1625805    -0.1106796    0.1970891    0.3115946    -0.1829406    -0.1614077    -0.008786362    0.1097851    0.1183099    -0.03706128    0.008868603    -0.1318994    -0.1017023    0.02960654    -0.6899216    -0.1292416    1    -0.1871279
-0.2659218    -0.344613    -0.1474478    -0.01054437    0.1998573    0.3145826    -0.04588148    -0.4609059    0.1229631    0.4650173    0.2459549    -0.3210472    -0.1057828    -0.2643116    -0.02072733    -0.1103101    -0.2298555    -0.6212203    -0.1871279    1
