1    -0.1056302    -0.5090539    0.06912975    -0.1068795    -0.06704162    0.1567483    0.177213    -0.1998364    -0.298239    0.04702455    -0.0267273    -0.04135537    0.4024888    -0.06666113    0.03806252    0.1790655    0.1255082    -0.09244161    -0.2047413
-0.1056302    1    0.1359468    -0.5457157    -0.1184161    0.137926    -0.2731966    -0.09077962    0.2099248    0.2040438    -0.4615324    0.2043381    0.3163979    -0.3323609    -0.02576824    0.09903142    -0.06865236    -0.07707969    -0.005847995    -0.01354381
-0.5090539    0.1359468    1    0.005684328    -0.5467107    -0.005828946    -0.2030382    -0.06507898    0.2691314    0.1062177    -0.5133632    0.3671944    0.3521369    -0.2985041    -0.1250971    0.1895215    -0.1150143    0.03993097    0.08578483    -0.1979443
0.06912975    -0.5457157    0.005684328    1    -0.3967013    -0.1460005    0.2484205    0.1063482    -0.1102741    -0.33113    0.0526407    0.191348    -0.01909748    0.2057698    -0.1256655    -0.02418661    0.2484738    0.2765554    -0.09643284    -0.2865166
-0.1068795    -0.1184161    -0.5467107    -0.3967013    1    0.004326491    0.06145961    -0.02579005    -0.1460549    0.1874128    0.5220233    -0.4966433    -0.2970017    -0.008828954    0.2216311    -0.1101628    -0.1414747    -0.2507107    0.006513773    0.4376519
-0.06704162    0.137926    -0.005828946    -0.1460005    0.004326491    1    -0.3594829    -0.5702683    0.2343407    0.2264468    -0.02761892    -0.03744236    0.1233234    -0.2056044    -0.2834862    -0.2376624    -0.2271752    -0.1179585    0.3115946    0.3145826
0.1567483    -0.2731966    -0.2030382    0.2484205    0.06145961    -0.3594829    1    -0.175771    -0.3437631    -0.05963109    0.1763928    -0.03617346    -0.1537612    0.2137411    0.089387    -0.06226729    0.2134715    0.1325317    -0.1829406    -0.04588148
0.177213    -0.09077962    -0.06507898    0.1063482    -0.02579005    -0.5702683    -0.175771    1    -0.4582405    -0.7041022    0.03816087    0.00252434    -0.1434255    0.3601811    0.2700696    0.1327166    0.2346385    0.2971465    -0.1614077    -0.4609059
-0.1998364    0.2099248    0.2691314    -0.1102741    -0.1460549    0.2343407    -0.3437631    -0.4582405    1    0.3417084    -0.2113896    0.123719    0.2497621    -0.3359628    -0.2289712    0.1574053    -0.1013638    -0.2406764    -0.008786362    0.1229631
-0.298239    0.2040438    0.1062177    -0.33113    0.1874128    0.2264468    -0.05963109    -0.7041022    0.3417084    1    -0.04710652    -0.09047403    0.1267625    -0.4519641    -0.1094422    -0.03101926    -0.3298072    -0.4084363    0.1097851    0.4650173
0.04702455    -0.4615324    -0.5133632    0.0526407    0.5220233    -0.02761892    0.1763928    0.03816087    -0.2113896    -0.04710652    1    -0.4774775    -0.4538181    0.1378426    0.1167466    -0.2415873    -0.09278759    0.0001420806    0.1183099    0.2459549
-0.0267273    0.2043381    0.3671944    0.191348    -0.4966433    -0.03744236    -0.03617346    0.00252434    0.123719    -0.09047403    -0.4774775    1    -0.2704573    -0.27668    0.00682912    -0.03935591    0.1721633    0.2889605    -0.03706128    -0.3210472
-0.04135537    0.3163979    0.3521369    -0.01909748    -0.2970017    0.1233234    -0.1537612    -0.1434255    0.2497621    0.1267625    -0.4538181    -0.2704573    1    -0.2854063    -0.3209596    0.1851766    -0.0386227    -0.05580821    0.008868603    -0.1057828
0.4024888    -0.3323609    -0.2985041    0.2057698    -0.008828954    -0.2056044    0.2137411    0.3601811    -0.3359628    -0.4519641    0.1378426    -0.27668    -0.2854063    1    -0.1334371    0.2159473    0.2320248    0.05912311    -0.1318994    -0.2643116
-0.06666113    -0.02576824    -0.1250971    -0.1256655    0.2216311    -0.2834862    0.089387    0.2700696    -0.2289712    -0.1094422    0.1167466    0.00682912    -0.3209596    -0.1334371    1    -0.1043738    -0.04284979    0.05636041    -0.1017023    -0.02072733
0.03806252    0.09903142    0.1895215    -0.02418661    -0.1101628    -0.2376624    -0.06226729    0.1327166    0.1574053    -0.03101926    -0.2415873    -0.03935591    0.1851766    0.2159473    -0.1043738    1    -0.1695333    -0.5201249    0.02960654    -0.1103101
0.1790655    -0.06865236    -0.1150143    0.2484738    -0.1414747    -0.2271752    0.2134715    0.2346385    -0.1013638    -0.3298072    -0.09278759    0.1721633    -0.0386227    0.2320248    -0.04284979    -0.1695333    1    0.31856    -0.6899216    -0.2298555
0.1255082    -0.07707969    0.03993097    0.2765554    -0.2507107    -0.1179585    0.1325317    0.2971465    -0.2406764    -0.4084363    0.0001420806    0.2889605    -0.05580821    0.05912311    0.05636041    -0.5201249    0.31856    1    -0.1292416    -0.6212203
-0.09244161    -0.005847995    0.08578483    -0.09643284    0.006513773    0.3115946    -0.1829406    -0.1614077    -0.008786362    0.1097851    0.1183099    -0.03706128    0.008868603    -0.1318994    -0.1017023    0.02960654    -0.6899216    -0.1292416    1    -0.1871279
-0.2047413    -0.01354381    -0.1979443    -0.2865166    0.4376519    0.3145826    -0.04588148    -0.4609059    0.1229631    0.4650173    0.2459549    -0.3210472    -0.1057828    -0.2643116    -0.02072733    -0.1103101    -0.2298555    -0.6212203    -0.1871279    1
