1    -0.1056302    -0.5090539    0.06912975    -0.1068795    0.1284384    -0.02628862    0.006999996    0.1783514    -0.1484271    -0.08358523    0.02408936    0.1545265    -0.1405736    -0.2054536    -0.03890699    0.07488385    0.1299899    -0.06782346    -0.03290798
-0.1056302    1    0.1359468    -0.5457157    -0.1184161    -0.07874684    0.1175065    0.1387355    0.03190405    -0.1162181    0.1346691    -0.09044874    -0.1102454    0.07492613    -0.05746473    0.03717639    -0.1192023    -0.07582382    0.1432907    -0.07118369
-0.5090539    0.1359468    1    0.005684328    -0.5467107    0.1092988    0.1520381    0.1018238    0.06070017    -0.2623001    0.2304875    -0.1161024    -0.1314577    0.05592646    -0.06657017    0.07919671    -0.1598471    -0.1800975    0.1842635    -0.008542975
0.06912975    -0.5457157    0.005684328    1    -0.3967013    0.31286    0.06728961    -0.03258813    0.09017027    -0.2602623    -0.06746771    0.1789729    0.1458746    -0.2284003    -0.1019607    -0.0953467    0.1792807    0.1588837    -0.2204614    0.03804891
-0.1068795    -0.1184161    -0.5467107    -0.3967013    1    -0.3256768    -0.120481    -0.1484179    -0.2708368    0.4797104    -0.2046958    0.01704158    0.04188289    0.1464894    0.1827565    -0.02401192    -0.003154525    0.05668806    -0.04045995    -0.03279113
0.1284384    -0.07874684    0.1092988    0.31286    -0.3256768    1    -0.008402032    -0.4408461    0.009183726    -0.2630833    0.04013731    0.1027497    0.05167436    -0.1873391    -0.07447454    0.1045771    0.0507771    -0.04178283    -0.08734228    0.04320523
-0.02628862    0.1175065    0.1520381    0.06728961    -0.120481    -0.008402032    1    0.01415365    -0.5127982    -0.1166718    0.004018182    -0.01154713    0.06157269    0.0291164    -0.1021721    -0.03460471    -0.01678448    0.0006107471    -0.01454952    -0.007441858
0.006999996    0.1387355    0.1018238    -0.03258813    -0.1484179    -0.4408461    0.01415365    1    -0.01183016    -0.4399315    0.0795403    0.04623818    -0.01076192    -0.03723537    -0.07401818    -0.09865508    0.04490542    0.09517378    -0.02840256    -0.01778328
0.1783514    0.03190405    0.06070017    0.09017027    -0.2708368    0.009183726    -0.5127982    -0.01183016    1    -0.3565121    0.06199662    -0.0239294    -0.02395637    -0.1242799    -0.09132013    -0.003469727    0.02869032    0.03657947    0.02570557    -0.04303614
-0.1484271    -0.1162181    -0.2623001    -0.2602623    0.4797104    -0.2630833    -0.1166718    -0.4399315    -0.3565121    1    -0.08522988    -0.08671417    -0.07355601    0.1975677    0.2041639    -0.005937634    -0.08936353    -0.04382715    0.08666415    0.03406087
-0.08358523    0.1346691    0.2304875    -0.06746771    -0.2046958    0.04013731    0.004018182    0.0795403    0.06199662    -0.08522988    1    -0.1228896    -0.795554    0.03622886    0.1535628    0.1959561    -0.09037796    -0.2530608    0.1372441    0.05696823
0.02408936    -0.09044874    -0.1161024    0.1789729    0.01704158    0.1027497    -0.01154713    0.04623818    -0.0239294    -0.08671417    -0.1228896    1    0.2461418    -0.7312569    0.0347245    -0.01582053    0.1520438    0.06414896    -0.2623369    0.1359266
0.1545265    -0.1102454    -0.1314577    0.1458746    0.04188289    0.05167436    0.06157269    -0.01076192    -0.02395637    -0.07355601    -0.795554    0.2461418    1    -0.09969109    -0.5163728    -0.2420196    0.05598853    0.2444242    -0.1539608    0.00361714
-0.1405736    0.07492613    0.05592646    -0.2284003    0.1464894    -0.1873391    0.0291164    -0.03723537    -0.1242799    0.1975677    0.03622886    -0.7312569    -0.09969109    1    -0.3282296    -0.05276433    -0.2670924    -0.07550114    0.2975206    -0.05628694
-0.2054536    -0.05746473    -0.06657017    -0.1019607    0.1827565    -0.07447454    -0.1021721    -0.07401818    -0.09132013    0.2041639    0.1535628    0.0347245    -0.5163728    -0.3282296    1    0.1886792    0.1806997    -0.1162917    -0.08149863    0.03049023
-0.03890699    0.03717639    0.07919671    -0.0953467    -0.02401192    0.1045771    -0.03460471    -0.09865508    -0.003469727    -0.005937634    0.1959561    -0.01582053    -0.2420196    -0.05276433    0.1886792    1    0.01044061    -0.785367    -0.05049712    0.2023296
0.07488385    -0.1192023    -0.1598471    0.1792807    -0.003154525    0.0507771    -0.01678448    0.04490542    0.02869032    -0.08936353    -0.09037796    0.1520438    0.05598853    -0.2670924    0.1806997    0.01044061    1    0.1795338    -0.8060869    0.1746387
0.1299899    -0.07582382    -0.1800975    0.1588837    0.05668806    -0.04178283    0.0006107471    0.09517378    0.03657947    -0.04382715    -0.2530608    0.06414896    0.2444242    -0.07550114    -0.1162917    -0.785367    0.1795338    1    -0.05741289    -0.518797
-0.06782346    0.1432907    0.1842635    -0.2204614    -0.04045995    -0.08734228    -0.01454952    -0.02840256    0.02570557    0.08666415    0.1372441    -0.2623369    -0.1539608    0.2975206    -0.08149863    -0.05049712    -0.8060869    -0.05741289    1    -0.4833687
-0.03290798    -0.07118369    -0.008542975    0.03804891    -0.03279113    0.04320523    -0.007441858    -0.01778328    -0.04303614    0.03406087    0.05696823    0.1359266    0.00361714    -0.05628694    0.03049023    0.2023296    0.1746387    -0.518797    -0.4833687    1
