1    -0.1056302    -0.5090539    0.06912975    -0.1068795    0.1284384    -0.02628862    0.006999996    0.1783514    -0.1484271    -0.08358523    0.02408936    0.1545265    -0.1405736    -0.2054536    0.03806252    0.1790655    0.1255082    -0.09244161    -0.2047413
-0.1056302    1    0.1359468    -0.5457157    -0.1184161    -0.07874684    0.1175065    0.1387355    0.03190405    -0.1162181    0.1346691    -0.09044874    -0.1102454    0.07492613    -0.05746473    0.09903142    -0.06865236    -0.07707969    -0.005847995    -0.01354381
-0.5090539    0.1359468    1    0.005684328    -0.5467107    0.1092988    0.1520381    0.1018238    0.06070017    -0.2623001    0.2304875    -0.1161024    -0.1314577    0.05592646    -0.06657017    0.1895215    -0.1150143    0.03993097    0.08578483    -0.1979443
0.06912975    -0.5457157    0.005684328    1    -0.3967013    0.31286    0.06728961    -0.03258813    0.09017027    -0.2602623    -0.06746771    0.1789729    0.1458746    -0.2284003    -0.1019607    -0.02418661    0.2484738    0.2765554    -0.09643284    -0.2865166
-0.1068795    -0.1184161    -0.5467107    -0.3967013    1    -0.3256768    -0.120481    -0.1484179    -0.2708368    0.4797104    -0.2046958    0.01704158    0.04188289    0.1464894    0.1827565    -0.1101628    -0.1414747    -0.2507107    0.006513773    0.4376519
0.1284384    -0.07874684    0.1092988    0.31286    -0.3256768    1    -0.008402032    -0.4408461    0.009183726    -0.2630833    0.04013731    0.1027497    0.05167436    -0.1873391    -0.07447454    -0.01943429    0.2154607    0.2882255    -0.01054724    -0.3817952
-0.02628862    0.1175065    0.1520381    0.06728961    -0.120481    -0.008402032    1    0.01415365    -0.5127982    -0.1166718    0.004018182    -0.01154713    0.06157269    0.0291164    -0.1021721    0.1426165    0.01143262    0.002587421    -0.01105447    -0.08863271
0.006999996    0.1387355    0.1018238    -0.03258813    -0.1484179    -0.4408461    0.01415365    1    -0.01183016    -0.4399315    0.0795403    0.04623818    -0.01076192    -0.03723537    -0.07401818    0.004642356    0.05781961    0.02954249    -0.04392691    -0.05797846
0.1783514    0.03190405    0.06070017    0.09017027    -0.2708368    0.009183726    -0.5127982    -0.01183016    1    -0.3565121    0.06199662    -0.0239294    -0.02395637    -0.1242799    -0.09132013    0.02724732    0.1117772    0.1280978    -0.05002053    -0.2139211
-0.1484271    -0.1162181    -0.2623001    -0.2602623    0.4797104    -0.2630833    -0.1166718    -0.4399315    -0.3565121    1    -0.08522988    -0.08671417    -0.07355601    0.1975677    0.2041639    -0.1156391    -0.1770265    -0.2359823    0.02385854    0.4229707
-0.08358523    0.1346691    0.2304875    -0.06746771    -0.2046958    0.04013731    0.004018182    0.0795403    0.06199662    -0.08522988    1    -0.1228896    -0.795554    0.03622886    0.1535628    0.0194094    -0.08252774    -0.04625374    0.07688593    -0.05631285
0.02408936    -0.09044874    -0.1161024    0.1789729    0.01704158    0.1027497    -0.01154713    0.04623818    -0.0239294    -0.08671417    -0.1228896    1    0.2461418    -0.7312569    0.0347245    -0.2002625    0.1365631    0.1568398    -0.0125651    -0.07443778
0.1545265    -0.1102454    -0.1314577    0.1458746    0.04188289    0.05167436    0.06157269    -0.01076192    -0.02395637    -0.07355601    -0.795554    0.2461418    1    -0.09969109    -0.5163728    0.03469317    0.08206446    0.07787133    -0.05866272    -0.05235737
-0.1405736    0.07492613    0.05592646    -0.2284003    0.1464894    -0.1873391    0.0291164    -0.03723537    -0.1242799    0.1975677    0.03622886    -0.7312569    -0.09969109    1    -0.3282296    0.1402534    -0.2207154    -0.3147118    0.08618276    0.2894423
-0.2054536    -0.05746473    -0.06657017    -0.1019607    0.1827565    -0.07447454    -0.1021721    -0.07401818    -0.09132013    0.2041639    0.1535628    0.0347245    -0.5163728    -0.3282296    1    -0.2445386    -0.08979923    0.03482294    0.09783111    0.1739478
0.03806252    0.09903142    0.1895215    -0.02418661    -0.1101628    -0.01943429    0.1426165    0.004642356    0.02724732    -0.1156391    0.0194094    -0.2002625    0.03469317    0.1402534    -0.2445386    1    -0.1695333    -0.5201249    0.02960654    -0.1103101
0.1790655    -0.06865236    -0.1150143    0.2484738    -0.1414747    0.2154607    0.01143262    0.05781961    0.1117772    -0.1770265    -0.08252774    0.1365631    0.08206446    -0.2207154    -0.08979923    -0.1695333    1    0.31856    -0.6899216    -0.2298555
0.1255082    -0.07707969    0.03993097    0.2765554    -0.2507107    0.2882255    0.002587421    0.02954249    0.1280978    -0.2359823    -0.04625374    0.1568398    0.07787133    -0.3147118    0.03482294    -0.5201249    0.31856    1    -0.1292416    -0.6212203
-0.09244161    -0.005847995    0.08578483    -0.09643284    0.006513773    -0.01054724    -0.01105447    -0.04392691    -0.05002053    0.02385854    0.07688593    -0.0125651    -0.05866272    0.08618276    0.09783111    0.02960654    -0.6899216    -0.1292416    1    -0.1871279
-0.2047413    -0.01354381    -0.1979443    -0.2865166    0.4376519    -0.3817952    -0.08863271    -0.05797846    -0.2139211    0.4229707    -0.05631285    -0.07443778    -0.05235737    0.2894423    0.1739478    -0.1103101    -0.2298555    -0.6212203    -0.1871279    1
