1    -0.008402032    -0.4408461    0.009183726    -0.2630833    0.3579397    -0.4293591    -0.1670398    0.3587775    0.1607151
-0.008402032    1    0.01415365    -0.5127982    -0.1166718    0.1064311    -0.1018525    -0.08676724    0.04487633    0.1288565
-0.4408461    0.01415365    1    -0.01183016    -0.4399315    0.059817    0.03325154    -0.09053918    -0.0503939    0.08754101
0.009183726    -0.5127982    -0.01183016    1    -0.3565121    0.231724    -0.2090606    -0.2050881    0.242608    0.08229772
-0.2630833    -0.1166718    -0.4399315    -0.3565121    1    -0.4080024    0.3892991    0.3135333    -0.3290313    -0.2811398
0.3579397    0.1064311    0.059817    0.231724    -0.4080024    1    -0.5889263    -0.6905772    0.5508281    0.360491
-0.4293591    -0.1018525    0.03325154    -0.2090606    0.3892991    -0.5889263    1    0.1292851    -0.7202416    -0.3259849
-0.1670398    -0.08676724    -0.09053918    -0.2050881    0.3135333    -0.6905772    0.1292851    1    -0.5300982    -0.5326174
0.3587775    0.04487633    -0.0503939    0.242608    -0.3290313    0.5508281    -0.7202416    -0.5300982    1    0.3449104
0.1607151    0.1288565    0.08754101    0.08229772    -0.2811398    0.360491    -0.3259849    -0.5326174    0.3449104    1
