1    -0.008402032    -0.4408461    0.009183726    -0.2630833    0.09856979    0.09413694    0.03180333    -0.01076549    -0.2206541
-0.008402032    1    0.01415365    -0.5127982    -0.1166718    0.004036807    0.09743365    -0.02957366    -0.07928963    0.001043076
-0.4408461    0.01415365    1    -0.01183016    -0.4399315    0.1622114    0.009726039    -0.1224444    0.002074474    -0.04838822
0.009183726    -0.5127982    -0.01183016    1    -0.3565121    0.08713908    0.085708    0.05411616    -0.03191072    -0.2168831
-0.2630833    -0.1166718    -0.4399315    -0.3565121    1    -0.2636444    -0.1522497    0.08699514    0.04357828    0.282565
0.09856979    0.004036807    0.1622114    0.08713908    -0.2636444    1    -0.02924275    -0.7679929    -0.06677109    0.04839401
0.09413694    0.09743365    0.009726039    0.085708    -0.1522497    -0.02924275    1    0.1079617    -0.7953458    -0.00102924
0.03180333    -0.02957366    -0.1224444    0.05411616    0.08699514    -0.7679929    0.1079617    1    0.1316883    -0.5109379
-0.01076549    -0.07928963    0.002074474    -0.03191072    0.04357828    -0.06677109    -0.7953458    0.1316883    1    -0.4126565
-0.2206541    0.001043076    -0.04838822    -0.2168831    0.282565    0.04839401    -0.00102924    -0.5109379    -0.4126565    1
