1    -0.1056302    -0.5090539    0.06912975    -0.1068795    0.1284384    -0.02628862    0.006999996    0.1783514    -0.1484271    0.1432511    -0.2015949    -0.168271    0.1563861    0.1433549    -0.08358523    0.02408936    0.1545265    -0.1405736    -0.2054536
-0.1056302    1    0.1359468    -0.5457157    -0.1184161    -0.07874684    0.1175065    0.1387355    0.03190405    -0.1162181    -0.07623517    -0.09479453    -0.075258    -0.01320869    0.1889823    0.1346691    -0.09044874    -0.1102454    0.07492613    -0.05746473
-0.5090539    0.1359468    1    0.005684328    -0.5467107    0.1092988    0.1520381    0.1018238    0.06070017    -0.2623001    0.03959702    -0.3323091    -0.1913666    0.1635606    0.1702852    0.2304875    -0.1161024    -0.1314577    0.05592646    -0.06657017
0.06912975    -0.5457157    0.005684328    1    -0.3967013    0.31286    0.06728961    -0.03258813    0.09017027    -0.2602623    0.3341059    -0.3576189    -0.3467461    0.2779724    0.1281243    -0.06746771    0.1789729    0.1458746    -0.2284003    -0.1019607
-0.1068795    -0.1184161    -0.5467107    -0.3967013    1    -0.3256768    -0.120481    -0.1484179    -0.2708368    0.4797104    -0.3030697    0.5703604    0.4724039    -0.3607636    -0.3145293    -0.2046958    0.01704158    0.04188289    0.1464894    0.1827565
0.1284384    -0.07874684    0.1092988    0.31286    -0.3256768    1    -0.008402032    -0.4408461    0.009183726    -0.2630833    0.3620022    -0.392049    -0.3746859    0.3503059    0.08478223    0.04013731    0.1027497    0.05167436    -0.1873391    -0.07447454
-0.02628862    0.1175065    0.1520381    0.06728961    -0.120481    -0.008402032    1    0.01415365    -0.5127982    -0.1166718    0.01409112    -0.1708707    -0.1407151    -0.03136116    0.2190196    0.004018182    -0.01154713    0.06157269    0.0291164    -0.1021721
0.006999996    0.1387355    0.1018238    -0.03258813    -0.1484179    -0.4408461    0.01415365    1    -0.01183016    -0.4399315    0.03880025    -0.07609716    -0.1659827    -0.0613693    0.218067    0.0795403    0.04623818    -0.01076192    -0.03723537    -0.07401818
0.1783514    0.03190405    0.06070017    0.09017027    -0.2708368    0.009183726    -0.5127982    -0.01183016    1    -0.3565121    0.1376599    -0.2802746    -0.1796572    0.2869124    0.08973726    0.06199662    -0.0239294    -0.02395637    -0.1242799    -0.09132013
-0.1484271    -0.1162181    -0.2623001    -0.2602623    0.4797104    -0.2630833    -0.1166718    -0.4399315    -0.3565121    1    -0.3384688    0.5278899    0.472685    -0.3057983    -0.2940304    -0.08522988    -0.08671417    -0.07355601    0.1975677    0.2041639
0.1432511    -0.07623517    0.03959702    0.3341059    -0.3030697    0.3620022    0.01409112    0.03880025    0.1376599    -0.3384688    1    -0.2528617    -0.7115452    0.22127    0.1058309    -0.1057253    0.03013605    0.1415106    -0.02918803    -0.08787134
-0.2015949    -0.09479453    -0.3323091    -0.3576189    0.5703604    -0.392049    -0.1708707    -0.07609716    -0.2802746    0.5278899    -0.2528617    1    0.2967899    -0.7120302    -0.1420761    -0.1692468    0.02940948    0.02804903    0.1915428    0.2183627
-0.168271    -0.075258    -0.1913666    -0.3467461    0.4724039    -0.3746859    -0.1407151    -0.1659827    -0.1796572    0.472685    -0.7115452    0.2967899    1    -0.2621357    -0.5743639    0.0005331017    0.02656535    -0.002930567    0.189365    0.01553742
0.1563861    -0.01320869    0.1635606    0.2779724    -0.3607636    0.3503059    -0.03136116    -0.0613693    0.2869124    -0.3057983    0.22127    -0.7120302    -0.2621357    1    -0.1114128    0.3325687    0.08656438    -0.1262627    -0.2198015    -0.206286
0.1433549    0.1889823    0.1702852    0.1281243    -0.3145293    0.08478223    0.2190196    0.218067    0.08973726    -0.2940304    0.1058309    -0.1420761    -0.5743639    -0.1114128    1    -0.06110395    -0.175762    -0.001019127    -0.07249433    -0.1467526
-0.08358523    0.1346691    0.2304875    -0.06746771    -0.2046958    0.04013731    0.004018182    0.0795403    0.06199662    -0.08522988    -0.1057253    -0.1692468    0.0005331017    0.3325687    -0.06110395    1    -0.1228896    -0.795554    0.03622886    0.1535628
0.02408936    -0.09044874    -0.1161024    0.1789729    0.01704158    0.1027497    -0.01154713    0.04623818    -0.0239294    -0.08671417    0.03013605    0.02940948    0.02656535    0.08656438    -0.175762    -0.1228896    1    0.2461418    -0.7312569    0.0347245
0.1545265    -0.1102454    -0.1314577    0.1458746    0.04188289    0.05167436    0.06157269    -0.01076192    -0.02395637    -0.07355601    0.1415106    0.02804903    -0.002930567    -0.1262627    -0.001019127    -0.795554    0.2461418    1    -0.09969109    -0.5163728
-0.1405736    0.07492613    0.05592646    -0.2284003    0.1464894    -0.1873391    0.0291164    -0.03723537    -0.1242799    0.1975677    -0.02918803    0.1915428    0.189365    -0.2198015    -0.07249433    0.03622886    -0.7312569    -0.09969109    1    -0.3282296
-0.2054536    -0.05746473    -0.06657017    -0.1019607    0.1827565    -0.07447454    -0.1021721    -0.07401818    -0.09132013    0.2041639    -0.08787134    0.2183627    0.01553742    -0.206286    -0.1467526    0.1535628    0.0347245    -0.5163728    -0.3282296    1
