1    0.05957203    -0.4007196    -0.1074709    -0.1343564    -0.1524692    0.0236894    0.1010187    -0.004319563    0.100531    -0.02195606    0.002131076    -0.1161005    -0.03086217    0.1409335    0.02439282    -0.1222834    -0.1230384    0.02022053    0.18429    -0.2408549    0.06157727    0.08772775    -0.09322279    0.143231
0.05957203    1    0.563625    -0.2870436    -0.4798465    -0.3286793    0.1223487    -0.03414067    -0.4292572    0.3566158    -0.3839835    -0.05157324    -0.04517149    -0.2436332    0.4017119    0.1944807    -0.536794    -0.5483045    0.1760705    0.5287916    -0.1121362    -0.2427844    -0.005502012    0.1971787    0.2479881
-0.4007196    0.563625    1    0.1053805    -0.6316245    -0.1581459    0.02715436    -0.1824297    -0.3902032    0.3712545    -0.3928697    -0.1152536    -0.05566469    -0.1875905    0.4074966    0.2286178    -0.483497    -0.5203933    0.2065613    0.4293436    -0.03971391    -0.2454972    -0.01567255    0.2064619    0.1957928
-0.1074709    -0.2870436    0.1053805    1    -0.2962808    0.1688964    -0.1528447    -0.2408683    0.0547738    0.07075219    -0.009463302    -0.1951815    -0.07298991    0.1113455    0.1067142    0.1974537    -0.1718213    -0.1125989    0.1994975    -0.04107687    -0.04530577    -0.03349167    0.06033091    0.007260346    0.09531774
-0.1343564    -0.4798465    -0.6316245    -0.2962808    1    0.159723    0.025113    0.2736393    0.3294911    -0.5130361    0.4106871    0.170788    0.09400925    0.1620058    -0.5014194    -0.2101468    0.5399413    0.5085294    -0.2190911    -0.4680974    0.2651258    0.2208882    -0.1190899    -0.1690418    -0.2532781
-0.1524692    -0.3286793    -0.1581459    0.1688964    0.159723    1    -0.1056302    -0.5090539    0.06912975    -0.1068795    0.1284384    -0.02628862    0.006999996    0.1783514    -0.1484271    0.08607833    0.2163381    0.1218876    -0.02367345    -0.2741143    0.04488806    0.1028123    0.08542801    -0.04538484    -0.1690861
0.0236894    0.1223487    0.02715436    -0.1528447    0.025113    -0.1056302    1    0.1359468    -0.5457157    -0.1184161    -0.07874684    0.1175065    0.1387355    0.03190405    -0.1162181    0.03113645    0.01643177    -0.06550866    0.01640593    0.0205305    0.1278011    -0.06361798    -0.1275233    0.08272487    -0.07311492
0.1010187    -0.03414067    -0.1824297    -0.2408683    0.2736393    -0.5090539    0.1359468    1    0.005684328    -0.5467107    0.1092988    0.1520381    0.1018238    0.06070017    -0.2623001    -0.05825859    0.1342722    0.1026209    -0.1251595    0.008623392    0.1784486    0.07650515    -0.1626355    -0.01260299    -0.146981
-0.004319563    -0.4292572    -0.3902032    0.0547738    0.3294911    0.06912975    -0.5457157    0.005684328    1    -0.3967013    0.31286    0.06728961    -0.03258813    0.09017027    -0.2602623    -0.2312693    0.2963393    0.3801397    -0.1595258    -0.2389631    -0.0239103    0.2143064    0.08078482    -0.1945049    -0.08002874
0.100531    0.3566158    0.3712545    0.07075219    -0.5130361    -0.1068795    -0.1184161    -0.5467107    -0.3967013    1    -0.3256768    -0.120481    -0.1484179    -0.2708368    0.4797104    0.08066686    -0.3489121    -0.3068449    0.1452705    0.3203642    -0.3027126    -0.1555755    0.1157707    0.06347388    0.2993988
-0.02195606    -0.3839835    -0.3928697    -0.009463302    0.4106871    0.1284384    -0.07874684    0.1092988    0.31286    -0.3256768    1    -0.008402032    -0.4408461    0.009183726    -0.2630833    -0.08347507    0.223228    0.3127417    -0.05907485    -0.2839566    0.09856979    0.09413694    0.03180333    -0.01076549    -0.2206541
0.002131076    -0.05157324    -0.1152536    -0.1951815    0.170788    -0.02628862    0.1175065    0.1520381    0.06728961    -0.120481    -0.008402032    1    0.01415365    -0.5127982    -0.1166718    -0.1350033    0.08756159    0.09607474    -0.08920407    0.02280024    0.004036807    0.09743365    -0.02957366    -0.07928963    0.001043076
-0.1161005    -0.04517149    -0.05566469    -0.07298991    0.09400925    0.006999996    0.1387355    0.1018238    -0.03258813    -0.1484179    -0.4408461    0.01415365    1    -0.01183016    -0.4399315    -0.05709951    0.0432567    0.04555964    0.02253634    -0.07276716    0.1622114    0.009726039    -0.1224444    0.002074474    -0.04838822
-0.03086217    -0.2436332    -0.1875905    0.1113455    0.1620058    0.1783514    0.03190405    0.06070017    0.09017027    -0.2708368    0.009183726    -0.5127982    -0.01183016    1    -0.3565121    0.04185566    0.2062358    0.1309689    -0.06470396    -0.2238471    0.08713908    0.085708    0.05411616    -0.03191072    -0.2168831
0.1409335    0.4017119    0.4074966    0.1067142    -0.5014194    -0.1484271    -0.1162181    -0.2623001    -0.2602623    0.4797104    -0.2630833    -0.1166718    -0.4399315    -0.3565121    1    0.1300113    -0.3110854    -0.327706    0.08103196    0.2976187    -0.2636444    -0.1522497    0.08699514    0.04357828    0.282565
0.02439282    0.1944807    0.2286178    0.1974537    -0.2101468    0.08607833    0.03113645    -0.05825859    -0.2312693    0.08066686    -0.08347507    -0.1350033    -0.05709951    0.04185566    0.1300113    1    -0.2099838    -0.639589    0.2021948    0.148635    -0.005411848    -0.1808065    0.04850935    0.2435762    -0.07938448
-0.1222834    -0.536794    -0.483497    -0.1718213    0.5399413    0.2163381    0.01643177    0.1342722    0.2963393    -0.3489121    0.223228    0.08756159    0.0432567    0.2062358    -0.3110854    -0.2099838    1    0.2976746    -0.6280262    -0.2447407    0.01626234    0.2812576    0.0155833    -0.2764792    -0.1999805
-0.1230384    -0.5483045    -0.5203933    -0.1125989    0.5085294    0.1218876    -0.06550866    0.1026209    0.3801397    -0.3068449    0.3127417    0.09607474    0.04555964    0.1309689    -0.327706    -0.639589    0.2976746    1    -0.2405214    -0.6202122    0.1173663    0.1385006    -0.1184172    -0.2032262    -0.05610362
0.02022053    0.1760705    0.2065613    0.1994975    -0.2190911    -0.02367345    0.01640593    -0.1251595    -0.1595258    0.1452705    -0.05907485    -0.08920407    0.02253634    -0.06470396    0.08103196    0.2021948    -0.6280262    -0.2405214    1    -0.2275061    0.1295151    -0.2764748    -0.07166925    0.2709526    0.04651345
0.18429    0.5287916    0.4293436    -0.04107687    -0.4680974    -0.2741143    0.0205305    0.008623392    -0.2389631    0.3203642    -0.2839566    0.02280024    -0.07276716    -0.2238471    0.2976187    0.148635    -0.2447407    -0.6202122    -0.2275061    1    -0.1877172    0.01859176    0.07609228    0.03461547    0.1754152
-0.2408549    -0.1121362    -0.03971391    -0.04530577    0.2651258    0.04488806    0.1278011    0.1784486    -0.0239103    -0.3027126    0.09856979    0.004036807    0.1622114    0.08713908    -0.2636444    -0.005411848    0.01626234    0.1173663    0.1295151    -0.1877172    1    -0.02924275    -0.7679929    -0.06677109    0.04839401
0.06157727    -0.2427844    -0.2454972    -0.03349167    0.2208882    0.1028123    -0.06361798    0.07650515    0.2143064    -0.1555755    0.09413694    0.09743365    0.009726039    0.085708    -0.1522497    -0.1808065    0.2812576    0.1385006    -0.2764748    0.01859176    -0.02924275    1    0.1079617    -0.7953458    -0.00102924
0.08772775    -0.005502012    -0.01567255    0.06033091    -0.1190899    0.08542801    -0.1275233    -0.1626355    0.08078482    0.1157707    0.03180333    -0.02957366    -0.1224444    0.05411616    0.08699514    0.04850935    0.0155833    -0.1184172    -0.07166925    0.07609228    -0.7679929    0.1079617    1    0.1316883    -0.5109379
-0.09322279    0.1971787    0.2064619    0.007260346    -0.1690418    -0.04538484    0.08272487    -0.01260299    -0.1945049    0.06347388    -0.01076549    -0.07928963    0.002074474    -0.03191072    0.04357828    0.2435762    -0.2764792    -0.2032262    0.2709526    0.03461547    -0.06677109    -0.7953458    0.1316883    1    -0.4126565
0.143231    0.2479881    0.1957928    0.09531774    -0.2532781    -0.1690861    -0.07311492    -0.146981    -0.08002874    0.2993988    -0.2206541    0.001043076    -0.04838822    -0.2168831    0.282565    -0.07938448    -0.1999805    -0.05610362    0.04651345    0.1754152    0.04839401    -0.00102924    -0.5109379    -0.4126565    1
