1    -0.008402032    -0.4408461    0.009183726    -0.2630833    0.3583475    -0.02897352    -0.4126369    0.09061696    -0.06113801    0.04013731    0.1027497    0.05167436    -0.1873391    -0.07447454
-0.008402032    1    0.01415365    -0.5127982    -0.1166718    -0.02080251    -0.08347408    -0.09437682    -0.05659228    0.1938597    0.004018182    -0.01154713    0.06157269    0.0291164    -0.1021721
-0.4408461    0.01415365    1    -0.01183016    -0.4399315    -0.0002141137    -0.02064311    -0.1563288    -0.07006747    0.1937972    0.0795403    0.04623818    -0.01076192    -0.03723537    -0.07401818
0.009183726    -0.5127982    -0.01183016    1    -0.3565121    0.3318507    -0.1339416    -0.3238794    -0.009494858    0.09499026    0.06199662    -0.0239294    -0.02395637    -0.1242799    -0.09132013
-0.2630833    -0.1166718    -0.4399315    -0.3565121    1    -0.3698181    0.08452917    0.5894742    0.04266524    -0.264665    -0.08522988    -0.08671417    -0.07355601    0.1975677    0.2041639
0.3583475    -0.02080251    -0.0002141137    0.3318507    -0.3698181    1    -0.06220697    -0.7892314    -0.1394568    0.06121272    -0.1099165    0.1562144    0.2296459    -0.3022777    -0.2917551
-0.02897352    -0.08347408    -0.02064311    -0.1339416    0.08452917    -0.06220697    1    -0.09514101    -0.517768    0.1249409    -0.01020894    0.002542646    0.02178899    0.01916528    0.07470575
-0.4126369    -0.09437682    -0.1563288    -0.3238794    0.5894742    -0.7892314    -0.09514101    1    0.113711    -0.3384456    -0.05048269    -0.09187991    -0.09794024    0.2924952    0.2103004
0.09061696    -0.05659228    -0.07006747    -0.009494858    0.04266524    -0.1394568    -0.517768    0.113711    1    -0.4318813    0.0620778    0.1004479    -0.0670995    0.05376965    0.04869454
-0.06113801    0.1938597    0.1937972    0.09499026    -0.264665    0.06121272    0.1249409    -0.3384456    -0.4318813    1    0.001285193    -0.09753317    0.06967932    -0.01129446    -0.1049833
0.04013731    0.004018182    0.0795403    0.06199662    -0.08522988    -0.1099165    -0.01020894    -0.05048269    0.0620778    0.001285193    1    -0.1228896    -0.795554    0.03622886    0.1535628
0.1027497    -0.01154713    0.04623818    -0.0239294    -0.08671417    0.1562144    0.002542646    -0.09187991    0.1004479    -0.09753317    -0.1228896    1    0.2461418    -0.7312569    0.0347245
0.05167436    0.06157269    -0.01076192    -0.02395637    -0.07355601    0.2296459    0.02178899    -0.09794024    -0.0670995    0.06967932    -0.795554    0.2461418    1    -0.09969109    -0.5163728
-0.1873391    0.0291164    -0.03723537    -0.1242799    0.1975677    -0.3022777    0.01916528    0.2924952    0.05376965    -0.01129446    0.03622886    -0.7312569    -0.09969109    1    -0.3282296
-0.07447454    -0.1021721    -0.07401818    -0.09132013    0.2041639    -0.2917551    0.07470575    0.2103004    0.04869454    -0.1049833    0.1535628    0.0347245    -0.5163728    -0.3282296    1
