1    0.05957203    -0.4007196    -0.1074709    -0.1343564    -0.1524692    0.0236894    0.1010187    -0.004319563    0.100531    -0.02195606    0.002131076    -0.1161005    -0.03086217    0.1409335    0.02439282    -0.1222834    -0.1230384    0.02022053    0.18429    0.1179835    -0.09423    -0.1497857    0.03763392    0.1479025
0.05957203    1    0.563625    -0.2870436    -0.4798465    -0.3286793    0.1223487    -0.03414067    -0.4292572    0.3566158    -0.3839835    -0.05157324    -0.04517149    -0.2436332    0.4017119    0.1944807    -0.536794    -0.5483045    0.1760705    0.5287916    -0.07744825    -0.3919657    -0.3374924    0.2619703    0.474862
-0.4007196    0.563625    1    0.1053805    -0.6316245    -0.1581459    0.02715436    -0.1824297    -0.3902032    0.3712545    -0.3928697    -0.1152536    -0.05566469    -0.1875905    0.4074966    0.2286178    -0.483497    -0.5203933    0.2065613    0.4293436    -0.1291704    -0.3182639    -0.2966056    0.1893064    0.4551976
-0.1074709    -0.2870436    0.1053805    1    -0.2962808    0.1688964    -0.1528447    -0.2408683    0.0547738    0.07075219    -0.009463302    -0.1951815    -0.07298991    0.1113455    0.1067142    0.1974537    -0.1718213    -0.1125989    0.1994975    -0.04107687    -0.1811365    0.07514161    0.0133695    -0.003870909    0.1055594
-0.1343564    -0.4798465    -0.6316245    -0.2962808    1    0.159723    0.025113    0.2736393    0.3294911    -0.5130361    0.4106871    0.170788    0.09400925    0.1620058    -0.5014194    -0.2101468    0.5399413    0.5085294    -0.2190911    -0.4680974    0.1429606    0.2474143    0.2811705    -0.1242726    -0.5066827
-0.1524692    -0.3286793    -0.1581459    0.1688964    0.159723    1    -0.1056302    -0.5090539    0.06912975    -0.1068795    0.1284384    -0.02628862    0.006999996    0.1783514    -0.1484271    0.08607833    0.2163381    0.1218876    -0.02367345    -0.2741143    0.03806252    0.1790655    0.1255082    -0.09244161    -0.2047413
0.0236894    0.1223487    0.02715436    -0.1528447    0.025113    -0.1056302    1    0.1359468    -0.5457157    -0.1184161    -0.07874684    0.1175065    0.1387355    0.03190405    -0.1162181    0.03113645    0.01643177    -0.06550866    0.01640593    0.0205305    0.09903142    -0.06865236    -0.07707969    -0.005847995    -0.01354381
0.1010187    -0.03414067    -0.1824297    -0.2408683    0.2736393    -0.5090539    0.1359468    1    0.005684328    -0.5467107    0.1092988    0.1520381    0.1018238    0.06070017    -0.2623001    -0.05825859    0.1342722    0.1026209    -0.1251595    0.008623392    0.1895215    -0.1150143    0.03993097    0.08578483    -0.1979443
-0.004319563    -0.4292572    -0.3902032    0.0547738    0.3294911    0.06912975    -0.5457157    0.005684328    1    -0.3967013    0.31286    0.06728961    -0.03258813    0.09017027    -0.2602623    -0.2312693    0.2963393    0.3801397    -0.1595258    -0.2389631    -0.02418661    0.2484738    0.2765554    -0.09643284    -0.2865166
0.100531    0.3566158    0.3712545    0.07075219    -0.5130361    -0.1068795    -0.1184161    -0.5467107    -0.3967013    1    -0.3256768    -0.120481    -0.1484179    -0.2708368    0.4797104    0.08066686    -0.3489121    -0.3068449    0.1452705    0.3203642    -0.1101628    -0.1414747    -0.2507107    0.006513773    0.4376519
-0.02195606    -0.3839835    -0.3928697    -0.009463302    0.4106871    0.1284384    -0.07874684    0.1092988    0.31286    -0.3256768    1    -0.008402032    -0.4408461    0.009183726    -0.2630833    -0.08347507    0.223228    0.3127417    -0.05907485    -0.2839566    -0.01943429    0.2154607    0.2882255    -0.01054724    -0.3817952
0.002131076    -0.05157324    -0.1152536    -0.1951815    0.170788    -0.02628862    0.1175065    0.1520381    0.06728961    -0.120481    -0.008402032    1    0.01415365    -0.5127982    -0.1166718    -0.1350033    0.08756159    0.09607474    -0.08920407    0.02280024    0.1426165    0.01143262    0.002587421    -0.01105447    -0.08863271
-0.1161005    -0.04517149    -0.05566469    -0.07298991    0.09400925    0.006999996    0.1387355    0.1018238    -0.03258813    -0.1484179    -0.4408461    0.01415365    1    -0.01183016    -0.4399315    -0.05709951    0.0432567    0.04555964    0.02253634    -0.07276716    0.004642356    0.05781961    0.02954249    -0.04392691    -0.05797846
-0.03086217    -0.2436332    -0.1875905    0.1113455    0.1620058    0.1783514    0.03190405    0.06070017    0.09017027    -0.2708368    0.009183726    -0.5127982    -0.01183016    1    -0.3565121    0.04185566    0.2062358    0.1309689    -0.06470396    -0.2238471    0.02724732    0.1117772    0.1280978    -0.05002053    -0.2139211
0.1409335    0.4017119    0.4074966    0.1067142    -0.5014194    -0.1484271    -0.1162181    -0.2623001    -0.2602623    0.4797104    -0.2630833    -0.1166718    -0.4399315    -0.3565121    1    0.1300113    -0.3110854    -0.327706    0.08103196    0.2976187    -0.1156391    -0.1770265    -0.2359823    0.02385854    0.4229707
0.02439282    0.1944807    0.2286178    0.1974537    -0.2101468    0.08607833    0.03113645    -0.05825859    -0.2312693    0.08066686    -0.08347507    -0.1350033    -0.05709951    0.04185566    0.1300113    1    -0.2099838    -0.639589    0.2021948    0.148635    0.04781474    -0.2088851    -0.1395838    0.2387938    0.06913171
-0.1222834    -0.536794    -0.483497    -0.1718213    0.5399413    0.2163381    0.01643177    0.1342722    0.2963393    -0.3489121    0.223228    0.08756159    0.0432567    0.2062358    -0.3110854    -0.2099838    1    0.2976746    -0.6280262    -0.2447407    0.1617192    0.2802645    0.2271709    -0.2999532    -0.3852976
-0.1230384    -0.5483045    -0.5203933    -0.1125989    0.5085294    0.1218876    -0.06550866    0.1026209    0.3801397    -0.3068449    0.3127417    0.09607474    0.04555964    0.1309689    -0.327706    -0.639589    0.2976746    1    -0.2405214    -0.6202122    -0.02860273    0.3125755    0.288282    -0.284064    -0.3151221
0.02022053    0.1760705    0.2065613    0.1994975    -0.2190911    -0.02367345    0.01640593    -0.1251595    -0.1595258    0.1452705    -0.05907485    -0.08920407    0.02253634    -0.06470396    0.08103196    0.2021948    -0.6280262    -0.2405214    1    -0.2275061    -0.1296728    -0.1860809    -0.09989825    0.237168    0.1588193
0.18429    0.5287916    0.4293436    -0.04107687    -0.4680974    -0.2741143    0.0205305    0.008623392    -0.2389631    0.3203642    -0.2839566    0.02280024    -0.07276716    -0.2238471    0.2976187    0.148635    -0.2447407    -0.6202122    -0.2275061    1    0.06738316    -0.2267224    -0.2758775    0.1636665    0.3369682
0.1179835    -0.07744825    -0.1291704    -0.1811365    0.1429606    0.03806252    0.09903142    0.1895215    -0.02418661    -0.1101628    -0.01943429    0.1426165    0.004642356    0.02724732    -0.1156391    0.04781474    0.1617192    -0.02860273    -0.1296728    0.06738316    1    -0.1695333    -0.5201249    0.02960654    -0.1103101
-0.09423    -0.3919657    -0.3182639    0.07514161    0.2474143    0.1790655    -0.06865236    -0.1150143    0.2484738    -0.1414747    0.2154607    0.01143262    0.05781961    0.1117772    -0.1770265    -0.2088851    0.2802645    0.3125755    -0.1860809    -0.2267224    -0.1695333    1    0.31856    -0.6899216    -0.2298555
-0.1497857    -0.3374924    -0.2966056    0.0133695    0.2811705    0.1255082    -0.07707969    0.03993097    0.2765554    -0.2507107    0.2882255    0.002587421    0.02954249    0.1280978    -0.2359823    -0.1395838    0.2271709    0.288282    -0.09989825    -0.2758775    -0.5201249    0.31856    1    -0.1292416    -0.6212203
0.03763392    0.2619703    0.1893064    -0.003870909    -0.1242726    -0.09244161    -0.005847995    0.08578483    -0.09643284    0.006513773    -0.01054724    -0.01105447    -0.04392691    -0.05002053    0.02385854    0.2387938    -0.2999532    -0.284064    0.237168    0.1636665    0.02960654    -0.6899216    -0.1292416    1    -0.1871279
0.1479025    0.474862    0.4551976    0.1055594    -0.5066827    -0.2047413    -0.01354381    -0.1979443    -0.2865166    0.4376519    -0.3817952    -0.08863271    -0.05797846    -0.2139211    0.4229707    0.06913171    -0.3852976    -0.3151221    0.1588193    0.3369682    -0.1103101    -0.2298555    -0.6212203    -0.1871279    1
