1    -0.008402032    -0.4408461    0.009183726    -0.2630833    0.01226038    0.03004926    0.1162542    0.1075033    -0.01842954    0.04013731    0.1027497    0.05167436    -0.1873391    -0.07447454
-0.008402032    1    0.01415365    -0.5127982    -0.1166718    0.02410382    -0.02285585    0.02024909    0.0186226    -0.0001171572    0.004018182    -0.01154713    0.06157269    0.0291164    -0.1021721
-0.4408461    0.01415365    1    -0.01183016    -0.4399315    0.06208446    -0.01055741    -0.06037069    0.01637105    0.07977485    0.0795403    0.04623818    -0.01076192    -0.03723537    -0.07401818
0.009183726    -0.5127982    -0.01183016    1    -0.3565121    0.004618178    -0.09603332    0.04845618    0.1246233    0.0878916    0.06199662    -0.0239294    -0.02395637    -0.1242799    -0.09132013
-0.2630833    -0.1166718    -0.4399315    -0.3565121    1    -0.0656159    0.09724627    -0.0672107    -0.1929097    -0.08200709    -0.08522988    -0.08671417    -0.07355601    0.1975677    0.2041639
0.01226038    0.02410382    0.06208446    0.004618178    -0.0656159    1    -0.1725068    -0.7027936    0.116493    0.08094118    0.1266816    0.004638138    -0.1331625    -0.04337284    0.1520051
0.03004926    -0.02285585    -0.01055741    -0.09603332    0.09724627    -0.1725068    1    0.1574847    -0.7513166    0.1351055    -0.02139283    -0.01197094    0.009094046    0.0208996    0.06282756
0.1162542    0.02024909    -0.06037069    0.04845618    -0.0672107    -0.7027936    0.1574847    1    -0.1113507    -0.3998048    -0.1053832    -0.05650039    0.138307    0.0113    -0.1972548
0.1075033    0.0186226    0.01637105    0.1246233    -0.1929097    0.116493    -0.7513166    -0.1113507    1    -0.4600299    -0.07593783    0.03320375    0.08416087    -0.07441864    -0.1618137
-0.01842954    -0.0001171572    0.07977485    0.0878916    -0.08200709    0.08094118    0.1351055    -0.3998048    -0.4600299    1    0.1839586    0.1066315    -0.07155386    -0.1079198    -0.02695978
0.04013731    0.004018182    0.0795403    0.06199662    -0.08522988    0.1266816    -0.02139283    -0.1053832    -0.07593783    0.1839586    1    -0.1228896    -0.795554    0.03622886    0.1535628
0.1027497    -0.01154713    0.04623818    -0.0239294    -0.08671417    0.004638138    -0.01197094    -0.05650039    0.03320375    0.1066315    -0.1228896    1    0.2461418    -0.7312569    0.0347245
0.05167436    0.06157269    -0.01076192    -0.02395637    -0.07355601    -0.1331625    0.009094046    0.138307    0.08416087    -0.07155386    -0.795554    0.2461418    1    -0.09969109    -0.5163728
-0.1873391    0.0291164    -0.03723537    -0.1242799    0.1975677    -0.04337284    0.0208996    0.0113    -0.07441864    -0.1079198    0.03622886    -0.7312569    -0.09969109    1    -0.3282296
-0.07447454    -0.1021721    -0.07401818    -0.09132013    0.2041639    0.1520051    0.06282756    -0.1972548    -0.1618137    -0.02695978    0.1535628    0.0347245    -0.5163728    -0.3282296    1
