1    -0.008402032    -0.4408461    0.009183726    -0.2630833    0.1866941    0.182582    -0.04382308    -0.08181712    -0.236952
-0.008402032    1    0.01415365    -0.5127982    -0.1166718    0.05558312    0.04711508    -0.022386    -0.03988929    -0.009047707
-0.4408461    0.01415365    1    -0.01183016    -0.4399315    0.001243301    0.03352327    0.0884345    -0.02500782    -0.1160022
0.009183726    -0.5127982    -0.01183016    1    -0.3565121    0.006833609    0.02889641    0.0377929    0.02455069    -0.2332551
-0.2630833    -0.1166718    -0.4399315    -0.3565121    1    -0.1751966    -0.1363555    -0.04099089    0.0532583    0.3826978
0.1866941    0.05558312    0.001243301    0.006833609    -0.1751966    1    0.1953323    -0.695648    -0.2326318    -0.02677642
0.182582    0.04711508    0.03352327    0.02889641    -0.1363555    0.1953323    1    0.1100815    -0.7822726    -0.02175584
-0.04382308    -0.022386    0.0884345    0.0377929    -0.04099089    -0.695648    0.1100815    1    0.1165681    -0.4982167
-0.08181712    -0.03988929    -0.02500782    0.02455069    0.0532583    -0.2326318    -0.7822726    0.1165681    1    -0.3246457
-0.236952    -0.009047707    -0.1160022    -0.2332551    0.3826978    -0.02677642    -0.02175584    -0.4982167    -0.3246457    1
