1    -0.008402032    -0.4408461    0.009183726    -0.2630833    -0.08347507    0.223228    0.3127417    -0.05907485    -0.2839566    0.04013731    0.1027497    0.05167436    -0.1873391    -0.07447454
-0.008402032    1    0.01415365    -0.5127982    -0.1166718    -0.1350033    0.08756159    0.09607474    -0.08920407    0.02280024    0.004018182    -0.01154713    0.06157269    0.0291164    -0.1021721
-0.4408461    0.01415365    1    -0.01183016    -0.4399315    -0.05709951    0.0432567    0.04555964    0.02253634    -0.07276716    0.0795403    0.04623818    -0.01076192    -0.03723537    -0.07401818
0.009183726    -0.5127982    -0.01183016    1    -0.3565121    0.04185566    0.2062358    0.1309689    -0.06470396    -0.2238471    0.06199662    -0.0239294    -0.02395637    -0.1242799    -0.09132013
-0.2630833    -0.1166718    -0.4399315    -0.3565121    1    0.1300113    -0.3110854    -0.327706    0.08103196    0.2976187    -0.08522988    -0.08671417    -0.07355601    0.1975677    0.2041639
-0.08347507    -0.1350033    -0.05709951    0.04185566    0.1300113    1    -0.2099838    -0.639589    0.2021948    0.148635    0.0005223937    -0.09910861    -0.07233979    0.1015368    0.05331825
0.223228    0.08756159    0.0432567    0.2062358    -0.3110854    -0.2099838    1    0.2976746    -0.6280262    -0.2447407    0.01467772    0.007313753    0.07026211    -0.1948169    -0.1947311
0.3127417    0.09607474    0.04555964    0.1309689    -0.327706    -0.639589    0.2976746    1    -0.2405214    -0.6202122    -0.02488667    0.1006428    0.1013087    -0.263369    -0.09014539
-0.05907485    -0.08920407    0.02253634    -0.06470396    0.08103196    0.2021948    -0.6280262    -0.2405214    1    -0.2275061    0.0562856    0.01297865    -0.1283767    0.035198    0.1826916
-0.2839566    0.02280024    -0.07276716    -0.2238471    0.2976187    0.148635    -0.2447407    -0.6202122    -0.2275061    1    -0.03928155    -0.0527963    0.02696465    0.2619621    0.0107996
0.04013731    0.004018182    0.0795403    0.06199662    -0.08522988    0.0005223937    0.01467772    -0.02488667    0.0562856    -0.03928155    1    -0.1228896    -0.795554    0.03622886    0.1535628
0.1027497    -0.01154713    0.04623818    -0.0239294    -0.08671417    -0.09910861    0.007313753    0.1006428    0.01297865    -0.0527963    -0.1228896    1    0.2461418    -0.7312569    0.0347245
0.05167436    0.06157269    -0.01076192    -0.02395637    -0.07355601    -0.07233979    0.07026211    0.1013087    -0.1283767    0.02696465    -0.795554    0.2461418    1    -0.09969109    -0.5163728
-0.1873391    0.0291164    -0.03723537    -0.1242799    0.1975677    0.1015368    -0.1948169    -0.263369    0.035198    0.2619621    0.03622886    -0.7312569    -0.09969109    1    -0.3282296
-0.07447454    -0.1021721    -0.07401818    -0.09132013    0.2041639    0.05331825    -0.1947311    -0.09014539    0.1826916    0.0107996    0.1535628    0.0347245    -0.5163728    -0.3282296    1
