1    0.1513493    -0.04186283    0.1138702    -0.4404941    0.232818    -0.05201413    -0.01738393    0.1966872    -0.2266894    0.00644809    0.1304822    0.03232678    -0.258002    -0.09268827
0.1513493    1    0.3110405    -0.5531649    -0.1947917    0.09989571    -0.01710379    -0.1305962    0.1145985    -0.01085692    -0.0315878    -0.0943837    0.04828822    -0.07812367    -0.1051155
-0.04186283    0.3110405    1    0.02341418    -0.5469089    0.06691568    -0.1155162    -0.1068004    0.1103208    0.04093239    -0.1498324    0.009905525    0.0678919    -0.1451469    0.01538366
0.1138702    -0.5531649    0.02341418    1    -0.1764102    -0.05579889    -0.07802613    -0.02299142    -0.08184215    0.1151877    -0.08073755    0.08041145    0.01788553    -0.01923026    0.1032367
-0.4404941    -0.1947917    -0.5469089    -0.1764102    1    -0.3123785    0.07639898    0.07203577    -0.2571265    0.260461    0.04478269    -0.1182533    -0.07814477    0.275694    0.1158753
0.232818    0.09989571    0.06691568    -0.05579889    -0.3123785    1    -0.008402032    -0.4408461    0.009183726    -0.2630833    0.04013731    0.1027497    0.05167436    -0.1873391    -0.07447454
-0.05201413    -0.01710379    -0.1155162    -0.07802613    0.07639898    -0.008402032    1    0.01415365    -0.5127982    -0.1166718    0.004018182    -0.01154713    0.06157269    0.0291164    -0.1021721
-0.01738393    -0.1305962    -0.1068004    -0.02299142    0.07203577    -0.4408461    0.01415365    1    -0.01183016    -0.4399315    0.0795403    0.04623818    -0.01076192    -0.03723537    -0.07401818
0.1966872    0.1145985    0.1103208    -0.08184215    -0.2571265    0.009183726    -0.5127982    -0.01183016    1    -0.3565121    0.06199662    -0.0239294    -0.02395637    -0.1242799    -0.09132013
-0.2266894    -0.01085692    0.04093239    0.1151877    0.260461    -0.2630833    -0.1166718    -0.4399315    -0.3565121    1    -0.08522988    -0.08671417    -0.07355601    0.1975677    0.2041639
0.00644809    -0.0315878    -0.1498324    -0.08073755    0.04478269    0.04013731    0.004018182    0.0795403    0.06199662    -0.08522988    1    -0.1228896    -0.795554    0.03622886    0.1535628
0.1304822    -0.0943837    0.009905525    0.08041145    -0.1182533    0.1027497    -0.01154713    0.04623818    -0.0239294    -0.08671417    -0.1228896    1    0.2461418    -0.7312569    0.0347245
0.03232678    0.04828822    0.0678919    0.01788553    -0.07814477    0.05167436    0.06157269    -0.01076192    -0.02395637    -0.07355601    -0.795554    0.2461418    1    -0.09969109    -0.5163728
-0.258002    -0.07812367    -0.1451469    -0.01923026    0.275694    -0.1873391    0.0291164    -0.03723537    -0.1242799    0.1975677    0.03622886    -0.7312569    -0.09969109    1    -0.3282296
-0.09268827    -0.1051155    0.01538366    0.1032367    0.1158753    -0.07447454    -0.1021721    -0.07401818    -0.09132013    0.2041639    0.1535628    0.0347245    -0.5163728    -0.3282296    1
