2.600983e-06    -3.286611e-07    -1.342674e-06    6.021406e-07    1.593954e-08    2.424658e-07    -3.348817e-07    -4.504633e-07    2.44328e-07    2.158938e-07    2.424749e-07    -1.070363e-07    -3.07383e-07    2.20157e-07    -3.092637e-08    1.607309e-07    -1.733268e-07    -7.295566e-08    1.166715e-07    -3.298978e-09    -8.592304e-08    2.930226e-08    2.976535e-08    -1.372647e-08    8.05633e-08
-3.286611e-07    3.160636e-06    -1.907102e-08    -2.568925e-06    8.523284e-07    -4.017164e-07    -6.797265e-08    2.790315e-08    -3.811139e-07    3.494687e-07    7.58983e-08    -2.550777e-07    -1.889188e-07    2.393839e-08    1.519875e-07    1.979408e-09    -1.352581e-07    -9.037153e-08    -4.169036e-08    9.899724e-08    -6.514163e-08    -4.62901e-08    6.509298e-08    -3.235921e-09    3.843355e-10
-1.342674e-06    -1.907102e-08    3.326219e-06    3.893051e-07    -2.172842e-06    -1.870353e-07    -1.452343e-07    -1.976113e-07    -3.10241e-07    3.782263e-07    1.154778e-07    -2.116157e-07    -2.787047e-07    6.528456e-08    1.359093e-07    2.154068e-07    -2.490564e-07    -3.893222e-07    1.225128e-07    1.122982e-07    3.405016e-08    7.30707e-09    -4.297934e-08    -3.44732e-08    2.788392e-08
6.021406e-07    -2.568925e-06    3.893051e-07    5.404785e-06    -3.126419e-06    5.911065e-07    -5.377446e-07    -7.191149e-07    4.375786e-07    1.567791e-07    3.136192e-07    -2.552282e-07    -3.136161e-07    3.620669e-07    -4.917608e-08    4.402275e-07    -2.731041e-07    -4.302797e-07    3.033748e-07    5.922875e-11    9.36981e-08    4.641594e-08    -5.439054e-08    -8.591566e-08    -1.741049e-08
1.593954e-08    8.523284e-07    -2.172842e-06    -3.126419e-06    5.295479e-06    -2.168884e-07    6.938207e-07    8.490651e-07    -2.869376e-08    -6.857818e-07    -4.65636e-07    4.275985e-07    6.865316e-07    -3.757029e-07    -1.427448e-07    -5.235779e-07    4.538303e-07    6.687217e-07    -3.279464e-07    -1.187475e-07    5.491187e-09    -5.613856e-08    5.412662e-08    8.622935e-08    -1.768048e-07
2.424658e-07    -4.017164e-07    -1.870353e-07    5.911065e-07    -2.168884e-07    4.725822e-06    -2.000979e-07    -2.906086e-06    -4.483164e-07    1.731308e-07    7.612326e-07    -3.16629e-07    -3.763392e-07    5.724332e-07    -2.885985e-07    2.282138e-07    -6.382287e-08    -2.854717e-07    1.489786e-07    -2.48855e-09    -1.132741e-07    -7.988891e-08    8.597603e-08    2.795754e-08    3.889732e-08
-3.348817e-07    -6.797265e-08    -1.452343e-07    -5.377446e-07    6.938207e-07    -2.000979e-07    3.915343e-06    -1.885232e-07    -2.538816e-06    3.615295e-07    -1.061125e-06    1.204738e-06    8.275002e-07    -9.231688e-07    9.918358e-10    1.181224e-07    -1.920148e-07    -2.277239e-07    7.314203e-08    7.738417e-08    8.30651e-09    -2.548356e-08    -6.466145e-08    6.387026e-08    8.688758e-08
-4.504633e-07    2.790315e-08    -1.976113e-07    -7.191149e-07    8.490651e-07    -2.906086e-06    -1.885232e-07    4.379507e-06    3.138876e-09    -1.650605e-06    -1.235755e-06    1.073097e-06    1.295365e-06    -1.055619e-06    -2.163498e-08    5.440519e-08    -1.973868e-07    -1.4596e-07    6.569419e-08    9.097048e-08    5.794406e-08    -3.641904e-08    -9.589795e-08    5.449001e-08    5.310463e-08
2.44328e-07    -3.811139e-07    -3.10241e-07    4.375786e-07    -2.869376e-08    -4.483164e-07    -2.538816e-06    3.138876e-09    4.626585e-06    -1.536757e-06    5.326196e-07    -1.731328e-07    -1.600355e-07    5.30564e-07    -3.049629e-07    2.158686e-07    -1.679018e-07    -1.431482e-07    1.505123e-07    -2.27152e-08    -2.992966e-08    -1.527241e-08    1.617244e-08    1.460625e-08    3.723275e-08
2.158938e-07    3.494687e-07    3.782263e-07    1.567791e-07    -6.857818e-07    1.731308e-07    3.615295e-07    -1.650605e-06    -1.536757e-06    3.862514e-06    4.370168e-07    -9.107227e-07    -7.331287e-07    5.21885e-07    2.910088e-07    -2.988365e-07    2.701808e-07    3.992691e-07    -2.035388e-07    -7.249904e-08    1.454713e-08    6.297549e-08    5.655251e-08    -6.362476e-08    -1.480941e-07
2.424749e-07    7.58983e-08    1.154778e-07    3.136192e-07    -4.65636e-07    7.612326e-07    -1.061125e-06    -1.235755e-06    5.326196e-07    4.370168e-07    4.198355e-06    -3.570896e-07    -3.268864e-06    -2.005086e-07    -1.219386e-07    -2.593112e-07    3.754339e-07    3.043467e-07    -1.476575e-07    -9.40225e-08    -4.279614e-07    -9.688824e-08    3.196944e-07    3.070012e-07    1.843657e-07
-1.070363e-07    -2.550777e-07    -2.116157e-07    -2.552282e-07    4.275985e-07    -3.16629e-07    1.204738e-06    1.073097e-06    -1.731328e-07    -9.107227e-07    -3.570896e-07    1.233661e-05    -8.056497e-06    -2.337646e-06    6.702505e-07    4.644868e-07    -3.84062e-07    -6.863254e-07    2.936372e-07    1.314173e-07    5.161131e-08    -6.382884e-08    -3.717155e-07    6.069029e-08    8.485476e-07
-3.07383e-07    -1.889188e-07    -2.787047e-07    -3.136161e-07    6.865316e-07    -3.763392e-07    8.275002e-07    1.295365e-06    -1.600355e-07    -7.331287e-07    -3.268864e-06    -8.056497e-06    1.231061e-05    -7.233887e-07    -1.183478e-06    3.687862e-07    -4.727328e-07    -4.241961e-07    2.551866e-07    9.716301e-08    -2.237816e-08    1.305968e-07    4.577215e-07    1.749905e-07    -1.002033e-06
2.20157e-07    2.393839e-08    6.528456e-08    3.620669e-07    -3.757029e-07    5.724332e-07    -9.231688e-07    -1.055619e-06    5.30564e-07    5.21885e-07    -2.005086e-07    -2.337646e-06    -7.233887e-07    3.857491e-06    -3.243028e-07    -1.94757e-07    2.349337e-07    3.139268e-07    -8.157929e-08    -1.101688e-07    5.393521e-07    3.237655e-07    -1.117594e-07    -4.850874e-07    -4.689466e-07
-3.092637e-08    1.519875e-07    1.359093e-07    -4.917608e-08    -1.427448e-07    -2.885985e-07    9.918358e-10    -2.163498e-08    -3.049629e-07    2.910088e-07    -1.219386e-07    6.702505e-07    -1.183478e-06    -3.243028e-07    1.055329e-06    -1.407761e-07    1.051815e-07    1.723801e-07    -1.413723e-07    5.758597e-09    -7.630763e-08    -1.197049e-07    -1.286879e-07    -7.033174e-08    3.119163e-08
1.607309e-07    1.979408e-09    2.154068e-07    4.402275e-07    -5.235779e-07    2.282138e-07    1.181224e-07    5.440519e-08    2.158686e-07    -2.988365e-07    -2.593112e-07    4.644868e-07    3.687862e-07    -1.94757e-07    -1.407761e-07    1.522817e-06    -6.193391e-07    -1.167208e-06    3.210409e-07    3.583482e-08    -3.146999e-07    -2.012429e-07    2.211555e-07    3.491335e-07    7.976387e-08
-1.733268e-07    -1.352581e-07    -2.490564e-07    -2.731041e-07    4.538303e-07    -6.382287e-08    -1.920148e-07    -1.973868e-07    -1.679018e-07    2.701808e-07    3.754339e-07    -3.84062e-07    -4.727328e-07    2.349337e-07    1.051815e-07    -6.193391e-07    4.544071e-06    -2.302371e-06    -1.320329e-06    2.26815e-07    5.613745e-09    1.54532e-07    -5.978907e-10    -7.725797e-08    2.242403e-07
-7.295566e-08    -9.037153e-08    -3.893222e-07    -4.302797e-07    6.687217e-07    -2.854717e-07    -2.277239e-07    -1.4596e-07    -1.431482e-07    3.992691e-07    3.043467e-07    -6.863254e-07    -4.241961e-07    3.139268e-07    1.723801e-07    -1.167208e-06    -2.302371e-06    4.281386e-06    -4.117152e-07    -5.328397e-07    -1.438736e-08    1.340141e-07    2.659921e-07    6.014816e-08    -5.905567e-07
1.166715e-07    -4.169036e-08    1.225128e-07    3.033748e-07    -3.279464e-07    1.489786e-07    7.314203e-08    6.569419e-08    1.505123e-07    -2.035388e-07    -1.476575e-07    2.936372e-07    2.551866e-07    -8.157929e-08    -1.413723e-07    3.210409e-07    -1.320329e-06    -4.117152e-07    1.53437e-06    -1.456893e-07    3.825729e-07    1.226598e-07    -2.178764e-07    -2.228058e-07    -1.474502e-07
-3.298978e-09    9.899724e-08    1.122982e-07    5.922875e-11    -1.187475e-07    -2.48855e-09    7.738417e-08    9.097048e-08    -2.27152e-08    -7.249904e-08    -9.40225e-08    1.314173e-07    9.716301e-08    -1.101688e-07    5.758597e-09    3.583482e-08    2.26815e-07    -5.328397e-07    -1.456893e-07    4.091927e-07    -2.203029e-08    -1.356825e-07    -7.29253e-08    -9.58022e-09    -5.252465e-10
-8.592304e-08    -6.514163e-08    3.405016e-08    9.36981e-08    5.491187e-09    -1.132741e-07    8.30651e-09    5.794406e-08    -2.992966e-08    1.454713e-08    -4.279614e-07    5.161131e-08    -2.237816e-08    5.393521e-07    -7.630763e-08    -3.146999e-07    5.613745e-09    -1.438736e-08    3.825729e-07    -2.203029e-08    3.069153e-06    -5.261763e-07    -2.192146e-06    3.374953e-07    8.121976e-08
2.930226e-08    -4.62901e-08    7.30707e-09    4.641594e-08    -5.613856e-08    -7.988891e-08    -2.548356e-08    -3.641904e-08    -1.527241e-08    6.297549e-08    -9.688824e-08    -6.382884e-08    1.305968e-07    3.237655e-07    -1.197049e-07    -2.012429e-07    1.54532e-07    1.340141e-07    1.226598e-07    -1.356825e-07    -5.261763e-07    3.847413e-06    1.141822e-07    -3.192157e-06    8.326779e-07
2.976535e-08    6.509298e-08    -4.297934e-08    -5.439054e-08    5.412662e-08    8.597603e-08    -6.466145e-08    -9.589795e-08    1.617244e-08    5.655251e-08    3.196944e-07    -3.717155e-07    4.577215e-07    -1.117594e-07    -1.286879e-07    2.211555e-07    -5.978907e-10    2.659921e-07    -2.178764e-07    -7.29253e-08    -2.192146e-06    1.141822e-07    3.763799e-06    3.70122e-09    -1.990408e-06
-1.372647e-08    -3.235921e-09    -3.44732e-08    -8.591566e-08    8.622935e-08    2.795754e-08    6.387026e-08    5.449001e-08    1.460625e-08    -6.362476e-08    3.070012e-07    6.069029e-08    1.749905e-07    -4.850874e-07    -7.033174e-08    3.491335e-07    -7.725797e-08    6.014816e-08    -2.228058e-07    -9.58022e-09    3.374953e-07    -3.192157e-06    3.70122e-09    5.55885e-06    -2.989057e-06
8.05633e-08    3.843355e-10    2.788392e-08    -1.741049e-08    -1.768048e-07    3.889732e-08    8.688758e-08    5.310463e-08    3.723275e-08    -1.480941e-07    1.843657e-07    8.485476e-07    -1.002033e-06    -4.689466e-07    3.119163e-08    7.976387e-08    2.242403e-07    -5.905567e-07    -1.474502e-07    -5.252465e-10    8.121976e-08    8.326779e-07    -1.990408e-06    -2.989057e-06    4.455677e-06
