5.172255e-06    2.427888e-07    -2.809872e-06    -2.827094e-07    2.905719e-07    -3.956715e-08    7.146652e-08    2.711828e-08    -8.850756e-08    8.355308e-08
2.427888e-07    3.569178e-06    -4.04574e-07    -2.42069e-06    8.808811e-07    -1.805846e-08    8.046489e-09    4.980443e-08    -1.161783e-08    1.468879e-08
-2.809872e-06    -4.04574e-07    3.938312e-06    4.107296e-07    -2.125435e-06    -2.970938e-08    -5.671031e-08    -2.442965e-08    -5.087606e-09    3.032629e-08
-2.827094e-07    -2.42069e-06    4.107296e-07    5.054463e-06    -2.842432e-06    7.274403e-09    1.102677e-08    -3.825746e-08    -2.586111e-08    3.051402e-08
2.905719e-07    8.808811e-07    -2.125435e-06    -2.842432e-06    6.504933e-06    6.861599e-08    6.490961e-08    1.718849e-08    5.202393e-08    -8.952986e-08
-3.956715e-08    -1.805846e-08    -2.970938e-08    7.274403e-09    6.861599e-08    3.069153e-06    -5.261763e-07    -2.192146e-06    3.374953e-07    8.121976e-08
7.146652e-08    8.046489e-09    -5.671031e-08    1.102677e-08    6.490961e-08    -5.261763e-07    3.847413e-06    1.141822e-07    -3.192157e-06    8.326779e-07
2.711828e-08    4.980443e-08    -2.442965e-08    -3.825746e-08    1.718849e-08    -2.192146e-06    1.141822e-07    3.763799e-06    3.70122e-09    -1.990408e-06
-8.850756e-08    -1.161783e-08    -5.087606e-09    -2.586111e-08    5.202393e-08    3.374953e-07    -3.192157e-06    3.70122e-09    5.55885e-06    -2.989057e-06
8.355308e-08    1.468879e-08    3.032629e-08    3.051402e-08    -8.952986e-08    8.121976e-08    8.326779e-07    -1.990408e-06    -2.989057e-06    4.455677e-06
