1.494597e-06    -1.049596e-08    -8.186644e-07    -1.86224e-07    -2.001404e-08    1.129816e-07    -7.316327e-08    -5.307414e-08    9.047821e-08    -5.947293e-08    4.649794e-08    1.104349e-09    3.912049e-08    3.12523e-08    -4.181487e-08    1.775202e-08    -7.449213e-08    9.668411e-09    9.175057e-08    -2.233565e-08    -1.076428e-08    -2.060325e-08    8.578279e-09    1.461576e-08    -1.810542e-08
-1.049596e-08    1.411913e-06    -9.452864e-08    -8.109401e-07    5.829558e-08    2.146954e-08    -8.883281e-08    -1.260107e-07    -2.495676e-08    1.026632e-07    -2.760745e-08    7.456589e-08    8.807468e-08    -2.010966e-08    -5.351039e-08    -7.728271e-08    6.008997e-08    9.817511e-08    -3.13116e-08    -3.081311e-08    -8.08365e-09    3.546509e-09    1.669904e-08    4.230727e-08    -5.263048e-08
-8.186644e-07    -9.452864e-08    1.406109e-06    -3.27649e-08    -5.292035e-07    -1.528683e-09    -1.124164e-07    -1.841923e-07    6.898737e-09    1.669199e-07    -5.509367e-08    7.386425e-08    5.673022e-08    -4.11784e-08    -2.659399e-08    -4.324797e-08    1.296148e-07    6.04606e-08    -6.482557e-08    -3.788656e-08    1.806353e-08    1.161726e-08    -4.700914e-09    1.008458e-10    -4.805127e-08
-1.86224e-07    -8.109401e-07    -3.27649e-08    1.473983e-06    -4.513986e-07    1.055086e-07    -9.651837e-08    -8.2771e-08    1.198197e-07    -1.810494e-08    2.629007e-08    -9.4146e-11    -3.602473e-08    2.159493e-08    -1.838622e-08    8.198217e-08    -5.125977e-09    -3.92709e-08    1.985849e-08    -3.682061e-08    2.11214e-08    8.69869e-09    1.382589e-08    -3.513044e-08    -1.532635e-08
-2.001404e-08    5.829558e-08    -5.292035e-07    -4.513986e-07    1.397723e-06    -1.291032e-07    1.911383e-07    2.528556e-07    -1.136563e-07    -1.070397e-07    -4.832333e-09    -7.88481e-08    -6.204172e-08    9.035437e-09    9.072103e-08    3.241856e-08    -5.499853e-08    -6.447926e-08    -5.521705e-08    -1.354611e-08    -1.660127e-08    -3.040463e-09    -1.069932e-08    3.789792e-09    6.309688e-08
1.129816e-07    2.146954e-08    -1.528683e-09    1.055086e-07    -1.291032e-07    1.234127e-06    -4.804401e-07    -3.595327e-07    2.420844e-08    -2.228069e-07    2.64867e-08    1.184302e-07    1.517627e-07    7.02234e-08    -1.685225e-07    8.112913e-09    -1.096453e-07    -1.075982e-07    -3.490779e-09    9.901457e-08    -1.833988e-07    -8.352092e-09    1.986713e-07    1.423319e-07    1.919447e-08
-7.316327e-08    -8.883281e-08    -1.124164e-07    -9.651837e-08    1.911383e-07    -4.804401e-07    2.059324e-06    -3.350662e-07    -5.089342e-07    1.258872e-07    1.298707e-07    -2.812343e-07    -2.991817e-07    1.337999e-07    1.645349e-07    -2.988873e-08    1.08527e-07    1.157465e-07    1.487158e-08    -8.963512e-08    3.816761e-08    1.060896e-07    2.622913e-08    -5.417845e-08    8.008282e-08
-5.307414e-08    -1.260107e-07    -1.841923e-07    -8.2771e-08    2.528556e-07    -3.595327e-07    -3.350662e-07    2.003166e-06    -3.070425e-07    -9.751981e-07    1.008371e-07    -3.056814e-07    -3.05131e-07    6.222893e-08    2.051128e-07    1.820783e-08    4.510689e-08    3.452019e-08    3.204628e-08    -3.986969e-08    -5.390229e-08    5.873592e-08    1.817164e-07    5.700253e-08    -1.996639e-07
9.047821e-08    -2.495676e-08    6.898737e-09    1.198197e-07    -1.136563e-07    2.420844e-08    -5.089342e-07    -3.070425e-07    1.35192e-06    -3.081432e-07    8.10535e-08    8.526843e-08    1.125857e-07    1.178478e-07    -1.983188e-07    -4.70866e-08    -1.350785e-07    -1.559542e-07    -6.151126e-08    1.987822e-07    2.267297e-07    1.767643e-07    -6.272078e-08    -2.066549e-07    -1.734126e-07
-5.947293e-08    1.026632e-07    1.669199e-07    -1.810494e-08    -1.070397e-07    -2.228069e-07    1.258872e-07    -9.751981e-07    -3.081432e-07    1.448944e-06    -1.608349e-07    1.853117e-07    1.595136e-07    -1.836415e-07    2.011798e-08    2.224686e-08    8.245771e-08    5.172696e-08    -8.778101e-09    -7.70477e-08    -3.338984e-08    -1.821154e-07    -1.43891e-07    -2.092911e-08    2.929873e-09
4.649794e-08    -2.760745e-08    -5.509367e-08    2.629007e-08    -4.832333e-09    2.64867e-08    1.298707e-07    1.008371e-07    8.10535e-08    -1.608349e-07    1.52958e-06    6.45166e-08    -9.56524e-07    -9.956706e-08    -2.853993e-08    1.016575e-07    -5.870765e-08    -7.119648e-08    1.299544e-07    -2.255562e-08    1.088176e-07    -1.651704e-07    -1.957393e-08    2.230299e-07    -1.434936e-07
1.104349e-09    7.456589e-08    7.386425e-08    -9.4146e-11    -7.88481e-08    1.184302e-07    -2.812343e-07    -3.056814e-07    8.526843e-08    1.853117e-07    6.45166e-08    1.446377e-06    -1.275845e-07    -9.453861e-07    1.627079e-07    -1.004725e-07    -2.89448e-08    -2.928284e-08    -1.040253e-07    1.565102e-07    -1.167711e-07    -2.646731e-08    -1.280691e-07    -1.57478e-07    2.623821e-07
3.912049e-08    8.807468e-08    5.673022e-08    -3.602473e-08    -6.204172e-08    1.517627e-07    -2.991817e-07    -3.05131e-07    1.125857e-07    1.595136e-07    -9.56524e-07    -1.275845e-07    1.464836e-06    9.324971e-08    -6.101678e-07    -7.310064e-08    -7.990152e-08    -5.470747e-08    -9.187547e-08    1.057459e-07    -1.201718e-07    -6.683426e-09    -9.67021e-08    -1.88571e-07    2.670313e-07
3.12523e-08    -2.010966e-08    -4.11784e-08    2.159493e-08    9.035437e-09    7.02234e-08    1.337999e-07    6.222893e-08    1.178478e-07    -1.836415e-07    -9.956706e-08    -9.453861e-07    9.324971e-08    1.54226e-06    -5.403509e-07    1.222987e-07    -6.395903e-08    -9.432675e-08    8.585672e-08    -4.106822e-08    7.15857e-08    -1.380205e-07    -1.367093e-08    2.016872e-07    -1.209773e-07
-4.181487e-08    -5.351039e-08    -2.659399e-08    -1.838622e-08    9.072103e-08    -1.685225e-07    1.645349e-07    2.051128e-07    -1.983188e-07    2.011798e-08    -2.853993e-08    1.627079e-07    -6.101678e-07    -5.403509e-07    1.400184e-06    -2.278646e-08    1.368151e-07    1.308943e-07    -4.968168e-08    -7.087612e-08    3.801573e-08    1.451005e-07    1.17239e-07    -1.223483e-08    -1.324958e-07
1.775202e-08    -7.728271e-08    -4.324797e-08    8.198217e-08    3.241856e-08    8.112913e-09    -2.988873e-08    1.820783e-08    -4.70866e-08    2.224686e-08    1.016575e-07    -1.004725e-07    -7.310064e-08    1.222987e-07    -2.278646e-08    1.488221e-06    -2.408789e-08    -8.901257e-07    1.222054e-07    -3.036784e-08    9.535367e-08    -2.159987e-07    -3.447242e-08    2.551243e-07    -1.254902e-07
-7.449213e-08    6.008997e-08    1.296148e-07    -5.125977e-09    -5.499853e-08    -1.096453e-07    1.08527e-07    4.510689e-08    -1.350785e-07    8.245771e-08    -5.870765e-08    -2.89448e-08    -7.990152e-08    -6.395903e-08    1.368151e-07    -2.408789e-08    1.469001e-06    -2.675869e-07    -8.766441e-07    3.187884e-07    -1.570041e-07    -1.032918e-08    -9.457484e-08    -1.819742e-07    2.487699e-07
9.668411e-09    9.817511e-08    6.04606e-08    -3.92709e-08    -6.447926e-08    -1.075982e-07    1.157465e-07    3.452019e-08    -1.559542e-07    5.172696e-08    -7.119648e-08    -2.928284e-08    -5.470747e-08    -9.432675e-08    1.308943e-07    -8.901257e-07    -2.675869e-07    1.48309e-06    1.63897e-08    -6.518244e-07    -8.390851e-08    -2.191378e-08    -1.547499e-07    -1.779199e-07    2.941342e-07
9.175057e-08    -3.13116e-08    -6.482557e-08    1.985849e-08    -5.521705e-08    -3.490779e-09    1.487158e-08    3.204628e-08    -6.151126e-08    -8.778101e-09    1.299544e-07    -1.040253e-07    -9.187547e-08    8.585672e-08    -4.968168e-08    1.222054e-07    -8.766441e-07    1.63897e-08    1.491342e-06    -6.821081e-07    1.448935e-07    -2.204763e-07    -5.948381e-08    2.583525e-07    -1.23416e-07
-2.233565e-08    -3.081311e-08    -3.788656e-08    -3.682061e-08    -1.354611e-08    9.901457e-08    -8.963512e-08    -3.986969e-08    1.987822e-07    -7.70477e-08    -2.255562e-08    1.565102e-07    1.057459e-07    -4.106822e-08    -7.087612e-08    -3.036784e-08    3.187884e-07    -6.518244e-07    -6.821081e-07    1.407593e-06    -3.485555e-08    2.495079e-07    1.964436e-07    -8.202576e-08    -1.599559e-07
-1.076428e-08    -8.08365e-09    1.806353e-08    2.11214e-08    -1.660127e-08    -1.833988e-07    3.816761e-08    -5.390229e-08    2.267297e-07    -3.338984e-08    1.088176e-07    -1.167711e-07    -1.201718e-07    7.15857e-08    3.801573e-08    9.535367e-08    -1.570041e-07    -8.390851e-08    1.448935e-07    -3.485555e-08    1.444516e-06    -1.939162e-07    -9.293725e-07    1.499415e-07    5.878618e-08
-2.060325e-08    3.546509e-09    1.161726e-08    8.69869e-09    -3.040463e-09    -8.352092e-09    1.060896e-07    5.873592e-08    1.767643e-07    -1.821154e-07    -1.651704e-07    -2.646731e-08    -6.683426e-09    -1.380205e-07    1.451005e-07    -2.159987e-07    -1.032918e-08    -2.191378e-08    -2.204763e-07    2.495079e-07    -1.939162e-07    1.465682e-06    4.995097e-08    -9.667921e-07    3.112e-07
8.578279e-09    1.669904e-08    -4.700914e-09    1.382589e-08    -1.069932e-08    1.986713e-07    2.622913e-08    1.817164e-07    -6.272078e-08    -1.43891e-07    -1.957393e-08    -1.280691e-07    -9.67021e-08    -1.367093e-08    1.17239e-07    -3.447242e-08    -9.457484e-08    -1.547499e-07    -5.948381e-08    1.964436e-07    -9.293725e-07    4.995097e-08    1.456154e-06    2.002684e-08    -6.826053e-07
1.461576e-08    4.230727e-08    1.008458e-10    -3.513044e-08    3.789792e-09    1.423319e-07    -5.417845e-08    5.700253e-08    -2.066549e-07    -2.092911e-08    2.230299e-07    -1.57478e-07    -1.88571e-07    2.016872e-07    -1.223483e-08    2.551243e-07    -1.819742e-07    -1.779199e-07    2.583525e-07    -8.202576e-08    1.499415e-07    -9.667921e-07    2.002684e-08    1.5434e-06    -8.089421e-07
-1.810542e-08    -5.263048e-08    -4.805127e-08    -1.532635e-08    6.309688e-08    1.919447e-08    8.008282e-08    -1.996639e-07    -1.734126e-07    2.929873e-09    -1.434936e-07    2.623821e-07    2.670313e-07    -1.209773e-07    -1.324958e-07    -1.254902e-07    2.487699e-07    2.941342e-07    -1.23416e-07    -1.599559e-07    5.878618e-08    3.112e-07    -6.826053e-07    -8.089421e-07    1.387049e-06
