1.234127e-06    -4.804401e-07    -3.595327e-07    2.420844e-08    -2.228069e-07    -1.212854e-08    1.777627e-07    1.458703e-07    -2.86865e-08    -1.525248e-07    2.64867e-08    1.184302e-07    1.517627e-07    7.02234e-08    -1.685225e-07    8.112913e-09    -1.096453e-07    -1.075982e-07    -3.490779e-09    9.901457e-08    -1.833988e-07    -8.352092e-09    1.986713e-07    1.423319e-07    1.919447e-08
-4.804401e-07    2.059324e-06    -3.350662e-07    -5.089342e-07    1.258872e-07    1.124568e-07    -2.406397e-07    -2.086812e-07    1.510369e-07    1.003527e-07    1.298707e-07    -2.812343e-07    -2.991817e-07    1.337999e-07    1.645349e-07    -2.988873e-08    1.08527e-07    1.157465e-07    1.487158e-08    -8.963512e-08    3.816761e-08    1.060896e-07    2.622913e-08    -5.417845e-08    8.008282e-08
-3.595327e-07    -3.350662e-07    2.003166e-06    -3.070425e-07    -9.751981e-07    1.404741e-07    -1.862723e-07    -2.553019e-07    9.998552e-08    1.185664e-07    1.008371e-07    -3.056814e-07    -3.05131e-07    6.222893e-08    2.051128e-07    1.820783e-08    4.510689e-08    3.452019e-08    3.204628e-08    -3.986969e-08    -5.390229e-08    5.873592e-08    1.817164e-07    5.700253e-08    -1.996639e-07
2.420844e-08    -5.089342e-07    -3.070425e-07    1.35192e-06    -3.081432e-07    -3.982244e-08    1.244034e-07    1.422155e-07    7.912581e-09    -1.194899e-07    8.10535e-08    8.526843e-08    1.125857e-07    1.178478e-07    -1.983188e-07    -4.70866e-08    -1.350785e-07    -1.559542e-07    -6.151126e-08    1.987822e-07    2.267297e-07    1.767643e-07    -6.272078e-08    -2.066549e-07    -1.734126e-07
-2.228069e-07    1.258872e-07    -9.751981e-07    -3.081432e-07    1.448944e-06    -7.96522e-08    2.68999e-08    8.001038e-08    -9.456628e-08    8.730822e-09    -1.608349e-07    1.853117e-07    1.595136e-07    -1.836415e-07    2.011798e-08    2.224686e-08    8.245771e-08    5.172696e-08    -8.778101e-09    -7.70477e-08    -3.338984e-08    -1.821154e-07    -1.43891e-07    -2.092911e-08    2.929873e-09
-1.212854e-08    1.124568e-07    1.404741e-07    -3.982244e-08    -7.96522e-08    1.341467e-06    -1.219208e-07    -6.823208e-07    -1.35642e-07    -1.918035e-07    2.637963e-08    -1.299726e-07    -1.047151e-07    2.363564e-08    9.260126e-08    8.823341e-08    9.924763e-08    9.97288e-08    1.039507e-07    -1.814883e-07    -1.47916e-07    -1.035671e-08    1.441796e-07    1.14929e-07    6.679898e-08
1.777627e-07    -2.406397e-07    -1.862723e-07    1.244034e-07    2.68999e-08    -1.219208e-07    1.959888e-06    -3.92745e-07    -5.239837e-07    -1.773262e-08    -2.395243e-08    1.649875e-07    1.262095e-07    -3.639336e-08    -8.951515e-08    9.827767e-08    -2.738534e-07    -2.941368e-07    9.092966e-08    1.980328e-07    3.709911e-08    3.504624e-08    -2.576419e-08    5.548566e-08    1.526787e-07
1.458703e-07    -2.086812e-07    -2.553019e-07    1.422155e-07    8.001038e-08    -6.823208e-07    -3.92745e-07    1.96677e-06    -1.748312e-07    -7.574391e-07    3.001419e-08    1.872877e-08    6.100561e-08    1.819465e-08    -9.412087e-08    9.668482e-08    -2.536468e-07    -2.513435e-07    4.650465e-08    1.60581e-07    1.901854e-09    5.602564e-08    1.297038e-07    5.421327e-08    -2.176861e-07
-2.86865e-08    1.510369e-07    9.998552e-08    7.912581e-09    -9.456628e-08    -1.35642e-07    -5.239837e-07    -1.748312e-07    1.389196e-06    -3.349705e-07    -1.728011e-08    -1.279937e-07    -1.480161e-07    -7.365597e-08    1.816181e-07    7.716559e-08    8.991216e-08    9.190026e-08    8.047896e-08    -1.61693e-07    2.16354e-07    1.126388e-07    -5.008044e-08    -1.668523e-07    -1.888717e-07
-1.525248e-07    1.003527e-07    1.185664e-07    -1.194899e-07    8.730822e-09    -1.918035e-07    -1.773262e-08    -7.574391e-07    -3.349705e-07    1.439695e-06    -1.41771e-08    7.292764e-08    3.103988e-08    3.151026e-08    -4.824414e-08    -1.924969e-07    1.631994e-07    1.610981e-07    -1.513246e-07    1.166446e-08    -7.749069e-08    -1.078604e-07    -1.167381e-07    -6.901659e-08    -1.006865e-08
2.64867e-08    1.298707e-07    1.008371e-07    8.10535e-08    -1.608349e-07    2.637963e-08    -2.395243e-08    3.001419e-08    -1.728011e-08    -1.41771e-08    1.52958e-06    6.45166e-08    -9.56524e-07    -9.956706e-08    -2.853993e-08    1.016575e-07    -5.870765e-08    -7.119648e-08    1.299544e-07    -2.255562e-08    1.088176e-07    -1.651704e-07    -1.957393e-08    2.230299e-07    -1.434936e-07
1.184302e-07    -2.812343e-07    -3.056814e-07    8.526843e-08    1.853117e-07    -1.299726e-07    1.649875e-07    1.872877e-08    -1.279937e-07    7.292764e-08    6.45166e-08    1.446377e-06    -1.275845e-07    -9.453861e-07    1.627079e-07    -1.004725e-07    -2.89448e-08    -2.928284e-08    -1.040253e-07    1.565102e-07    -1.167711e-07    -2.646731e-08    -1.280691e-07    -1.57478e-07    2.623821e-07
1.517627e-07    -2.991817e-07    -3.05131e-07    1.125857e-07    1.595136e-07    -1.047151e-07    1.262095e-07    6.100561e-08    -1.480161e-07    3.103988e-08    -9.56524e-07    -1.275845e-07    1.464836e-06    9.324971e-08    -6.101678e-07    -7.310064e-08    -7.990152e-08    -5.470747e-08    -9.187547e-08    1.057459e-07    -1.201718e-07    -6.683426e-09    -9.67021e-08    -1.88571e-07    2.670313e-07
7.02234e-08    1.337999e-07    6.222893e-08    1.178478e-07    -1.836415e-07    2.363564e-08    -3.639336e-08    1.819465e-08    -7.365597e-08    3.151026e-08    -9.956706e-08    -9.453861e-07    9.324971e-08    1.54226e-06    -5.403509e-07    1.222987e-07    -6.395903e-08    -9.432675e-08    8.585672e-08    -4.106822e-08    7.15857e-08    -1.380205e-07    -1.367093e-08    2.016872e-07    -1.209773e-07
-1.685225e-07    1.645349e-07    2.051128e-07    -1.983188e-07    2.011798e-08    9.260126e-08    -8.951515e-08    -9.412087e-08    1.816181e-07    -4.824414e-08    -2.853993e-08    1.627079e-07    -6.101678e-07    -5.403509e-07    1.400184e-06    -2.278646e-08    1.368151e-07    1.308943e-07    -4.968168e-08    -7.087612e-08    3.801573e-08    1.451005e-07    1.17239e-07    -1.223483e-08    -1.324958e-07
8.112913e-09    -2.988873e-08    1.820783e-08    -4.70866e-08    2.224686e-08    8.823341e-08    9.827767e-08    9.668482e-08    7.716559e-08    -1.924969e-07    1.016575e-07    -1.004725e-07    -7.310064e-08    1.222987e-07    -2.278646e-08    1.488221e-06    -2.408789e-08    -8.901257e-07    1.222054e-07    -3.036784e-08    9.535367e-08    -2.159987e-07    -3.447242e-08    2.551243e-07    -1.254902e-07
-1.096453e-07    1.08527e-07    4.510689e-08    -1.350785e-07    8.245771e-08    9.924763e-08    -2.738534e-07    -2.536468e-07    8.991216e-08    1.631994e-07    -5.870765e-08    -2.89448e-08    -7.990152e-08    -6.395903e-08    1.368151e-07    -2.408789e-08    1.469001e-06    -2.675869e-07    -8.766441e-07    3.187884e-07    -1.570041e-07    -1.032918e-08    -9.457484e-08    -1.819742e-07    2.487699e-07
-1.075982e-07    1.157465e-07    3.452019e-08    -1.559542e-07    5.172696e-08    9.97288e-08    -2.941368e-07    -2.513435e-07    9.190026e-08    1.610981e-07    -7.119648e-08    -2.928284e-08    -5.470747e-08    -9.432675e-08    1.308943e-07    -8.901257e-07    -2.675869e-07    1.48309e-06    1.63897e-08    -6.518244e-07    -8.390851e-08    -2.191378e-08    -1.547499e-07    -1.779199e-07    2.941342e-07
-3.490779e-09    1.487158e-08    3.204628e-08    -6.151126e-08    -8.778101e-09    1.039507e-07    9.092966e-08    4.650465e-08    8.047896e-08    -1.513246e-07    1.299544e-07    -1.040253e-07    -9.187547e-08    8.585672e-08    -4.968168e-08    1.222054e-07    -8.766441e-07    1.63897e-08    1.491342e-06    -6.821081e-07    1.448935e-07    -2.204763e-07    -5.948381e-08    2.583525e-07    -1.23416e-07
9.901457e-08    -8.963512e-08    -3.986969e-08    1.987822e-07    -7.70477e-08    -1.814883e-07    1.980328e-07    1.60581e-07    -1.61693e-07    1.166446e-08    -2.255562e-08    1.565102e-07    1.057459e-07    -4.106822e-08    -7.087612e-08    -3.036784e-08    3.187884e-07    -6.518244e-07    -6.821081e-07    1.407593e-06    -3.485555e-08    2.495079e-07    1.964436e-07    -8.202576e-08    -1.599559e-07
-1.833988e-07    3.816761e-08    -5.390229e-08    2.267297e-07    -3.338984e-08    -1.47916e-07    3.709911e-08    1.901854e-09    2.16354e-07    -7.749069e-08    1.088176e-07    -1.167711e-07    -1.201718e-07    7.15857e-08    3.801573e-08    9.535367e-08    -1.570041e-07    -8.390851e-08    1.448935e-07    -3.485555e-08    1.444516e-06    -1.939162e-07    -9.293725e-07    1.499415e-07    5.878618e-08
-8.352092e-09    1.060896e-07    5.873592e-08    1.767643e-07    -1.821154e-07    -1.035671e-08    3.504624e-08    5.602564e-08    1.126388e-07    -1.078604e-07    -1.651704e-07    -2.646731e-08    -6.683426e-09    -1.380205e-07    1.451005e-07    -2.159987e-07    -1.032918e-08    -2.191378e-08    -2.204763e-07    2.495079e-07    -1.939162e-07    1.465682e-06    4.995097e-08    -9.667921e-07    3.112e-07
1.986713e-07    2.622913e-08    1.817164e-07    -6.272078e-08    -1.43891e-07    1.441796e-07    -2.576419e-08    1.297038e-07    -5.008044e-08    -1.167381e-07    -1.957393e-08    -1.280691e-07    -9.67021e-08    -1.367093e-08    1.17239e-07    -3.447242e-08    -9.457484e-08    -1.547499e-07    -5.948381e-08    1.964436e-07    -9.293725e-07    4.995097e-08    1.456154e-06    2.002684e-08    -6.826053e-07
1.423319e-07    -5.417845e-08    5.700253e-08    -2.066549e-07    -2.092911e-08    1.14929e-07    5.548566e-08    5.421327e-08    -1.668523e-07    -6.901659e-08    2.230299e-07    -1.57478e-07    -1.88571e-07    2.016872e-07    -1.223483e-08    2.551243e-07    -1.819742e-07    -1.779199e-07    2.583525e-07    -8.202576e-08    1.499415e-07    -9.667921e-07    2.002684e-08    1.5434e-06    -8.089421e-07
1.919447e-08    8.008282e-08    -1.996639e-07    -1.734126e-07    2.929873e-09    6.679898e-08    1.526787e-07    -2.176861e-07    -1.888717e-07    -1.006865e-08    -1.434936e-07    2.623821e-07    2.670313e-07    -1.209773e-07    -1.324958e-07    -1.254902e-07    2.487699e-07    2.941342e-07    -1.23416e-07    -1.599559e-07    5.878618e-08    3.112e-07    -6.826053e-07    -8.089421e-07    1.387049e-06
