1.234127e-06    -4.804401e-07    -3.595327e-07    2.420844e-08    -2.228069e-07    1.992689e-08    -9.592635e-08    -1.382491e-07    1.945644e-08    1.146306e-07    2.64867e-08    1.184302e-07    1.517627e-07    7.02234e-08    -1.685225e-07    8.112913e-09    -1.096453e-07    -1.075982e-07    -3.490779e-09    9.901457e-08    -1.833988e-07    -8.352092e-09    1.986713e-07    1.423319e-07    1.919447e-08
-4.804401e-07    2.059324e-06    -3.350662e-07    -5.089342e-07    1.258872e-07    -2.477424e-08    3.272549e-08    6.441324e-08    -3.532268e-08    -3.405792e-08    1.298707e-07    -2.812343e-07    -2.991817e-07    1.337999e-07    1.645349e-07    -2.988873e-08    1.08527e-07    1.157465e-07    1.487158e-08    -8.963512e-08    3.816761e-08    1.060896e-07    2.622913e-08    -5.417845e-08    8.008282e-08
-3.595327e-07    -3.350662e-07    2.003166e-06    -3.070425e-07    -9.751981e-07    -3.881893e-09    1.178752e-07    8.395759e-08    -5.015906e-08    -9.103176e-08    1.008371e-07    -3.056814e-07    -3.05131e-07    6.222893e-08    2.051128e-07    1.820783e-08    4.510689e-08    3.452019e-08    3.204628e-08    -3.986969e-08    -5.390229e-08    5.873592e-08    1.817164e-07    5.700253e-08    -1.996639e-07
2.420844e-08    -5.089342e-07    -3.070425e-07    1.35192e-06    -3.081432e-07    1.948845e-08    -1.589115e-07    -1.307462e-07    5.363164e-08    1.145314e-07    8.10535e-08    8.526843e-08    1.125857e-07    1.178478e-07    -1.983188e-07    -4.70866e-08    -1.350785e-07    -1.559542e-07    -6.151126e-08    1.987822e-07    2.267297e-07    1.767643e-07    -6.272078e-08    -2.066549e-07    -1.734126e-07
-2.228069e-07    1.258872e-07    -9.751981e-07    -3.081432e-07    1.448944e-06    -2.611366e-08    3.133572e-08    6.669783e-08    -8.646544e-09    -3.583366e-08    -1.608349e-07    1.853117e-07    1.595136e-07    -1.836415e-07    2.011798e-08    2.224686e-08    8.245771e-08    5.172696e-08    -8.778101e-09    -7.70477e-08    -3.338984e-08    -1.821154e-07    -1.43891e-07    -2.092911e-08    2.929873e-09
1.992689e-08    -2.477424e-08    -3.881893e-09    1.948845e-08    -2.611366e-08    1.457257e-06    1.743115e-07    -9.820345e-07    -2.900465e-08    -9.333046e-09    9.244523e-08    -1.134345e-07    -9.45354e-08    9.423173e-08    2.068195e-08    9.891892e-08    -9.436793e-08    -7.799808e-08    8.363312e-08    -3.495001e-08    2.28995e-08    8.947375e-08    5.651077e-08    -4.221011e-08    -4.077867e-08
-9.592635e-08    3.272549e-08    1.178752e-07    -1.589115e-07    3.133572e-08    1.743115e-07    1.616657e-06    -3.358758e-07    -9.808844e-07    3.401568e-07    -1.290405e-07    4.168029e-08    3.950273e-08    -1.265016e-07    9.531791e-08    -1.183046e-07    -1.836602e-08    -1.323791e-08    -9.909853e-08    1.082893e-07    -2.485231e-08    -4.278544e-09    -2.022752e-08    3.057534e-08    7.484827e-08
-1.382491e-07    6.441324e-08    8.395759e-08    -1.307462e-07    6.669783e-08    -9.820345e-07    -3.358758e-07    1.598062e-06    1.488089e-07    -7.693114e-07    -9.30373e-08    2.668827e-08    1.394906e-08    -1.044701e-07    6.902153e-08    -8.31496e-08    -1.030796e-08    -2.329261e-08    -9.795451e-08    1.318902e-07    6.244177e-10    -3.43318e-08    -4.040184e-08    1.942288e-08    4.777589e-08
1.945644e-08    -3.532268e-08    -5.015906e-08    5.363164e-08    -8.646544e-09    -2.900465e-08    -9.808844e-07    1.488089e-07    1.454786e-06    -6.167025e-07    1.270503e-07    -9.270717e-08    -1.063806e-07    9.185157e-08    -2.036039e-08    1.34295e-07    -1.057208e-07    -9.456781e-08    1.114041e-07    -2.303588e-08    1.778784e-08    4.102353e-08    4.504282e-08    -6.361358e-09    -7.2161e-08
1.146306e-07    -3.405792e-08    -9.103176e-08    1.145314e-07    -3.583366e-08    -9.333046e-09    3.401568e-07    -7.693114e-07    -6.167025e-07    1.398793e-06    -3.801253e-09    7.240778e-08    8.69219e-08    1.759631e-08    -9.089819e-08    -4.434065e-08    1.180164e-07    1.122484e-07    1.235905e-08    -1.103303e-07    -2.312782e-08    -5.680846e-08    -3.47813e-08    9.658177e-09    1.754153e-08
2.64867e-08    1.298707e-07    1.008371e-07    8.10535e-08    -1.608349e-07    9.244523e-08    -1.290405e-07    -9.30373e-08    1.270503e-07    -3.801253e-09    1.52958e-06    6.45166e-08    -9.56524e-07    -9.956706e-08    -2.853993e-08    1.016575e-07    -5.870765e-08    -7.119648e-08    1.299544e-07    -2.255562e-08    1.088176e-07    -1.651704e-07    -1.957393e-08    2.230299e-07    -1.434936e-07
1.184302e-07    -2.812343e-07    -3.056814e-07    8.526843e-08    1.853117e-07    -1.134345e-07    4.168029e-08    2.668827e-08    -9.270717e-08    7.240778e-08    6.45166e-08    1.446377e-06    -1.275845e-07    -9.453861e-07    1.627079e-07    -1.004725e-07    -2.89448e-08    -2.928284e-08    -1.040253e-07    1.565102e-07    -1.167711e-07    -2.646731e-08    -1.280691e-07    -1.57478e-07    2.623821e-07
1.517627e-07    -2.991817e-07    -3.05131e-07    1.125857e-07    1.595136e-07    -9.45354e-08    3.950273e-08    1.394906e-08    -1.063806e-07    8.69219e-08    -9.56524e-07    -1.275845e-07    1.464836e-06    9.324971e-08    -6.101678e-07    -7.310064e-08    -7.990152e-08    -5.470747e-08    -9.187547e-08    1.057459e-07    -1.201718e-07    -6.683426e-09    -9.67021e-08    -1.88571e-07    2.670313e-07
7.02234e-08    1.337999e-07    6.222893e-08    1.178478e-07    -1.836415e-07    9.423173e-08    -1.265016e-07    -1.044701e-07    9.185157e-08    1.759631e-08    -9.956706e-08    -9.453861e-07    9.324971e-08    1.54226e-06    -5.403509e-07    1.222987e-07    -6.395903e-08    -9.432675e-08    8.585672e-08    -4.106822e-08    7.15857e-08    -1.380205e-07    -1.367093e-08    2.016872e-07    -1.209773e-07
-1.685225e-07    1.645349e-07    2.051128e-07    -1.983188e-07    2.011798e-08    2.068195e-08    9.531791e-08    6.902153e-08    -2.036039e-08    -9.089819e-08    -2.853993e-08    1.627079e-07    -6.101678e-07    -5.403509e-07    1.400184e-06    -2.278646e-08    1.368151e-07    1.308943e-07    -4.968168e-08    -7.087612e-08    3.801573e-08    1.451005e-07    1.17239e-07    -1.223483e-08    -1.324958e-07
8.112913e-09    -2.988873e-08    1.820783e-08    -4.70866e-08    2.224686e-08    9.891892e-08    -1.183046e-07    -8.31496e-08    1.34295e-07    -4.434065e-08    1.016575e-07    -1.004725e-07    -7.310064e-08    1.222987e-07    -2.278646e-08    1.488221e-06    -2.408789e-08    -8.901257e-07    1.222054e-07    -3.036784e-08    9.535367e-08    -2.159987e-07    -3.447242e-08    2.551243e-07    -1.254902e-07
-1.096453e-07    1.08527e-07    4.510689e-08    -1.350785e-07    8.245771e-08    -9.436793e-08    -1.836602e-08    -1.030796e-08    -1.057208e-07    1.180164e-07    -5.870765e-08    -2.89448e-08    -7.990152e-08    -6.395903e-08    1.368151e-07    -2.408789e-08    1.469001e-06    -2.675869e-07    -8.766441e-07    3.187884e-07    -1.570041e-07    -1.032918e-08    -9.457484e-08    -1.819742e-07    2.487699e-07
-1.075982e-07    1.157465e-07    3.452019e-08    -1.559542e-07    5.172696e-08    -7.799808e-08    -1.323791e-08    -2.329261e-08    -9.456781e-08    1.122484e-07    -7.119648e-08    -2.928284e-08    -5.470747e-08    -9.432675e-08    1.308943e-07    -8.901257e-07    -2.675869e-07    1.48309e-06    1.63897e-08    -6.518244e-07    -8.390851e-08    -2.191378e-08    -1.547499e-07    -1.779199e-07    2.941342e-07
-3.490779e-09    1.487158e-08    3.204628e-08    -6.151126e-08    -8.778101e-09    8.363312e-08    -9.909853e-08    -9.795451e-08    1.114041e-07    1.235905e-08    1.299544e-07    -1.040253e-07    -9.187547e-08    8.585672e-08    -4.968168e-08    1.222054e-07    -8.766441e-07    1.63897e-08    1.491342e-06    -6.821081e-07    1.448935e-07    -2.204763e-07    -5.948381e-08    2.583525e-07    -1.23416e-07
9.901457e-08    -8.963512e-08    -3.986969e-08    1.987822e-07    -7.70477e-08    -3.495001e-08    1.082893e-07    1.318902e-07    -2.303588e-08    -1.103303e-07    -2.255562e-08    1.565102e-07    1.057459e-07    -4.106822e-08    -7.087612e-08    -3.036784e-08    3.187884e-07    -6.518244e-07    -6.821081e-07    1.407593e-06    -3.485555e-08    2.495079e-07    1.964436e-07    -8.202576e-08    -1.599559e-07
-1.833988e-07    3.816761e-08    -5.390229e-08    2.267297e-07    -3.338984e-08    2.28995e-08    -2.485231e-08    6.244177e-10    1.778784e-08    -2.312782e-08    1.088176e-07    -1.167711e-07    -1.201718e-07    7.15857e-08    3.801573e-08    9.535367e-08    -1.570041e-07    -8.390851e-08    1.448935e-07    -3.485555e-08    1.444516e-06    -1.939162e-07    -9.293725e-07    1.499415e-07    5.878618e-08
-8.352092e-09    1.060896e-07    5.873592e-08    1.767643e-07    -1.821154e-07    8.947375e-08    -4.278544e-09    -3.43318e-08    4.102353e-08    -5.680846e-08    -1.651704e-07    -2.646731e-08    -6.683426e-09    -1.380205e-07    1.451005e-07    -2.159987e-07    -1.032918e-08    -2.191378e-08    -2.204763e-07    2.495079e-07    -1.939162e-07    1.465682e-06    4.995097e-08    -9.667921e-07    3.112e-07
1.986713e-07    2.622913e-08    1.817164e-07    -6.272078e-08    -1.43891e-07    5.651077e-08    -2.022752e-08    -4.040184e-08    4.504282e-08    -3.47813e-08    -1.957393e-08    -1.280691e-07    -9.67021e-08    -1.367093e-08    1.17239e-07    -3.447242e-08    -9.457484e-08    -1.547499e-07    -5.948381e-08    1.964436e-07    -9.293725e-07    4.995097e-08    1.456154e-06    2.002684e-08    -6.826053e-07
1.423319e-07    -5.417845e-08    5.700253e-08    -2.066549e-07    -2.092911e-08    -4.221011e-08    3.057534e-08    1.942288e-08    -6.361358e-09    9.658177e-09    2.230299e-07    -1.57478e-07    -1.88571e-07    2.016872e-07    -1.223483e-08    2.551243e-07    -1.819742e-07    -1.779199e-07    2.583525e-07    -8.202576e-08    1.499415e-07    -9.667921e-07    2.002684e-08    1.5434e-06    -8.089421e-07
1.919447e-08    8.008282e-08    -1.996639e-07    -1.734126e-07    2.929873e-09    -4.077867e-08    7.484827e-08    4.777589e-08    -7.2161e-08    1.754153e-08    -1.434936e-07    2.623821e-07    2.670313e-07    -1.209773e-07    -1.324958e-07    -1.254902e-07    2.487699e-07    2.941342e-07    -1.23416e-07    -1.599559e-07    5.878618e-08    3.112e-07    -6.826053e-07    -8.089421e-07    1.387049e-06
