1.50224e-06    8.840528e-08    -8.956167e-07    -7.148572e-08    1.182897e-09    1.271381e-07    -1.551488e-07    -1.413345e-07    1.400886e-07    1.99178e-08    5.037479e-08    -1.477937e-09    -1.017281e-08    3.607094e-08    -1.802011e-08
8.840528e-08    1.435959e-06    -2.204547e-07    -9.522975e-07    2.322514e-07    -9.456546e-08    -6.403657e-08    -5.942889e-08    -5.890387e-08    1.210853e-07    -5.194335e-08    6.564843e-08    1.129291e-07    -4.056809e-08    -2.904896e-08
-8.956167e-07    -2.204547e-07    1.417768e-06    -1.869782e-09    -5.391077e-07    -7.379977e-08    -4.24679e-08    -4.802577e-08    -1.04423e-07    1.28705e-07    -5.578538e-08    8.822685e-08    8.400916e-08    -2.357047e-08    -6.122152e-08
-7.148572e-08    -9.522975e-07    -1.869782e-09    1.52686e-06    -6.059923e-07    1.397719e-07    -1.187433e-07    -1.29498e-07    1.279197e-07    -4.221487e-09    6.185578e-08    1.485448e-08    -1.98732e-08    4.24029e-08    -5.299529e-08
1.182897e-09    2.322514e-07    -5.391077e-07    -6.059923e-07    1.410909e-06    -3.893373e-08    1.860045e-07    1.810991e-07    -4.710991e-08    -1.19348e-07    1.462609e-08    -7.885766e-08    -9.695632e-08    -1.514275e-08    1.083586e-07
1.271381e-07    -9.456546e-08    -7.379977e-08    1.397719e-07    -3.893373e-08    1.52958e-06    6.45166e-08    -9.56524e-07    -9.956706e-08    -2.853993e-08    1.016575e-07    -5.870765e-08    -7.119648e-08    1.299544e-07    -2.255562e-08
-1.551488e-07    -6.403657e-08    -4.24679e-08    -1.187433e-07    1.860045e-07    6.45166e-08    1.446377e-06    -1.275845e-07    -9.453861e-07    1.627079e-07    -1.004725e-07    -2.89448e-08    -2.928284e-08    -1.040253e-07    1.565102e-07
-1.413345e-07    -5.942889e-08    -4.802577e-08    -1.29498e-07    1.810991e-07    -9.56524e-07    -1.275845e-07    1.464836e-06    9.324971e-08    -6.101678e-07    -7.310064e-08    -7.990152e-08    -5.470747e-08    -9.187547e-08    1.057459e-07
1.400886e-07    -5.890387e-08    -1.04423e-07    1.279197e-07    -4.710991e-08    -9.956706e-08    -9.453861e-07    9.324971e-08    1.54226e-06    -5.403509e-07    1.222987e-07    -6.395903e-08    -9.432675e-08    8.585672e-08    -4.106822e-08
1.99178e-08    1.210853e-07    1.28705e-07    -4.221487e-09    -1.19348e-07    -2.853993e-08    1.627079e-07    -6.101678e-07    -5.403509e-07    1.400184e-06    -2.278646e-08    1.368151e-07    1.308943e-07    -4.968168e-08    -7.087612e-08
5.037479e-08    -5.194335e-08    -5.578538e-08    6.185578e-08    1.462609e-08    1.016575e-07    -1.004725e-07    -7.310064e-08    1.222987e-07    -2.278646e-08    1.488221e-06    -2.408789e-08    -8.901257e-07    1.222054e-07    -3.036784e-08
-1.477937e-09    6.564843e-08    8.822685e-08    1.485448e-08    -7.885766e-08    -5.870765e-08    -2.89448e-08    -7.990152e-08    -6.395903e-08    1.368151e-07    -2.408789e-08    1.469001e-06    -2.675869e-07    -8.766441e-07    3.187884e-07
-1.017281e-08    1.129291e-07    8.400916e-08    -1.98732e-08    -9.695632e-08    -7.119648e-08    -2.928284e-08    -5.470747e-08    -9.432675e-08    1.308943e-07    -8.901257e-07    -2.675869e-07    1.48309e-06    1.63897e-08    -6.518244e-07
3.607094e-08    -4.056809e-08    -2.357047e-08    4.24029e-08    -1.514275e-08    1.299544e-07    -1.040253e-07    -9.187547e-08    8.585672e-08    -4.968168e-08    1.222054e-07    -8.766441e-07    1.63897e-08    1.491342e-06    -6.821081e-07
-1.802011e-08    -2.904896e-08    -6.122152e-08    -5.299529e-08    1.083586e-07    -2.255562e-08    1.565102e-07    1.057459e-07    -4.106822e-08    -7.087612e-08    -3.036784e-08    3.187884e-07    -6.518244e-07    -6.821081e-07    1.407593e-06
