1.508915e-06    -4.163723e-09    -1.015196e-06    -1.498986e-07    3.214666e-08    1.253235e-07    -3.901648e-08    -2.285534e-08    9.49854e-08    -7.003929e-08    6.320557e-08    -4.444728e-08    -3.3652e-08    8.215008e-08    -4.671596e-08    1.651825e-07    -1.460532e-07    -1.541936e-07    1.696457e-07    -2.840577e-08
-4.163723e-09    1.44204e-06    -7.630112e-08    -8.281394e-07    1.405873e-07    5.379561e-08    -1.136873e-07    -1.268427e-07    5.311523e-08    5.727479e-08    -4.468043e-08    1.698357e-07    1.223199e-07    -9.051951e-08    -4.963419e-08    -7.244837e-08    -1.060707e-07    -1.007505e-07    -9.974307e-08    1.974416e-07
-1.015196e-06    -7.630112e-08    1.461503e-06    4.31616e-08    -4.556048e-07    -2.78874e-08    -1.255047e-07    -9.895452e-08    -7.905739e-09    1.033292e-07    -7.864362e-08    1.100103e-07    1.292245e-07    -6.194533e-08    -5.178537e-08    -1.155863e-07    -1.890841e-08    -1.927688e-08    -1.427221e-07    1.439087e-07
-1.498986e-07    -8.281394e-07    4.31616e-08    1.479273e-06    -5.360425e-07    5.879424e-08    -4.772573e-08    -5.88319e-08    2.989836e-08    2.554169e-08    4.588707e-08    -4.210624e-08    -1.40119e-08    5.756482e-08    -1.927504e-08    1.366921e-07    -8.082829e-08    -1.02826e-07    1.268491e-07    -3.390435e-08
3.214666e-08    1.405873e-07    -4.556048e-07    -5.360425e-07    1.271812e-06    -9.037799e-08    1.505808e-07    1.803366e-07    -5.104094e-08    -9.149189e-08    9.58152e-09    -7.473254e-08    -8.578222e-08    -2.665319e-08    7.730394e-08    -2.922385e-08    1.220285e-07    1.428873e-07    2.291307e-09    -1.196286e-07
1.253235e-07    5.379561e-08    -2.78874e-08    5.879424e-08    -9.037799e-08    1.234127e-06    -4.804401e-07    -3.595327e-07    2.420844e-08    -2.228069e-07    2.64867e-08    1.184302e-07    1.517627e-07    7.02234e-08    -1.685225e-07    8.112913e-09    -1.096453e-07    -1.075982e-07    -3.490779e-09    9.901457e-08
-3.901648e-08    -1.136873e-07    -1.255047e-07    -4.772573e-08    1.505808e-07    -4.804401e-07    2.059324e-06    -3.350662e-07    -5.089342e-07    1.258872e-07    1.298707e-07    -2.812343e-07    -2.991817e-07    1.337999e-07    1.645349e-07    -2.988873e-08    1.08527e-07    1.157465e-07    1.487158e-08    -8.963512e-08
-2.285534e-08    -1.268427e-07    -9.895452e-08    -5.88319e-08    1.803366e-07    -3.595327e-07    -3.350662e-07    2.003166e-06    -3.070425e-07    -9.751981e-07    1.008371e-07    -3.056814e-07    -3.05131e-07    6.222893e-08    2.051128e-07    1.820783e-08    4.510689e-08    3.452019e-08    3.204628e-08    -3.986969e-08
9.49854e-08    5.311523e-08    -7.905739e-09    2.989836e-08    -5.104094e-08    2.420844e-08    -5.089342e-07    -3.070425e-07    1.35192e-06    -3.081432e-07    8.10535e-08    8.526843e-08    1.125857e-07    1.178478e-07    -1.983188e-07    -4.70866e-08    -1.350785e-07    -1.559542e-07    -6.151126e-08    1.987822e-07
-7.003929e-08    5.727479e-08    1.033292e-07    2.554169e-08    -9.149189e-08    -2.228069e-07    1.258872e-07    -9.751981e-07    -3.081432e-07    1.448944e-06    -1.608349e-07    1.853117e-07    1.595136e-07    -1.836415e-07    2.011798e-08    2.224686e-08    8.245771e-08    5.172696e-08    -8.778101e-09    -7.70477e-08
6.320557e-08    -4.468043e-08    -7.864362e-08    4.588707e-08    9.58152e-09    2.64867e-08    1.298707e-07    1.008371e-07    8.10535e-08    -1.608349e-07    1.52958e-06    6.45166e-08    -9.56524e-07    -9.956706e-08    -2.853993e-08    1.016575e-07    -5.870765e-08    -7.119648e-08    1.299544e-07    -2.255562e-08
-4.444728e-08    1.698357e-07    1.100103e-07    -4.210624e-08    -7.473254e-08    1.184302e-07    -2.812343e-07    -3.056814e-07    8.526843e-08    1.853117e-07    6.45166e-08    1.446377e-06    -1.275845e-07    -9.453861e-07    1.627079e-07    -1.004725e-07    -2.89448e-08    -2.928284e-08    -1.040253e-07    1.565102e-07
-3.3652e-08    1.223199e-07    1.292245e-07    -1.40119e-08    -8.578222e-08    1.517627e-07    -2.991817e-07    -3.05131e-07    1.125857e-07    1.595136e-07    -9.56524e-07    -1.275845e-07    1.464836e-06    9.324971e-08    -6.101678e-07    -7.310064e-08    -7.990152e-08    -5.470747e-08    -9.187547e-08    1.057459e-07
8.215008e-08    -9.051951e-08    -6.194533e-08    5.756482e-08    -2.665319e-08    7.02234e-08    1.337999e-07    6.222893e-08    1.178478e-07    -1.836415e-07    -9.956706e-08    -9.453861e-07    9.324971e-08    1.54226e-06    -5.403509e-07    1.222987e-07    -6.395903e-08    -9.432675e-08    8.585672e-08    -4.106822e-08
-4.671596e-08    -4.963419e-08    -5.178537e-08    -1.927504e-08    7.730394e-08    -1.685225e-07    1.645349e-07    2.051128e-07    -1.983188e-07    2.011798e-08    -2.853993e-08    1.627079e-07    -6.101678e-07    -5.403509e-07    1.400184e-06    -2.278646e-08    1.368151e-07    1.308943e-07    -4.968168e-08    -7.087612e-08
1.651825e-07    -7.244837e-08    -1.155863e-07    1.366921e-07    -2.922385e-08    8.112913e-09    -2.988873e-08    1.820783e-08    -4.70866e-08    2.224686e-08    1.016575e-07    -1.004725e-07    -7.310064e-08    1.222987e-07    -2.278646e-08    1.488221e-06    -2.408789e-08    -8.901257e-07    1.222054e-07    -3.036784e-08
-1.460532e-07    -1.060707e-07    -1.890841e-08    -8.082829e-08    1.220285e-07    -1.096453e-07    1.08527e-07    4.510689e-08    -1.350785e-07    8.245771e-08    -5.870765e-08    -2.89448e-08    -7.990152e-08    -6.395903e-08    1.368151e-07    -2.408789e-08    1.469001e-06    -2.675869e-07    -8.766441e-07    3.187884e-07
-1.541936e-07    -1.007505e-07    -1.927688e-08    -1.02826e-07    1.428873e-07    -1.075982e-07    1.157465e-07    3.452019e-08    -1.559542e-07    5.172696e-08    -7.119648e-08    -2.928284e-08    -5.470747e-08    -9.432675e-08    1.308943e-07    -8.901257e-07    -2.675869e-07    1.48309e-06    1.63897e-08    -6.518244e-07
1.696457e-07    -9.974307e-08    -1.427221e-07    1.268491e-07    2.291307e-09    -3.490779e-09    1.487158e-08    3.204628e-08    -6.151126e-08    -8.778101e-09    1.299544e-07    -1.040253e-07    -9.187547e-08    8.585672e-08    -4.968168e-08    1.222054e-07    -8.766441e-07    1.63897e-08    1.491342e-06    -6.821081e-07
-2.840577e-08    1.974416e-07    1.439087e-07    -3.390435e-08    -1.196286e-07    9.901457e-08    -8.963512e-08    -3.986969e-08    1.987822e-07    -7.70477e-08    -2.255562e-08    1.565102e-07    1.057459e-07    -4.106822e-08    -7.087612e-08    -3.036784e-08    3.187884e-07    -6.518244e-07    -6.821081e-07    1.407593e-06
