1.50224e-06    8.840528e-08    -8.956167e-07    -7.148572e-08    1.182897e-09    1.531463e-07    1.20163e-07    -6.305483e-09    2.412854e-07    -2.35695e-07    1.271381e-07    -1.551488e-07    -1.413345e-07    1.400886e-07    1.99178e-08    5.037479e-08    -1.477937e-09    -1.017281e-08    3.607094e-08    -1.802011e-08
8.840528e-08    1.435959e-06    -2.204547e-07    -9.522975e-07    2.322514e-07    -3.395651e-07    2.369549e-07    4.037644e-07    -3.430704e-07    -2.440391e-08    -9.456546e-08    -6.403657e-08    -5.942889e-08    -5.890387e-08    1.210853e-07    -5.194335e-08    6.564843e-08    1.129291e-07    -4.056809e-08    -2.904896e-08
-8.956167e-07    -2.204547e-07    1.417768e-06    -1.869782e-09    -5.391077e-07    -3.148604e-07    2.473145e-07    3.422208e-07    -3.450533e-07    4.398287e-08    -7.379977e-08    -4.24679e-08    -4.802577e-08    -1.04423e-07    1.28705e-07    -5.578538e-08    8.822685e-08    8.400916e-08    -2.357047e-08    -6.122152e-08
-7.148572e-08    -9.522975e-07    -1.869782e-09    1.52686e-06    -6.059923e-07    2.047551e-07    5.996462e-08    -6.994254e-08    2.543509e-07    -1.845656e-07    1.397719e-07    -1.187433e-07    -1.29498e-07    1.279197e-07    -4.221487e-09    6.185578e-08    1.485448e-08    -1.98732e-08    4.24029e-08    -5.299529e-08
1.182897e-09    2.322514e-07    -5.391077e-07    -6.059923e-07    1.410909e-06    1.49191e-07    -3.396956e-07    -3.306229e-07    1.009585e-07    1.816503e-07    -3.893373e-08    1.860045e-07    1.810991e-07    -4.710991e-08    -1.19348e-07    1.462609e-08    -7.885766e-08    -9.695632e-08    -1.514275e-08    1.083586e-07
1.531463e-07    -3.395651e-07    -3.148604e-07    2.047551e-07    1.49191e-07    1.234127e-06    -4.804401e-07    -3.595327e-07    2.420844e-08    -2.228069e-07    2.64867e-08    1.184302e-07    1.517627e-07    7.02234e-08    -1.685225e-07    8.112913e-09    -1.096453e-07    -1.075982e-07    -3.490779e-09    9.901457e-08
1.20163e-07    2.369549e-07    2.473145e-07    5.996462e-08    -3.396956e-07    -4.804401e-07    2.059324e-06    -3.350662e-07    -5.089342e-07    1.258872e-07    1.298707e-07    -2.812343e-07    -2.991817e-07    1.337999e-07    1.645349e-07    -2.988873e-08    1.08527e-07    1.157465e-07    1.487158e-08    -8.963512e-08
-6.305483e-09    4.037644e-07    3.422208e-07    -6.994254e-08    -3.306229e-07    -3.595327e-07    -3.350662e-07    2.003166e-06    -3.070425e-07    -9.751981e-07    1.008371e-07    -3.056814e-07    -3.05131e-07    6.222893e-08    2.051128e-07    1.820783e-08    4.510689e-08    3.452019e-08    3.204628e-08    -3.986969e-08
2.412854e-07    -3.430704e-07    -3.450533e-07    2.543509e-07    1.009585e-07    2.420844e-08    -5.089342e-07    -3.070425e-07    1.35192e-06    -3.081432e-07    8.10535e-08    8.526843e-08    1.125857e-07    1.178478e-07    -1.983188e-07    -4.70866e-08    -1.350785e-07    -1.559542e-07    -6.151126e-08    1.987822e-07
-2.35695e-07    -2.440391e-08    4.398287e-08    -1.845656e-07    1.816503e-07    -2.228069e-07    1.258872e-07    -9.751981e-07    -3.081432e-07    1.448944e-06    -1.608349e-07    1.853117e-07    1.595136e-07    -1.836415e-07    2.011798e-08    2.224686e-08    8.245771e-08    5.172696e-08    -8.778101e-09    -7.70477e-08
1.271381e-07    -9.456546e-08    -7.379977e-08    1.397719e-07    -3.893373e-08    2.64867e-08    1.298707e-07    1.008371e-07    8.10535e-08    -1.608349e-07    1.52958e-06    6.45166e-08    -9.56524e-07    -9.956706e-08    -2.853993e-08    1.016575e-07    -5.870765e-08    -7.119648e-08    1.299544e-07    -2.255562e-08
-1.551488e-07    -6.403657e-08    -4.24679e-08    -1.187433e-07    1.860045e-07    1.184302e-07    -2.812343e-07    -3.056814e-07    8.526843e-08    1.853117e-07    6.45166e-08    1.446377e-06    -1.275845e-07    -9.453861e-07    1.627079e-07    -1.004725e-07    -2.89448e-08    -2.928284e-08    -1.040253e-07    1.565102e-07
-1.413345e-07    -5.942889e-08    -4.802577e-08    -1.29498e-07    1.810991e-07    1.517627e-07    -2.991817e-07    -3.05131e-07    1.125857e-07    1.595136e-07    -9.56524e-07    -1.275845e-07    1.464836e-06    9.324971e-08    -6.101678e-07    -7.310064e-08    -7.990152e-08    -5.470747e-08    -9.187547e-08    1.057459e-07
1.400886e-07    -5.890387e-08    -1.04423e-07    1.279197e-07    -4.710991e-08    7.02234e-08    1.337999e-07    6.222893e-08    1.178478e-07    -1.836415e-07    -9.956706e-08    -9.453861e-07    9.324971e-08    1.54226e-06    -5.403509e-07    1.222987e-07    -6.395903e-08    -9.432675e-08    8.585672e-08    -4.106822e-08
1.99178e-08    1.210853e-07    1.28705e-07    -4.221487e-09    -1.19348e-07    -1.685225e-07    1.645349e-07    2.051128e-07    -1.983188e-07    2.011798e-08    -2.853993e-08    1.627079e-07    -6.101678e-07    -5.403509e-07    1.400184e-06    -2.278646e-08    1.368151e-07    1.308943e-07    -4.968168e-08    -7.087612e-08
5.037479e-08    -5.194335e-08    -5.578538e-08    6.185578e-08    1.462609e-08    8.112913e-09    -2.988873e-08    1.820783e-08    -4.70866e-08    2.224686e-08    1.016575e-07    -1.004725e-07    -7.310064e-08    1.222987e-07    -2.278646e-08    1.488221e-06    -2.408789e-08    -8.901257e-07    1.222054e-07    -3.036784e-08
-1.477937e-09    6.564843e-08    8.822685e-08    1.485448e-08    -7.885766e-08    -1.096453e-07    1.08527e-07    4.510689e-08    -1.350785e-07    8.245771e-08    -5.870765e-08    -2.89448e-08    -7.990152e-08    -6.395903e-08    1.368151e-07    -2.408789e-08    1.469001e-06    -2.675869e-07    -8.766441e-07    3.187884e-07
-1.017281e-08    1.129291e-07    8.400916e-08    -1.98732e-08    -9.695632e-08    -1.075982e-07    1.157465e-07    3.452019e-08    -1.559542e-07    5.172696e-08    -7.119648e-08    -2.928284e-08    -5.470747e-08    -9.432675e-08    1.308943e-07    -8.901257e-07    -2.675869e-07    1.48309e-06    1.63897e-08    -6.518244e-07
3.607094e-08    -4.056809e-08    -2.357047e-08    4.24029e-08    -1.514275e-08    -3.490779e-09    1.487158e-08    3.204628e-08    -6.151126e-08    -8.778101e-09    1.299544e-07    -1.040253e-07    -9.187547e-08    8.585672e-08    -4.968168e-08    1.222054e-07    -8.766441e-07    1.63897e-08    1.491342e-06    -6.821081e-07
-1.802011e-08    -2.904896e-08    -6.122152e-08    -5.299529e-08    1.083586e-07    9.901457e-08    -8.963512e-08    -3.986969e-08    1.987822e-07    -7.70477e-08    -2.255562e-08    1.565102e-07    1.057459e-07    -4.106822e-08    -7.087612e-08    -3.036784e-08    3.187884e-07    -6.518244e-07    -6.821081e-07    1.407593e-06
