1.457257e-06    1.743115e-07    -9.820345e-07    -2.900465e-08    -9.333046e-09    9.244523e-08    -1.134345e-07    -9.45354e-08    9.423173e-08    2.068195e-08    9.891892e-08    -9.436793e-08    -7.799808e-08    8.363312e-08    -3.495001e-08
1.743115e-07    1.616657e-06    -3.358758e-07    -9.808844e-07    3.401568e-07    -1.290405e-07    4.168029e-08    3.950273e-08    -1.265016e-07    9.531791e-08    -1.183046e-07    -1.836602e-08    -1.323791e-08    -9.909853e-08    1.082893e-07
-9.820345e-07    -3.358758e-07    1.598062e-06    1.488089e-07    -7.693114e-07    -9.30373e-08    2.668827e-08    1.394906e-08    -1.044701e-07    6.902153e-08    -8.31496e-08    -1.030796e-08    -2.329261e-08    -9.795451e-08    1.318902e-07
-2.900465e-08    -9.808844e-07    1.488089e-07    1.454786e-06    -6.167025e-07    1.270503e-07    -9.270717e-08    -1.063806e-07    9.185157e-08    -2.036039e-08    1.34295e-07    -1.057208e-07    -9.456781e-08    1.114041e-07    -2.303588e-08
-9.333046e-09    3.401568e-07    -7.693114e-07    -6.167025e-07    1.398793e-06    -3.801253e-09    7.240778e-08    8.69219e-08    1.759631e-08    -9.089819e-08    -4.434065e-08    1.180164e-07    1.122484e-07    1.235905e-08    -1.103303e-07
9.244523e-08    -1.290405e-07    -9.30373e-08    1.270503e-07    -3.801253e-09    1.52958e-06    6.45166e-08    -9.56524e-07    -9.956706e-08    -2.853993e-08    1.016575e-07    -5.870765e-08    -7.119648e-08    1.299544e-07    -2.255562e-08
-1.134345e-07    4.168029e-08    2.668827e-08    -9.270717e-08    7.240778e-08    6.45166e-08    1.446377e-06    -1.275845e-07    -9.453861e-07    1.627079e-07    -1.004725e-07    -2.89448e-08    -2.928284e-08    -1.040253e-07    1.565102e-07
-9.45354e-08    3.950273e-08    1.394906e-08    -1.063806e-07    8.69219e-08    -9.56524e-07    -1.275845e-07    1.464836e-06    9.324971e-08    -6.101678e-07    -7.310064e-08    -7.990152e-08    -5.470747e-08    -9.187547e-08    1.057459e-07
9.423173e-08    -1.265016e-07    -1.044701e-07    9.185157e-08    1.759631e-08    -9.956706e-08    -9.453861e-07    9.324971e-08    1.54226e-06    -5.403509e-07    1.222987e-07    -6.395903e-08    -9.432675e-08    8.585672e-08    -4.106822e-08
2.068195e-08    9.531791e-08    6.902153e-08    -2.036039e-08    -9.089819e-08    -2.853993e-08    1.627079e-07    -6.101678e-07    -5.403509e-07    1.400184e-06    -2.278646e-08    1.368151e-07    1.308943e-07    -4.968168e-08    -7.087612e-08
9.891892e-08    -1.183046e-07    -8.31496e-08    1.34295e-07    -4.434065e-08    1.016575e-07    -1.004725e-07    -7.310064e-08    1.222987e-07    -2.278646e-08    1.488221e-06    -2.408789e-08    -8.901257e-07    1.222054e-07    -3.036784e-08
-9.436793e-08    -1.836602e-08    -1.030796e-08    -1.057208e-07    1.180164e-07    -5.870765e-08    -2.89448e-08    -7.990152e-08    -6.395903e-08    1.368151e-07    -2.408789e-08    1.469001e-06    -2.675869e-07    -8.766441e-07    3.187884e-07
-7.799808e-08    -1.323791e-08    -2.329261e-08    -9.456781e-08    1.122484e-07    -7.119648e-08    -2.928284e-08    -5.470747e-08    -9.432675e-08    1.308943e-07    -8.901257e-07    -2.675869e-07    1.48309e-06    1.63897e-08    -6.518244e-07
8.363312e-08    -9.909853e-08    -9.795451e-08    1.114041e-07    1.235905e-08    1.299544e-07    -1.040253e-07    -9.187547e-08    8.585672e-08    -4.968168e-08    1.222054e-07    -8.766441e-07    1.63897e-08    1.491342e-06    -6.821081e-07
-3.495001e-08    1.082893e-07    1.318902e-07    -2.303588e-08    -1.103303e-07    -2.255562e-08    1.565102e-07    1.057459e-07    -4.106822e-08    -7.087612e-08    -3.036784e-08    3.187884e-07    -6.518244e-07    -6.821081e-07    1.407593e-06
