1.503816e-06    -3.236597e-08    -1.010917e-06    -1.083135e-07    2.548686e-08    7.95611e-08    -2.444017e-08    4.698947e-09    4.765644e-08    -4.009192e-08
-3.236597e-08    1.440415e-06    -5.792624e-08    -8.496947e-07    1.39388e-07    -9.79059e-08    1.506689e-07    1.588674e-07    -1.014863e-07    -4.502294e-08
-1.010917e-06    -5.792624e-08    1.476971e-06    3.995668e-08    -4.829537e-07    -8.597955e-08    9.46762e-08    1.140144e-07    -1.96383e-08    -7.257898e-08
-1.083135e-07    -8.496947e-07    3.995668e-08    1.484074e-06    -5.214013e-07    1.026742e-07    -1.068482e-08    -6.362696e-08    4.150707e-08    -5.443866e-08
2.548686e-08    1.39388e-07    -4.829537e-07    -5.214013e-07    1.276237e-06    -2.266994e-08    -8.226433e-08    -7.235096e-08    -1.444887e-08    1.045495e-07
7.95611e-08    -9.79059e-08    -8.597955e-08    1.026742e-07    -2.266994e-08    1.52958e-06    6.45166e-08    -9.56524e-07    -9.956706e-08    -2.853993e-08
-2.444017e-08    1.506689e-07    9.46762e-08    -1.068482e-08    -8.226433e-08    6.45166e-08    1.446377e-06    -1.275845e-07    -9.453861e-07    1.627079e-07
4.698947e-09    1.588674e-07    1.140144e-07    -6.362696e-08    -7.235096e-08    -9.56524e-07    -1.275845e-07    1.464836e-06    9.324971e-08    -6.101678e-07
4.765644e-08    -1.014863e-07    -1.96383e-08    4.150707e-08    -1.444887e-08    -9.956706e-08    -9.453861e-07    9.324971e-08    1.54226e-06    -5.403509e-07
-4.009192e-08    -4.502294e-08    -7.257898e-08    -5.443866e-08    1.045495e-07    -2.853993e-08    1.627079e-07    -6.101678e-07    -5.403509e-07    1.400184e-06
