3.392125e-06    1.414147e-06    -9.298977e-07    8.198693e-07    -2.142248e-06    9.909351e-07    1.80012e-06    1.183699e-06    2.056188e-07    -2.355456e-06    9.037078e-07    -1.618047e-06    -2.883466e-06    -1.278332e-06    1.249416e-06    -1.202674e-06    -2.200628e-06    -1.777969e-06    -8.569895e-07    4.044791e-06    4.325995e-06    6.468588e-07    -5.33758e-06    1.032489e-06    -1.530179e-06    -3.651333e-07    1.348262e-06    2.236979e-06    -1.880964e-07    -1.965828e-06    -6.960302e-07    1.545935e-06    2.230764e-06    -3.720447e-07    -2.917472e-06
1.414147e-06    4.141736e-06    2.320436e-06    -3.935851e-07    -2.24413e-06    -1.997415e-08    2.892947e-06    2.5437e-06    9.405291e-07    -3.911503e-06    -1.828949e-07    -3.364176e-06    -4.432456e-06    -1.008895e-06    3.183487e-06    -1.01283e-06    -3.481351e-06    -2.817761e-06    -7.253656e-08    4.997757e-06    5.111185e-06    4.449445e-07    -3.902871e-06    -1.359285e-06    -9.752303e-07    -2.75422e-07    3.846259e-06    2.222457e-06    -1.525623e-06    -1.380811e-06    1.098753e-06    1.474287e-06    1.498697e-06    -1.176904e-06    -3.197318e-06
-9.298977e-07    2.320436e-06    4.14213e-06    2.304509e-07    -2.687477e-06    -6.334833e-07    1.680082e-06    1.936534e-06    1.634805e-06    -2.451573e-06    -8.731159e-07    -2.880926e-06    -3.21653e-06    -8.781326e-08    3.087729e-06    -4.845748e-07    -2.431351e-06    -1.892144e-06    9.091662e-07    2.315363e-06    3.737436e-06    -1.172286e-06    -1.226291e-06    -1.820913e-06    -1.164174e-07    -5.786227e-07    3.319634e-06    1.745091e-06    -1.48244e-06    -8.910403e-07    1.260399e-06    8.374693e-07    2.51348e-07    -1.585965e-06    -1.259044e-06
8.198693e-07    -3.935851e-07    2.304509e-07    2.260087e-06    -2.537147e-06    3.209394e-07    1.421296e-07    5.912623e-07    6.822242e-07    -1.619027e-06    5.805374e-07    -6.189305e-07    -1.034239e-06    -4.742073e-07    6.477282e-07    -4.132305e-07    -5.999348e-07    -5.89942e-07    -1.635374e-08    6.757703e-07    3.127912e-06    -1.115511e-06    -1.768394e-06    -2.882825e-07    1.122777e-07    5.546503e-08    2.551622e-07    8.973268e-07    5.801778e-07    -1.463121e-06    -9.358235e-07    1.037759e-06    4.435361e-07    -7.650152e-07    -2.105098e-07
-2.142248e-06    -2.24413e-06    -2.687477e-06    -2.537147e-06    6.541278e-06    -1.463743e-07    -2.58489e-06    -3.352383e-06    -2.101703e-06    4.909608e-06    -7.796222e-07    3.223446e-06    4.643167e-06    9.692961e-07    -2.576454e-06    1.276003e-06    3.586411e-06    3.337515e-06    -3.625751e-07    -4.936005e-06    -7.629705e-06    1.064557e-06    4.45005e-06    1.164334e-07    2.370908e-06    9.178433e-07    -3.379373e-06    -3.729577e-06    6.88105e-07    3.197612e-06    9.324979e-07    -2.780041e-06    -2.030859e-06    2.249521e-06    2.473856e-06
9.909351e-07    -1.997415e-08    -6.334833e-07    3.209394e-07    -1.463743e-07    1.400239e-06    6.521772e-07    1.790965e-08    -4.806225e-08    -7.365724e-07    -2.101299e-07    -2.685982e-07    -6.348923e-07    -1.079357e-06    1.135036e-06    -8.458625e-07    -1.253881e-06    -9.014439e-07    -5.660502e-07    1.970995e-06    1.036904e-06    7.076776e-07    -2.865011e-06    5.404522e-08    -3.672201e-07    -6.686011e-07    5.809589e-07    1.611685e-06    -9.138981e-09    -9.614116e-07    -1.950008e-07    9.531742e-08    4.919591e-07    -2.017722e-08    -7.50695e-07
1.80012e-06    2.892947e-06    1.680082e-06    1.421296e-07    -2.58489e-06    6.521772e-07    3.027089e-06    2.020881e-06    6.927329e-07    -3.62508e-06    -2.108941e-07    -2.96552e-06    -3.751906e-06    -1.049187e-06    2.924723e-06    -1.061906e-06    -3.213178e-06    -2.710421e-06    -1.268602e-07    4.713298e-06    4.531901e-06    3.596625e-07    -4.016864e-06    -2.064152e-07    -1.492472e-06    -6.575484e-07    3.311587e-06    2.611987e-06    -1.316122e-06    -1.609285e-06    5.197017e-07    1.225205e-06    1.433311e-06    -8.613832e-07    -2.730547e-06
1.183699e-06    2.5437e-06    1.936534e-06    5.912623e-07    -3.352383e-06    1.790965e-08    2.020881e-06    2.82274e-06    1.336136e-06    -3.269642e-06    2.227603e-07    -2.299671e-06    -3.213435e-06    -4.595449e-07    1.856873e-06    -6.69753e-07    -3.041732e-06    -2.742729e-06    2.186591e-07    3.770711e-06    4.490023e-06    4.808629e-07    -2.602931e-06    -7.88464e-07    -1.39715e-06    -7.384559e-07    2.761411e-06    2.578451e-06    -9.970114e-07    -1.602114e-06    3.39379e-07    1.572095e-06    1.078795e-06    -1.496649e-06    -1.92568e-06
2.056188e-07    9.405291e-07    1.634805e-06    6.822242e-07    -2.101703e-06    -4.806225e-08    6.927329e-07    1.336136e-06    1.470237e-06    -1.649268e-06    -4.650415e-08    -1.713782e-06    -2.308598e-06    -2.954398e-07    1.697036e-06    -1.988039e-07    -2.342564e-06    -2.155944e-06    4.162695e-07    2.311064e-06    3.771153e-06    -4.717208e-07    -2.616478e-06    -9.345595e-07    -1.752193e-07    -7.775991e-07    1.926781e-06    2.088081e-06    -6.667057e-07    -1.182976e-06    2.38014e-07    1.206949e-06    6.709337e-07    -1.166933e-06    -1.183323e-06
-2.355456e-06    -3.911503e-06    -2.451573e-06    -1.619027e-06    4.909608e-06    -7.365724e-07    -3.62508e-06    -3.269642e-06    -1.649268e-06    6.729782e-06    -2.034915e-07    3.89553e-06    5.274995e-06    1.723647e-06    -3.698915e-06    1.321232e-06    4.520378e-06    4.231758e-06    -3.998335e-08    -6.618436e-06    -8.411649e-06    4.637826e-07    5.636722e-06    8.414704e-07    2.834092e-06    8.271528e-07    -4.496391e-06    -3.875648e-06    1.349559e-06    2.786469e-06    1.98933e-07    -2.901921e-06    -2.149454e-06    2.042336e-06    3.556679e-06
9.037078e-07    -1.828949e-07    -8.731159e-07    5.805374e-07    -7.796222e-07    -2.101299e-07    -2.108941e-07    2.227603e-07    -4.650415e-08    -2.034915e-07    1.101374e-06    1.805458e-07    -2.480757e-07    8.073548e-09    -8.923932e-07    1.251586e-07    1.566642e-07    -1.116239e-07    -8.061614e-08    5.626071e-08    6.601629e-07    -8.858163e-08    -4.119419e-07    1.045304e-06    -3.652002e-07    2.546686e-07    -4.760731e-07    -9.446036e-09    4.767296e-07    -4.479196e-07    -8.572738e-07    7.456296e-07    5.977117e-07    -9.204034e-08    -3.279814e-07
-1.618047e-06    -3.364176e-06    -2.880926e-06    -6.189305e-07    3.223446e-06    -2.685982e-07    -2.96552e-06    -2.299671e-06    -1.713782e-06    3.89553e-06    1.805458e-07    5.823259e-06    6.991683e-06    1.489291e-06    -5.988335e-06    1.423234e-06    6.202476e-06    4.844443e-06    -4.76087e-07    -6.73399e-06    -9.558269e-06    1.484369e-06    9.459353e-06    1.378907e-06    -1.206722e-06    7.91406e-07    -5.665403e-06    -4.175401e-06    1.934928e-06    2.887456e-06    -1.425674e-06    -2.428731e-06    -2.295377e-06    1.738799e-06    5.003556e-06
-2.883466e-06    -4.432456e-06    -3.21653e-06    -1.034239e-06    4.643167e-06    -6.348923e-07    -3.751906e-06    -3.213435e-06    -2.308598e-06    5.274995e-06    -2.480757e-07    6.991683e-06    9.318134e-06    2.362606e-06    -7.345552e-06    2.23665e-06    8.100673e-06    6.294562e-06    -2.739433e-07    -9.607559e-06    -1.289104e-05    1.429333e-06    1.312969e-05    1.561301e-06    -5.843895e-07    1.256062e-06    -6.966221e-06    -5.9796e-06    2.183232e-06    4.239313e-06    -1.047003e-06    -3.593689e-06    -3.800013e-06    2.404836e-06    6.865805e-06
-1.278332e-06    -1.008895e-06    -8.781326e-08    -4.742073e-07    9.692961e-07    -1.079357e-06    -1.049187e-06    -4.595449e-07    -2.954398e-07    1.723647e-06    8.073548e-09    1.489291e-06    2.362606e-06    1.899966e-06    -2.385752e-06    1.505879e-06    2.210872e-06    1.506404e-06    6.751918e-07    -3.584818e-06    -3.550188e-06    7.230838e-08    5.384365e-06    2.372337e-07    2.01339e-07    5.131413e-07    -1.801848e-06    -2.122917e-06    1.858792e-07    1.688216e-06    7.961171e-08    -9.052329e-07    -1.308478e-06    3.961348e-07    2.331499e-06
1.249416e-06    3.183487e-06    3.087729e-06    6.477282e-07    -2.576454e-06    1.135036e-06    2.924723e-06    1.856873e-06    1.697036e-06    -3.698915e-06    -8.923932e-07    -5.988335e-06    -7.345552e-06    -2.385752e-06    7.668607e-06    -2.245317e-06    -6.967913e-06    -4.956222e-06    1.055927e-07    7.661981e-06    9.5818e-06    -1.527923e-06    -1.127448e-05    -2.4269e-06    2.108021e-06    -1.167599e-06    6.181518e-06    4.948369e-06    -1.89083e-06    -3.39713e-06    1.792344e-06    2.055818e-06    2.186796e-06    -1.849154e-06    -5.280826e-06
-1.202674e-06    -1.01283e-06    -4.845748e-07    -4.132305e-07    1.276003e-06    -8.458625e-07    -1.061906e-06    -6.69753e-07    -1.988039e-07    1.321232e-06    1.251586e-07    1.423234e-06    2.23665e-06    1.505879e-06    -2.245317e-06    1.77138e-06    1.827612e-06    7.88209e-07    5.55734e-07    -3.047815e-06    -2.921559e-06    1.284259e-07    4.497538e-06    2.810109e-07    2.261071e-07    3.660676e-07    -1.63974e-06    -1.73578e-06    2.420779e-07    1.565883e-06    -2.138243e-08    -5.87264e-07    -1.260815e-06    4.467265e-07    2.09431e-06
-2.200628e-06    -3.481351e-06    -2.431351e-06    -5.999348e-07    3.586411e-06    -1.253881e-06    -3.213178e-06    -3.041732e-06    -2.342564e-06    4.520378e-06    1.566642e-07    6.202476e-06    8.100673e-06    2.210872e-06    -6.967913e-06    1.827612e-06    8.867909e-06    7.118404e-06    -5.673406e-07    -9.538712e-06    -1.190987e-05    4.735278e-07    1.302669e-05    1.739977e-06    -8.504247e-07    2.066146e-06    -6.639388e-06    -6.744385e-06    2.228866e-06    3.917638e-06    -1.073342e-06    -3.191474e-06    -3.251476e-06    2.240955e-06    6.057775e-06
-1.777969e-06    -2.817761e-06    -1.892144e-06    -5.89942e-07    3.337515e-06    -9.014439e-07    -2.710421e-06    -2.742729e-06    -2.155944e-06    4.231758e-06    -1.116239e-07    4.844443e-06    6.294562e-06    1.506404e-06    -4.956222e-06    7.88209e-07    7.118404e-06    6.609564e-06    -6.717067e-07    -7.683615e-06    -9.738047e-06    3.631351e-07    9.394164e-06    1.038212e-06    3.210334e-07    1.989927e-06    -5.287188e-06    -5.815105e-06    1.836902e-06    3.120621e-06    -5.717433e-07    -3.032526e-06    -2.444044e-06    2.082221e-06    4.38176e-06
-8.569895e-07    -7.253656e-08    9.091662e-07    -1.635374e-08    -3.625751e-07    -5.660502e-07    -1.268602e-07    2.186591e-07    4.162695e-07    -3.998335e-08    -8.061614e-08    -4.76087e-07    -2.739433e-07    6.751918e-07    1.055927e-07    5.55734e-07    -5.673406e-07    -6.717067e-07    1.141915e-06    -3.902713e-07    1.145614e-06    -7.848757e-07    5.596224e-07    -2.403757e-07    4.068743e-07    -2.277875e-07    3.101538e-07    1.977323e-07    -3.300482e-07    1.954136e-07    -1.090519e-07    2.834965e-07    5.435149e-08    -3.163998e-07    3.383353e-07
4.044791e-06    4.997757e-06    2.315363e-06    6.757703e-07    -4.936005e-06    1.970995e-06    4.713298e-06    3.770711e-06    2.311064e-06    -6.618436e-06    5.626071e-08    -6.73399e-06    -9.607559e-06    -3.584818e-06    7.661981e-06    -3.047815e-06    -9.538712e-06    -7.683615e-06    -3.902713e-07    1.27028e-05    1.363793e-05    1.364348e-07    -1.548477e-05    -1.216324e-06    -1.643782e-06    -2.332171e-06    7.639117e-06    7.966843e-06    -2.38766e-06    -5.003019e-06    3.704854e-07    3.987216e-06    4.679033e-06    -2.384644e-06    -7.704363e-06
4.325995e-06    5.111185e-06    3.737436e-06    3.127912e-06    -7.629705e-06    1.036904e-06    4.531901e-06    4.490023e-06    3.771153e-06    -8.411649e-06    6.601629e-07    -9.558269e-06    -1.289104e-05    -3.550188e-06    9.5818e-06    -2.921559e-06    -1.190987e-05    -9.738047e-06    1.145614e-06    1.363793e-05    2.349586e-05    -2.854131e-06    -2.112203e-05    -3.096341e-06    9.872133e-07    -1.992841e-06    8.829088e-06    9.109557e-06    -2.429258e-06    -6.436287e-06    -7.831592e-08    5.799193e-06    6.318564e-06    -3.073188e-06    -9.620061e-06
6.468588e-07    4.449445e-07    -1.172286e-06    -1.115511e-06    1.064557e-06    7.076776e-07    3.596625e-07    4.808629e-07    -4.717208e-07    4.637826e-07    -8.858163e-08    1.484369e-06    1.429333e-06    7.230838e-08    -1.527923e-06    1.284259e-07    4.735278e-07    3.631351e-07    -7.848757e-07    1.364348e-07    -2.854131e-06    3.258438e-06    1.376216e-06    1.573898e-07    -8.737375e-07    -2.742369e-07    -8.571471e-07    -2.601387e-08    1.182611e-08    6.722934e-07    1.580275e-07    -1.092434e-06    -4.024501e-07    8.908679e-07    6.997403e-07
-5.33758e-06    -3.902871e-06    -1.226291e-06    -1.768394e-06    4.45005e-06    -2.865011e-06    -4.016864e-06    -2.602931e-06    -2.616478e-06    5.636722e-06    -4.119419e-07    9.459353e-06    1.312969e-05    5.384365e-06    -1.127448e-05    4.497538e-06    1.302669e-05    9.394164e-06    5.596224e-07    -1.548477e-05    -2.112203e-05    1.376216e-06    2.707695e-05    1.631004e-06    -2.91166e-06    2.386901e-06    -9.113174e-06    -1.012369e-05    2.221279e-06    7.13034e-06    -5.796658e-07    -4.846308e-06    -6.854194e-06    1.894942e-06    1.15542e-05
1.032489e-06    -1.359285e-06    -1.820913e-06    -2.882825e-07    1.164334e-07    5.404522e-08    -2.064152e-07    -7.88464e-07    -9.345595e-07    8.414704e-07    1.045304e-06    1.378907e-06    1.561301e-06    2.372337e-07    -2.4269e-06    2.810109e-07    1.739977e-06    1.038212e-06    -2.403757e-07    -1.216324e-06    -3.096341e-06    1.573898e-07    1.631004e-06    4.192513e-06    -2.592422e-06    -4.652749e-08    -1.429688e-06    -6.28364e-07    3.767355e-07    3.296455e-07    -1.26727e-06    2.077019e-07    3.964465e-07    5.334074e-07    2.311566e-07
-1.530179e-06    -9.752303e-07    -1.164174e-07    1.122777e-07    2.370908e-06    -3.672201e-07    -1.492472e-06    -1.39715e-06    -1.752193e-07    2.834092e-06    -3.652002e-07    -1.206722e-06    -5.843895e-07    2.01339e-07    2.108021e-06    2.261071e-07    -8.504247e-07    3.210334e-07    4.068743e-07    -1.643782e-06    9.872133e-07    -8.737375e-07    -2.91166e-06    -2.592422e-06    7.521074e-06    1.161467e-06    9.181614e-08    -1.164363e-06    5.40201e-07    1.228142e-07    1.571253e-06    -1.339999e-06    -1.096849e-06    9.884765e-07    4.156014e-08
-3.651333e-07    -2.75422e-07    -5.786227e-07    5.546503e-08    9.178433e-07    -6.686011e-07    -6.575484e-07    -7.384559e-07    -7.775991e-07    8.271528e-07    2.546686e-07    7.91406e-07    1.256062e-06    5.131413e-07    -1.167599e-06    3.660676e-07    2.066146e-06    1.989927e-06    -2.277875e-07    -2.332171e-06    -1.992841e-06    -2.742369e-07    2.386901e-06    -4.652749e-08    1.161467e-06    1.35958e-06    -1.267417e-06    -2.421742e-06    6.35781e-07    8.967332e-07    5.380456e-08    -7.332438e-07    -7.395599e-07    7.417616e-07    8.935114e-07
1.348262e-06    3.846259e-06    3.319634e-06    2.551622e-07    -3.379373e-06    5.809589e-07    3.311587e-06    2.761411e-06    1.926781e-06    -4.496391e-06    -4.760731e-07    -5.665403e-06    -6.966221e-06    -1.801848e-06    6.181518e-06    -1.63974e-06    -6.639388e-06    -5.287188e-06    3.101538e-07    7.639117e-06    8.829088e-06    -8.571471e-07    -9.113174e-06    -1.429688e-06    9.181614e-08    -1.267417e-06    6.292541e-06    4.837507e-06    -2.255075e-06    -2.968595e-06    1.550597e-06    2.473488e-06    2.141763e-06    -2.084547e-06    -4.940537e-06
2.236979e-06    2.222457e-06    1.745091e-06    8.973268e-07    -3.729577e-06    1.611685e-06    2.611987e-06    2.578451e-06    2.088081e-06    -3.875648e-06    -9.446036e-09    -4.175401e-06    -5.9796e-06    -2.122917e-06    4.948369e-06    -1.73578e-06    -6.744385e-06    -5.815105e-06    1.977323e-07    7.966843e-06    9.109557e-06    -2.601387e-08    -1.012369e-05    -6.28364e-07    -1.164363e-06    -2.421742e-06    4.837507e-06    6.398807e-06    -1.542706e-06    -3.636627e-06    5.607337e-08    2.760988e-06    2.823977e-06    -2.08021e-06    -4.360674e-06
-1.880964e-07    -1.525623e-06    -1.48244e-06    5.801778e-07    6.88105e-07    -9.138981e-09    -1.316122e-06    -9.970114e-07    -6.667057e-07    1.349559e-06    4.767296e-07    1.934928e-06    2.183232e-06    1.858792e-07    -1.89083e-06    2.420779e-07    2.228866e-06    1.836902e-06    -3.300482e-07    -2.38766e-06    -2.429258e-06    1.182611e-08    2.221279e-06    3.767355e-07    5.40201e-07    6.35781e-07    -2.255075e-06    -1.542706e-06    1.295829e-06    4.091204e-07    -9.934055e-07    -6.257178e-07    -6.05136e-07    6.572583e-07    1.676094e-06
-1.965828e-06    -1.380811e-06    -8.910403e-07    -1.463121e-06    3.197612e-06    -9.614116e-07    -1.609285e-06    -1.602114e-06    -1.182976e-06    2.786469e-06    -4.479196e-07    2.887456e-06    4.239313e-06    1.688216e-06    -3.39713e-06    1.565883e-06    3.917638e-06    3.120621e-06    1.954136e-07    -5.003019e-06    -6.436287e-06    6.722934e-07    7.13034e-06    3.296455e-07    1.228142e-07    8.967332e-07    -2.968595e-06    -3.636627e-06    4.091204e-07    2.967308e-06    3.925385e-07    -2.008737e-06    -2.005795e-06    1.375701e-06    2.98731e-06
-6.960302e-07    1.098753e-06    1.260399e-06    -9.358235e-07    9.324979e-07    -1.950008e-07    5.197017e-07    3.39379e-07    2.38014e-07    1.98933e-07    -8.572738e-07    -1.425674e-06    -1.047003e-06    7.961171e-08    1.792344e-06    -2.138243e-08    -1.073342e-06    -5.717433e-07    -1.090519e-07    3.704854e-07    -7.831592e-08    1.580275e-07    -5.796658e-07    -1.26727e-06    1.571253e-06    5.380456e-08    1.550597e-06    5.607337e-08    -9.934055e-07    3.925385e-07    2.303782e-06    -5.224286e-07    -8.459685e-07    -2.300365e-07    -9.168202e-07
1.545935e-06    1.474287e-06    8.374693e-07    1.037759e-06    -2.780041e-06    9.531742e-08    1.225205e-06    1.572095e-06    1.206949e-06    -2.901921e-06    7.456296e-07    -2.428731e-06    -3.593689e-06    -9.052329e-07    2.055818e-06    -5.87264e-07    -3.191474e-06    -3.032526e-06    2.834965e-07    3.987216e-06    5.799193e-06    -1.092434e-06    -4.846308e-06    2.077019e-07    -1.339999e-06    -7.332438e-07    2.473488e-06    2.760988e-06    -6.257178e-07    -2.008737e-06    -5.224286e-07    2.565348e-06    1.960738e-06    -1.609865e-06    -2.702971e-06
2.230764e-06    1.498697e-06    2.51348e-07    4.435361e-07    -2.030859e-06    4.919591e-07    1.433311e-06    1.078795e-06    6.709337e-07    -2.149454e-06    5.977117e-07    -2.295377e-06    -3.800013e-06    -1.308478e-06    2.186796e-06    -1.260815e-06    -3.251476e-06    -2.444044e-06    5.435149e-08    4.679033e-06    6.318564e-06    -4.024501e-07    -6.854194e-06    3.964465e-07    -1.096849e-06    -7.395599e-07    2.141763e-06    2.823977e-06    -6.05136e-07    -2.005795e-06    -8.459685e-07    1.960738e-06    2.940409e-06    -6.760558e-07    -3.466035e-06
-3.720447e-07    -1.176904e-06    -1.585965e-06    -7.650152e-07    2.249521e-06    -2.017722e-08    -8.613832e-07    -1.496649e-06    -1.166933e-06    2.042336e-06    -9.204034e-08    1.738799e-06    2.404836e-06    3.961348e-07    -1.849154e-06    4.467265e-07    2.240955e-06    2.082221e-06    -3.163998e-07    -2.384644e-06    -3.073188e-06    8.908679e-07    1.894942e-06    5.334074e-07    9.884765e-07    7.417616e-07    -2.084547e-06    -2.08021e-06    6.572583e-07    1.375701e-06    -2.300365e-07    -1.609865e-06    -6.760558e-07    1.788099e-06    1.273985e-06
-2.917472e-06    -3.197318e-06    -1.259044e-06    -2.105098e-07    2.473856e-06    -7.50695e-07    -2.730547e-06    -1.92568e-06    -1.183323e-06    3.556679e-06    -3.279814e-07    5.003556e-06    6.865805e-06    2.331499e-06    -5.280826e-06    2.09431e-06    6.057775e-06    4.38176e-06    3.383353e-07    -7.704363e-06    -9.620061e-06    6.997403e-07    1.15542e-05    2.311566e-07    4.156014e-08    8.935114e-07    -4.940537e-06    -4.360674e-06    1.676094e-06    2.98731e-06    -9.168202e-07    -2.702971e-06    -3.466035e-06    1.273985e-06    6.452158e-06
