8.56438e-06    1.656935e-06    -3.73977e-06    5.371598e-07    -1.851676e-06    1.268098e-06    -2.016714e-06    -3.545351e-06    -9.366189e-07    1.515786e-06
1.656935e-06    7.710914e-06    1.915862e-06    -2.814275e-06    -1.363248e-06    -6.106852e-07    -3.482954e-06    -4.472234e-06    -1.284907e-06    3.539548e-06
-3.73977e-06    1.915862e-06    8.080443e-06    6.411805e-07    -4.812911e-06    -1.073223e-06    -2.946969e-06    -3.268914e-06    -5.03609e-07    3.425219e-06
5.371598e-07    -2.814275e-06    6.411805e-07    7.31455e-06    -5.379579e-06    9.785535e-07    -1.07737e-06    -1.542032e-06    -2.168535e-07    8.438092e-07
-1.851676e-06    -1.363248e-06    -4.812911e-06    -5.379579e-06    1.304621e-05    -8.235275e-07    3.803943e-06    5.266083e-06    8.984314e-07    -3.165443e-06
1.268098e-06    -6.106852e-07    -1.073223e-06    9.785535e-07    -8.235275e-07    5.827196e-06    -1.955213e-08    -3.154162e-06    -4.402428e-07    -7.192624e-07
-2.016714e-06    -3.482954e-06    -2.946969e-06    -1.07737e-06    3.803943e-06    -1.955213e-08    9.738602e-06    6.803159e-06    -1.049526e-06    -5.626806e-06
-3.545351e-06    -4.472234e-06    -3.268914e-06    -1.542032e-06    5.266083e-06    -3.154162e-06    6.803159e-06    1.369764e-05    2.365745e-06    -8.996157e-06
-9.366189e-07    -1.284907e-06    -5.03609e-07    -2.168535e-07    8.984314e-07    -4.402428e-07    -1.049526e-06    2.365745e-06    6.526551e-06    -3.922509e-06
1.515786e-06    3.539548e-06    3.425219e-06    8.438092e-07    -3.165443e-06    -7.192624e-07    -5.626806e-06    -8.996157e-06    -3.922509e-06    1.153112e-05
