8.56438e-06    1.656935e-06    -3.73977e-06    5.371598e-07    -1.851676e-06    8.580595e-07    1.729407e-06    1.137775e-06    2.783261e-07    -2.115449e-06    1.770169e-06    -4.176982e-06    -4.693695e-06    1.811935e-06    2.864125e-06
1.656935e-06    7.710914e-06    1.915862e-06    -2.814275e-06    -1.363248e-06    -1.395058e-07    2.836613e-06    2.564343e-06    9.923847e-07    -3.839685e-06    -3.749848e-08    -4.361636e-06    -3.717961e-06    -2.728233e-07    4.032175e-06
-3.73977e-06    1.915862e-06    8.080443e-06    6.411805e-07    -4.812911e-06    -5.172671e-07    1.641039e-06    1.875231e-06    1.649648e-06    -2.537654e-06    -8.841579e-07    -2.738193e-06    -1.617688e-06    -8.178965e-09    2.354468e-06
5.371598e-07    -2.814275e-06    6.411805e-07    7.31455e-06    -5.379579e-06    5.240194e-07    1.97802e-07    5.13681e-07    5.173608e-07    -1.666889e-06    1.61777e-06    -2.154694e-06    -2.602499e-06    1.40413e-06    1.00688e-06
-1.851676e-06    -1.363248e-06    -4.812911e-06    -5.379579e-06    1.304621e-05    -1.296483e-07    -2.516145e-06    -3.261733e-06    -2.154308e-06    4.55609e-06    -1.675401e-06    6.614959e-06    6.096781e-06    -2.45497e-06    -4.356541e-06
8.580595e-07    -1.395058e-07    -5.172671e-07    5.240194e-07    -1.296483e-07    6.582398e-06    1.037564e-06    -2.446976e-06    -3.224219e-07    -8.358538e-07    1.063625e-06    -2.200158e-06    -1.780145e-06    1.348081e-06    8.647273e-07
1.729407e-06    2.836613e-06    1.641039e-06    1.97802e-07    -2.516145e-06    1.037564e-06    7.037613e-06    1.691766e-06    -2.041662e-06    -2.820863e-06    3.336553e-08    -4.712402e-06    -3.494572e-06    8.630839e-07    3.596929e-06
1.137775e-06    2.564343e-06    1.875231e-06    5.13681e-07    -3.261733e-06    -2.446976e-06    1.691766e-06    6.470306e-06    1.44606e-06    -4.993714e-06    1.181784e-07    -4.19815e-06    -3.396516e-06    7.018181e-07    3.277825e-06
2.783261e-07    9.923847e-07    1.649648e-06    5.173608e-07    -2.154308e-06    -3.224219e-07    -2.041662e-06    1.44606e-06    6.593983e-06    -4.096146e-06    3.873492e-07    -3.218279e-06    -2.154613e-06    1.506259e-06    1.583625e-06
-2.115449e-06    -3.839685e-06    -2.537654e-06    -1.666889e-06    4.55609e-06    -8.358538e-07    -2.820863e-06    -4.993714e-06    -4.096146e-06    1.26802e-05    -1.397235e-06    7.163059e-06    6.22619e-06    -1.598926e-06    -5.152263e-06
1.770169e-06    -3.749848e-08    -8.841579e-07    1.61777e-06    -1.675401e-06    1.063625e-06    3.336553e-08    1.181784e-07    3.873492e-07    -1.397235e-06    7.237073e-06    -6.570187e-07    -6.570981e-06    -2.4095e-07    1.011372e-06
-4.176982e-06    -4.361636e-06    -2.738193e-06    -2.154694e-06    6.614959e-06    -2.200158e-06    -4.712402e-06    -4.19815e-06    -3.218279e-06    7.163059e-06    -6.570187e-07    1.787854e-05    5.888056e-06    -8.092161e-06    -6.093986e-06
-4.693695e-06    -3.717961e-06    -1.617688e-06    -2.602499e-06    6.096781e-06    -1.780145e-06    -3.494572e-06    -3.396516e-06    -2.154613e-06    6.22619e-06    -6.570981e-06    5.888056e-06    1.463422e-05    -1.604699e-06    -7.426766e-06
1.811935e-06    -2.728233e-07    -8.178965e-09    1.40413e-06    -2.45497e-06    1.348081e-06    8.630839e-07    7.018181e-07    1.506259e-06    -1.598926e-06    -2.4095e-07    -8.092161e-06    -1.604699e-06    8.025108e-06    3.30577e-07
2.864125e-06    4.032175e-06    2.354468e-06    1.00688e-06    -4.356541e-06    8.647273e-07    3.596929e-06    3.277825e-06    1.583625e-06    -5.152263e-06    1.011372e-06    -6.093986e-06    -7.426766e-06    3.30577e-07    7.432968e-06
