8.56438e-06    1.656935e-06    -3.73977e-06    5.371598e-07    -1.851676e-06    4.577488e-06    5.920166e-07    -5.452919e-06    1.160227e-06    -1.605819e-06
1.656935e-06    7.710914e-06    1.915862e-06    -2.814275e-06    -1.363248e-06    4.927729e-06    9.805814e-07    -3.653002e-06    -1.736203e-06    -1.102949e-06
-3.73977e-06    1.915862e-06    8.080443e-06    6.411805e-07    -4.812911e-06    3.475939e-06    -7.722325e-07    -7.083872e-07    -2.104706e-06    -3.187364e-07
5.371598e-07    -2.814275e-06    6.411805e-07    7.31455e-06    -5.379579e-06    3.444185e-06    -1.195539e-06    -1.77012e-06    3.432543e-08    -1.460033e-07
-1.851676e-06    -1.363248e-06    -4.812911e-06    -5.379579e-06    1.304621e-05    -7.669449e-06    6.038539e-07    4.154821e-06    2.64783e-07    2.701993e-06
4.577488e-06    4.927729e-06    3.475939e-06    3.444185e-06    -7.669449e-06    3.447127e-05    -1.75381e-06    -2.926069e-05    -3.41665e-06    1.053693e-06
5.920166e-07    9.805814e-07    -7.722325e-07    -1.195539e-06    6.038539e-07    -1.75381e-06    1.633123e-05    -2.068668e-06    -7.985345e-06    1.689296e-06
-5.452919e-06    -3.653002e-06    -7.083872e-07    -1.77012e-06    4.154821e-06    -2.926069e-05    -2.068668e-06    4.014613e-05    2.628551e-06    -8.016042e-06
1.160227e-06    -1.736203e-06    -2.104706e-06    3.432543e-08    2.64783e-07    -3.41665e-06    -7.985345e-06    2.628551e-06    1.515576e-05    -6.47047e-06
-1.605819e-06    -1.102949e-06    -3.187364e-07    -1.460033e-07    2.701993e-06    1.053693e-06    1.689296e-06    -8.016042e-06    -6.47047e-06    1.560759e-05
