8.56438e-06    1.656935e-06    -3.73977e-06    5.371598e-07    -1.851676e-06    8.580595e-07    1.729407e-06    1.137775e-06    2.783261e-07    -2.115449e-06    -1.1283e-06    -2.206134e-06    -1.765771e-06    -8.673982e-07    3.994276e-06    4.577488e-06    5.920166e-07    -5.452919e-06    1.160227e-06    -1.605819e-06
1.656935e-06    7.710914e-06    1.915862e-06    -2.814275e-06    -1.363248e-06    -1.395058e-07    2.836613e-06    2.564343e-06    9.923847e-07    -3.839685e-06    -1.072805e-06    -3.525608e-06    -2.740785e-06    -6.953641e-08    4.926347e-06    4.927729e-06    9.805814e-07    -3.653002e-06    -1.736203e-06    -1.102949e-06
-3.73977e-06    1.915862e-06    8.080443e-06    6.411805e-07    -4.812911e-06    -5.172671e-07    1.641039e-06    1.875231e-06    1.649648e-06    -2.537654e-06    -5.05562e-07    -2.445497e-06    -1.85595e-06    9.507726e-07    2.336857e-06    3.475939e-06    -7.722325e-07    -7.083872e-07    -2.104706e-06    -3.187364e-07
5.371598e-07    -2.814275e-06    6.411805e-07    7.31455e-06    -5.379579e-06    5.240194e-07    1.97802e-07    5.13681e-07    5.173608e-07    -1.666889e-06    -4.475191e-07    -6.059497e-07    -5.762263e-07    7.179734e-08    6.997413e-07    3.444185e-06    -1.195539e-06    -1.77012e-06    3.432543e-08    -1.460033e-07
-1.851676e-06    -1.363248e-06    -4.812911e-06    -5.379579e-06    1.304621e-05    -1.296483e-07    -2.516145e-06    -3.261733e-06    -2.154308e-06    4.55609e-06    1.130573e-06    3.495543e-06    3.32045e-06    -2.879754e-07    -4.775791e-06    -7.669449e-06    6.038539e-07    4.154821e-06    2.64783e-07    2.701993e-06
8.580595e-07    -1.395058e-07    -5.172671e-07    5.240194e-07    -1.296483e-07    6.582398e-06    1.037564e-06    -2.446976e-06    -3.224219e-07    -8.358538e-07    -5.79111e-07    -1.878093e-06    -1.341656e-06    -4.525454e-08    2.11391e-06    1.354494e-06    6.838463e-07    -2.912105e-06    2.515989e-07    -6.017289e-07
1.729407e-06    2.836613e-06    1.641039e-06    1.97802e-07    -2.516145e-06    1.037564e-06    7.037613e-06    1.691766e-06    -2.041662e-06    -2.820863e-06    -1.402928e-06    -3.302604e-06    -2.832209e-06    -4.916302e-07    5.22088e-06    4.147643e-06    6.984765e-07    -3.377573e-06    -4.502299e-07    -1.780318e-06
1.137775e-06    2.564343e-06    1.875231e-06    5.13681e-07    -3.261733e-06    -2.446976e-06    1.691766e-06    6.470306e-06    1.44606e-06    -4.993714e-06    -9.37446e-07    -3.075269e-06    -2.837026e-06    -1.885593e-07    4.24162e-06    4.138738e-06    1.061492e-06    -2.15151e-06    -1.240695e-06    -1.469586e-06
2.783261e-07    9.923847e-07    1.649648e-06    5.173608e-07    -2.154308e-06    -3.224219e-07    -2.041662e-06    1.44606e-06    6.593983e-06    -4.096146e-06    2.893107e-08    -2.929246e-06    -2.522031e-06    8.857182e-07    2.428154e-06    4.198112e-06    -4.915459e-07    -2.896585e-06    -7.179556e-07    -3.042986e-07
-2.115449e-06    -3.839685e-06    -2.537654e-06    -1.666889e-06    4.55609e-06    -8.358538e-07    -2.820863e-06    -4.993714e-06    -4.096146e-06    1.26802e-05    1.487256e-06    5.31682e-06    4.615481e-06    -2.687903e-07    -7.13067e-06    -8.42265e-06    -5.804122e-08    5.309332e-06    9.523234e-07    3.134868e-06
-1.1283e-06    -1.072805e-06    -5.05562e-07    -4.475191e-07    1.130573e-06    -5.79111e-07    -1.402928e-06    -9.37446e-07    2.893107e-08    1.487256e-06    6.40453e-06    1.805346e-06    -1.789783e-06    3.080078e-09    -3.085656e-06    -2.641812e-06    -6.061728e-08    4.300103e-06    6.69058e-07    3.971897e-08
-2.206134e-06    -3.525608e-06    -2.445497e-06    -6.059497e-07    3.495543e-06    -1.878093e-06    -3.302604e-06    -3.075269e-06    -2.929246e-06    5.31682e-06    1.805346e-06    1.318194e-05    6.971675e-06    -3.502478e-06    -9.198236e-06    -1.227434e-05    1.073699e-06    1.348065e-05    1.248543e-06    -9.289371e-07
-1.765771e-06    -2.740785e-06    -1.85595e-06    -5.762263e-07    3.32045e-06    -1.341656e-06    -2.832209e-06    -2.837026e-06    -2.522031e-06    4.615481e-06    -1.789783e-06    6.971675e-06    1.050383e-05    -7.422984e-07    -9.049029e-06    -1.012568e-05    1.017692e-06    1.011225e-05    6.688308e-07    2.082005e-08
-8.673982e-07    -6.953641e-08    9.507726e-07    7.179734e-08    -2.879754e-07    -4.525454e-08    -4.916302e-07    -1.885593e-07    8.857182e-07    -2.687903e-07    3.080078e-09    -3.502478e-06    -7.422984e-07    5.972233e-06    -1.824118e-06    1.552013e-06    -9.257474e-07    5.445897e-07    2.293379e-07    6.088612e-08
3.994276e-06    4.926347e-06    2.336857e-06    6.997413e-07    -4.775791e-06    2.11391e-06    5.22088e-06    4.24162e-06    2.428154e-06    -7.13067e-06    -3.085656e-06    -9.198236e-06    -9.049029e-06    -1.824118e-06    1.634509e-05    1.370517e-05    -3.417648e-07    -1.611384e-05    -1.229697e-06    -1.156062e-06
4.577488e-06    4.927729e-06    3.475939e-06    3.444185e-06    -7.669449e-06    1.354494e-06    4.147643e-06    4.138738e-06    4.198112e-06    -8.42265e-06    -2.641812e-06    -1.227434e-05    -1.012568e-05    1.552013e-06    1.370517e-05    3.447127e-05    -1.75381e-06    -2.926069e-05    -3.41665e-06    1.053693e-06
5.920166e-07    9.805814e-07    -7.722325e-07    -1.195539e-06    6.038539e-07    6.838463e-07    6.984765e-07    1.061492e-06    -4.915459e-07    -5.804122e-08    -6.061728e-08    1.073699e-06    1.017692e-06    -9.257474e-07    -3.417648e-07    -1.75381e-06    1.633123e-05    -2.068668e-06    -7.985345e-06    1.689296e-06
-5.452919e-06    -3.653002e-06    -7.083872e-07    -1.77012e-06    4.154821e-06    -2.912105e-06    -3.377573e-06    -2.15151e-06    -2.896585e-06    5.309332e-06    4.300103e-06    1.348065e-05    1.011225e-05    5.445897e-07    -1.611384e-05    -2.926069e-05    -2.068668e-06    4.014613e-05    2.628551e-06    -8.016042e-06
1.160227e-06    -1.736203e-06    -2.104706e-06    3.432543e-08    2.64783e-07    2.515989e-07    -4.502299e-07    -1.240695e-06    -7.179556e-07    9.523234e-07    6.69058e-07    1.248543e-06    6.688308e-07    2.293379e-07    -1.229697e-06    -3.41665e-06    -7.985345e-06    2.628551e-06    1.515576e-05    -6.47047e-06
-1.605819e-06    -1.102949e-06    -3.187364e-07    -1.460033e-07    2.701993e-06    -6.017289e-07    -1.780318e-06    -1.469586e-06    -3.042986e-07    3.134868e-06    3.971897e-08    -9.289371e-07    2.082005e-08    6.088612e-08    -1.156062e-06    1.053693e-06    1.689296e-06    -8.016042e-06    -6.47047e-06    1.560759e-05
