8.56438e-06    1.656935e-06    -3.73977e-06    5.371598e-07    -1.851676e-06    8.580595e-07    1.729407e-06    1.137775e-06    2.783261e-07    -2.115449e-06    8.609958e-07    -1.318905e-07    3.284083e-06    1.314597e-06    -2.696779e-06
1.656935e-06    7.710914e-06    1.915862e-06    -2.814275e-06    -1.363248e-06    -1.395058e-07    2.836613e-06    2.564343e-06    9.923847e-07    -3.839685e-06    -1.184541e-06    5.241181e-06    4.790595e-06    -2.499054e-06    -2.22842e-06
-3.73977e-06    1.915862e-06    8.080443e-06    6.411805e-07    -4.812911e-06    -5.172671e-07    1.641039e-06    1.875231e-06    1.649648e-06    -2.537654e-06    -2.632914e-06    5.296025e-06    4.070385e-06    -2.605973e-06    -1.830933e-06
5.371598e-07    -2.814275e-06    6.411805e-07    7.31455e-06    -5.379579e-06    5.240194e-07    1.97802e-07    5.13681e-07    5.173608e-07    -1.666889e-06    4.121106e-07    -6.2678e-07    1.436203e-06    1.275911e-06    -1.816422e-06
-1.851676e-06    -1.363248e-06    -4.812911e-06    -5.379579e-06    1.304621e-05    -1.296483e-07    -2.516145e-06    -3.261733e-06    -2.154308e-06    4.55609e-06    8.134015e-07    -2.098452e-06    -5.567811e-06    -5.94594e-07    4.237486e-06
8.580595e-07    -1.395058e-07    -5.172671e-07    5.240194e-07    -1.296483e-07    6.582398e-06    1.037564e-06    -2.446976e-06    -3.224219e-07    -8.358538e-07    2.096894e-07    8.996995e-07    9.492107e-07    3.032227e-07    -1.209888e-06
1.729407e-06    2.836613e-06    1.641039e-06    1.97802e-07    -2.516145e-06    1.037564e-06    7.037613e-06    1.691766e-06    -2.041662e-06    -2.820863e-06    -9.220335e-07    3.970529e-06    4.218148e-06    -1.541077e-06    -2.337122e-06
1.137775e-06    2.564343e-06    1.875231e-06    5.13681e-07    -3.261733e-06    -2.446976e-06    1.691766e-06    6.470306e-06    1.44606e-06    -4.993714e-06    -1.126809e-06    2.822393e-06    3.862204e-06    -1.187531e-06    -1.911758e-06
2.783261e-07    9.923847e-07    1.649648e-06    5.173608e-07    -2.154308e-06    -3.224219e-07    -2.041662e-06    1.44606e-06    6.593983e-06    -4.096146e-06    -1.175652e-06    1.56136e-06    3.153348e-06    -2.510274e-07    -1.710458e-06
-2.115449e-06    -3.839685e-06    -2.537654e-06    -1.666889e-06    4.55609e-06    -8.358538e-07    -2.820863e-06    -4.993714e-06    -4.096146e-06    1.26802e-05    8.273212e-07    -4.568022e-06    -6.082834e-06    1.099979e-06    3.960798e-06
8.609958e-07    -1.184541e-06    -2.632914e-06    4.121106e-07    8.134015e-07    2.096894e-07    -9.220335e-07    -1.126809e-06    -1.175652e-06    8.273212e-07    1.368263e-05    -3.141831e-06    -1.240488e-05    2.116482e-06    1.522131e-06
-1.318905e-07    5.241181e-06    5.296025e-06    -6.2678e-07    -2.098452e-06    8.996995e-07    3.970529e-06    2.822393e-06    1.56136e-06    -4.568022e-06    -3.141831e-06    2.809659e-05    5.667185e-06    -1.568886e-05    -2.889295e-06
3.284083e-06    4.790595e-06    4.070385e-06    1.436203e-06    -5.567811e-06    9.492107e-07    4.218148e-06    3.862204e-06    3.153348e-06    -6.082834e-06    -1.240488e-05    5.667185e-06    2.575876e-05    -2.687036e-06    -1.071542e-05
1.314597e-06    -2.499054e-06    -2.605973e-06    1.275911e-06    -5.94594e-07    3.032227e-07    -1.541077e-06    -1.187531e-06    -2.510274e-07    1.099979e-06    2.116482e-06    -1.568886e-05    -2.687036e-06    1.603499e-05    -2.890706e-06
-2.696779e-06    -2.22842e-06    -1.830933e-06    -1.816422e-06    4.237486e-06    -1.209888e-06    -2.337122e-06    -1.911758e-06    -1.710458e-06    3.960798e-06    1.522131e-06    -2.889295e-06    -1.071542e-05    -2.890706e-06    1.124191e-05
