2.805165e-06    -5.455384e-09    -1.239492e-06    4.724729e-08    -9.601109e-07    -1.009705e-06    9.982522e-07    6.409238e-07    -2.379139e-07    -2.995046e-07
-5.455384e-09    7.250746e-06    7.002445e-06    4.867289e-07    -5.820875e-06    -1.307128e-06    -2.251626e-06    -2.6814e-06    1.967814e-06    4.971918e-06
-1.239492e-06    7.002445e-06    1.13454e-05    2.124082e-06    -8.043069e-06    -8.616805e-07    -3.573126e-06    -4.551197e-06    2.956415e-06    6.912996e-06
4.724729e-08    4.867289e-07    2.124082e-06    3.764095e-06    -3.030688e-06    1.365837e-07    -8.158294e-07    -1.42592e-06    3.589516e-07    2.412235e-06
-9.601109e-07    -5.820875e-06    -8.043069e-06    -3.030688e-06    9.261147e-06    1.729672e-06    1.77092e-06    2.690683e-06    -2.044483e-06    -5.387649e-06
-1.009705e-06    -1.307128e-06    -8.616805e-07    1.365837e-07    1.729672e-06    4.002588e-06    -1.224321e-06    -1.88157e-06    2.219525e-07    -8.008506e-07
9.982522e-07    -2.251626e-06    -3.573126e-06    -8.158294e-07    1.77092e-06    -1.224321e-06    4.522789e-06    2.2663e-06    -3.119028e-06    -2.141938e-06
6.409238e-07    -2.6814e-06    -4.551197e-06    -1.42592e-06    2.690683e-06    -1.88157e-06    2.2663e-06    5.084414e-06    -1.095633e-06    -4.586901e-06
-2.379139e-07    1.967814e-06    2.956415e-06    3.589516e-07    -2.044483e-06    2.219525e-07    -3.119028e-06    -1.095633e-06    4.012977e-06    5.345152e-07
-2.995046e-07    4.971918e-06    6.912996e-06    2.412235e-06    -5.387649e-06    -8.008506e-07    -2.141938e-06    -4.586901e-06    5.345152e-07    7.937913e-06
