3.084688e-06    -1.453245e-06    -3.664578e-06    1.030621e-06    8.550283e-07    1.033932e-07    -9.392428e-07    -9.963785e-07    1.243142e-06    8.193826e-07
-1.453245e-06    7.948872e-06    4.720644e-06    -3.334925e-06    -2.589876e-06    1.301931e-06    2.343861e-06    2.499174e-06    -2.622152e-06    -4.681113e-06
-3.664578e-06    4.720644e-06    8.373818e-06    -1.932707e-06    -4.201023e-06    -1.197216e-07    2.762759e-06    3.283126e-06    -2.767092e-06    -4.125061e-06
1.030621e-06    -3.334925e-06    -1.932707e-06    3.151918e-06    -3.574882e-07    -9.259817e-07    -7.424486e-07    -9.359439e-07    1.050317e-06    1.67885e-06
8.550283e-07    -2.589876e-06    -4.201023e-06    -3.574882e-07    4.389343e-06    5.765663e-07    -1.887644e-06    -2.046333e-06    1.574641e-06    2.715854e-06
1.033932e-07    1.301931e-06    -1.197216e-07    -9.259817e-07    5.765663e-07    4.002588e-06    -1.224321e-06    -1.88157e-06    2.219525e-07    -8.008506e-07
-9.392428e-07    2.343861e-06    2.762759e-06    -7.424486e-07    -1.887644e-06    -1.224321e-06    4.522789e-06    2.2663e-06    -3.119028e-06    -2.141938e-06
-9.963785e-07    2.499174e-06    3.283126e-06    -9.359439e-07    -2.046333e-06    -1.88157e-06    2.2663e-06    5.084414e-06    -1.095633e-06    -4.586901e-06
1.243142e-06    -2.622152e-06    -2.767092e-06    1.050317e-06    1.574641e-06    2.219525e-07    -3.119028e-06    -1.095633e-06    4.012977e-06    5.345152e-07
8.193826e-07    -4.681113e-06    -4.125061e-06    1.67885e-06    2.715854e-06    -8.008506e-07    -2.141938e-06    -4.586901e-06    5.345152e-07    7.937913e-06
