4.979792e-06    2.512916e-06    -2.175512e-07    -1.460202e-06    -4.258484e-06    -1.409557e-06    -5.008728e-06    -2.944088e-06    -6.344639e-07    3.511195e-06    4.088913e-06    -7.99716e-06    -4.331309e-06    4.763872e-06    1.644704e-06    -4.347576e-07    1.646696e-06    -1.553436e-07    1.179789e-06    1.879546e-07    6.800165e-06    -2.113594e-07    -6.965797e-06    -1.709516e-06    1.564274e-08    3.628725e-08    1.748803e-06    2.176575e-06    -1.575685e-06    -2.954672e-06
2.512916e-06    5.399385e-06    1.74499e-06    -3.076662e-06    -4.050674e-06    -1.824844e-06    -5.60656e-06    -2.204932e-06    3.807621e-07    2.906268e-06    3.813427e-06    -7.586244e-06    -4.826281e-06    5.266467e-06    1.762035e-06    1.358924e-07    3.003124e-07    -6.316317e-07    1.388346e-06    4.190594e-07    5.437228e-06    6.346382e-07    -3.986007e-06    -1.637113e-06    -1.41469e-06    6.041612e-07    1.747703e-06    1.895242e-06    -1.882168e-06    -2.852941e-06
-2.175512e-07    1.74499e-06    3.794063e-06    8.61164e-09    -3.11176e-06    -1.116361e-06    -2.120194e-06    -2.686842e-07    9.604007e-07    7.434016e-07    8.815047e-07    -2.14287e-06    -1.868089e-06    1.830704e-06    1.157613e-06    5.485643e-07    -8.124912e-07    -7.872844e-07    6.15624e-07    4.024572e-07    1.196547e-06    8.288152e-07    -2.602735e-08    -1.173296e-07    -1.716076e-06    1.950065e-07    5.772297e-07    6.918447e-07    -7.815302e-07    -1.133248e-06
-1.460202e-06    -3.076662e-06    8.61164e-09    4.199323e-06    2.58675e-06    9.864714e-07    4.042436e-06    2.36044e-06    6.323084e-08    -2.605743e-06    -3.354417e-06    5.824356e-06    3.450239e-06    -3.490743e-06    -5.945248e-07    7.518078e-07    -1.068481e-06    -5.421219e-07    -8.789954e-07    -2.016811e-08    -3.889465e-06    3.352609e-07    3.973555e-06    9.402637e-07    -9.590622e-07    -7.242535e-07    -8.494212e-07    -1.259053e-06    6.353489e-07    2.318165e-06
-4.258484e-06    -4.050674e-06    -3.11176e-06    2.58675e-06    1.21106e-05    3.121933e-06    8.271395e-06    4.277682e-06    -1.400289e-06    -4.884958e-06    -7.353012e-06    1.182176e-05    7.585329e-06    -6.439961e-06    -2.798866e-06    2.249783e-07    -2.0716e-06    4.715544e-07    -1.954367e-06    -3.046555e-07    -1.043009e-05    -6.108178e-07    1.032216e-05    1.462812e-06    -7.436472e-07    2.148033e-07    -2.412793e-06    -3.788014e-06    1.644252e-06    4.961822e-06
-1.409557e-06    -1.824844e-06    -1.116361e-06    9.864714e-07    3.121933e-06    3.399707e-06    2.125229e-06    -5.915166e-07    -5.227191e-07    -1.309164e-06    -1.530965e-06    3.385318e-06    2.132505e-06    -1.813284e-06    -1.192527e-06    2.048283e-07    -3.101345e-07    3.040288e-08    -7.860982e-07    -1.390437e-07    -2.365922e-06    -7.545027e-07    2.283358e-06    3.929348e-07    4.141961e-07    -2.749373e-07    -4.2565e-07    -6.663767e-07    2.471288e-07    1.486051e-06
-5.008728e-06    -5.60656e-06    -2.120194e-06    4.042436e-06    8.271395e-06    2.125229e-06    1.348276e-05    6.354984e-06    -1.615957e-06    -6.311525e-06    -8.754483e-06    1.548506e-05    9.698283e-06    -1.053455e-05    -2.782926e-06    8.574937e-07    -2.436418e-06    -2.430449e-07    -2.927937e-06    -8.819495e-08    -1.321819e-05    7.353663e-07    1.257793e-05    2.92528e-06    -8.424878e-07    -1.31937e-06    -3.6109e-06    -4.69255e-06    2.986148e-06    7.292411e-06
-2.944088e-06    -2.204932e-06    -2.686842e-07    2.36044e-06    4.277682e-06    -5.915166e-07    6.354984e-06    7.522459e-06    1.032646e-06    -5.41534e-06    -5.81874e-06    9.606011e-06    6.66631e-06    -6.198217e-06    -1.538025e-06    1.705299e-06    -2.875544e-06    -1.098018e-06    -1.148834e-06    1.041826e-07    -8.560905e-06    2.235162e-06    9.944288e-06    1.531903e-06    -1.876931e-06    -8.622209e-07    -2.453266e-06    -2.73495e-06    2.114595e-06    4.824955e-06
-6.344639e-07    3.807621e-07    9.604007e-07    6.323084e-08    -1.400289e-06    -5.227191e-07    -1.615957e-06    1.032646e-06    4.863043e-06    -2.402271e-06    2.978215e-07    1.979933e-06    -6.745109e-08    -2.11509e-07    -3.009917e-07    1.388196e-06    -1.631117e-06    -1.049342e-06    9.060206e-07    -6.313526e-08    4.860507e-07    1.046219e-06    1.494387e-06    1.080863e-06    -7.014752e-07    -6.950722e-07    8.183195e-07    2.518621e-07    -2.792666e-07    3.718487e-07
3.511195e-06    2.906268e-06    7.434016e-07    -2.605743e-06    -4.884958e-06    -1.309164e-06    -6.311525e-06    -5.41534e-06    -2.402271e-06    8.308284e-06    5.770924e-06    -1.170496e-05    -6.550012e-06    6.590582e-06    2.097012e-06    -2.248313e-06    3.536003e-06    1.806385e-06    2.720178e-07    3.266548e-08    6.555053e-06    -1.2039e-06    -9.450658e-06    -2.109979e-06    2.582265e-06    1.808725e-06    1.422485e-06    2.162467e-06    -1.853908e-06    -4.745393e-06
4.088913e-06    3.813427e-06    8.815047e-07    -3.354417e-06    -7.353012e-06    -1.530965e-06    -8.754483e-06    -5.81874e-06    2.978215e-07    5.770924e-06    9.058368e-06    -1.225435e-05    -8.840395e-06    7.09576e-06    2.036562e-06    -1.432672e-06    3.057826e-06    1.365897e-06    1.261298e-06    -1.457783e-07    1.016964e-05    -1.035406e-06    -1.091166e-05    -2.159901e-06    1.90309e-06    7.592322e-07    2.710382e-06    3.389179e-06    -2.189495e-06    -5.073399e-06
-7.99716e-06    -7.586244e-06    -2.14287e-06    5.824356e-06    1.182176e-05    3.385318e-06    1.548506e-05    9.606011e-06    1.979933e-06    -1.170496e-05    -1.225435e-05    2.640138e-05    1.169717e-05    -1.438958e-05    -3.910931e-06    2.720366e-06    -6.309337e-06    -1.49591e-06    -2.116746e-06    -1.529283e-07    -1.718924e-05    1.796244e-06    1.936521e-05    3.621347e-06    -9.598965e-07    -1.423236e-06    -4.676836e-06    -6.625929e-06    3.815488e-06    1.066712e-05
-4.331309e-06    -4.826281e-06    -1.868089e-06    3.450239e-06    7.585329e-06    2.132505e-06    9.698283e-06    6.66631e-06    -6.745109e-08    -6.550012e-06    -8.840395e-06    1.169717e-05    1.287541e-05    -8.982866e-06    -3.87357e-06    1.943899e-06    -2.420045e-06    -1.913128e-06    -1.803892e-06    3.071207e-08    -1.090166e-05    1.064087e-06    1.080065e-05    2.970584e-06    -1.522177e-06    -2.112423e-06    -2.829293e-06    -2.553338e-06    3.452569e-06    5.18941e-06
4.763872e-06    5.266467e-06    1.830704e-06    -3.490743e-06    -6.439961e-06    -1.813284e-06    -1.053455e-05    -6.198217e-06    -2.11509e-07    6.590582e-06    7.09576e-06    -1.438958e-05    -8.982866e-06    1.120152e-05    2.183827e-06    -1.342834e-06    2.376484e-06    5.963582e-07    2.442879e-06    1.838399e-07    1.095273e-05    -1.009507e-06    -1.065903e-05    -2.858016e-06    4.984234e-08    2.022326e-06    3.376023e-06    3.570519e-06    -3.371695e-06    -6.693936e-06
1.644704e-06    1.762035e-06    1.157613e-06    -5.945248e-07    -2.798866e-06    -1.192527e-06    -2.782926e-06    -1.538025e-06    -3.009917e-07    2.097012e-06    2.036562e-06    -3.910931e-06    -3.87357e-06    2.183827e-06    2.902669e-06    -4.965437e-07    8.90586e-07    3.764843e-07    2.737349e-07    1.472219e-07    3.595137e-06    6.549884e-08    -3.50032e-06    -1.057015e-06    -1.947144e-07    1.775576e-07    7.433229e-07    9.849517e-07    -1.145725e-06    -1.645254e-06
-4.347576e-07    1.358924e-07    5.485643e-07    7.518078e-07    2.249783e-07    2.048283e-07    8.574937e-07    1.705299e-06    1.388196e-06    -2.248313e-06    -1.432672e-06    2.720366e-06    1.943899e-06    -1.342834e-06    -4.965437e-07    2.988247e-06    -1.991629e-06    -2.093622e-06    3.125771e-07    3.228359e-08    -1.391809e-06    1.157766e-06    3.59206e-06    5.653311e-07    -1.713378e-06    -1.035976e-06    -2.50505e-07    -6.040582e-09    4.27634e-07    1.482977e-06
1.646696e-06    3.003124e-07    -8.124912e-07    -1.068481e-06    -2.0716e-06    -3.101345e-07    -2.436418e-06    -2.875544e-06    -1.631117e-06    3.536003e-06    3.057826e-06    -6.309337e-06    -2.420045e-06    2.376484e-06    8.90586e-07    -1.991629e-06    6.198898e-06    8.836452e-07    -1.557639e-06    -2.231747e-07    4.281918e-06    -1.409772e-06    -7.79151e-06    -1.63784e-07    1.272695e-06    -2.245936e-07    1.275546e-06    2.580883e-06    -4.778677e-07    -3.376521e-06
-1.553436e-07    -6.316317e-07    -7.872844e-07    -5.421219e-07    4.715544e-07    3.040288e-08    -2.430449e-07    -1.098018e-06    -1.049342e-06    1.806385e-06    1.365897e-06    -1.49591e-06    -1.913128e-06    5.963582e-07    3.764843e-07    -2.093622e-06    8.836452e-07    3.886072e-06    -8.659798e-07    -1.07937e-06    6.96509e-08    -1.052141e-06    -2.046394e-06    -3.550861e-07    2.273327e-06    1.260834e-06    -3.708008e-07    -5.6981e-07    1.586001e-07    -6.411609e-07
1.179789e-06    1.388346e-06    6.15624e-07    -8.789954e-07    -1.954367e-06    -7.860982e-07    -2.927937e-06    -1.148834e-06    9.060206e-07    2.720178e-07    1.261298e-06    -2.116746e-06    -1.803892e-06    2.442879e-06    2.737349e-07    3.125771e-07    -1.557639e-06    -8.659798e-07    3.447616e-06    -3.463314e-07    3.593055e-06    1.74238e-07    -2.05652e-06    -6.153668e-07    -3.957698e-07    6.244759e-07    1.001223e-06    6.494267e-07    -6.255753e-07    -1.709132e-06
1.879546e-07    4.190594e-07    4.024572e-07    -2.016811e-08    -3.046555e-07    -1.390437e-07    -8.819495e-08    1.041826e-07    -6.313526e-08    3.266548e-08    -1.457783e-07    -1.529283e-07    3.071207e-08    1.838399e-07    1.472219e-07    3.228359e-08    -2.231747e-07    -1.07937e-06    -3.463314e-07    1.594115e-06    -4.994021e-08    2.623614e-07    4.261884e-07    -3.14745e-07    -4.509305e-07    -1.005427e-07    -1.198792e-07    -1.23213e-08    -2.335938e-07    -7.613764e-08
6.800165e-06    5.437228e-06    1.196547e-06    -3.889465e-06    -1.043009e-05    -2.365922e-06    -1.321819e-05    -8.560905e-06    4.860507e-07    6.555053e-06    1.016964e-05    -1.718924e-05    -1.090166e-05    1.095273e-05    3.595137e-06    -1.391809e-06    4.281918e-06    6.96509e-08    3.593055e-06    -4.994021e-08    2.099947e-05    -1.563036e-06    -1.996824e-05    -3.849787e-06    9.066406e-07    -4.503338e-07    5.494715e-06    6.918046e-06    -3.628912e-06    -9.048419e-06
-2.113594e-07    6.346382e-07    8.288152e-07    3.352609e-07    -6.108178e-07    -7.545027e-07    7.353663e-07    2.235162e-06    1.046219e-06    -1.2039e-06    -1.035406e-06    1.796244e-06    1.064087e-06    -1.009507e-06    6.549884e-08    1.157766e-06    -1.409772e-06    -1.052141e-06    1.74238e-07    2.623614e-07    -1.563036e-06    3.944773e-06    1.726005e-06    -1.224903e-06    -5.151496e-09    3.386364e-07    -1.105222e-06    -6.075598e-07    8.011882e-07    1.013295e-06
-6.965797e-06    -3.986007e-06    -2.602735e-08    3.973555e-06    1.032216e-05    2.283358e-06    1.257793e-05    9.944288e-06    1.494387e-06    -9.450658e-06    -1.091166e-05    1.936521e-05    1.080065e-05    -1.065903e-05    -3.50032e-06    3.59206e-06    -7.79151e-06    -2.046394e-06    -2.05652e-06    4.261884e-07    -1.996824e-05    1.726005e-06    2.530594e-05    3.793932e-06    -5.008966e-06    -4.690011e-07    -4.40865e-06    -7.066443e-06    2.379988e-06    1.072636e-05
-1.709516e-06    -1.637113e-06    -1.173296e-07    9.402637e-07    1.462812e-06    3.929348e-07    2.92528e-06    1.531903e-06    1.080863e-06    -2.109979e-06    -2.159901e-06    3.621347e-06    2.970584e-06    -2.858016e-06    -1.057015e-06    5.653311e-07    -1.63784e-07    -3.550861e-07    -6.153668e-07    -3.14745e-07    -3.849787e-06    -1.224903e-06    3.793932e-06    4.580484e-06    -2.293531e-06    -1.081948e-06    2.895803e-08    -5.418898e-07    7.380571e-07    1.123082e-06
1.564274e-08    -1.41469e-06    -1.716076e-06    -9.590622e-07    -7.436472e-07    4.141961e-07    -8.424878e-07    -1.876931e-06    -7.014752e-07    2.582265e-06    1.90309e-06    -9.598965e-07    -1.522177e-06    4.984234e-08    -1.947144e-07    -1.713378e-06    1.272695e-06    2.273327e-06    -3.957698e-07    -4.509305e-07    9.066406e-07    -5.151496e-09    -5.008966e-06    -2.293531e-06    8.364997e-06    1.588581e-06    -1.539049e-06    -8.793413e-07    1.226641e-06    -4.224318e-07
3.628725e-08    6.041612e-07    1.950065e-07    -7.242535e-07    2.148033e-07    -2.749373e-07    -1.31937e-06    -8.622209e-07    -6.950722e-07    1.808725e-06    7.592322e-07    -1.423236e-06    -2.112423e-06    2.022326e-06    1.775576e-07    -1.035976e-06    -2.245936e-07    1.260834e-06    6.244759e-07    -1.005427e-07    -4.503338e-07    3.386364e-07    -4.690011e-07    -1.081948e-06    1.588581e-06    4.002588e-06    -1.224321e-06    -1.88157e-06    2.219525e-07    -8.008506e-07
1.748803e-06    1.747703e-06    5.772297e-07    -8.494212e-07    -2.412793e-06    -4.2565e-07    -3.6109e-06    -2.453266e-06    8.183195e-07    1.422485e-06    2.710382e-06    -4.676836e-06    -2.829293e-06    3.376023e-06    7.433229e-07    -2.50505e-07    1.275546e-06    -3.708008e-07    1.001223e-06    -1.198792e-07    5.494715e-06    -1.105222e-06    -4.40865e-06    2.895803e-08    -1.539049e-06    -1.224321e-06    4.522789e-06    2.2663e-06    -3.119028e-06    -2.141938e-06
2.176575e-06    1.895242e-06    6.918447e-07    -1.259053e-06    -3.788014e-06    -6.663767e-07    -4.69255e-06    -2.73495e-06    2.518621e-07    2.162467e-06    3.389179e-06    -6.625929e-06    -2.553338e-06    3.570519e-06    9.849517e-07    -6.040582e-09    2.580883e-06    -5.6981e-07    6.494267e-07    -1.23213e-08    6.918046e-06    -6.075598e-07    -7.066443e-06    -5.418898e-07    -8.793413e-07    -1.88157e-06    2.2663e-06    5.084414e-06    -1.095633e-06    -4.586901e-06
-1.575685e-06    -1.882168e-06    -7.815302e-07    6.353489e-07    1.644252e-06    2.471288e-07    2.986148e-06    2.114595e-06    -2.792666e-07    -1.853908e-06    -2.189495e-06    3.815488e-06    3.452569e-06    -3.371695e-06    -1.145725e-06    4.27634e-07    -4.778677e-07    1.586001e-07    -6.255753e-07    -2.335938e-07    -3.628912e-06    8.011882e-07    2.379988e-06    7.380571e-07    1.226641e-06    2.219525e-07    -3.119028e-06    -1.095633e-06    4.012977e-06    5.345152e-07
-2.954672e-06    -2.852941e-06    -1.133248e-06    2.318165e-06    4.961822e-06    1.486051e-06    7.292411e-06    4.824955e-06    3.718487e-07    -4.745393e-06    -5.073399e-06    1.066712e-05    5.18941e-06    -6.693936e-06    -1.645254e-06    1.482977e-06    -3.376521e-06    -6.411609e-07    -1.709132e-06    -7.613764e-08    -9.048419e-06    1.013295e-06    1.072636e-05    1.123082e-06    -4.224318e-07    -8.008506e-07    -2.141938e-06    -4.586901e-06    5.345152e-07    7.937913e-06
