9.058368e-06    -1.225435e-05    -8.840395e-06    7.09576e-06    2.036562e-06    2.858822e-06    -6.086533e-06    -7.51734e-06    -3.239266e-07    5.555583e-06    7.592322e-07    2.710382e-06    3.389179e-06    -2.189495e-06    -5.073399e-06
-1.225435e-05    2.640138e-05    1.169717e-05    -1.438958e-05    -3.910931e-06    -6.548385e-06    1.315337e-05    1.435361e-05    -1.288426e-06    -1.019433e-05    -1.423236e-06    -4.676836e-06    -6.625929e-06    3.815488e-06    1.066712e-05
-8.840395e-06    1.169717e-05    1.287541e-05    -8.982866e-06    -3.87357e-06    -2.740554e-06    7.037526e-06    8.771531e-06    2.309752e-07    -6.749893e-06    -2.112423e-06    -2.829293e-06    -2.553338e-06    3.452569e-06    5.18941e-06
7.09576e-06    -1.438958e-05    -8.982866e-06    1.120152e-05    2.183827e-06    2.949429e-06    -8.266515e-06    -9.071979e-06    4.23897e-07    7.3172e-06    2.022326e-06    3.376023e-06    3.570519e-06    -3.371695e-06    -6.693936e-06
2.036562e-06    -3.910931e-06    -3.87357e-06    2.183827e-06    2.902669e-06    1.825687e-06    -3.010539e-06    -3.333115e-06    7.065867e-07    2.017956e-06    1.775576e-07    7.433229e-07    9.849517e-07    -1.145725e-06    -1.645254e-06
2.858822e-06    -6.548385e-06    -2.740554e-06    2.949429e-06    1.825687e-06    6.867902e-06    -4.759725e-06    -7.350703e-06    1.113934e-06    2.777515e-06    -1.510425e-07    1.001871e-06    2.186484e-06    -1.631207e-07    -3.361189e-06
-6.086533e-06    1.315337e-05    7.037526e-06    -8.266515e-06    -3.010539e-06    -4.759725e-06    1.306539e-05    1.000034e-05    -4.688718e-06    -6.59452e-06    5.843641e-07    -4.072111e-06    -4.598025e-06    3.09233e-06    6.400805e-06
-7.51734e-06    1.435361e-05    8.771531e-06    -9.071979e-06    -3.333115e-06    -7.350703e-06    1.000034e-05    1.445614e-05    -1.675097e-06    -8.651078e-06    -4.790029e-07    -3.353194e-06    -4.075297e-06    2.526526e-06    6.772186e-06
-3.239266e-07    -1.288426e-06    2.309752e-07    4.23897e-07    7.065867e-07    1.113934e-06    -4.688718e-06    -1.675097e-06    4.719441e-06    -2.889734e-07    -1.390085e-06    1.383502e-06    8.494648e-07    -8.795293e-07    -5.571494e-07
5.555583e-06    -1.019433e-05    -6.749893e-06    7.3172e-06    2.017956e-06    2.777515e-06    -6.59452e-06    -8.651078e-06    -2.889734e-07    8.011456e-06    1.071715e-06    2.226647e-06    3.20702e-06    -1.911918e-06    -5.394339e-06
7.592322e-07    -1.423236e-06    -2.112423e-06    2.022326e-06    1.775576e-07    -1.510425e-07    5.843641e-07    -4.790029e-07    -1.390085e-06    1.071715e-06    4.002588e-06    -1.224321e-06    -1.88157e-06    2.219525e-07    -8.008506e-07
2.710382e-06    -4.676836e-06    -2.829293e-06    3.376023e-06    7.433229e-07    1.001871e-06    -4.072111e-06    -3.353194e-06    1.383502e-06    2.226647e-06    -1.224321e-06    4.522789e-06    2.2663e-06    -3.119028e-06    -2.141938e-06
3.389179e-06    -6.625929e-06    -2.553338e-06    3.570519e-06    9.849517e-07    2.186484e-06    -4.598025e-06    -4.075297e-06    8.494648e-07    3.20702e-06    -1.88157e-06    2.2663e-06    5.084414e-06    -1.095633e-06    -4.586901e-06
-2.189495e-06    3.815488e-06    3.452569e-06    -3.371695e-06    -1.145725e-06    -1.631207e-07    3.09233e-06    2.526526e-06    -8.795293e-07    -1.911918e-06    2.219525e-07    -3.119028e-06    -1.095633e-06    4.012977e-06    5.345152e-07
-5.073399e-06    1.066712e-05    5.18941e-06    -6.693936e-06    -1.645254e-06    -3.361189e-06    6.400805e-06    6.772186e-06    -5.571494e-07    -5.394339e-06    -8.008506e-07    -2.141938e-06    -4.586901e-06    5.345152e-07    7.937913e-06
