2.610806e-06    -6.932331e-07    -1.302551e-06    1.299365e-06    -8.407168e-07    -6.907621e-07    2.048096e-06    2.763947e-06    -1.568527e-06    -1.939179e-06    1.111088e-06    -2.663632e-06    -3.450496e-06    2.972789e-07    2.151314e-06
-6.932331e-07    1.820546e-06    1.15889e-06    -1.507002e-06    -4.918427e-07    8.623573e-07    -2.411108e-06    -1.581355e-06    1.510902e-06    1.169199e-06    -4.320749e-07    1.326912e-06    1.291561e-06    4.968379e-08    -1.170638e-06
-1.302551e-06    1.15889e-06    4.416799e-06    1.066789e-09    -2.817883e-06    -1.320578e-07    -2.517135e-06    -4.486838e-07    1.799645e-06    6.720765e-07    1.140795e-06    5.380868e-07    -2.182834e-07    -1.069457e-06    2.545621e-07
1.299365e-06    -1.507002e-06    1.066789e-09    3.692722e-06    -1.906334e-06    -1.424647e-06    3.355158e-06    2.501122e-06    -1.517283e-06    -2.293538e-06    2.139536e-06    -3.496345e-06    -3.696199e-06    -2.220843e-07    2.547136e-06
-8.407168e-07    -4.918427e-07    -2.817883e-06    -1.906334e-06    4.014613e-06    3.290871e-07    6.999047e-08    -1.038693e-06    -4.056426e-07    1.211147e-06    -2.84311e-06    2.624617e-06    3.563244e-06    3.18316e-07    -1.923698e-06
-6.907621e-07    8.623573e-07    -1.320578e-07    -1.424647e-06    3.290871e-07    4.849772e-06    -3.047043e-06    -7.490563e-06    1.542418e-06    1.861612e-06    -1.083301e-06    4.938576e-06    5.018372e-06    -9.222658e-07    -4.067531e-06
2.048096e-06    -2.411108e-06    -2.517135e-06    3.355158e-06    6.999047e-08    -3.047043e-06    7.856725e-06    1.943641e-06    -1.931082e-06    -1.853322e-06    1.602335e-06    -5.226915e-06    -4.356383e-06    1.218404e-06    2.671105e-06
2.763947e-06    -1.581355e-06    -4.486838e-07    2.501122e-06    -1.038693e-06    -7.490563e-06    1.943641e-06    2.079375e-05    -5.712522e-06    -7.156094e-06    3.100933e-06    -1.052189e-05    -1.185376e-05    1.65221e-06    1.022165e-05
-1.568527e-06    1.510902e-06    1.799645e-06    -1.517283e-06    -4.056426e-07    1.542418e-06    -1.931082e-06    -5.712522e-06    3.202605e-06    2.5928e-06    -1.494309e-07    2.869647e-06    2.932455e-06    -3.023369e-07    -2.827834e-06
-1.939179e-06    1.169199e-06    6.720765e-07    -2.293538e-06    1.211147e-06    1.861612e-06    -1.853322e-06    -7.156094e-06    2.5928e-06    3.888566e-06    -2.634854e-06    4.721412e-06    5.699953e-06    -3.195936e-07    -4.362278e-06
1.111088e-06    -4.320749e-07    1.140795e-06    2.139536e-06    -2.84311e-06    -1.083301e-06    1.602335e-06    3.100933e-06    -1.494309e-07    -2.634854e-06    5.343634e-06    -4.80044e-06    -6.384368e-06    1.096752e-06    2.820316e-06
-2.663632e-06    1.326912e-06    5.380868e-07    -3.496345e-06    2.624617e-06    4.938576e-06    -5.226915e-06    -1.052189e-05    2.869647e-06    4.721412e-06    -4.80044e-06    1.152969e-05    1.00048e-05    -3.703091e-06    -6.718147e-06
-3.450496e-06    1.291561e-06    -2.182834e-07    -3.696199e-06    3.563244e-06    5.018372e-06    -4.356383e-06    -1.185376e-05    2.932455e-06    5.699953e-06    -6.384368e-06    1.00048e-05    1.296327e-05    -1.702172e-06    -7.98713e-06
2.972789e-07    4.968379e-08    -1.069457e-06    -2.220843e-07    3.18316e-07    -9.222658e-07    1.218404e-06    1.65221e-06    -3.023369e-07    -3.195936e-07    1.096752e-06    -3.703091e-06    -1.702172e-06    3.213827e-06    2.9082e-07
2.151314e-06    -1.170638e-06    2.545621e-07    2.547136e-06    -1.923698e-06    -4.067531e-06    2.671105e-06    1.022165e-05    -2.827834e-06    -4.362278e-06    2.820316e-06    -6.718147e-06    -7.98713e-06    2.9082e-07    6.611452e-06
