2.610806e-06    -6.932331e-07    -1.302551e-06    1.299365e-06    -8.407168e-07    3.558139e-07    -2.581413e-06    -3.050842e-06    -5.366946e-07    2.311357e-06    -6.907621e-07    2.048096e-06    2.763947e-06    -1.568527e-06    -1.939179e-06
-6.932331e-07    1.820546e-06    1.15889e-06    -1.507002e-06    -4.918427e-07    -2.06374e-07    5.758142e-07    1.109521e-06    -2.254904e-07    1.093802e-07    8.623573e-07    -2.411108e-06    -1.581355e-06    1.510902e-06    1.169199e-06
-1.302551e-06    1.15889e-06    4.416799e-06    1.066789e-09    -2.817883e-06    -1.27229e-06    -7.267021e-07    -3.480533e-07    -1.196931e-06    2.260491e-06    -1.320578e-07    -2.517135e-06    -4.486838e-07    1.799645e-06    6.720765e-07
1.299365e-06    -1.507002e-06    1.066789e-09    3.692722e-06    -1.906334e-06    1.429029e-07    -2.677203e-06    -4.104314e-06    -8.352434e-07    2.740212e-06    -1.424647e-06    3.355158e-06    2.501122e-06    -1.517283e-06    -2.293538e-06
-8.407168e-07    -4.918427e-07    -2.817883e-06    -1.906334e-06    4.014613e-06    4.018319e-07    2.628157e-06    3.192483e-06    2.157338e-06    -3.942465e-06    3.290871e-07    6.999047e-08    -1.038693e-06    -4.056426e-07    1.211147e-06
3.558139e-07    -2.06374e-07    -1.27229e-06    1.429029e-07    4.018319e-07    1.304262e-06    6.247221e-08    -3.078309e-07    1.517268e-07    -1.02564e-06    5.096665e-07    1.980673e-07    -1.256734e-07    -3.390758e-07    -3.367506e-07
-2.581413e-06    5.758142e-07    -7.267021e-07    -2.677203e-06    2.628157e-06    6.247221e-08    5.800965e-06    7.090695e-06    1.356825e-06    -5.936589e-06    3.00206e-06    -2.436547e-06    -7.569117e-06    2.110211e-06    3.448941e-06
-3.050842e-06    1.109521e-06    -3.480533e-07    -4.104314e-06    3.192483e-06    -3.078309e-07    7.090695e-06    9.871788e-06    2.108438e-06    -7.461141e-06    4.569247e-06    -4.185896e-06    -1.060106e-05    3.160112e-06    4.861379e-06
-5.366946e-07    -2.254904e-07    -1.196931e-06    -8.352434e-07    2.157338e-06    1.517268e-07    1.356825e-06    2.108438e-06    2.273703e-06    -2.530292e-06    1.150299e-06    -3.289097e-07    -2.526077e-06    1.560648e-07    1.139583e-06
2.311357e-06    1.093802e-07    2.260491e-06    2.740212e-06    -3.942465e-06    -1.02564e-06    -5.936589e-06    -7.461141e-06    -2.530292e-06    7.901383e-06    -3.675035e-06    2.390097e-06    7.542934e-06    -1.372578e-06    -3.14774e-06
-6.907621e-07    8.623573e-07    -1.320578e-07    -1.424647e-06    3.290871e-07    5.096665e-07    3.00206e-06    4.569247e-06    1.150299e-06    -3.675035e-06    4.849772e-06    -3.047043e-06    -7.490563e-06    1.542418e-06    1.861612e-06
2.048096e-06    -2.411108e-06    -2.517135e-06    3.355158e-06    6.999047e-08    1.980673e-07    -2.436547e-06    -4.185896e-06    -3.289097e-07    2.390097e-06    -3.047043e-06    7.856725e-06    1.943641e-06    -1.931082e-06    -1.853322e-06
2.763947e-06    -1.581355e-06    -4.486838e-07    2.501122e-06    -1.038693e-06    -1.256734e-07    -7.569117e-06    -1.060106e-05    -2.526077e-06    7.542934e-06    -7.490563e-06    1.943641e-06    2.079375e-05    -5.712522e-06    -7.156094e-06
-1.568527e-06    1.510902e-06    1.799645e-06    -1.517283e-06    -4.056426e-07    -3.390758e-07    2.110211e-06    3.160112e-06    1.560648e-07    -1.372578e-06    1.542418e-06    -1.931082e-06    -5.712522e-06    3.202605e-06    2.5928e-06
-1.939179e-06    1.169199e-06    6.720765e-07    -2.293538e-06    1.211147e-06    -3.367506e-07    3.448941e-06    4.861379e-06    1.139583e-06    -3.14774e-06    1.861612e-06    -1.853322e-06    -7.156094e-06    2.5928e-06    3.888566e-06
