2.938365e-06    5.52461e-07    -3.828623e-07    -3.597655e-07    -1.475985e-06    -9.160287e-07    -7.30308e-08    8.02715e-07    2.528218e-07    5.732635e-07    5.615707e-07    -4.739035e-07    -2.369842e-06    6.536059e-07    1.128322e-06
5.52461e-07    8.959781e-06    7.379887e-06    -3.554531e-07    -6.442373e-06    -2.801766e-06    1.199845e-06    -3.981526e-07    -4.412838e-06    3.203005e-06    4.060874e-06    -5.132192e-06    -6.65389e-06    1.690366e-06    3.74038e-06
-3.828623e-07    7.379887e-06    7.571474e-06    4.759414e-07    -6.435171e-06    -1.82315e-06    9.08105e-07    -1.232135e-06    -4.325556e-06    3.220024e-06    3.232873e-06    -3.646659e-06    -6.036143e-06    1.447824e-06    3.485233e-06
-3.597655e-07    -3.554531e-07    4.759414e-07    2.226733e-06    -1.332381e-06    1.179777e-06    -6.966439e-07    -2.101077e-06    4.391582e-07    6.833318e-07    1.115128e-06    1.471124e-06    -2.118583e-06    -4.729695e-07    -4.45939e-08
-1.475985e-06    -6.442373e-06    -6.435171e-06    -1.332381e-06    9.474392e-06    1.52364e-06    -3.030994e-07    2.731494e-06    3.448213e-06    -4.592908e-06    -3.302697e-06    2.79288e-06    6.082959e-06    -7.265729e-07    -3.182879e-06
-9.160287e-07    -2.801766e-06    -1.82315e-06    1.179777e-06    1.52364e-06    2.610806e-06    -6.932331e-07    -1.302551e-06    1.299365e-06    -8.407168e-07    -6.907621e-07    2.048096e-06    2.763947e-06    -1.568527e-06    -1.939179e-06
-7.30308e-08    1.199845e-06    9.08105e-07    -6.966439e-07    -3.030994e-07    -6.932331e-07    1.820546e-06    1.15889e-06    -1.507002e-06    -4.918427e-07    8.623573e-07    -2.411108e-06    -1.581355e-06    1.510902e-06    1.169199e-06
8.02715e-07    -3.981526e-07    -1.232135e-06    -2.101077e-06    2.731494e-06    -1.302551e-06    1.15889e-06    4.416799e-06    1.066789e-09    -2.817883e-06    -1.320578e-07    -2.517135e-06    -4.486838e-07    1.799645e-06    6.720765e-07
2.528218e-07    -4.412838e-06    -4.325556e-06    4.391582e-07    3.448213e-06    1.299365e-06    -1.507002e-06    1.066789e-09    3.692722e-06    -1.906334e-06    -1.424647e-06    3.355158e-06    2.501122e-06    -1.517283e-06    -2.293538e-06
5.732635e-07    3.203005e-06    3.220024e-06    6.833318e-07    -4.592908e-06    -8.407168e-07    -4.918427e-07    -2.817883e-06    -1.906334e-06    4.014613e-06    3.290871e-07    6.999047e-08    -1.038693e-06    -4.056426e-07    1.211147e-06
5.615707e-07    4.060874e-06    3.232873e-06    1.115128e-06    -3.302697e-06    -6.907621e-07    8.623573e-07    -1.320578e-07    -1.424647e-06    3.290871e-07    4.849772e-06    -3.047043e-06    -7.490563e-06    1.542418e-06    1.861612e-06
-4.739035e-07    -5.132192e-06    -3.646659e-06    1.471124e-06    2.79288e-06    2.048096e-06    -2.411108e-06    -2.517135e-06    3.355158e-06    6.999047e-08    -3.047043e-06    7.856725e-06    1.943641e-06    -1.931082e-06    -1.853322e-06
-2.369842e-06    -6.65389e-06    -6.036143e-06    -2.118583e-06    6.082959e-06    2.763947e-06    -1.581355e-06    -4.486838e-07    2.501122e-06    -1.038693e-06    -7.490563e-06    1.943641e-06    2.079375e-05    -5.712522e-06    -7.156094e-06
6.536059e-07    1.690366e-06    1.447824e-06    -4.729695e-07    -7.265729e-07    -1.568527e-06    1.510902e-06    1.799645e-06    -1.517283e-06    -4.056426e-07    1.542418e-06    -1.931082e-06    -5.712522e-06    3.202605e-06    2.5928e-06
1.128322e-06    3.74038e-06    3.485233e-06    -4.45939e-08    -3.182879e-06    -1.939179e-06    1.169199e-06    6.720765e-07    -2.293538e-06    1.211147e-06    1.861612e-06    -1.853322e-06    -7.156094e-06    2.5928e-06    3.888566e-06
