2.610806e-06    -6.932331e-07    -1.302551e-06    1.299365e-06    -8.407168e-07    -6.907621e-07    2.048096e-06    2.763947e-06    -1.568527e-06    -1.939179e-06    5.673226e-07    -2.321578e-06    -7.051509e-07    8.6406e-07    7.535675e-07
-6.932331e-07    1.820546e-06    1.15889e-06    -1.507002e-06    -4.918427e-07    8.623573e-07    -2.411108e-06    -1.581355e-06    1.510902e-06    1.169199e-06    -1.950789e-07    9.364641e-08    -5.447929e-07    -1.935975e-07    6.317815e-07
-1.302551e-06    1.15889e-06    4.416799e-06    1.066789e-09    -2.817883e-06    -1.320578e-07    -2.517135e-06    -4.486838e-07    1.799645e-06    6.720765e-07    6.695324e-07    -3.862405e-06    -1.434532e-06    1.883113e-06    6.140289e-07
1.299365e-06    -1.507002e-06    1.066789e-09    3.692722e-06    -1.906334e-06    -1.424647e-06    3.355158e-06    2.501122e-06    -1.517283e-06    -2.293538e-06    2.434243e-06    -4.150309e-06    -2.813014e-06    2.123912e-06    8.726218e-07
-8.407168e-07    -4.918427e-07    -2.817883e-06    -1.906334e-06    4.014613e-06    3.290871e-07    6.999047e-08    -1.038693e-06    -4.056426e-07    1.211147e-06    -2.408518e-06    5.872451e-06    3.275905e-06    -2.757112e-06    -1.468323e-06
-6.907621e-07    8.623573e-07    -1.320578e-07    -1.424647e-06    3.290871e-07    4.849772e-06    -3.047043e-06    -7.490563e-06    1.542418e-06    1.861612e-06    -8.158395e-07    2.910662e-06    1.745415e-06    -1.515083e-06    -8.349355e-07
2.048096e-06    -2.411108e-06    -2.517135e-06    3.355158e-06    6.999047e-08    -3.047043e-06    7.856725e-06    1.943641e-06    -1.931082e-06    -1.853322e-06    1.241838e-06    -1.335136e-06    -1.146682e-06    3.249424e-07    7.964715e-07
2.763947e-06    -1.581355e-06    -4.486838e-07    2.501122e-06    -1.038693e-06    -7.490563e-06    1.943641e-06    2.079375e-05    -5.712522e-06    -7.156094e-06    2.336e-06    -7.062268e-06    -3.955277e-06    4.086231e-06    7.519175e-07
-1.568527e-06    1.510902e-06    1.799645e-06    -1.517283e-06    -4.056426e-07    1.542418e-06    -1.931082e-06    -5.712522e-06    3.202605e-06    2.5928e-06    -4.551883e-07    1.005438e-06    5.138281e-07    -8.305852e-07    1.841352e-07
-1.939179e-06    1.169199e-06    6.720765e-07    -2.293538e-06    1.211147e-06    1.861612e-06    -1.853322e-06    -7.156094e-06    2.5928e-06    3.888566e-06    -2.114256e-06    3.73205e-06    2.282252e-06    -1.959185e-06    -2.802366e-07
5.673226e-07    -1.950789e-07    6.695324e-07    2.434243e-06    -2.408518e-06    -8.158395e-07    1.241838e-06    2.336e-06    -4.551883e-07    -2.114256e-06    3.754343e-06    -3.832111e-06    -4.291812e-06    2.138215e-06    9.871281e-07
-2.321578e-06    9.364641e-08    -3.862405e-06    -4.150309e-06    5.872451e-06    2.910662e-06    -1.335136e-06    -7.062268e-06    1.005438e-06    3.73205e-06    -3.832111e-06    1.135959e-05    5.702841e-06    -5.382542e-06    -2.633526e-06
-7.051509e-07    -5.447929e-07    -1.434532e-06    -2.813014e-06    3.275905e-06    1.745415e-06    -1.146682e-06    -3.955277e-06    5.138281e-07    2.282252e-06    -4.291812e-06    5.702841e-06    6.4487e-06    -3.053533e-06    -2.333134e-06
8.6406e-07    -1.935975e-07    1.883113e-06    2.123912e-06    -2.757112e-06    -1.515083e-06    3.249424e-07    4.086231e-06    -8.305852e-07    -1.959185e-06    2.138215e-06    -5.382542e-06    -3.053533e-06    3.048471e-06    1.052605e-06
7.535675e-07    6.317815e-07    6.140289e-07    8.726218e-07    -1.468323e-06    -8.349355e-07    7.964715e-07    7.519175e-07    1.841352e-07    -2.802366e-07    9.871281e-07    -2.633526e-06    -2.333134e-06    1.052605e-06    1.67151e-06
