1.367607e-06    -3.399759e-07    -6.355789e-07    1.187194e-07    -1.167139e-07    8.349443e-08    2.085523e-07    1.48339e-07    4.000661e-09    -2.104517e-07    -1.963415e-07    -8.052151e-08    1.95242e-07    2.098011e-07    1.816533e-08
-3.399759e-07    1.754976e-06    8.989151e-08    -7.144456e-07    -6.704824e-08    9.075372e-08    -3.291751e-07    -3.027046e-07    1.539134e-07    1.934672e-07    1.479177e-08    1.304937e-07    8.973109e-08    1.469665e-08    -1.533507e-08
-6.355789e-07    8.989151e-08    1.706385e-06    -2.692439e-07    -7.773005e-07    4.782932e-08    -3.734486e-07    -3.268525e-07    1.099081e-07    2.647029e-07    -4.263684e-09    1.065744e-07    1.532648e-07    3.024236e-08    -2.53752e-07
1.187194e-07    -7.144456e-07    -2.692439e-07    1.419714e-06    -4.286468e-07    1.11653e-07    5.583869e-08    7.208276e-08    1.050407e-07    -1.805477e-07    2.617208e-07    8.532739e-08    -1.288615e-07    -1.309934e-07    -1.347986e-07
-1.167139e-07    -6.704824e-08    -7.773005e-07    -4.286468e-07    1.454712e-06    -1.475075e-07    1.662252e-07    1.716372e-07    -1.468606e-07    -1.696457e-08    -4.52932e-08    -1.771403e-07    -1.060272e-07    -3.713331e-08    -4.198397e-08
8.349443e-08    9.075372e-08    4.782932e-08    1.11653e-07    -1.475075e-07    1.457257e-06    1.743115e-07    -9.820345e-07    -2.900465e-08    -9.333046e-09    2.28995e-08    8.947375e-08    5.651077e-08    -4.221011e-08    -4.077867e-08
2.085523e-07    -3.291751e-07    -3.734486e-07    5.583869e-08    1.662252e-07    1.743115e-07    1.616657e-06    -3.358758e-07    -9.808844e-07    3.401568e-07    -2.485231e-08    -4.278544e-09    -2.022752e-08    3.057534e-08    7.484827e-08
1.48339e-07    -3.027046e-07    -3.268525e-07    7.208276e-08    1.716372e-07    -9.820345e-07    -3.358758e-07    1.598062e-06    1.488089e-07    -7.693114e-07    6.244177e-10    -3.43318e-08    -4.040184e-08    1.942288e-08    4.777589e-08
4.000661e-09    1.539134e-07    1.099081e-07    1.050407e-07    -1.468606e-07    -2.900465e-08    -9.808844e-07    1.488089e-07    1.454786e-06    -6.167025e-07    1.778784e-08    4.102353e-08    4.504282e-08    -6.361358e-09    -7.2161e-08
-2.104517e-07    1.934672e-07    2.647029e-07    -1.805477e-07    -1.696457e-08    -9.333046e-09    3.401568e-07    -7.693114e-07    -6.167025e-07    1.398793e-06    -2.312782e-08    -5.680846e-08    -3.47813e-08    9.658177e-09    1.754153e-08
-1.963415e-07    1.479177e-08    -4.263684e-09    2.617208e-07    -4.52932e-08    2.28995e-08    -2.485231e-08    6.244177e-10    1.778784e-08    -2.312782e-08    1.444516e-06    -1.939162e-07    -9.293725e-07    1.499415e-07    5.878618e-08
-8.052151e-08    1.304937e-07    1.065744e-07    8.532739e-08    -1.771403e-07    8.947375e-08    -4.278544e-09    -3.43318e-08    4.102353e-08    -5.680846e-08    -1.939162e-07    1.465682e-06    4.995097e-08    -9.667921e-07    3.112e-07
1.95242e-07    8.973109e-08    1.532648e-07    -1.288615e-07    -1.060272e-07    5.651077e-08    -2.022752e-08    -4.040184e-08    4.504282e-08    -3.47813e-08    -9.293725e-07    4.995097e-08    1.456154e-06    2.002684e-08    -6.826053e-07
2.098011e-07    1.469665e-08    3.024236e-08    -1.309934e-07    -3.713331e-08    -4.221011e-08    3.057534e-08    1.942288e-08    -6.361358e-09    9.658177e-09    1.499415e-07    -9.667921e-07    2.002684e-08    1.5434e-06    -8.089421e-07
1.816533e-08    -1.533507e-08    -2.53752e-07    -1.347986e-07    -4.198397e-08    -4.077867e-08    7.484827e-08    4.777589e-08    -7.2161e-08    1.754153e-08    5.878618e-08    3.112e-07    -6.826053e-07    -8.089421e-07    1.387049e-06
