1.367607e-06    -3.399759e-07    -6.355789e-07    1.187194e-07    -1.167139e-07    3.354334e-08    -1.380677e-07    -1.307825e-07    9.544439e-09    1.301588e-07    -1.963415e-07    -8.052151e-08    1.95242e-07    2.098011e-07    1.816533e-08
-3.399759e-07    1.754976e-06    8.989151e-08    -7.144456e-07    -6.704824e-08    -2.002054e-08    1.527271e-08    2.191349e-08    1.204611e-08    -1.715279e-08    1.479177e-08    1.304937e-07    8.973109e-08    1.469665e-08    -1.533507e-08
-6.355789e-07    8.989151e-08    1.706385e-06    -2.692439e-07    -7.773005e-07    -3.13789e-08    1.160704e-07    8.097663e-08    -1.872486e-08    -7.882596e-08    -4.263684e-09    1.065744e-07    1.532648e-07    3.024236e-08    -2.53752e-07
1.187194e-07    -7.144456e-07    -2.692439e-07    1.419714e-06    -4.286468e-07    1.382536e-08    -1.144419e-07    -1.043101e-07    1.362816e-08    9.282015e-08    2.617208e-07    8.532739e-08    -1.288615e-07    -1.309934e-07    -1.347986e-07
-1.167139e-07    -6.704824e-08    -7.773005e-07    -4.286468e-07    1.454712e-06    2.281338e-08    2.956983e-08    2.129257e-08    1.900171e-08    -4.046157e-08    -4.52932e-08    -1.771403e-07    -1.060272e-07    -3.713331e-08    -4.198397e-08
3.354334e-08    -2.002054e-08    -3.13789e-08    1.382536e-08    2.281338e-08    1.524268e-06    4.071538e-08    -9.663342e-07    1.71821e-08    -4.28011e-08    8.55269e-09    7.274478e-08    5.204597e-08    -2.777197e-08    -5.809563e-08
-1.380677e-07    1.527271e-08    1.160704e-07    -1.144419e-07    2.956983e-08    4.071538e-08    1.535696e-06    -4.457601e-09    -9.856275e-07    1.236277e-07    -1.871038e-08    4.724876e-09    1.418302e-08    3.809099e-08    -2.098206e-08
-1.307825e-07    2.191349e-08    8.097663e-08    -1.043101e-07    2.129257e-08    -9.663342e-07    -4.457601e-09    1.49287e-06    2.70754e-08    -6.639486e-07    1.068608e-08    -7.067842e-09    4.607744e-09    4.752034e-08    -2.365657e-08
9.544439e-09    1.204611e-08    -1.872486e-08    1.362816e-08    1.900171e-08    1.71821e-08    -9.856275e-07    2.70754e-08    1.505614e-06    -5.797934e-07    3.280211e-08    5.007755e-08    5.609818e-08    -1.841728e-08    -7.263172e-08
1.301588e-07    -1.715279e-08    -7.882596e-08    9.282015e-08    -4.046157e-08    -4.28011e-08    1.236277e-07    -6.639486e-07    -5.797934e-07    1.400004e-06    -3.46338e-08    -6.678852e-08    -4.505213e-08    -1.54686e-08    8.204356e-08
-1.963415e-07    1.479177e-08    -4.263684e-09    2.617208e-07    -4.52932e-08    8.55269e-09    -1.871038e-08    1.068608e-08    3.280211e-08    -3.46338e-08    1.444516e-06    -1.939162e-07    -9.293725e-07    1.499415e-07    5.878618e-08
-8.052151e-08    1.304937e-07    1.065744e-07    8.532739e-08    -1.771403e-07    7.274478e-08    4.724876e-09    -7.067842e-09    5.007755e-08    -6.678852e-08    -1.939162e-07    1.465682e-06    4.995097e-08    -9.667921e-07    3.112e-07
1.95242e-07    8.973109e-08    1.532648e-07    -1.288615e-07    -1.060272e-07    5.204597e-08    1.418302e-08    4.607744e-09    5.609818e-08    -4.505213e-08    -9.293725e-07    4.995097e-08    1.456154e-06    2.002684e-08    -6.826053e-07
2.098011e-07    1.469665e-08    3.024236e-08    -1.309934e-07    -3.713331e-08    -2.777197e-08    3.809099e-08    4.752034e-08    -1.841728e-08    -1.54686e-08    1.499415e-07    -9.667921e-07    2.002684e-08    1.5434e-06    -8.089421e-07
1.816533e-08    -1.533507e-08    -2.53752e-07    -1.347986e-07    -4.198397e-08    -5.809563e-08    -2.098206e-08    -2.365657e-08    -7.263172e-08    8.204356e-08    5.878618e-08    3.112e-07    -6.826053e-07    -8.089421e-07    1.387049e-06
