1.384648e-06    -3.114386e-07    -7.431074e-07    2.056233e-07    -1.353625e-09    9.571119e-08    -5.521538e-08    -1.076676e-07    9.52197e-08    3.003924e-08    1.066592e-08    -1.114546e-08    3.14549e-09    -1.32453e-09    1.870443e-08
-3.114386e-07    1.383074e-06    -4.187749e-08    -9.751589e-07    2.859316e-07    -3.546256e-08    -9.443926e-08    -5.723373e-08    -6.974779e-08    8.094162e-08    -3.127937e-08    9.187312e-09    1.079276e-09    -1.205038e-08    1.876552e-08
-7.431074e-07    -4.187749e-08    1.46743e-06    1.340621e-07    -7.675104e-07    6.023236e-08    -1.898918e-07    -1.875982e-07    2.327311e-08    9.522359e-08    -1.312576e-08    -4.762811e-09    -4.339508e-09    -5.935184e-09    -1.192676e-09
2.056233e-07    -9.751589e-07    1.340621e-07    1.556799e-06    -7.876328e-07    1.967883e-07    -9.683937e-08    -1.826644e-07    1.495264e-07    -1.705388e-08    5.899477e-08    8.581844e-09    -2.388439e-08    -2.068128e-08    4.742455e-09
-1.353625e-09    2.859316e-07    -7.675104e-07    -7.876328e-07    1.441199e-06    -2.096286e-07    2.923179e-07    3.462011e-07    -1.616953e-07    -1.071405e-07    -9.901857e-09    1.117367e-08    1.186954e-08    2.277391e-08    -5.854561e-08
9.571119e-08    -3.546256e-08    6.023236e-08    1.967883e-07    -2.096286e-07    1.367607e-06    -3.399759e-07    -6.355789e-07    1.187194e-07    -1.167139e-07    -1.963415e-07    -8.052151e-08    1.95242e-07    2.098011e-07    1.816533e-08
-5.521538e-08    -9.443926e-08    -1.898918e-07    -9.683937e-08    2.923179e-07    -3.399759e-07    1.754976e-06    8.989151e-08    -7.144456e-07    -6.704824e-08    1.479177e-08    1.304937e-07    8.973109e-08    1.469665e-08    -1.533507e-08
-1.076676e-07    -5.723373e-08    -1.875982e-07    -1.826644e-07    3.462011e-07    -6.355789e-07    8.989151e-08    1.706385e-06    -2.692439e-07    -7.773005e-07    -4.263684e-09    1.065744e-07    1.532648e-07    3.024236e-08    -2.53752e-07
9.52197e-08    -6.974779e-08    2.327311e-08    1.495264e-07    -1.616953e-07    1.187194e-07    -7.144456e-07    -2.692439e-07    1.419714e-06    -4.286468e-07    2.617208e-07    8.532739e-08    -1.288615e-07    -1.309934e-07    -1.347986e-07
3.003924e-08    8.094162e-08    9.522359e-08    -1.705388e-08    -1.071405e-07    -1.167139e-07    -6.704824e-08    -7.773005e-07    -4.286468e-07    1.454712e-06    -4.52932e-08    -1.771403e-07    -1.060272e-07    -3.713331e-08    -4.198397e-08
1.066592e-08    -3.127937e-08    -1.312576e-08    5.899477e-08    -9.901857e-09    -1.963415e-07    1.479177e-08    -4.263684e-09    2.617208e-07    -4.52932e-08    1.444516e-06    -1.939162e-07    -9.293725e-07    1.499415e-07    5.878618e-08
-1.114546e-08    9.187312e-09    -4.762811e-09    8.581844e-09    1.117367e-08    -8.052151e-08    1.304937e-07    1.065744e-07    8.532739e-08    -1.771403e-07    -1.939162e-07    1.465682e-06    4.995097e-08    -9.667921e-07    3.112e-07
3.14549e-09    1.079276e-09    -4.339508e-09    -2.388439e-08    1.186954e-08    1.95242e-07    8.973109e-08    1.532648e-07    -1.288615e-07    -1.060272e-07    -9.293725e-07    4.995097e-08    1.456154e-06    2.002684e-08    -6.826053e-07
-1.32453e-09    -1.205038e-08    -5.935184e-09    -2.068128e-08    2.277391e-08    2.098011e-07    1.469665e-08    3.024236e-08    -1.309934e-07    -3.713331e-08    1.499415e-07    -9.667921e-07    2.002684e-08    1.5434e-06    -8.089421e-07
1.870443e-08    1.876552e-08    -1.192676e-09    4.742455e-09    -5.854561e-08    1.816533e-08    -1.533507e-08    -2.53752e-07    -1.347986e-07    -4.198397e-08    5.878618e-08    3.112e-07    -6.826053e-07    -8.089421e-07    1.387049e-06
