1    -0.03191018    -0.7135907    -0.1343399    0.01117353    0.0142338    0.01722697    0.01948831    -0.02089697    -0.005722198
-0.03191018    1    -0.03383778    -0.5600008    0.1165462    0.005151673    0.01391747    -0.009613438    -0.008648727    0.02918173
-0.7135907    -0.03383778    1    0.0429721    -0.2988526    -0.01298357    -0.01264955    -0.0322916    0.01709579    0.03526546
-0.1343399    -0.5600008    0.0429721    1    -0.3763965    -0.03176124    -0.03449179    0.01609337    0.02105002    -0.008625309
0.01117353    0.1165462    -0.2988526    -0.3763965    1    0.02863221    0.02274356    0.003148345    -0.01105744    -0.02263631
0.0142338    0.005151673    -0.01298357    -0.03176124    0.02863221    1    -0.153122    -0.644981    0.08170826    0.0219632
0.01722697    0.01391747    -0.01264955    -0.03449179    0.02274356    -0.153122    1    0.03000549    -0.6902516    0.201111
0.01948831    -0.009613438    -0.0322916    0.01609337    0.003148345    -0.644981    0.03000549    1    0.000809169    -0.48604
-0.02089697    -0.008648727    0.01709579    0.02105002    -0.01105744    0.08170826    -0.6902516    0.000809169    1    -0.6005994
-0.005722198    0.02918173    0.03526546    -0.008625309    -0.02263631    0.0219632    0.201111    -0.48604    -0.6005994    1
