3.195493e-06    -1.639595e-06    -1.169982e-06    2.038072e-07    -2.913092e-07    1.096338e-07    -4.015565e-07    -5.841404e-07    1.386292e-07    4.468694e-07    -4.637161e-07    -8.894476e-08    4.240979e-07    3.906158e-07    2.612999e-08
-1.639595e-06    1.056232e-05    -5.783004e-06    -1.839862e-06    1.109121e-06    -1.412211e-07    6.710779e-08    3.099855e-07    -1.609425e-07    -9.903488e-08    1.290254e-07    2.234419e-07    -1.35801e-07    -3.134975e-07    4.769027e-07
-1.169982e-06    -5.783004e-06    9.855298e-06    -1.005101e-06    -2.433211e-06    -2.290881e-08    6.724166e-07    4.18826e-07    -2.973892e-07    -4.652662e-07    -1.910129e-07    7.246206e-08    5.612134e-07    2.913395e-07    -7.9827e-07
2.038072e-07    -1.839862e-06    -1.005101e-06    3.603721e-06    -5.028667e-07    1.182574e-07    -6.957545e-07    -5.557737e-07    2.92192e-07    4.585543e-07    5.619697e-07    4.83202e-07    -1.422519e-07    -5.794255e-07    -4.287822e-07
-2.913092e-07    1.109121e-06    -2.433211e-06    -5.028667e-07    2.196402e-06    -9.882069e-08    9.921705e-08    2.267239e-07    -3.571254e-08    -1.091996e-07    -2.954156e-08    -3.256638e-07    -2.411536e-07    1.036626e-08    6.659934e-08
1.096338e-07    -1.412211e-07    -2.290881e-08    1.182574e-07    -9.882069e-08    1.097541e-05    1.100321e-06    -8.138657e-06    -3.203094e-07    6.647987e-08    8.340231e-08    3.872644e-07    2.379982e-07    -2.343316e-07    -2.191416e-07
-4.015565e-07    6.710779e-08    6.724166e-07    -6.957545e-07    9.921705e-08    1.100321e-06    1.30728e-05    -3.444884e-06    -8.142735e-06    2.563034e-06    -1.244976e-07    -6.069016e-08    -1.238451e-07    1.280849e-07    3.435425e-07
-5.841404e-07    3.099855e-07    4.18826e-07    -5.557737e-07    2.267239e-07    -8.138657e-06    -3.444884e-06    1.306918e-05    9.975466e-07    -5.104382e-06    4.42147e-09    -1.822857e-07    -1.941325e-07    9.046192e-08    2.276461e-07
1.386292e-07    -1.609425e-07    -2.973892e-07    2.92192e-07    -3.571254e-08    -3.203094e-07    -8.142735e-06    9.975466e-07    1.096325e-05    -3.878048e-06    7.649278e-08    1.788998e-07    2.004902e-07    -3.722686e-08    -3.65848e-07
4.468694e-07    -9.903488e-08    -4.652662e-07    4.585543e-07    -1.091996e-07    6.647987e-08    2.563034e-06    -5.104382e-06    -3.878048e-06    8.086519e-06    -7.317661e-08    -2.088266e-07    -1.172596e-07    7.052103e-08    9.812826e-08
-4.637161e-07    1.290254e-07    -1.910129e-07    5.619697e-07    -2.954156e-08    8.340231e-08    -1.244976e-07    4.42147e-09    7.649278e-08    -7.317661e-08    3.069153e-06    -5.261763e-07    -2.192146e-06    3.374953e-07    8.121976e-08
-8.894476e-08    2.234419e-07    7.246206e-08    4.83202e-07    -3.256638e-07    3.872644e-07    -6.069016e-08    -1.822857e-07    1.788998e-07    -2.088266e-07    -5.261763e-07    3.847413e-06    1.141822e-07    -3.192157e-06    8.326779e-07
4.240979e-07    -1.35801e-07    5.612134e-07    -1.422519e-07    -2.411536e-07    2.379982e-07    -1.238451e-07    -1.941325e-07    2.004902e-07    -1.172596e-07    -2.192146e-06    1.141822e-07    3.763799e-06    3.70122e-09    -1.990408e-06
3.906158e-07    -3.134975e-07    2.913395e-07    -5.794255e-07    1.036626e-08    -2.343316e-07    1.280849e-07    9.046192e-08    -3.722686e-08    7.052103e-08    3.374953e-07    -3.192157e-06    3.70122e-09    5.55885e-06    -2.989057e-06
2.612999e-08    4.769027e-07    -7.9827e-07    -4.287822e-07    6.659934e-08    -2.191416e-07    3.435425e-07    2.276461e-07    -3.65848e-07    9.812826e-08    8.121976e-08    8.326779e-07    -1.990408e-06    -2.989057e-06    4.455677e-06
