1    -0.1502551    -0.4406842    0.1598476    -2.12753e-05    0.003566958    -0.007470911    0.001426107    -0.0003324345    0.01571107
-0.1502551    1    0.019426    -0.637904    0.2023713    -0.02237384    0.006714946    0.001264068    -0.009531375    0.01473354
-0.4406842    0.019426    1    0.09140589    -0.5380965    -0.009178204    -0.00199941    -0.001568344    -0.003552866    0.002236755
0.1598476    -0.637904    0.09140589    1    -0.5762228    0.04000324    0.004802836    -0.01623235    -0.01480414    0.004404218
-2.12753e-05    0.2023713    -0.5380965    -0.5762228    1    -0.005761343    0.007781915    0.00925157    0.0153079    -0.0406256
0.003566958    -0.02237384    -0.009178204    0.04000324    -0.005761343    1    -0.153122    -0.644981    0.08170826    0.0219632
-0.007470911    0.006714946    -0.00199941    0.004802836    0.007781915    -0.153122    1    0.03000549    -0.6902516    0.201111
0.001426107    0.001264068    -0.001568344    -0.01623235    0.00925157    -0.644981    0.03000549    1    0.000809169    -0.48604
-0.0003324345    -0.009531375    -0.003552866    -0.01480414    0.0153079    0.08170826    -0.6902516    0.000809169    1    -0.6005994
0.01571107    0.01473354    0.002236755    0.004404218    -0.0406256    0.0219632    0.201111    -0.48604    -0.6005994    1
