5.182159e-06    3.853866e-07    -2.464886e-06    -2.743596e-07    -9.928149e-08    3.274217e-07    4.597123e-07    -1.069333e-07    6.196552e-07    -5.645346e-07    1.5306e-07    8.906832e-09    -9.780706e-08    -1.293058e-08    5.812654e-08
3.853866e-07    4.010525e-06    -3.291143e-07    -2.734395e-06    8.042172e-07    -1.010991e-06    6.309363e-07    1.377749e-06    -1.016102e-06    -8.296695e-08    1.114263e-09    4.874875e-08    -6.897453e-08    -4.978705e-08    7.589947e-08
-2.464886e-06    -3.291143e-07    3.647567e-06    1.099244e-07    -1.724072e-06    -9.091832e-07    7.051326e-07    1.127952e-06    -9.78698e-07    4.686953e-08    -1.142016e-07    -5.783841e-08    8.134886e-08    1.875785e-08    -1.084192e-08
-2.743596e-07    -2.734395e-06    1.099244e-07    5.123746e-06    -2.446878e-06    4.934324e-07    2.817923e-07    -2.970941e-07    6.66501e-07    -4.419745e-07    2.187631e-09    8.045425e-09    1.186762e-08    -9.458259e-08    9.615147e-08
-9.928149e-08    8.042172e-07    -1.724072e-06    -2.446878e-06    5.950417e-06    5.413253e-07    -1.056026e-06    -9.995569e-07    3.632605e-07    4.572159e-07    8.02697e-08    -1.290349e-07    2.09955e-08    1.961559e-07    -1.946721e-07
3.274217e-07    -1.010991e-06    -9.091832e-07    4.934324e-07    5.413253e-07    3.195493e-06    -1.639595e-06    -1.169982e-06    2.038072e-07    -2.913092e-07    -4.637161e-07    -8.894476e-08    4.240979e-07    3.906158e-07    2.612999e-08
4.597123e-07    6.309363e-07    7.051326e-07    2.817923e-07    -1.056026e-06    -1.639595e-06    1.056232e-05    -5.783004e-06    -1.839862e-06    1.109121e-06    1.290254e-07    2.234419e-07    -1.35801e-07    -3.134975e-07    4.769027e-07
-1.069333e-07    1.377749e-06    1.127952e-06    -2.970941e-07    -9.995569e-07    -1.169982e-06    -5.783004e-06    9.855298e-06    -1.005101e-06    -2.433211e-06    -1.910129e-07    7.246206e-08    5.612134e-07    2.913395e-07    -7.9827e-07
6.196552e-07    -1.016102e-06    -9.78698e-07    6.66501e-07    3.632605e-07    2.038072e-07    -1.839862e-06    -1.005101e-06    3.603721e-06    -5.028667e-07    5.619697e-07    4.83202e-07    -1.422519e-07    -5.794255e-07    -4.287822e-07
-5.645346e-07    -8.296695e-08    4.686953e-08    -4.419745e-07    4.572159e-07    -2.913092e-07    1.109121e-06    -2.433211e-06    -5.028667e-07    2.196402e-06    -2.954156e-08    -3.256638e-07    -2.411536e-07    1.036626e-08    6.659934e-08
1.5306e-07    1.114263e-09    -1.142016e-07    2.187631e-09    8.02697e-08    -4.637161e-07    1.290254e-07    -1.910129e-07    5.619697e-07    -2.954156e-08    3.069153e-06    -5.261763e-07    -2.192146e-06    3.374953e-07    8.121976e-08
8.906832e-09    4.874875e-08    -5.783841e-08    8.045425e-09    -1.290349e-07    -8.894476e-08    2.234419e-07    7.246206e-08    4.83202e-07    -3.256638e-07    -5.261763e-07    3.847413e-06    1.141822e-07    -3.192157e-06    8.326779e-07
-9.780706e-08    -6.897453e-08    8.134886e-08    1.186762e-08    2.09955e-08    4.240979e-07    -1.35801e-07    5.612134e-07    -1.422519e-07    -2.411536e-07    -2.192146e-06    1.141822e-07    3.763799e-06    3.70122e-09    -1.990408e-06
-1.293058e-08    -4.978705e-08    1.875785e-08    -9.458259e-08    1.961559e-07    3.906158e-07    -3.134975e-07    2.913395e-07    -5.794255e-07    1.036626e-08    3.374953e-07    -3.192157e-06    3.70122e-09    5.55885e-06    -2.989057e-06
5.812654e-08    7.589947e-08    -1.084192e-08    9.615147e-08    -1.946721e-07    2.612999e-08    4.769027e-07    -7.9827e-07    -4.287822e-07    6.659934e-08    8.121976e-08    8.326779e-07    -1.990408e-06    -2.989057e-06    4.455677e-06
