3.924155e-06    -1.684096e-07    -2.334304e-06    -5.472707e-07    7.053083e-08    2.944565e-07    -6.393943e-08    -3.301362e-07    2.003128e-07    -3.779034e-08    5.640626e-09    -3.4865e-08    2.739396e-08    5.650298e-08    -3.679691e-10
-1.684096e-07    3.96229e-06    -4.396727e-07    -2.460379e-06    2.04513e-07    -2.500318e-08    -3.069591e-07    -2.131836e-07    3.132071e-08    2.330354e-07    9.970981e-08    4.347579e-08    -7.500163e-08    -1.15496e-08    -8.344061e-08
-2.334304e-06    -4.396727e-07    3.884889e-06    -1.64963e-07    -1.149445e-06    5.369076e-08    -3.718815e-07    -1.448068e-07    1.097473e-09    1.957062e-07    -2.22931e-08    6.962436e-08    7.017221e-08    -1.932709e-08    -1.727612e-07
-5.472707e-07    -2.460379e-06    -1.64963e-07    4.069895e-06    -9.110307e-07    2.937518e-07    -1.169427e-07    -3.093833e-07    2.91961e-07    -3.83046e-08    4.537713e-09    2.63184e-08    4.464845e-08    -7.978124e-08    5.456145e-09
7.053083e-08    2.04513e-07    -1.149445e-06    -9.110307e-07    2.400727e-06    -3.137168e-07    3.990052e-07    5.422813e-07    -2.465873e-07    -2.274908e-07    6.021593e-09    -5.22419e-08    -4.628649e-08    3.347417e-08    1.327031e-07
2.944565e-07    -2.500318e-08    5.369076e-08    2.937518e-07    -3.137168e-07    3.195493e-06    -1.639595e-06    -1.169982e-06    2.038072e-07    -2.913092e-07    -4.637161e-07    -8.894476e-08    4.240979e-07    3.906158e-07    2.612999e-08
-6.393943e-08    -3.069591e-07    -3.718815e-07    -1.169427e-07    3.990052e-07    -1.639595e-06    1.056232e-05    -5.783004e-06    -1.839862e-06    1.109121e-06    1.290254e-07    2.234419e-07    -1.35801e-07    -3.134975e-07    4.769027e-07
-3.301362e-07    -2.131836e-07    -1.448068e-07    -3.093833e-07    5.422813e-07    -1.169982e-06    -5.783004e-06    9.855298e-06    -1.005101e-06    -2.433211e-06    -1.910129e-07    7.246206e-08    5.612134e-07    2.913395e-07    -7.9827e-07
2.003128e-07    3.132071e-08    1.097473e-09    2.91961e-07    -2.465873e-07    2.038072e-07    -1.839862e-06    -1.005101e-06    3.603721e-06    -5.028667e-07    5.619697e-07    4.83202e-07    -1.422519e-07    -5.794255e-07    -4.287822e-07
-3.779034e-08    2.330354e-07    1.957062e-07    -3.83046e-08    -2.274908e-07    -2.913092e-07    1.109121e-06    -2.433211e-06    -5.028667e-07    2.196402e-06    -2.954156e-08    -3.256638e-07    -2.411536e-07    1.036626e-08    6.659934e-08
5.640626e-09    9.970981e-08    -2.22931e-08    4.537713e-09    6.021593e-09    -4.637161e-07    1.290254e-07    -1.910129e-07    5.619697e-07    -2.954156e-08    3.069153e-06    -5.261763e-07    -2.192146e-06    3.374953e-07    8.121976e-08
-3.4865e-08    4.347579e-08    6.962436e-08    2.63184e-08    -5.22419e-08    -8.894476e-08    2.234419e-07    7.246206e-08    4.83202e-07    -3.256638e-07    -5.261763e-07    3.847413e-06    1.141822e-07    -3.192157e-06    8.326779e-07
2.739396e-08    -7.500163e-08    7.017221e-08    4.464845e-08    -4.628649e-08    4.240979e-07    -1.35801e-07    5.612134e-07    -1.422519e-07    -2.411536e-07    -2.192146e-06    1.141822e-07    3.763799e-06    3.70122e-09    -1.990408e-06
5.650298e-08    -1.15496e-08    -1.932709e-08    -7.978124e-08    3.347417e-08    3.906158e-07    -3.134975e-07    2.913395e-07    -5.794255e-07    1.036626e-08    3.374953e-07    -3.192157e-06    3.70122e-09    5.55885e-06    -2.989057e-06
-3.679691e-10    -8.344061e-08    -1.727612e-07    5.456145e-09    1.327031e-07    2.612999e-08    4.769027e-07    -7.9827e-07    -4.287822e-07    6.659934e-08    8.121976e-08    8.326779e-07    -1.990408e-06    -2.989057e-06    4.455677e-06
