5.172255e-06    2.427888e-07    -2.809872e-06    -2.827094e-07    2.905719e-07    5.105398e-07    3.546321e-07    -5.212709e-07    7.548542e-07    -3.780386e-07    3.249973e-07    -1.186309e-07    -4.128829e-07    2.594115e-07    -4.235667e-08    -3.956715e-08    7.146652e-08    2.711828e-08    -8.850756e-08    8.355308e-08
2.427888e-07    3.569178e-06    -4.04574e-07    -2.42069e-06    8.808811e-07    -9.409894e-07    7.509881e-07    1.251603e-06    -9.72176e-07    -7.998567e-08    1.279906e-07    -1.359123e-07    -3.385264e-07    2.321031e-08    1.210737e-07    -1.805846e-08    8.046489e-09    4.980443e-08    -1.161783e-08    1.468879e-08
-2.809872e-06    -4.04574e-07    3.938312e-06    4.107296e-07    -2.125435e-06    -9.571722e-07    6.024338e-07    1.346787e-06    -1.000521e-06    -5.145332e-08    3.092612e-08    -3.007455e-07    -9.03219e-08    4.778204e-08    1.621224e-07    -2.970938e-08    -5.671031e-08    -2.442965e-08    -5.087606e-09    3.032629e-08
-2.827094e-07    -2.42069e-06    4.107296e-07    5.054463e-06    -2.842432e-06    3.729725e-07    2.898409e-07    -1.95535e-07    6.542211e-07    -4.563702e-07    2.47955e-07    -2.21127e-07    -2.614728e-07    2.993463e-07    -9.381958e-09    7.274403e-09    1.102677e-08    -3.825746e-08    -2.586111e-08    3.051402e-08
2.905719e-07    8.808811e-07    -2.125435e-06    -2.842432e-06    6.504933e-06    4.260872e-07    -7.477639e-07    -1.014991e-06    2.545543e-07    5.167051e-07    -2.97116e-07    3.604844e-07    4.733563e-07    -3.47833e-07    -1.259001e-07    6.861599e-08    6.490961e-08    1.718849e-08    5.202393e-08    -8.952986e-08
5.105398e-07    -9.409894e-07    -9.571722e-07    3.729725e-07    4.260872e-07    3.195493e-06    -1.639595e-06    -1.169982e-06    2.038072e-07    -2.913092e-07    -1.774902e-07    5.033168e-07    3.769832e-07    -2.016343e-07    -2.311008e-07    -4.637161e-07    -8.894476e-08    4.240979e-07    3.906158e-07    2.612999e-08
3.546321e-07    7.509881e-07    6.024338e-07    2.898409e-07    -7.477639e-07    -1.639595e-06    1.056232e-05    -5.783004e-06    -1.839862e-06    1.109121e-06    3.900549e-07    -7.91374e-07    -4.871903e-07    5.161903e-07    1.627869e-07    1.290254e-07    2.234419e-07    -1.35801e-07    -3.134975e-07    4.769027e-07
-5.212709e-07    1.251603e-06    1.346787e-06    -1.95535e-07    -1.014991e-06    -1.169982e-06    -5.783004e-06    9.855298e-06    -1.005101e-06    -2.433211e-06    5.235637e-07    -3.825977e-07    -8.533051e-07    3.085671e-07    2.030342e-07    -1.910129e-07    7.246206e-08    5.612134e-07    2.913395e-07    -7.9827e-07
7.548542e-07    -9.72176e-07    -1.000521e-06    6.542211e-07    2.545543e-07    2.038072e-07    -1.839862e-06    -1.005101e-06    3.603721e-06    -5.028667e-07    -2.239859e-07    3.138917e-07    4.139434e-07    -7.982472e-08    -1.840122e-07    5.619697e-07    4.83202e-07    -1.422519e-07    -5.794255e-07    -4.287822e-07
-3.780386e-07    -7.998567e-08    -5.145332e-08    -4.563702e-07    5.167051e-07    -2.913092e-07    1.109121e-06    -2.433211e-06    -5.028667e-07    2.196402e-06    -1.873441e-07    5.846522e-08    2.526722e-07    -2.060544e-07    4.493532e-09    -2.954156e-08    -3.256638e-07    -2.411536e-07    1.036626e-08    6.659934e-08
3.249973e-07    1.279906e-07    3.092612e-08    2.47955e-07    -2.97116e-07    -1.774902e-07    3.900549e-07    5.235637e-07    -2.239859e-07    -1.873441e-07    4.198355e-06    -3.570896e-07    -3.268864e-06    -2.005086e-07    -1.219386e-07    -4.279614e-07    -9.688824e-08    3.196944e-07    3.070012e-07    1.843657e-07
-1.186309e-07    -1.359123e-07    -3.007455e-07    -2.21127e-07    3.604844e-07    5.033168e-07    -7.91374e-07    -3.825977e-07    3.138917e-07    5.846522e-08    -3.570896e-07    1.233661e-05    -8.056497e-06    -2.337646e-06    6.702505e-07    5.161131e-08    -6.382884e-08    -3.717155e-07    6.069029e-08    8.485476e-07
-4.128829e-07    -3.385264e-07    -9.03219e-08    -2.614728e-07    4.733563e-07    3.769832e-07    -4.871903e-07    -8.533051e-07    4.139434e-07    2.526722e-07    -3.268864e-06    -8.056497e-06    1.231061e-05    -7.233887e-07    -1.183478e-06    -2.237816e-08    1.305968e-07    4.577215e-07    1.749905e-07    -1.002033e-06
2.594115e-07    2.321031e-08    4.778204e-08    2.993463e-07    -3.47833e-07    -2.016343e-07    5.161903e-07    3.085671e-07    -7.982472e-08    -2.060544e-07    -2.005086e-07    -2.337646e-06    -7.233887e-07    3.857491e-06    -3.243028e-07    5.393521e-07    3.237655e-07    -1.117594e-07    -4.850874e-07    -4.689466e-07
-4.235667e-08    1.210737e-07    1.621224e-07    -9.381958e-09    -1.259001e-07    -2.311008e-07    1.627869e-07    2.030342e-07    -1.840122e-07    4.493532e-09    -1.219386e-07    6.702505e-07    -1.183478e-06    -3.243028e-07    1.055329e-06    -7.630763e-08    -1.197049e-07    -1.286879e-07    -7.033174e-08    3.119163e-08
-3.956715e-08    -1.805846e-08    -2.970938e-08    7.274403e-09    6.861599e-08    -4.637161e-07    1.290254e-07    -1.910129e-07    5.619697e-07    -2.954156e-08    -4.279614e-07    5.161131e-08    -2.237816e-08    5.393521e-07    -7.630763e-08    3.069153e-06    -5.261763e-07    -2.192146e-06    3.374953e-07    8.121976e-08
7.146652e-08    8.046489e-09    -5.671031e-08    1.102677e-08    6.490961e-08    -8.894476e-08    2.234419e-07    7.246206e-08    4.83202e-07    -3.256638e-07    -9.688824e-08    -6.382884e-08    1.305968e-07    3.237655e-07    -1.197049e-07    -5.261763e-07    3.847413e-06    1.141822e-07    -3.192157e-06    8.326779e-07
2.711828e-08    4.980443e-08    -2.442965e-08    -3.825746e-08    1.718849e-08    4.240979e-07    -1.35801e-07    5.612134e-07    -1.422519e-07    -2.411536e-07    3.196944e-07    -3.717155e-07    4.577215e-07    -1.117594e-07    -1.286879e-07    -2.192146e-06    1.141822e-07    3.763799e-06    3.70122e-09    -1.990408e-06
-8.850756e-08    -1.161783e-08    -5.087606e-09    -2.586111e-08    5.202393e-08    3.906158e-07    -3.134975e-07    2.913395e-07    -5.794255e-07    1.036626e-08    3.070012e-07    6.069029e-08    1.749905e-07    -4.850874e-07    -7.033174e-08    3.374953e-07    -3.192157e-06    3.70122e-09    5.55885e-06    -2.989057e-06
8.355308e-08    1.468879e-08    3.032629e-08    3.051402e-08    -8.952986e-08    2.612999e-08    4.769027e-07    -7.9827e-07    -4.287822e-07    6.659934e-08    1.843657e-07    8.485476e-07    -1.002033e-06    -4.689466e-07    3.119163e-08    8.121976e-08    8.326779e-07    -1.990408e-06    -2.989057e-06    4.455677e-06
