3.195493e-06    -1.639595e-06    -1.169982e-06    2.038072e-07    -2.913092e-07    -6.834888e-08    3.916e-07    5.08818e-07    6.361826e-08    -4.168652e-07    -4.637161e-07    -8.894476e-08    4.240979e-07    3.906158e-07    2.612999e-08
-1.639595e-06    1.056232e-05    -5.783004e-06    -1.839862e-06    1.109121e-06    4.800042e-07    -8.15228e-07    -9.162905e-07    5.173075e-07    3.967937e-07    1.290254e-07    2.234419e-07    -1.35801e-07    -3.134975e-07    4.769027e-07
-1.169982e-06    -5.783004e-06    9.855298e-06    -1.005101e-06    -2.433211e-06    3.939513e-07    -9.148076e-07    -9.050359e-07    2.206934e-07    5.48557e-07    -1.910129e-07    7.246206e-08    5.612134e-07    2.913395e-07    -7.9827e-07
2.038072e-07    -1.839862e-06    -1.005101e-06    3.603721e-06    -5.028667e-07    1.164735e-07    2.513594e-07    3.486804e-07    2.288653e-07    -4.706512e-07    5.619697e-07    4.83202e-07    -1.422519e-07    -5.794255e-07    -4.287822e-07
-2.913092e-07    1.109121e-06    -2.433211e-06    -5.028667e-07    2.196402e-06    -4.08266e-07    4.895283e-07    4.194069e-07    -4.592538e-07    1.032092e-08    -2.954156e-08    -3.256638e-07    -2.411536e-07    1.036626e-08    6.659934e-08
-6.834888e-08    4.800042e-07    3.939513e-07    1.164735e-07    -4.08266e-07    5.688819e-06    7.011856e-10    -4.407768e-06    -3.903071e-07    1.419384e-07    3.289569e-07    -4.667471e-07    -5.190096e-09    8.3525e-07    -6.254092e-07
3.916e-07    -8.15228e-07    -9.148076e-07    2.513594e-07    4.895283e-07    7.011856e-10    6.556251e-06    -1.302988e-06    -4.337485e-06    6.190545e-07    -3.243316e-07    2.327571e-08    -3.387924e-07    -6.337492e-07    9.395986e-07
5.08818e-07    -9.162905e-07    -9.050359e-07    3.486804e-07    4.194069e-07    -4.407768e-06    -1.302988e-06    6.599799e-06    9.317883e-08    -1.536047e-06    -3.345717e-07    9.654869e-08    -2.258874e-07    -7.716754e-07    9.525072e-07
6.361826e-08    5.173075e-07    2.206934e-07    2.288653e-07    -4.592538e-07    -3.903071e-07    -4.337485e-06    9.317883e-08    5.633031e-06    -1.088318e-06    2.210303e-07    -3.779896e-07    1.305574e-08    7.502919e-07    -5.441514e-07
-4.168652e-07    3.967937e-07    5.48557e-07    -4.706512e-07    1.032092e-08    1.419384e-07    6.190545e-07    -1.536047e-06    -1.088318e-06    2.336119e-06    7.031241e-08    3.116424e-07    2.51584e-07    -2.404351e-08    -3.610371e-07
-4.637161e-07    1.290254e-07    -1.910129e-07    5.619697e-07    -2.954156e-08    3.289569e-07    -3.243316e-07    -3.345717e-07    2.210303e-07    7.031241e-08    3.069153e-06    -5.261763e-07    -2.192146e-06    3.374953e-07    8.121976e-08
-8.894476e-08    2.234419e-07    7.246206e-08    4.83202e-07    -3.256638e-07    -4.667471e-07    2.327571e-08    9.654869e-08    -3.779896e-07    3.116424e-07    -5.261763e-07    3.847413e-06    1.141822e-07    -3.192157e-06    8.326779e-07
4.240979e-07    -1.35801e-07    5.612134e-07    -1.422519e-07    -2.411536e-07    -5.190096e-09    -3.387924e-07    -2.258874e-07    1.305574e-08    2.51584e-07    -2.192146e-06    1.141822e-07    3.763799e-06    3.70122e-09    -1.990408e-06
3.906158e-07    -3.134975e-07    2.913395e-07    -5.794255e-07    1.036626e-08    8.3525e-07    -6.337492e-07    -7.716754e-07    7.502919e-07    -2.404351e-08    3.374953e-07    -3.192157e-06    3.70122e-09    5.55885e-06    -2.989057e-06
2.612999e-08    4.769027e-07    -7.9827e-07    -4.287822e-07    6.659934e-08    -6.254092e-07    9.395986e-07    9.525072e-07    -5.441514e-07    -3.610371e-07    8.121976e-08    8.326779e-07    -1.990408e-06    -2.989057e-06    4.455677e-06
