1    -0.04270913    -0.5978538    -0.1369423    0.02297918    0.001625343    -0.008972887    0.007128015    0.01209778    -8.799975e-05
-0.04270913    1    -0.1120642    -0.6126852    0.0663096    0.02859272    0.01113499    -0.01942157    -0.002460942    -0.01985855
-0.5978538    -0.1120642    1    -0.04148638    -0.3763808    -0.006456123    0.01800891    0.01835112    -0.00415896    -0.04152408
-0.1369423    -0.6126852    -0.04148638    1    -0.291454    0.001283915    0.006650948    0.01140779    -0.01677323    0.001281261
0.02297918    0.0663096    -0.3763808    -0.291454    1    0.002218353    -0.0171895    -0.01539819    0.009163174    0.04057447
0.001625343    0.02859272    -0.006456123    0.001283915    0.002218353    1    -0.153122    -0.644981    0.08170826    0.0219632
-0.008972887    0.01113499    0.01800891    0.006650948    -0.0171895    -0.153122    1    0.03000549    -0.6902516    0.201111
0.007128015    -0.01942157    0.01835112    0.01140779    -0.01539819    -0.644981    0.03000549    1    0.000809169    -0.48604
0.01209778    -0.002460942    -0.00415896    -0.01677323    0.009163174    0.08170826    -0.6902516    0.000809169    1    -0.6005994
-8.799975e-05    -0.01985855    -0.04152408    0.001281261    0.04057447    0.0219632    0.201111    -0.48604    -0.6005994    1
