4.031233e-06    -1.349133e-07    -2.383666e-06    -5.92292e-07    8.958909e-09    3.845021e-07    -3.733791e-07    -4.040659e-07    3.992731e-07    -1.535542e-09    2.81215e-07    -2.102334e-07    -1.103377e-07    2.301087e-07    -1.346945e-07    2.522611e-07    -6.991328e-08    -1.983939e-07    1.728943e-07    -4.877872e-08    -2.42113e-08    -5.465718e-08    2.146841e-08    4.628573e-08    -3.635983e-08
-1.349133e-07    3.917273e-06    -3.736174e-07    -2.365704e-06    1.450855e-07    -4.736592e-07    -1.550912e-08    -3.776276e-08    -4.685313e-07    4.683997e-07    7.032042e-08    -1.573068e-07    -3.147952e-07    -5.981865e-08    2.014906e-07    1.126963e-07    -1.721754e-07    -3.572851e-07    -1.50638e-08    1.653444e-07    -1.983373e-08    5.825707e-09    3.879564e-08    1.273127e-07    -1.516347e-07
-2.383666e-06    -3.736174e-07    3.896848e-06    -1.752482e-07    -1.137147e-06    -4.344421e-07    1.203519e-07    -3.358386e-08    -5.980366e-07    5.795268e-07    2.308017e-08    -1.827199e-07    -4.950004e-07    3.684226e-08    3.348404e-07    1.223775e-08    -3.395076e-07    -1.656714e-07    6.615273e-08    1.518517e-07    5.07326e-08    3.642758e-08    -1.023082e-08    1.488412e-09    -1.258304e-07
-5.92292e-07    -2.365704e-06    -1.752482e-07    3.976115e-06    -9.157032e-07    3.763331e-07    -4.088919e-07    -3.745649e-07    4.106058e-07    -1.230311e-08    2.653777e-07    -2.579357e-07    -1.892295e-07    3.111147e-07    -5.061231e-08    2.268303e-07    -2.012523e-07    -1.158731e-07    2.188591e-07    -6.237872e-08    5.415537e-08    2.75359e-08    3.764125e-08    -1.06466e-07    -2.231564e-08
8.958909e-09    1.450855e-07    -1.137147e-06    -9.157032e-07    2.505312e-06    4.987586e-08    3.197776e-07    4.201274e-07    2.040682e-07    -5.502323e-07    -3.451899e-07    4.032005e-07    6.358144e-07    -2.993951e-07    -1.939436e-07    -2.985701e-07    3.414929e-07    4.375775e-07    -2.268836e-07    -1.133559e-07    -4.453383e-08    -1.262755e-08    -3.271179e-08    5.266398e-11    1.565979e-07
3.845021e-07    -4.736592e-07    -4.344421e-07    3.763331e-07    4.987586e-08    4.633149e-06    -2.226528e-08    -2.577992e-06    -5.526539e-07    -3.784037e-08    2.565356e-07    -1.746952e-07    -1.95365e-07    2.128077e-07    -1.84851e-08    4.554006e-07    -2.837427e-07    -4.219777e-08    5.930196e-07    -2.790469e-07    -4.422651e-08    -6.759097e-08    8.665058e-08    -4.291688e-09    -7.240748e-08
-3.733791e-07    -1.550912e-08    1.203519e-07    -4.088919e-07    3.197776e-07    -2.226528e-08    4.314035e-06    -1.467289e-07    -2.935138e-06    3.404764e-07    1.367306e-07    -3.024938e-07    -4.34101e-07    1.123974e-07    1.942362e-07    -1.197468e-06    1.110297e-06    1.216484e-06    -1.03292e-06    -1.22857e-08    -8.645105e-09    -3.202757e-09    -1.103003e-07    -2.617664e-09    1.591118e-07
-4.040659e-07    -3.776276e-08    -3.358386e-08    -3.745649e-07    4.201274e-07    -2.577992e-06    -1.467289e-07    3.894266e-06    -7.059169e-08    -1.365414e-06    1.721524e-08    -3.251307e-07    -1.486673e-07    6.940214e-08    1.320113e-07    -1.004715e-06    1.036136e-06    9.697041e-07    -9.436935e-07    -4.174263e-08    -9.532347e-10    2.564343e-08    -6.362784e-08    2.166702e-08    1.345874e-07
3.992731e-07    -4.685313e-07    -5.980366e-07    4.106058e-07    2.040682e-07    -5.526539e-07    -2.935138e-06    -7.059169e-08    4.830318e-06    -1.433847e-06    2.486976e-07    -1.104939e-07    -5.218825e-08    1.435132e-07    -7.690783e-08    7.454807e-07    -2.669994e-07    -3.90639e-07    5.584895e-07    -2.680226e-07    -2.502888e-08    -6.297353e-09    7.010587e-08    9.216893e-09    -6.356717e-09
-1.535542e-09    4.683997e-07    5.795268e-07    -1.230311e-08    -5.502323e-07    -3.784037e-08    3.404764e-07    -1.365414e-06    -1.433847e-06    3.642288e-06    -3.672536e-07    5.935586e-07    3.713075e-07    -2.837822e-07    -9.664889e-08    5.199296e-07    -7.745317e-07    -9.416435e-07    3.714423e-07    3.107753e-07    5.065704e-08    2.23287e-08    -6.714699e-09    -1.785378e-08    -9.955084e-08
2.81215e-07    7.032042e-08    2.308017e-08    2.653777e-07    -3.451899e-07    2.565356e-07    1.367306e-07    1.721524e-08    2.486976e-07    -3.672536e-07    3.195493e-06    -1.639595e-06    -1.169982e-06    2.038072e-07    -2.913092e-07    -1.774902e-07    5.033168e-07    3.769832e-07    -2.016343e-07    -2.311008e-07    -4.637161e-07    -8.894476e-08    4.240979e-07    3.906158e-07    2.612999e-08
-2.102334e-07    -1.573068e-07    -1.827199e-07    -2.579357e-07    4.032005e-07    -1.746952e-07    -3.024938e-07    -3.251307e-07    -1.104939e-07    5.935586e-07    -1.639595e-06    1.056232e-05    -5.783004e-06    -1.839862e-06    1.109121e-06    3.900549e-07    -7.91374e-07    -4.871903e-07    5.161903e-07    1.627869e-07    1.290254e-07    2.234419e-07    -1.35801e-07    -3.134975e-07    4.769027e-07
-1.103377e-07    -3.147952e-07    -4.950004e-07    -1.892295e-07    6.358144e-07    -1.95365e-07    -4.34101e-07    -1.486673e-07    -5.218825e-08    3.713075e-07    -1.169982e-06    -5.783004e-06    9.855298e-06    -1.005101e-06    -2.433211e-06    5.235637e-07    -3.825977e-07    -8.533051e-07    3.085671e-07    2.030342e-07    -1.910129e-07    7.246206e-08    5.612134e-07    2.913395e-07    -7.9827e-07
2.301087e-07    -5.981865e-08    3.684226e-08    3.111147e-07    -2.993951e-07    2.128077e-07    1.123974e-07    6.940214e-08    1.435132e-07    -2.837822e-07    2.038072e-07    -1.839862e-06    -1.005101e-06    3.603721e-06    -5.028667e-07    -2.239859e-07    3.138917e-07    4.139434e-07    -7.982472e-08    -1.840122e-07    5.619697e-07    4.83202e-07    -1.422519e-07    -5.794255e-07    -4.287822e-07
-1.346945e-07    2.014906e-07    3.348404e-07    -5.061231e-08    -1.939436e-07    -1.84851e-08    1.942362e-07    1.320113e-07    -7.690783e-08    -9.664889e-08    -2.913092e-07    1.109121e-06    -2.433211e-06    -5.028667e-07    2.196402e-06    -1.873441e-07    5.846522e-08    2.526722e-07    -2.060544e-07    4.493532e-09    -2.954156e-08    -3.256638e-07    -2.411536e-07    1.036626e-08    6.659934e-08
2.522611e-07    1.126963e-07    1.223775e-08    2.268303e-07    -2.985701e-07    4.554006e-07    -1.197468e-06    -1.004715e-06    7.454807e-07    5.199296e-07    -1.774902e-07    3.900549e-07    5.235637e-07    -2.239859e-07    -1.873441e-07    4.198355e-06    -3.570896e-07    -3.268864e-06    -2.005086e-07    -1.219386e-07    -4.279614e-07    -9.688824e-08    3.196944e-07    3.070012e-07    1.843657e-07
-6.991328e-08    -1.721754e-07    -3.395076e-07    -2.012523e-07    3.414929e-07    -2.837427e-07    1.110297e-06    1.036136e-06    -2.669994e-07    -7.745317e-07    5.033168e-07    -7.91374e-07    -3.825977e-07    3.138917e-07    5.846522e-08    -3.570896e-07    1.233661e-05    -8.056497e-06    -2.337646e-06    6.702505e-07    5.161131e-08    -6.382884e-08    -3.717155e-07    6.069029e-08    8.485476e-07
-1.983939e-07    -3.572851e-07    -1.656714e-07    -1.158731e-07    4.375775e-07    -4.219777e-08    1.216484e-06    9.697041e-07    -3.90639e-07    -9.416435e-07    3.769832e-07    -4.871903e-07    -8.533051e-07    4.139434e-07    2.526722e-07    -3.268864e-06    -8.056497e-06    1.231061e-05    -7.233887e-07    -1.183478e-06    -2.237816e-08    1.305968e-07    4.577215e-07    1.749905e-07    -1.002033e-06
1.728943e-07    -1.50638e-08    6.615273e-08    2.188591e-07    -2.268836e-07    5.930196e-07    -1.03292e-06    -9.436935e-07    5.584895e-07    3.714423e-07    -2.016343e-07    5.161903e-07    3.085671e-07    -7.982472e-08    -2.060544e-07    -2.005086e-07    -2.337646e-06    -7.233887e-07    3.857491e-06    -3.243028e-07    5.393521e-07    3.237655e-07    -1.117594e-07    -4.850874e-07    -4.689466e-07
-4.877872e-08    1.653444e-07    1.518517e-07    -6.237872e-08    -1.133559e-07    -2.790469e-07    -1.22857e-08    -4.174263e-08    -2.680226e-07    3.107753e-07    -2.311008e-07    1.627869e-07    2.030342e-07    -1.840122e-07    4.493532e-09    -1.219386e-07    6.702505e-07    -1.183478e-06    -3.243028e-07    1.055329e-06    -7.630763e-08    -1.197049e-07    -1.286879e-07    -7.033174e-08    3.119163e-08
-2.42113e-08    -1.983373e-08    5.07326e-08    5.415537e-08    -4.453383e-08    -4.422651e-08    -8.645105e-09    -9.532347e-10    -2.502888e-08    5.065704e-08    -4.637161e-07    1.290254e-07    -1.910129e-07    5.619697e-07    -2.954156e-08    -4.279614e-07    5.161131e-08    -2.237816e-08    5.393521e-07    -7.630763e-08    3.069153e-06    -5.261763e-07    -2.192146e-06    3.374953e-07    8.121976e-08
-5.465718e-08    5.825707e-09    3.642758e-08    2.75359e-08    -1.262755e-08    -6.759097e-08    -3.202757e-09    2.564343e-08    -6.297353e-09    2.23287e-08    -8.894476e-08    2.234419e-07    7.246206e-08    4.83202e-07    -3.256638e-07    -9.688824e-08    -6.382884e-08    1.305968e-07    3.237655e-07    -1.197049e-07    -5.261763e-07    3.847413e-06    1.141822e-07    -3.192157e-06    8.326779e-07
2.146841e-08    3.879564e-08    -1.023082e-08    3.764125e-08    -3.271179e-08    8.665058e-08    -1.103003e-07    -6.362784e-08    7.010587e-08    -6.714699e-09    4.240979e-07    -1.35801e-07    5.612134e-07    -1.422519e-07    -2.411536e-07    3.196944e-07    -3.717155e-07    4.577215e-07    -1.117594e-07    -1.286879e-07    -2.192146e-06    1.141822e-07    3.763799e-06    3.70122e-09    -1.990408e-06
4.628573e-08    1.273127e-07    1.488412e-09    -1.06466e-07    5.266398e-11    -4.291688e-09    -2.617664e-09    2.166702e-08    9.216893e-09    -1.785378e-08    3.906158e-07    -3.134975e-07    2.913395e-07    -5.794255e-07    1.036626e-08    3.070012e-07    6.069029e-08    1.749905e-07    -4.850874e-07    -7.033174e-08    3.374953e-07    -3.192157e-06    3.70122e-09    5.55885e-06    -2.989057e-06
-3.635983e-08    -1.516347e-07    -1.258304e-07    -2.231564e-08    1.565979e-07    -7.240748e-08    1.591118e-07    1.345874e-07    -6.356717e-09    -9.955084e-08    2.612999e-08    4.769027e-07    -7.9827e-07    -4.287822e-07    6.659934e-08    1.843657e-07    8.485476e-07    -1.002033e-06    -4.689466e-07    3.119163e-08    8.121976e-08    8.326779e-07    -1.990408e-06    -2.989057e-06    4.455677e-06
