3.195493e-06    -1.639595e-06    -1.169982e-06    2.038072e-07    -2.913092e-07    5.891865e-09    -4.048902e-07    -1.844105e-07    2.03835e-07    2.363895e-07    -4.637161e-07    -8.894476e-08    4.240979e-07    3.906158e-07    2.612999e-08
-1.639595e-06    1.056232e-05    -5.783004e-06    -1.839862e-06    1.109121e-06    -1.297106e-07    3.056562e-07    1.017006e-07    -1.675807e-07    -8.505389e-08    1.290254e-07    2.234419e-07    -1.35801e-07    -3.134975e-07    4.769027e-07
-1.169982e-06    -5.783004e-06    9.855298e-06    -1.005101e-06    -2.433211e-06    -9.781455e-08    2.762852e-07    3.188788e-07    -2.079561e-07    -1.880979e-07    -1.910129e-07    7.246206e-08    5.612134e-07    2.913395e-07    -7.9827e-07
2.038072e-07    -1.839862e-06    -1.005101e-06    3.603721e-06    -5.028667e-07    1.338199e-07    -4.240495e-07    -4.332471e-07    1.179469e-07    3.270387e-07    5.619697e-07    4.83202e-07    -1.422519e-07    -5.794255e-07    -4.287822e-07
-2.913092e-07    1.109121e-06    -2.433211e-06    -5.028667e-07    2.196402e-06    -1.642532e-08    1.536455e-07    6.693507e-08    -5.084667e-08    -5.064377e-08    -2.954156e-08    -3.256638e-07    -2.411536e-07    1.036626e-08    6.659934e-08
5.891865e-09    -1.297106e-07    -9.781455e-08    1.338199e-07    -1.642532e-08    5.089656e-06    1.888015e-07    -3.277961e-06    8.594094e-08    -2.952586e-07    2.739127e-07    -4.068371e-07    -6.455862e-08    6.676505e-07    -5.142974e-07
-4.048902e-07    3.056562e-07    2.762852e-07    -4.240495e-07    1.536455e-07    1.888015e-07    6.066389e-06    -1.616651e-06    -3.337731e-06    1.28354e-06    -4.217483e-07    -2.80753e-08    -2.340087e-07    -5.41544e-07    9.122665e-07
-1.844105e-07    1.017006e-07    3.188788e-07    -4.332471e-07    6.693507e-08    -3.277961e-06    -1.616651e-06    5.880102e-06    2.169844e-07    -2.446277e-06    -3.023288e-07    -1.52545e-07    -3.046479e-07    -3.471104e-07    9.291437e-07
2.03835e-07    -1.675807e-07    -2.079561e-07    1.179469e-07    -5.084667e-08    8.594094e-08    -3.337731e-06    2.169844e-07    5.069693e-06    -1.798967e-06    2.886936e-07    -4.562697e-07    -5.518735e-08    7.771461e-07    -5.158326e-07
2.363895e-07    -8.505389e-08    -1.880979e-07    3.270387e-07    -5.064377e-08    -2.952586e-07    1.28354e-06    -2.446277e-06    -1.798967e-06    4.716638e-06    -1.771666e-08    5.649778e-07    4.155895e-07    -3.32302e-07    -4.425948e-07
-4.637161e-07    1.290254e-07    -1.910129e-07    5.619697e-07    -2.954156e-08    2.739127e-07    -4.217483e-07    -3.023288e-07    2.886936e-07    -1.771666e-08    3.069153e-06    -5.261763e-07    -2.192146e-06    3.374953e-07    8.121976e-08
-8.894476e-08    2.234419e-07    7.246206e-08    4.83202e-07    -3.256638e-07    -4.068371e-07    -2.80753e-08    -1.52545e-07    -4.562697e-07    5.649778e-07    -5.261763e-07    3.847413e-06    1.141822e-07    -3.192157e-06    8.326779e-07
4.240979e-07    -1.35801e-07    5.612134e-07    -1.422519e-07    -2.411536e-07    -6.455862e-08    -2.340087e-07    -3.046479e-07    -5.518735e-08    4.155895e-07    -2.192146e-06    1.141822e-07    3.763799e-06    3.70122e-09    -1.990408e-06
3.906158e-07    -3.134975e-07    2.913395e-07    -5.794255e-07    1.036626e-08    6.676505e-07    -5.41544e-07    -3.471104e-07    7.771461e-07    -3.32302e-07    3.374953e-07    -3.192157e-06    3.70122e-09    5.55885e-06    -2.989057e-06
2.612999e-08    4.769027e-07    -7.9827e-07    -4.287822e-07    6.659934e-08    -5.142974e-07    9.122665e-07    9.291437e-07    -5.158326e-07    -4.425948e-07    8.121976e-08    8.326779e-07    -1.990408e-06    -2.989057e-06    4.455677e-06
