2.600983e-06    -3.286611e-07    -1.342674e-06    6.021406e-07    1.593954e-08    4.697839e-07    5.47637e-07    -5.34376e-07    3.198598e-07    -2.380081e-07    -8.592304e-08    2.930226e-08    2.976535e-08    -1.372647e-08    8.05633e-08
-3.286611e-07    3.160636e-06    -1.907102e-08    -2.568925e-06    8.523284e-07    -1.040816e-06    1.041128e-06    9.535011e-07    -1.052007e-06    5.102193e-08    -6.514163e-08    -4.62901e-08    6.509298e-08    -3.235921e-09    3.843355e-10
-1.342674e-06    -1.907102e-08    3.326219e-06    3.893051e-07    -2.172842e-06    -8.725912e-07    2.69731e-07    1.767781e-06    -7.931527e-07    -2.445022e-07    3.405016e-08    7.30707e-09    -4.297934e-08    -3.44732e-08    2.788392e-08
6.021406e-07    -2.568925e-06    3.893051e-07    5.404785e-06    -3.126419e-06    3.774371e-07    -2.220125e-08    -1.357133e-07    1.103326e-06    -5.089819e-07    9.36981e-08    4.641594e-08    -5.439054e-08    -8.591566e-08    -1.741049e-08
1.593954e-08    8.523284e-07    -2.172842e-06    -3.126419e-06    5.295479e-06    4.850394e-07    -8.076206e-07    -1.334957e-06    2.291829e-07    7.938154e-07    5.491187e-09    -5.613856e-08    5.412662e-08    8.622935e-08    -1.768048e-07
4.697839e-07    -1.040816e-06    -8.725912e-07    3.774371e-07    4.850394e-07    3.195493e-06    -1.639595e-06    -1.169982e-06    2.038072e-07    -2.913092e-07    -4.637161e-07    -8.894476e-08    4.240979e-07    3.906158e-07    2.612999e-08
5.47637e-07    1.041128e-06    2.69731e-07    -2.220125e-08    -8.076206e-07    -1.639595e-06    1.056232e-05    -5.783004e-06    -1.839862e-06    1.109121e-06    1.290254e-07    2.234419e-07    -1.35801e-07    -3.134975e-07    4.769027e-07
-5.34376e-07    9.535011e-07    1.767781e-06    -1.357133e-07    -1.334957e-06    -1.169982e-06    -5.783004e-06    9.855298e-06    -1.005101e-06    -2.433211e-06    -1.910129e-07    7.246206e-08    5.612134e-07    2.913395e-07    -7.9827e-07
3.198598e-07    -1.052007e-06    -7.931527e-07    1.103326e-06    2.291829e-07    2.038072e-07    -1.839862e-06    -1.005101e-06    3.603721e-06    -5.028667e-07    5.619697e-07    4.83202e-07    -1.422519e-07    -5.794255e-07    -4.287822e-07
-2.380081e-07    5.102193e-08    -2.445022e-07    -5.089819e-07    7.938154e-07    -2.913092e-07    1.109121e-06    -2.433211e-06    -5.028667e-07    2.196402e-06    -2.954156e-08    -3.256638e-07    -2.411536e-07    1.036626e-08    6.659934e-08
-8.592304e-08    -6.514163e-08    3.405016e-08    9.36981e-08    5.491187e-09    -4.637161e-07    1.290254e-07    -1.910129e-07    5.619697e-07    -2.954156e-08    3.069153e-06    -5.261763e-07    -2.192146e-06    3.374953e-07    8.121976e-08
2.930226e-08    -4.62901e-08    7.30707e-09    4.641594e-08    -5.613856e-08    -8.894476e-08    2.234419e-07    7.246206e-08    4.83202e-07    -3.256638e-07    -5.261763e-07    3.847413e-06    1.141822e-07    -3.192157e-06    8.326779e-07
2.976535e-08    6.509298e-08    -4.297934e-08    -5.439054e-08    5.412662e-08    4.240979e-07    -1.35801e-07    5.612134e-07    -1.422519e-07    -2.411536e-07    -2.192146e-06    1.141822e-07    3.763799e-06    3.70122e-09    -1.990408e-06
-1.372647e-08    -3.235921e-09    -3.44732e-08    -8.591566e-08    8.622935e-08    3.906158e-07    -3.134975e-07    2.913395e-07    -5.794255e-07    1.036626e-08    3.374953e-07    -3.192157e-06    3.70122e-09    5.55885e-06    -2.989057e-06
8.05633e-08    3.843355e-10    2.788392e-08    -1.741049e-08    -1.768048e-07    2.612999e-08    4.769027e-07    -7.9827e-07    -4.287822e-07    6.659934e-08    8.121976e-08    8.326779e-07    -1.990408e-06    -2.989057e-06    4.455677e-06
