1.081016e-05    3.549973e-07    -8.377573e-06    1.736126e-07    2.270764e-07    3.783093e-08    3.093601e-08    1.874694e-07    2.138734e-08    -2.233691e-07
3.549973e-07    1.249359e-05    -2.934063e-06    -8.304608e-06    2.022522e-06    -2.329481e-08    1.721804e-07    1.582067e-07    2.917168e-08    -3.369594e-07
-8.377573e-06    -2.934063e-06    1.264536e-05    5.710938e-08    -3.571724e-06    8.207869e-08    -7.363115e-10    -8.545894e-08    1.164223e-07    -9.731235e-08
1.736126e-07    -8.304608e-06    5.710938e-08    1.104064e-05    -3.105478e-06    1.049986e-07    1.798088e-08    5.217771e-08    -4.257168e-08    -3.65403e-08
2.270764e-07    2.022522e-06    -3.571724e-06    -3.105478e-06    5.495815e-06    -1.407944e-07    -6.655231e-08    -5.256592e-08    -5.755051e-08    2.322902e-07
3.783093e-08    -2.329481e-08    8.207869e-08    1.049986e-07    -1.407944e-07    3.069153e-06    -5.261763e-07    -2.192146e-06    3.374953e-07    8.121976e-08
3.093601e-08    1.721804e-07    -7.363115e-10    1.798088e-08    -6.655231e-08    -5.261763e-07    3.847413e-06    1.141822e-07    -3.192157e-06    8.326779e-07
1.874694e-07    1.582067e-07    -8.545894e-08    5.217771e-08    -5.256592e-08    -2.192146e-06    1.141822e-07    3.763799e-06    3.70122e-09    -1.990408e-06
2.138734e-08    2.917168e-08    1.164223e-07    -4.257168e-08    -5.755051e-08    3.374953e-07    -3.192157e-06    3.70122e-09    5.55885e-06    -2.989057e-06
-2.233691e-07    -3.369594e-07    -9.731235e-08    -3.65403e-08    2.322902e-07    8.121976e-08    8.326779e-07    -1.990408e-06    -2.989057e-06    4.455677e-06
