2.533777e-06    -4.266937e-07    -1.291445e-06    5.937822e-07    -7.863822e-11    4.681227e-07    6.564153e-07    -5.014107e-07    2.901943e-07    -2.594287e-07    2.288072e-07    -2.568261e-07    -1.957962e-07    3.291202e-07    -7.64295e-08    9.946985e-09    -2.33261e-08    4.404023e-09    -1.247621e-09    5.278942e-08
-4.266937e-07    3.182776e-06    6.380439e-08    -2.655799e-06    8.383507e-07    -1.057397e-06    1.061532e-06    8.064088e-07    -1.080874e-06    1.712821e-07    2.802185e-08    -1.620801e-07    -2.205805e-07    7.662071e-09    1.65037e-07    -6.992827e-08    2.349795e-08    4.375085e-09    -4.009138e-08    5.548389e-08
-1.291445e-06    6.380439e-08    3.389444e-06    3.92713e-07    -2.300373e-06    -8.677014e-07    2.113235e-07    1.847219e-06    -7.931358e-07    -2.922949e-07    1.608145e-07    -2.219309e-07    -3.585337e-07    7.018316e-08    1.817154e-07    -2.960269e-08    -7.22022e-09    -5.601686e-09    -1.542182e-08    8.692396e-09
5.937822e-07    -2.655799e-06    3.92713e-07    5.445952e-06    -3.122491e-06    3.425277e-07    -6.754537e-08    1.459546e-07    1.032134e-06    -6.776898e-07    3.808388e-07    -3.769026e-07    -2.604429e-07    4.031901e-07    -7.962064e-08    1.635465e-07    2.198463e-08    -7.349054e-08    -8.145401e-08    2.169515e-08
-7.863822e-11    8.383507e-07    -2.300373e-06    -3.122491e-06    5.391972e-06    5.289471e-07    -6.216928e-07    -1.639539e-06    3.108267e-07    8.978436e-07    -4.311868e-07    4.763257e-07    5.828956e-07    -3.920022e-07    -1.256018e-07    -2.343726e-08    3.544416e-08    4.167758e-08    8.38073e-08    -1.991271e-07
4.681227e-07    -1.057397e-06    -8.677014e-07    3.425277e-07    5.289471e-07    3.195493e-06    -1.639595e-06    -1.169982e-06    2.038072e-07    -2.913092e-07    -1.774902e-07    5.033168e-07    3.769832e-07    -2.016343e-07    -2.311008e-07    -4.637161e-07    -8.894476e-08    4.240979e-07    3.906158e-07    2.612999e-08
6.564153e-07    1.061532e-06    2.113235e-07    -6.754537e-08    -6.216928e-07    -1.639595e-06    1.056232e-05    -5.783004e-06    -1.839862e-06    1.109121e-06    3.900549e-07    -7.91374e-07    -4.871903e-07    5.161903e-07    1.627869e-07    1.290254e-07    2.234419e-07    -1.35801e-07    -3.134975e-07    4.769027e-07
-5.014107e-07    8.064088e-07    1.847219e-06    1.459546e-07    -1.639539e-06    -1.169982e-06    -5.783004e-06    9.855298e-06    -1.005101e-06    -2.433211e-06    5.235637e-07    -3.825977e-07    -8.533051e-07    3.085671e-07    2.030342e-07    -1.910129e-07    7.246206e-08    5.612134e-07    2.913395e-07    -7.9827e-07
2.901943e-07    -1.080874e-06    -7.931358e-07    1.032134e-06    3.108267e-07    2.038072e-07    -1.839862e-06    -1.005101e-06    3.603721e-06    -5.028667e-07    -2.239859e-07    3.138917e-07    4.139434e-07    -7.982472e-08    -1.840122e-07    5.619697e-07    4.83202e-07    -1.422519e-07    -5.794255e-07    -4.287822e-07
-2.594287e-07    1.712821e-07    -2.922949e-07    -6.776898e-07    8.978436e-07    -2.913092e-07    1.109121e-06    -2.433211e-06    -5.028667e-07    2.196402e-06    -1.873441e-07    5.846522e-08    2.526722e-07    -2.060544e-07    4.493532e-09    -2.954156e-08    -3.256638e-07    -2.411536e-07    1.036626e-08    6.659934e-08
2.288072e-07    2.802185e-08    1.608145e-07    3.808388e-07    -4.311868e-07    -1.774902e-07    3.900549e-07    5.235637e-07    -2.239859e-07    -1.873441e-07    4.198355e-06    -3.570896e-07    -3.268864e-06    -2.005086e-07    -1.219386e-07    -4.279614e-07    -9.688824e-08    3.196944e-07    3.070012e-07    1.843657e-07
-2.568261e-07    -1.620801e-07    -2.219309e-07    -3.769026e-07    4.763257e-07    5.033168e-07    -7.91374e-07    -3.825977e-07    3.138917e-07    5.846522e-08    -3.570896e-07    1.233661e-05    -8.056497e-06    -2.337646e-06    6.702505e-07    5.161131e-08    -6.382884e-08    -3.717155e-07    6.069029e-08    8.485476e-07
-1.957962e-07    -2.205805e-07    -3.585337e-07    -2.604429e-07    5.828956e-07    3.769832e-07    -4.871903e-07    -8.533051e-07    4.139434e-07    2.526722e-07    -3.268864e-06    -8.056497e-06    1.231061e-05    -7.233887e-07    -1.183478e-06    -2.237816e-08    1.305968e-07    4.577215e-07    1.749905e-07    -1.002033e-06
3.291202e-07    7.662071e-09    7.018316e-08    4.031901e-07    -3.920022e-07    -2.016343e-07    5.161903e-07    3.085671e-07    -7.982472e-08    -2.060544e-07    -2.005086e-07    -2.337646e-06    -7.233887e-07    3.857491e-06    -3.243028e-07    5.393521e-07    3.237655e-07    -1.117594e-07    -4.850874e-07    -4.689466e-07
-7.64295e-08    1.65037e-07    1.817154e-07    -7.962064e-08    -1.256018e-07    -2.311008e-07    1.627869e-07    2.030342e-07    -1.840122e-07    4.493532e-09    -1.219386e-07    6.702505e-07    -1.183478e-06    -3.243028e-07    1.055329e-06    -7.630763e-08    -1.197049e-07    -1.286879e-07    -7.033174e-08    3.119163e-08
9.946985e-09    -6.992827e-08    -2.960269e-08    1.635465e-07    -2.343726e-08    -4.637161e-07    1.290254e-07    -1.910129e-07    5.619697e-07    -2.954156e-08    -4.279614e-07    5.161131e-08    -2.237816e-08    5.393521e-07    -7.630763e-08    3.069153e-06    -5.261763e-07    -2.192146e-06    3.374953e-07    8.121976e-08
-2.33261e-08    2.349795e-08    -7.22022e-09    2.198463e-08    3.544416e-08    -8.894476e-08    2.234419e-07    7.246206e-08    4.83202e-07    -3.256638e-07    -9.688824e-08    -6.382884e-08    1.305968e-07    3.237655e-07    -1.197049e-07    -5.261763e-07    3.847413e-06    1.141822e-07    -3.192157e-06    8.326779e-07
4.404023e-09    4.375085e-09    -5.601686e-09    -7.349054e-08    4.167758e-08    4.240979e-07    -1.35801e-07    5.612134e-07    -1.422519e-07    -2.411536e-07    3.196944e-07    -3.717155e-07    4.577215e-07    -1.117594e-07    -1.286879e-07    -2.192146e-06    1.141822e-07    3.763799e-06    3.70122e-09    -1.990408e-06
-1.247621e-09    -4.009138e-08    -1.542182e-08    -8.145401e-08    8.38073e-08    3.906158e-07    -3.134975e-07    2.913395e-07    -5.794255e-07    1.036626e-08    3.070012e-07    6.069029e-08    1.749905e-07    -4.850874e-07    -7.033174e-08    3.374953e-07    -3.192157e-06    3.70122e-09    5.55885e-06    -2.989057e-06
5.278942e-08    5.548389e-08    8.692396e-09    2.169515e-08    -1.991271e-07    2.612999e-08    4.769027e-07    -7.9827e-07    -4.287822e-07    6.659934e-08    1.843657e-07    8.485476e-07    -1.002033e-06    -4.689466e-07    3.119163e-08    8.121976e-08    8.326779e-07    -1.990408e-06    -2.989057e-06    4.455677e-06
