1.234127e-06    -4.804401e-07    -3.595327e-07    2.420844e-08    -2.228069e-07    -8.78063e-08    1.27743e-07    2.180929e-07    4.390188e-08    -1.394382e-07    2.64867e-08    1.184302e-07    1.517627e-07    7.02234e-08    -1.685225e-07    -1.833988e-07    -8.352092e-09    1.986713e-07    1.423319e-07    1.919447e-08
-4.804401e-07    2.059324e-06    -3.350662e-07    -5.089342e-07    1.258872e-07    1.546435e-07    -2.517151e-07    -3.345045e-07    1.659212e-07    1.500274e-07    1.298707e-07    -2.812343e-07    -2.991817e-07    1.337999e-07    1.645349e-07    3.816761e-08    1.060896e-07    2.622913e-08    -5.417845e-08    8.008282e-08
-3.595327e-07    -3.350662e-07    2.003166e-06    -3.070425e-07    -9.751981e-07    2.288124e-07    -3.201869e-07    -3.345529e-07    8.138872e-08    1.137566e-07    1.008371e-07    -3.056814e-07    -3.05131e-07    6.222893e-08    2.051128e-07    -5.390229e-08    5.873592e-08    1.817164e-07    5.700253e-08    -1.996639e-07
2.420844e-08    -5.089342e-07    -3.070425e-07    1.35192e-06    -3.081432e-07    2.377914e-09    2.176968e-07    1.26467e-07    -3.661156e-09    -1.184494e-07    8.10535e-08    8.526843e-08    1.125857e-07    1.178478e-07    -1.983188e-07    2.267297e-07    1.767643e-07    -6.272078e-08    -2.066549e-07    -1.734126e-07
-2.228069e-07    1.258872e-07    -9.751981e-07    -3.081432e-07    1.448944e-06    -1.72231e-07    1.461553e-07    1.470342e-07    -1.397399e-07    4.386399e-09    -1.608349e-07    1.853117e-07    1.595136e-07    -1.836415e-07    2.011798e-08    -3.338984e-08    -1.821154e-07    -1.43891e-07    -2.092911e-08    2.929873e-09
-8.78063e-08    1.546435e-07    2.288124e-07    2.377914e-09    -1.72231e-07    1.367607e-06    -3.399759e-07    -6.355789e-07    1.187194e-07    -1.167139e-07    2.379299e-08    -8.476078e-08    -1.177885e-07    -1.705593e-08    1.130567e-07    -1.963415e-07    -8.052151e-08    1.95242e-07    2.098011e-07    1.816533e-08
1.27743e-07    -2.517151e-07    -3.201869e-07    2.176968e-07    1.461553e-07    -3.399759e-07    1.754976e-06    8.989151e-08    -7.144456e-07    -6.704824e-08    -1.830333e-08    5.755278e-08    5.861514e-08    9.597722e-10    -4.948949e-08    1.479177e-08    1.304937e-07    8.973109e-08    1.469665e-08    -1.533507e-08
2.180929e-07    -3.345045e-07    -3.345529e-07    1.26467e-07    1.470342e-07    -6.355789e-07    8.989151e-08    1.706385e-06    -2.692439e-07    -7.773005e-07    -3.205093e-08    4.369783e-08    9.741262e-08    1.727274e-08    -6.947163e-08    -4.263684e-09    1.065744e-07    1.532648e-07    3.024236e-08    -2.53752e-07
4.390188e-08    1.659212e-07    8.138872e-08    -3.661156e-09    -1.397399e-07    1.187194e-07    -7.144456e-07    -2.692439e-07    1.419714e-06    -4.286468e-07    -2.137453e-10    -8.061973e-08    -7.582793e-08    -3.863633e-08    8.513924e-08    2.617208e-07    8.532739e-08    -1.288615e-07    -1.309934e-07    -1.347986e-07
-1.394382e-07    1.500274e-07    1.137566e-07    -1.184494e-07    4.386399e-09    -1.167139e-07    -6.704824e-08    -7.773005e-07    -4.286468e-07    1.454712e-06    3.231088e-08    1.915438e-08    -5.04835e-09    3.677339e-08    -4.684163e-08    -4.52932e-08    -1.771403e-07    -1.060272e-07    -3.713331e-08    -4.198397e-08
2.64867e-08    1.298707e-07    1.008371e-07    8.10535e-08    -1.608349e-07    2.379299e-08    -1.830333e-08    -3.205093e-08    -2.137453e-10    3.231088e-08    1.52958e-06    6.45166e-08    -9.56524e-07    -9.956706e-08    -2.853993e-08    1.088176e-07    -1.651704e-07    -1.957393e-08    2.230299e-07    -1.434936e-07
1.184302e-07    -2.812343e-07    -3.056814e-07    8.526843e-08    1.853117e-07    -8.476078e-08    5.755278e-08    4.369783e-08    -8.061973e-08    1.915438e-08    6.45166e-08    1.446377e-06    -1.275845e-07    -9.453861e-07    1.627079e-07    -1.167711e-07    -2.646731e-08    -1.280691e-07    -1.57478e-07    2.623821e-07
1.517627e-07    -2.991817e-07    -3.05131e-07    1.125857e-07    1.595136e-07    -1.177885e-07    5.861514e-08    9.741262e-08    -7.582793e-08    -5.04835e-09    -9.56524e-07    -1.275845e-07    1.464836e-06    9.324971e-08    -6.101678e-07    -1.201718e-07    -6.683426e-09    -9.67021e-08    -1.88571e-07    2.670313e-07
7.02234e-08    1.337999e-07    6.222893e-08    1.178478e-07    -1.836415e-07    -1.705593e-08    9.597722e-10    1.727274e-08    -3.863633e-08    3.677339e-08    -9.956706e-08    -9.453861e-07    9.324971e-08    1.54226e-06    -5.403509e-07    7.15857e-08    -1.380205e-07    -1.367093e-08    2.016872e-07    -1.209773e-07
-1.685225e-07    1.645349e-07    2.051128e-07    -1.983188e-07    2.011798e-08    1.130567e-07    -4.948949e-08    -6.947163e-08    8.513924e-08    -4.684163e-08    -2.853993e-08    1.627079e-07    -6.101678e-07    -5.403509e-07    1.400184e-06    3.801573e-08    1.451005e-07    1.17239e-07    -1.223483e-08    -1.324958e-07
-1.833988e-07    3.816761e-08    -5.390229e-08    2.267297e-07    -3.338984e-08    -1.963415e-07    1.479177e-08    -4.263684e-09    2.617208e-07    -4.52932e-08    1.088176e-07    -1.167711e-07    -1.201718e-07    7.15857e-08    3.801573e-08    1.444516e-06    -1.939162e-07    -9.293725e-07    1.499415e-07    5.878618e-08
-8.352092e-09    1.060896e-07    5.873592e-08    1.767643e-07    -1.821154e-07    -8.052151e-08    1.304937e-07    1.065744e-07    8.532739e-08    -1.771403e-07    -1.651704e-07    -2.646731e-08    -6.683426e-09    -1.380205e-07    1.451005e-07    -1.939162e-07    1.465682e-06    4.995097e-08    -9.667921e-07    3.112e-07
1.986713e-07    2.622913e-08    1.817164e-07    -6.272078e-08    -1.43891e-07    1.95242e-07    8.973109e-08    1.532648e-07    -1.288615e-07    -1.060272e-07    -1.957393e-08    -1.280691e-07    -9.67021e-08    -1.367093e-08    1.17239e-07    -9.293725e-07    4.995097e-08    1.456154e-06    2.002684e-08    -6.826053e-07
1.423319e-07    -5.417845e-08    5.700253e-08    -2.066549e-07    -2.092911e-08    2.098011e-07    1.469665e-08    3.024236e-08    -1.309934e-07    -3.713331e-08    2.230299e-07    -1.57478e-07    -1.88571e-07    2.016872e-07    -1.223483e-08    1.499415e-07    -9.667921e-07    2.002684e-08    1.5434e-06    -8.089421e-07
1.919447e-08    8.008282e-08    -1.996639e-07    -1.734126e-07    2.929873e-09    1.816533e-08    -1.533507e-08    -2.53752e-07    -1.347986e-07    -4.198397e-08    -1.434936e-07    2.623821e-07    2.670313e-07    -1.209773e-07    -1.324958e-07    5.878618e-08    3.112e-07    -6.826053e-07    -8.089421e-07    1.387049e-06
