1.508915e-06    -4.163723e-09    -1.015196e-06    -1.498986e-07    3.214666e-08    1.942593e-08    2.655474e-08    3.022077e-08    -2.884129e-08    -5.277413e-09
-4.163723e-09    1.44204e-06    -7.630112e-08    -8.281394e-07    1.405873e-07    1.104645e-08    2.45579e-08    -9.37384e-09    -7.657497e-09    4.711365e-08
-1.015196e-06    -7.630112e-08    1.461503e-06    4.31616e-08    -4.556048e-07    -1.70495e-08    -1.5434e-08    -4.471698e-08    2.87007e-08    5.471769e-08
-1.498986e-07    -8.281394e-07    4.31616e-08    1.479273e-06    -5.360425e-07    -4.753665e-08    -5.2471e-08    2.171708e-08    2.715318e-08    -1.532583e-08
3.214666e-08    1.405873e-07    -4.556048e-07    -5.360425e-07    1.271812e-06    4.012246e-08    3.078189e-08    4.455753e-09    -1.772626e-08    -3.11537e-08
1.942593e-08    1.104645e-08    -1.70495e-08    -4.753665e-08    4.012246e-08    1.444516e-06    -1.939162e-07    -9.293725e-07    1.499415e-07    5.878618e-08
2.655474e-08    2.45579e-08    -1.5434e-08    -5.2471e-08    3.078189e-08    -1.939162e-07    1.465682e-06    4.995097e-08    -9.667921e-07    3.112e-07
3.022077e-08    -9.37384e-09    -4.471698e-08    2.171708e-08    4.455753e-09    -9.293725e-07    4.995097e-08    1.456154e-06    2.002684e-08    -6.826053e-07
-2.884129e-08    -7.657497e-09    2.87007e-08    2.715318e-08    -1.772626e-08    1.499415e-07    -9.667921e-07    2.002684e-08    1.5434e-06    -8.089421e-07
-5.277413e-09    4.711365e-08    5.471769e-08    -1.532583e-08    -3.11537e-08    5.878618e-08    3.112e-07    -6.826053e-07    -8.089421e-07    1.387049e-06
