1.540072e-06    4.203011e-08    -9.845987e-07    -8.415882e-08    1.218942e-07    2.056731e-07    6.670294e-08    -1.257927e-07    2.799351e-07    -1.5522e-07    -1.240622e-08    2.562838e-08    1.041773e-08    -2.110513e-08    2.607341e-08
4.203011e-08    1.409758e-06    -2.469949e-07    -9.085959e-07    2.757342e-07    -3.248481e-07    2.74714e-07    3.896857e-07    -3.423789e-07    -1.99455e-08    -3.627236e-09    3.805718e-09    2.054386e-08    -1.584067e-09    3.92486e-09
-9.845987e-07    -2.469949e-07    1.424396e-06    9.399913e-08    -5.746941e-07    -3.192463e-07    2.228827e-07    3.907204e-07    -3.394997e-07    -5.987538e-09    -1.213512e-08    -2.420443e-08    -1.286499e-08    -3.371961e-09    4.961468e-09
-8.415882e-08    -9.085959e-07    9.399913e-08    1.510507e-06    -6.59625e-07    1.642071e-07    6.812044e-08    -4.330299e-08    2.511275e-07    -1.906031e-07    3.569227e-09    3.47149e-09    -1.402354e-08    -6.664496e-09    7.169761e-09
1.218942e-07    2.757342e-07    -5.746941e-07    -6.59625e-07    1.366875e-06    1.121787e-07    -2.549695e-07    -3.027598e-07    6.755059e-08    1.939518e-07    2.284454e-08    2.12237e-08    7.566286e-09    1.544534e-08    -2.012203e-08
2.056731e-07    -3.248481e-07    -3.192463e-07    1.642071e-07    1.121787e-07    1.234127e-06    -4.804401e-07    -3.595327e-07    2.420844e-08    -2.228069e-07    -1.833988e-07    -8.352092e-09    1.986713e-07    1.423319e-07    1.919447e-08
6.670294e-08    2.74714e-07    2.228827e-07    6.812044e-08    -2.549695e-07    -4.804401e-07    2.059324e-06    -3.350662e-07    -5.089342e-07    1.258872e-07    3.816761e-08    1.060896e-07    2.622913e-08    -5.417845e-08    8.008282e-08
-1.257927e-07    3.896857e-07    3.907204e-07    -4.330299e-08    -3.027598e-07    -3.595327e-07    -3.350662e-07    2.003166e-06    -3.070425e-07    -9.751981e-07    -5.390229e-08    5.873592e-08    1.817164e-07    5.700253e-08    -1.996639e-07
2.799351e-07    -3.423789e-07    -3.394997e-07    2.511275e-07    6.755059e-08    2.420844e-08    -5.089342e-07    -3.070425e-07    1.35192e-06    -3.081432e-07    2.267297e-07    1.767643e-07    -6.272078e-08    -2.066549e-07    -1.734126e-07
-1.5522e-07    -1.99455e-08    -5.987538e-09    -1.906031e-07    1.939518e-07    -2.228069e-07    1.258872e-07    -9.751981e-07    -3.081432e-07    1.448944e-06    -3.338984e-08    -1.821154e-07    -1.43891e-07    -2.092911e-08    2.929873e-09
-1.240622e-08    -3.627236e-09    -1.213512e-08    3.569227e-09    2.284454e-08    -1.833988e-07    3.816761e-08    -5.390229e-08    2.267297e-07    -3.338984e-08    1.444516e-06    -1.939162e-07    -9.293725e-07    1.499415e-07    5.878618e-08
2.562838e-08    3.805718e-09    -2.420443e-08    3.47149e-09    2.12237e-08    -8.352092e-09    1.060896e-07    5.873592e-08    1.767643e-07    -1.821154e-07    -1.939162e-07    1.465682e-06    4.995097e-08    -9.667921e-07    3.112e-07
1.041773e-08    2.054386e-08    -1.286499e-08    -1.402354e-08    7.566286e-09    1.986713e-07    2.622913e-08    1.817164e-07    -6.272078e-08    -1.43891e-07    -9.293725e-07    4.995097e-08    1.456154e-06    2.002684e-08    -6.826053e-07
-2.110513e-08    -1.584067e-09    -3.371961e-09    -6.664496e-09    1.544534e-08    1.423319e-07    -5.417845e-08    5.700253e-08    -2.066549e-07    -2.092911e-08    1.499415e-07    -9.667921e-07    2.002684e-08    1.5434e-06    -8.089421e-07
2.607341e-08    3.92486e-09    4.961468e-09    7.169761e-09    -2.012203e-08    1.919447e-08    8.008282e-08    -1.996639e-07    -1.734126e-07    2.929873e-09    5.878618e-08    3.112e-07    -6.826053e-07    -8.089421e-07    1.387049e-06
