1.234127e-06    -4.804401e-07    -3.595327e-07    2.420844e-08    -2.228069e-07    2.105808e-08    1.483889e-07    1.50615e-07    1.570409e-08    -1.691426e-07    -1.833988e-07    -8.352092e-09    1.986713e-07    1.423319e-07    1.919447e-08
-4.804401e-07    2.059324e-06    -3.350662e-07    -5.089342e-07    1.258872e-07    1.471204e-07    -3.507012e-07    -3.031818e-07    1.673798e-07    1.664808e-07    3.816761e-08    1.060896e-07    2.622913e-08    -5.417845e-08    8.008282e-08
-3.595327e-07    -3.350662e-07    2.003166e-06    -3.070425e-07    -9.751981e-07    5.169683e-08    -3.283308e-07    -3.10875e-07    8.494897e-08    2.382378e-07    -5.390229e-08    5.873592e-08    1.817164e-07    5.700253e-08    -1.996639e-07
2.420844e-08    -5.089342e-07    -3.070425e-07    1.35192e-06    -3.081432e-07    1.481117e-07    1.088632e-07    8.831638e-08    1.023448e-07    -2.162462e-07    2.267297e-07    1.767643e-07    -6.272078e-08    -2.066549e-07    -1.734126e-07
-2.228069e-07    1.258872e-07    -9.751981e-07    -3.081432e-07    1.448944e-06    -1.641883e-07    1.863408e-07    1.868298e-07    -1.526679e-07    -2.04071e-08    -3.338984e-08    -1.821154e-07    -1.43891e-07    -2.092911e-08    2.929873e-09
2.105808e-08    1.471204e-07    5.169683e-08    1.481117e-07    -1.641883e-07    1.524268e-06    4.071538e-08    -9.663342e-07    1.71821e-08    -4.28011e-08    8.55269e-09    7.274478e-08    5.204597e-08    -2.777197e-08    -5.809563e-08
1.483889e-07    -3.507012e-07    -3.283308e-07    1.088632e-07    1.863408e-07    4.071538e-08    1.535696e-06    -4.457601e-09    -9.856275e-07    1.236277e-07    -1.871038e-08    4.724876e-09    1.418302e-08    3.809099e-08    -2.098206e-08
1.50615e-07    -3.031818e-07    -3.10875e-07    8.831638e-08    1.868298e-07    -9.663342e-07    -4.457601e-09    1.49287e-06    2.70754e-08    -6.639486e-07    1.068608e-08    -7.067842e-09    4.607744e-09    4.752034e-08    -2.365657e-08
1.570409e-08    1.673798e-07    8.494897e-08    1.023448e-07    -1.526679e-07    1.71821e-08    -9.856275e-07    2.70754e-08    1.505614e-06    -5.797934e-07    3.280211e-08    5.007755e-08    5.609818e-08    -1.841728e-08    -7.263172e-08
-1.691426e-07    1.664808e-07    2.382378e-07    -2.162462e-07    -2.04071e-08    -4.28011e-08    1.236277e-07    -6.639486e-07    -5.797934e-07    1.400004e-06    -3.46338e-08    -6.678852e-08    -4.505213e-08    -1.54686e-08    8.204356e-08
-1.833988e-07    3.816761e-08    -5.390229e-08    2.267297e-07    -3.338984e-08    8.55269e-09    -1.871038e-08    1.068608e-08    3.280211e-08    -3.46338e-08    1.444516e-06    -1.939162e-07    -9.293725e-07    1.499415e-07    5.878618e-08
-8.352092e-09    1.060896e-07    5.873592e-08    1.767643e-07    -1.821154e-07    7.274478e-08    4.724876e-09    -7.067842e-09    5.007755e-08    -6.678852e-08    -1.939162e-07    1.465682e-06    4.995097e-08    -9.667921e-07    3.112e-07
1.986713e-07    2.622913e-08    1.817164e-07    -6.272078e-08    -1.43891e-07    5.204597e-08    1.418302e-08    4.607744e-09    5.609818e-08    -4.505213e-08    -9.293725e-07    4.995097e-08    1.456154e-06    2.002684e-08    -6.826053e-07
1.423319e-07    -5.417845e-08    5.700253e-08    -2.066549e-07    -2.092911e-08    -2.777197e-08    3.809099e-08    4.752034e-08    -1.841728e-08    -1.54686e-08    1.499415e-07    -9.667921e-07    2.002684e-08    1.5434e-06    -8.089421e-07
1.919447e-08    8.008282e-08    -1.996639e-07    -1.734126e-07    2.929873e-09    -5.809563e-08    -2.098206e-08    -2.365657e-08    -7.263172e-08    8.204356e-08    5.878618e-08    3.112e-07    -6.826053e-07    -8.089421e-07    1.387049e-06
