1.50224e-06    8.840528e-08    -8.956167e-07    -7.148572e-08    1.182897e-09    1.531463e-07    1.20163e-07    -6.305483e-09    2.412854e-07    -2.35695e-07    1.718106e-07    -1.113544e-07    -1.65862e-07    1.470186e-07    5.782949e-09    2.120576e-08    -4.19441e-08    3.307592e-08    7.026976e-08    -6.750589e-08    1.271381e-07    -1.551488e-07    -1.413345e-07    1.400886e-07    1.99178e-08    5.920285e-08    5.608572e-09    -3.017396e-08    -1.60147e-09    1.75388e-08
8.840528e-08    1.435959e-06    -2.204547e-07    -9.522975e-07    2.322514e-07    -3.395651e-07    2.369549e-07    4.037644e-07    -3.430704e-07    -2.440391e-08    1.316304e-08    -1.317557e-07    -9.652038e-08    -8.87873e-09    7.693068e-08    -2.858286e-08    1.237575e-07    5.912449e-08    -1.139538e-07    -2.977178e-08    -9.456546e-08    -6.403657e-08    -5.942889e-08    -5.890387e-08    1.210853e-07    1.822884e-09    1.879597e-08    -2.637671e-08    -1.351032e-08    2.460219e-08
-8.956167e-07    -2.204547e-07    1.417768e-06    -1.869782e-09    -5.391077e-07    -3.148604e-07    2.473145e-07    3.422208e-07    -3.450533e-07    4.398287e-08    -2.358303e-08    -1.087736e-07    -9.235236e-08    -5.311295e-08    8.61519e-08    -1.8788e-08    1.330923e-07    3.130756e-08    -1.112304e-07    -7.316563e-09    -7.379977e-08    -4.24679e-08    -4.802577e-08    -1.04423e-07    1.28705e-07    -5.002275e-08    -2.488132e-08    3.04871e-08    5.062763e-09    -8.911563e-09
-7.148572e-08    -9.522975e-07    -1.869782e-09    1.52686e-06    -6.059923e-07    2.047551e-07    5.996462e-08    -6.994254e-08    2.543509e-07    -1.845656e-07    1.079942e-07    -4.270217e-08    -1.205548e-07    8.199732e-08    9.618024e-09    5.72271e-08    -3.911836e-08    -1.324115e-08    7.077274e-08    -4.845967e-08    1.397719e-07    -1.187433e-07    -1.29498e-07    1.279197e-07    -4.221487e-09    2.02192e-09    3.420194e-09    4.611599e-09    -2.604262e-08    2.710984e-08
1.182897e-09    2.322514e-07    -5.391077e-07    -6.059923e-07    1.410909e-06    1.49191e-07    -3.396956e-07    -3.306229e-07    1.009585e-07    1.816503e-07    -1.406029e-07    2.179174e-07    2.447462e-07    -7.898173e-08    -8.399259e-08    -1.870981e-08    -1.042981e-07    -4.345883e-08    4.783798e-08    4.813119e-08    -3.893373e-08    1.860045e-07    1.810991e-07    -4.710991e-08    -1.19348e-07    2.533759e-08    -3.707861e-08    6.478424e-09    5.058241e-08    -5.196964e-08
1.531463e-07    -3.395651e-07    -3.148604e-07    2.047551e-07    1.49191e-07    1.234127e-06    -4.804401e-07    -3.595327e-07    2.420844e-08    -2.228069e-07    -8.78063e-08    1.27743e-07    2.180929e-07    4.390188e-08    -1.394382e-07    -2.154692e-09    -1.327887e-07    -5.989724e-08    6.328733e-08    8.162084e-08    2.64867e-08    1.184302e-07    1.517627e-07    7.02234e-08    -1.685225e-07    -1.833988e-07    -8.352092e-09    1.986713e-07    1.423319e-07    1.919447e-08
1.20163e-07    2.369549e-07    2.473145e-07    5.996462e-08    -3.396956e-07    -4.804401e-07    2.059324e-06    -3.350662e-07    -5.089342e-07    1.258872e-07    1.546435e-07    -2.517151e-07    -3.345045e-07    1.659212e-07    1.500274e-07    -4.021642e-08    8.755634e-08    3.788821e-08    -5.396018e-08    -2.683973e-08    1.298707e-07    -2.812343e-07    -2.991817e-07    1.337999e-07    1.645349e-07    3.816761e-08    1.060896e-07    2.622913e-08    -5.417845e-08    8.008282e-08
-6.305483e-09    4.037644e-07    3.422208e-07    -6.994254e-08    -3.306229e-07    -3.595327e-07    -3.350662e-07    2.003166e-06    -3.070425e-07    -9.751981e-07    2.288124e-07    -3.201869e-07    -3.345529e-07    8.138872e-08    1.137566e-07    -3.265081e-08    8.160504e-08    8.095614e-08    -6.136404e-08    -4.827659e-08    1.008371e-07    -3.056814e-07    -3.05131e-07    6.222893e-08    2.051128e-07    -5.390229e-08    5.873592e-08    1.817164e-07    5.700253e-08    -1.996639e-07
2.412854e-07    -3.430704e-07    -3.450533e-07    2.543509e-07    1.009585e-07    2.420844e-08    -5.089342e-07    -3.070425e-07    1.35192e-06    -3.081432e-07    2.377914e-09    2.176968e-07    1.26467e-07    -3.661156e-09    -1.184494e-07    4.042265e-08    -1.373691e-07    -1.39507e-07    3.325588e-08    1.101109e-07    8.10535e-08    8.526843e-08    1.125857e-07    1.178478e-07    -1.983188e-07    2.267297e-07    1.767643e-07    -6.272078e-08    -2.066549e-07    -1.734126e-07
-2.35695e-07    -2.440391e-08    4.398287e-08    -1.845656e-07    1.816503e-07    -2.228069e-07    1.258872e-07    -9.751981e-07    -3.081432e-07    1.448944e-06    -1.72231e-07    1.461553e-07    1.470342e-07    -1.397399e-07    4.386399e-09    -6.334582e-09    6.459502e-08    2.963644e-08    -2.1813e-08    -2.189342e-08    -1.608349e-07    1.853117e-07    1.595136e-07    -1.836415e-07    2.011798e-08    -3.338984e-08    -1.821154e-07    -1.43891e-07    -2.092911e-08    2.929873e-09
1.718106e-07    1.316304e-08    -2.358303e-08    1.079942e-07    -1.406029e-07    -8.78063e-08    1.546435e-07    2.288124e-07    2.377914e-09    -1.72231e-07    1.367607e-06    -3.399759e-07    -6.355789e-07    1.187194e-07    -1.167139e-07    6.613122e-08    1.467187e-07    1.750315e-07    7.910922e-08    -2.442934e-07    2.379299e-08    -8.476078e-08    -1.177885e-07    -1.705593e-08    1.130567e-07    -1.963415e-07    -8.052151e-08    1.95242e-07    2.098011e-07    1.816533e-08
-1.113544e-07    -1.317557e-07    -1.087736e-07    -4.270217e-08    2.179174e-07    1.27743e-07    -2.517151e-07    -3.201869e-07    2.176968e-07    1.461553e-07    -3.399759e-07    1.754976e-06    8.989151e-08    -7.144456e-07    -6.704824e-08    1.038676e-07    -3.212242e-07    -2.810191e-07    1.626453e-07    1.640382e-07    -1.830333e-08    5.755278e-08    5.861514e-08    9.597722e-10    -4.948949e-08    1.479177e-08    1.304937e-07    8.973109e-08    1.469665e-08    -1.533507e-08
-1.65862e-07    -9.652038e-08    -9.235236e-08    -1.205548e-07    2.447462e-07    2.180929e-07    -3.345045e-07    -3.345529e-07    1.26467e-07    1.470342e-07    -6.355789e-07    8.989151e-08    1.706385e-06    -2.692439e-07    -7.773005e-07    5.456338e-08    -2.827447e-07    -3.368339e-07    7.046997e-08    2.659612e-07    -3.205093e-08    4.369783e-08    9.741262e-08    1.727274e-08    -6.947163e-08    -4.263684e-09    1.065744e-07    1.532648e-07    3.024236e-08    -2.53752e-07
1.470186e-07    -8.87873e-09    -5.311295e-08    8.199732e-08    -7.898173e-08    4.390188e-08    1.659212e-07    8.138872e-08    -3.661156e-09    -1.397399e-07    1.187194e-07    -7.144456e-07    -2.692439e-07    1.419714e-06    -4.286468e-07    1.058457e-07    3.362742e-08    7.50773e-08    1.078394e-07    -1.735441e-07    -2.137453e-10    -8.061973e-08    -7.582793e-08    -3.863633e-08    8.513924e-08    2.617208e-07    8.532739e-08    -1.288615e-07    -1.309934e-07    -1.347986e-07
5.782949e-09    7.693068e-08    8.61519e-08    9.618024e-09    -8.399259e-08    -1.394382e-07    1.500274e-07    1.137566e-07    -1.184494e-07    4.386399e-09    -1.167139e-07    -6.704824e-08    -7.773005e-07    -4.286468e-07    1.454712e-06    -1.233199e-07    1.760398e-07    1.388776e-07    -1.711818e-07    2.352906e-09    3.231088e-08    1.915438e-08    -5.04835e-09    3.677339e-08    -4.684163e-08    -4.52932e-08    -1.771403e-07    -1.060272e-07    -3.713331e-08    -4.198397e-08
2.120576e-08    -2.858286e-08    -1.8788e-08    5.72271e-08    -1.870981e-08    -2.154692e-09    -4.021642e-08    -3.265081e-08    4.042265e-08    -6.334582e-09    6.613122e-08    1.038676e-07    5.456338e-08    1.058457e-07    -1.233199e-07    1.451722e-06    5.084839e-08    -8.917713e-07    9.169017e-09    -9.626868e-08    1.044622e-07    -6.394594e-08    -1.058587e-07    6.086563e-08    -7.887095e-09    9.801936e-08    -1.341353e-07    -2.337947e-08    1.830552e-07    -1.475658e-07
-4.19441e-08    1.237575e-07    1.330923e-07    -3.911836e-08    -1.042981e-07    -1.327887e-07    8.755634e-08    8.160504e-08    -1.373691e-07    6.459502e-08    1.467187e-07    -3.212242e-07    -2.827447e-07    3.362742e-08    1.760398e-07    5.084839e-08    1.593388e-06    -3.757712e-07    -9.087368e-07    3.473426e-07    -1.18562e-07    2.516905e-08    2.526012e-08    -9.981249e-08    6.449022e-08    -1.547786e-07    -1.632288e-08    -8.360444e-08    -1.490098e-07    2.590583e-07
3.307592e-08    5.912449e-08    3.130756e-08    -1.324115e-08    -4.345883e-08    -5.989724e-08    3.788821e-08    8.095614e-08    -1.39507e-07    2.963644e-08    1.750315e-07    -2.810191e-07    -3.368339e-07    7.50773e-08    1.388776e-07    -8.917713e-07    -3.757712e-07    1.553748e-06    6.150669e-08    -6.874152e-07    -1.051849e-07    -1.856564e-08    3.314313e-08    -6.438304e-08    9.104498e-08    -1.09051e-07    -5.076642e-08    -1.014469e-07    -9.569228e-08    2.680004e-07
7.026976e-08    -1.139538e-07    -1.112304e-07    7.077274e-08    4.783798e-08    6.328733e-08    -5.396018e-08    -6.136404e-08    3.325588e-08    -2.1813e-08    7.910922e-08    1.626453e-07    7.046997e-08    1.078394e-07    -1.711818e-07    9.169017e-09    -9.087368e-07    6.150669e-08    1.45305e-06    -5.407393e-07    1.097588e-07    -8.151152e-08    -1.202722e-07    8.315985e-08    1.588424e-08    1.060701e-07    -1.477313e-07    -1.714357e-08    2.179832e-07    -1.437436e-07
-6.750589e-08    -2.977178e-08    -7.316563e-09    -4.845967e-08    4.813119e-08    8.162084e-08    -2.683973e-08    -4.827659e-08    1.101109e-07    -2.189342e-08    -2.442934e-07    1.640382e-07    2.659612e-07    -1.735441e-07    2.352906e-09    -9.626868e-08    3.473426e-07    -6.874152e-07    -5.407393e-07    1.411932e-06    -9.350052e-09    8.829553e-08    9.899948e-08    -1.031458e-08    -8.749885e-08    -7.700472e-09    1.885545e-07    1.413162e-07    -9.622348e-08    -1.326733e-07
1.271381e-07    -9.456546e-08    -7.379977e-08    1.397719e-07    -3.893373e-08    2.64867e-08    1.298707e-07    1.008371e-07    8.10535e-08    -1.608349e-07    2.379299e-08    -1.830333e-08    -3.205093e-08    -2.137453e-10    3.231088e-08    1.044622e-07    -1.18562e-07    -1.051849e-07    1.097588e-07    -9.350052e-09    1.52958e-06    6.45166e-08    -9.56524e-07    -9.956706e-08    -2.853993e-08    1.088176e-07    -1.651704e-07    -1.957393e-08    2.230299e-07    -1.434936e-07
-1.551488e-07    -6.403657e-08    -4.24679e-08    -1.187433e-07    1.860045e-07    1.184302e-07    -2.812343e-07    -3.056814e-07    8.526843e-08    1.853117e-07    -8.476078e-08    5.755278e-08    4.369783e-08    -8.061973e-08    1.915438e-08    -6.394594e-08    2.516905e-08    -1.856564e-08    -8.151152e-08    8.829553e-08    6.45166e-08    1.446377e-06    -1.275845e-07    -9.453861e-07    1.627079e-07    -1.167711e-07    -2.646731e-08    -1.280691e-07    -1.57478e-07    2.623821e-07
-1.413345e-07    -5.942889e-08    -4.802577e-08    -1.29498e-07    1.810991e-07    1.517627e-07    -2.991817e-07    -3.05131e-07    1.125857e-07    1.595136e-07    -1.177885e-07    5.861514e-08    9.741262e-08    -7.582793e-08    -5.04835e-09    -1.058587e-07    2.526012e-08    3.314313e-08    -1.202722e-07    9.899948e-08    -9.56524e-07    -1.275845e-07    1.464836e-06    9.324971e-08    -6.101678e-07    -1.201718e-07    -6.683426e-09    -9.67021e-08    -1.88571e-07    2.670313e-07
1.400886e-07    -5.890387e-08    -1.04423e-07    1.279197e-07    -4.710991e-08    7.02234e-08    1.337999e-07    6.222893e-08    1.178478e-07    -1.836415e-07    -1.705593e-08    9.597722e-10    1.727274e-08    -3.863633e-08    3.677339e-08    6.086563e-08    -9.981249e-08    -6.438304e-08    8.315985e-08    -1.031458e-08    -9.956706e-08    -9.453861e-07    9.324971e-08    1.54226e-06    -5.403509e-07    7.15857e-08    -1.380205e-07    -1.367093e-08    2.016872e-07    -1.209773e-07
1.99178e-08    1.210853e-07    1.28705e-07    -4.221487e-09    -1.19348e-07    -1.685225e-07    1.645349e-07    2.051128e-07    -1.983188e-07    2.011798e-08    1.130567e-07    -4.948949e-08    -6.947163e-08    8.513924e-08    -4.684163e-08    -7.887095e-09    6.449022e-08    9.104498e-08    1.588424e-08    -8.749885e-08    -2.853993e-08    1.627079e-07    -6.101678e-07    -5.403509e-07    1.400184e-06    3.801573e-08    1.451005e-07    1.17239e-07    -1.223483e-08    -1.324958e-07
5.920285e-08    1.822884e-09    -5.002275e-08    2.02192e-09    2.533759e-08    -1.833988e-07    3.816761e-08    -5.390229e-08    2.267297e-07    -3.338984e-08    -1.963415e-07    1.479177e-08    -4.263684e-09    2.617208e-07    -4.52932e-08    9.801936e-08    -1.547786e-07    -1.09051e-07    1.060701e-07    -7.700472e-09    1.088176e-07    -1.167711e-07    -1.201718e-07    7.15857e-08    3.801573e-08    1.444516e-06    -1.939162e-07    -9.293725e-07    1.499415e-07    5.878618e-08
5.608572e-09    1.879597e-08    -2.488132e-08    3.420194e-09    -3.707861e-08    -8.352092e-09    1.060896e-07    5.873592e-08    1.767643e-07    -1.821154e-07    -8.052151e-08    1.304937e-07    1.065744e-07    8.532739e-08    -1.771403e-07    -1.341353e-07    -1.632288e-08    -5.076642e-08    -1.477313e-07    1.885545e-07    -1.651704e-07    -2.646731e-08    -6.683426e-09    -1.380205e-07    1.451005e-07    -1.939162e-07    1.465682e-06    4.995097e-08    -9.667921e-07    3.112e-07
-3.017396e-08    -2.637671e-08    3.04871e-08    4.611599e-09    6.478424e-09    1.986713e-07    2.622913e-08    1.817164e-07    -6.272078e-08    -1.43891e-07    1.95242e-07    8.973109e-08    1.532648e-07    -1.288615e-07    -1.060272e-07    -2.337947e-08    -8.360444e-08    -1.014469e-07    -1.714357e-08    1.413162e-07    -1.957393e-08    -1.280691e-07    -9.67021e-08    -1.367093e-08    1.17239e-07    -9.293725e-07    4.995097e-08    1.456154e-06    2.002684e-08    -6.826053e-07
-1.60147e-09    -1.351032e-08    5.062763e-09    -2.604262e-08    5.058241e-08    1.423319e-07    -5.417845e-08    5.700253e-08    -2.066549e-07    -2.092911e-08    2.098011e-07    1.469665e-08    3.024236e-08    -1.309934e-07    -3.713331e-08    1.830552e-07    -1.490098e-07    -9.569228e-08    2.179832e-07    -9.622348e-08    2.230299e-07    -1.57478e-07    -1.88571e-07    2.016872e-07    -1.223483e-08    1.499415e-07    -9.667921e-07    2.002684e-08    1.5434e-06    -8.089421e-07
1.75388e-08    2.460219e-08    -8.911563e-09    2.710984e-08    -5.196964e-08    1.919447e-08    8.008282e-08    -1.996639e-07    -1.734126e-07    2.929873e-09    1.816533e-08    -1.533507e-08    -2.53752e-07    -1.347986e-07    -4.198397e-08    -1.475658e-07    2.590583e-07    2.680004e-07    -1.437436e-07    -1.326733e-07    -1.434936e-07    2.623821e-07    2.670313e-07    -1.209773e-07    -1.324958e-07    5.878618e-08    3.112e-07    -6.826053e-07    -8.089421e-07    1.387049e-06
