1.472261e-06    -2.771836e-08    -8.060405e-07    -1.670963e-07    5.869345e-09    1.181334e-07    -5.141186e-08    -1.141739e-07    7.979897e-08    -1.103642e-08    2.277149e-07    2.463567e-08    -7.274089e-08    2.284364e-07    -1.6379e-07    5.38331e-09    -8.709701e-09    1.398522e-08    1.868683e-08    -1.937205e-09
-2.771836e-08    1.40532e-06    -1.165064e-07    -8.28338e-07    8.458467e-08    -1.563074e-08    -1.275265e-07    -1.057465e-07    8.281026e-09    1.176531e-07    -3.851125e-07    3.184623e-07    4.195932e-07    -3.112969e-07    -4.237352e-08    3.845761e-08    1.633907e-08    -2.81069e-08    -5.048369e-09    -3.22386e-08
-8.060405e-07    -1.165064e-07    1.404402e-06    -2.098517e-08    -5.475253e-07    1.516758e-08    -1.422467e-07    -8.985617e-08    -2.03367e-09    1.008443e-07    -4.174546e-07    3.553373e-07    4.458711e-07    -3.349608e-07    -1.455987e-08    -1.159592e-08    2.448687e-08    2.401054e-08    -9.306364e-09    -6.37158e-08
-1.670963e-07    -8.28338e-07    -2.098517e-08    1.487765e-06    -4.545773e-07    1.146874e-07    -6.147304e-08    -1.067057e-07    1.117855e-07    -1.156016e-08    2.190603e-07    2.421523e-08    -6.053385e-08    2.340137e-07    -1.634464e-07    1.969572e-09    1.115089e-08    1.728936e-08    -2.61376e-08    -2.947708e-09
5.869345e-09    8.458467e-08    -5.475253e-07    -4.545773e-07    1.395502e-06    -1.181186e-07    1.854112e-07    2.24713e-07    -9.068725e-08    -1.309144e-07    1.830015e-07    -3.828083e-07    -3.709494e-07    1.162611e-07    1.867564e-07    1.112842e-08    -1.990192e-08    -1.801221e-08    1.571318e-08    5.590347e-08
1.181334e-07    -1.563074e-08    1.516758e-08    1.146874e-07    -1.181186e-07    1.234127e-06    -4.804401e-07    -3.595327e-07    2.420844e-08    -2.228069e-07    -8.78063e-08    1.27743e-07    2.180929e-07    4.390188e-08    -1.394382e-07    -1.833988e-07    -8.352092e-09    1.986713e-07    1.423319e-07    1.919447e-08
-5.141186e-08    -1.275265e-07    -1.422467e-07    -6.147304e-08    1.854112e-07    -4.804401e-07    2.059324e-06    -3.350662e-07    -5.089342e-07    1.258872e-07    1.546435e-07    -2.517151e-07    -3.345045e-07    1.659212e-07    1.500274e-07    3.816761e-08    1.060896e-07    2.622913e-08    -5.417845e-08    8.008282e-08
-1.141739e-07    -1.057465e-07    -8.985617e-08    -1.067057e-07    2.24713e-07    -3.595327e-07    -3.350662e-07    2.003166e-06    -3.070425e-07    -9.751981e-07    2.288124e-07    -3.201869e-07    -3.345529e-07    8.138872e-08    1.137566e-07    -5.390229e-08    5.873592e-08    1.817164e-07    5.700253e-08    -1.996639e-07
7.979897e-08    8.281026e-09    -2.03367e-09    1.117855e-07    -9.068725e-08    2.420844e-08    -5.089342e-07    -3.070425e-07    1.35192e-06    -3.081432e-07    2.377914e-09    2.176968e-07    1.26467e-07    -3.661156e-09    -1.184494e-07    2.267297e-07    1.767643e-07    -6.272078e-08    -2.066549e-07    -1.734126e-07
-1.103642e-08    1.176531e-07    1.008443e-07    -1.156016e-08    -1.309144e-07    -2.228069e-07    1.258872e-07    -9.751981e-07    -3.081432e-07    1.448944e-06    -1.72231e-07    1.461553e-07    1.470342e-07    -1.397399e-07    4.386399e-09    -3.338984e-08    -1.821154e-07    -1.43891e-07    -2.092911e-08    2.929873e-09
2.277149e-07    -3.851125e-07    -4.174546e-07    2.190603e-07    1.830015e-07    -8.78063e-08    1.546435e-07    2.288124e-07    2.377914e-09    -1.72231e-07    1.367607e-06    -3.399759e-07    -6.355789e-07    1.187194e-07    -1.167139e-07    -1.963415e-07    -8.052151e-08    1.95242e-07    2.098011e-07    1.816533e-08
2.463567e-08    3.184623e-07    3.553373e-07    2.421523e-08    -3.828083e-07    1.27743e-07    -2.517151e-07    -3.201869e-07    2.176968e-07    1.461553e-07    -3.399759e-07    1.754976e-06    8.989151e-08    -7.144456e-07    -6.704824e-08    1.479177e-08    1.304937e-07    8.973109e-08    1.469665e-08    -1.533507e-08
-7.274089e-08    4.195932e-07    4.458711e-07    -6.053385e-08    -3.709494e-07    2.180929e-07    -3.345045e-07    -3.345529e-07    1.26467e-07    1.470342e-07    -6.355789e-07    8.989151e-08    1.706385e-06    -2.692439e-07    -7.773005e-07    -4.263684e-09    1.065744e-07    1.532648e-07    3.024236e-08    -2.53752e-07
2.284364e-07    -3.112969e-07    -3.349608e-07    2.340137e-07    1.162611e-07    4.390188e-08    1.659212e-07    8.138872e-08    -3.661156e-09    -1.397399e-07    1.187194e-07    -7.144456e-07    -2.692439e-07    1.419714e-06    -4.286468e-07    2.617208e-07    8.532739e-08    -1.288615e-07    -1.309934e-07    -1.347986e-07
-1.6379e-07    -4.237352e-08    -1.455987e-08    -1.634464e-07    1.867564e-07    -1.394382e-07    1.500274e-07    1.137566e-07    -1.184494e-07    4.386399e-09    -1.167139e-07    -6.704824e-08    -7.773005e-07    -4.286468e-07    1.454712e-06    -4.52932e-08    -1.771403e-07    -1.060272e-07    -3.713331e-08    -4.198397e-08
5.38331e-09    3.845761e-08    -1.159592e-08    1.969572e-09    1.112842e-08    -1.833988e-07    3.816761e-08    -5.390229e-08    2.267297e-07    -3.338984e-08    -1.963415e-07    1.479177e-08    -4.263684e-09    2.617208e-07    -4.52932e-08    1.444516e-06    -1.939162e-07    -9.293725e-07    1.499415e-07    5.878618e-08
-8.709701e-09    1.633907e-08    2.448687e-08    1.115089e-08    -1.990192e-08    -8.352092e-09    1.060896e-07    5.873592e-08    1.767643e-07    -1.821154e-07    -8.052151e-08    1.304937e-07    1.065744e-07    8.532739e-08    -1.771403e-07    -1.939162e-07    1.465682e-06    4.995097e-08    -9.667921e-07    3.112e-07
1.398522e-08    -2.81069e-08    2.401054e-08    1.728936e-08    -1.801221e-08    1.986713e-07    2.622913e-08    1.817164e-07    -6.272078e-08    -1.43891e-07    1.95242e-07    8.973109e-08    1.532648e-07    -1.288615e-07    -1.060272e-07    -9.293725e-07    4.995097e-08    1.456154e-06    2.002684e-08    -6.826053e-07
1.868683e-08    -5.048369e-09    -9.306364e-09    -2.61376e-08    1.571318e-08    1.423319e-07    -5.417845e-08    5.700253e-08    -2.066549e-07    -2.092911e-08    2.098011e-07    1.469665e-08    3.024236e-08    -1.309934e-07    -3.713331e-08    1.499415e-07    -9.667921e-07    2.002684e-08    1.5434e-06    -8.089421e-07
-1.937205e-09    -3.22386e-08    -6.37158e-08    -2.947708e-09    5.590347e-08    1.919447e-08    8.008282e-08    -1.996639e-07    -1.734126e-07    2.929873e-09    1.816533e-08    -1.533507e-08    -2.53752e-07    -1.347986e-07    -4.198397e-08    5.878618e-08    3.112e-07    -6.826053e-07    -8.089421e-07    1.387049e-06
