1    0.04906791    -0.5733122    -0.04768158    0.0270085    0.06379655    -0.06196713    -0.08947666    0.08013803    0.05082678    -0.02105965    -0.004156863    0.05208166    0.002402747    -0.00143381    -0.01550287    -0.006166081    -0.002650432    -0.01367082    0.047381    0.03437997    0.0118504    -0.05521378    -0.04937845    0.04489279    0.03097065    -0.02233566    -0.01683944    -0.0157876    0.005172105
0.04906791    1    -0.08481752    -0.5860951    0.1151126    -0.05225773    -0.06635504    -0.01235689    0.001670142    0.08652289    -0.05811343    0.07349051    0.0611095    -0.07660199    0.00522037    0.03841218    -0.04729313    -0.01582421    0.06717622    -0.09040381    0.09137606    0.02017316    -0.0905782    -0.007137837    0.03820798    0.05578169    0.02511385    -0.0528309    -0.04258164    0.02371218
-0.5733122    -0.08481752    1    0.06538671    -0.4271286    -0.04930799    -0.07952641    0.005051699    -0.01884132    0.08923109    -0.008519345    0.04078466    0.05921484    0.02319411    -0.117575    0.03604851    0.00170541    0.003727386    0.007032226    -0.0724557    -0.0282498    -0.03646998    0.04630968    0.04341287    -0.03638966    0.01018579    0.0534785    -0.006076476    -0.01292849    -0.0372461
-0.04768158    -0.5860951    0.06538671    1    -0.4462675    0.1204726    -0.07735256    -0.1032847    0.04674694    0.04843898    0.0154048    0.002612635    -0.01077922    0.07542816    -0.06778205    0.008039932    0.04934241    -0.01716853    -0.07570705    0.05306487    -0.06267917    -0.00562831    0.06456302    -0.01676349    -0.01672736    -0.03893049    -0.01942696    0.04670657    0.02381204    -0.04906492
0.0270085    0.1151126    -0.4271286    -0.4462675    1    -0.02978072    0.08754706    0.08705844    -0.007375384    -0.1280794    -0.009093854    -0.05209158    -0.0405054    -0.02115296    0.08463952    -0.04712212    1.414535e-05    0.05723047    0.01692007    -0.01716969    -0.01490849    0.06909219    0.03044412    -0.02136077    -0.03212349    -0.0002640964    0.002755164    -0.003762866    -0.005097845    0.02576483
0.06379655    -0.05225773    -0.04930799    0.1204726    -0.02978072    1    -0.02954475    -0.6886428    -0.02435365    0.001571975    0.06443082    -0.07015391    -0.05780759    0.1339086    -0.02215292    0.01563207    0.03944733    -0.04878728    0.01403903    0.008049107    -0.09162924    0.03798744    0.1165212    -0.007314125    -0.06510241    -0.1351449    -0.3162261    0.07892803    0.4071962    -0.05170482
-0.06196713    -0.06635504    -0.07952641    -0.07735256    0.08754706    -0.02954475    1    -0.230843    -0.6910545    0.2013255    -0.05546732    -0.002827555    0.02384357    -0.06292279    0.07814099    -0.05954499    0.03417341    0.0154458    -0.03931256    0.03904448    -0.04920301    -0.05762246    0.02099966    0.04462724    0.03819855    -0.2971513    0.01706269    0.3314899    0.09174125    -0.1051905
-0.08947666    -0.01235689    0.005051699    -0.1032847    0.08705844    -0.6886428    -0.230843    1    -0.006458427    -0.3909671    -0.02648205    0.01348771    -0.001865565    -0.1240855    0.09211669    -0.03895372    0.00825929    0.0700736    -0.02627683    -0.0203351    0.09372042    -0.006732673    -0.09861772    0.0295    0.01024666    0.08202919    0.3417959    0.025908    -0.2487614    -0.0629159
0.08013803    0.001670142    -0.01884132    0.04674694    -0.007375384    -0.02435365    -0.6910545    -0.006458427    1    -0.3307153    0.05139153    -0.03882252    -0.07138099    0.06367587    -0.02674284    0.07530365    -0.03014948    -0.01112012    0.05435111    -0.06637589    0.01519089    0.08854756    0.03698186    -0.04423118    -0.05474142    0.4834642    0.04986708    -0.310246    -0.1127866    -0.07899863
0.05082678    0.08652289    0.08923109    0.04843898    -0.1280794    0.001571975    0.2013255    -0.3909671    -0.3307153    1    -0.02051223    0.04563923    0.1137046    0.03057345    -0.1325142    -0.01274756    -0.03079329    0.005564181    -0.01992162    0.03004776    -0.01244836    -0.04533453    -0.0184135    -0.01921662    0.05064297    -0.1597247    -0.2154691    -0.009454677    0.002635366    -0.04497447
-0.02105965    -0.05811343    -0.008519345    0.0154048    -0.009093854    0.06443082    -0.05546732    -0.02648205    0.05139153    -0.02051223    1    -0.09296697    -0.5872855    0.1205512    -0.008874198    -0.0230327    0.04382166    0.007039563    -0.01722156    0.02898905    0.04926505    -0.1176351    -0.03088224    0.1632472    -0.09398396    -0.06106963    -0.04165248    0.01877955    0.05273184    -0.00498728
-0.004156863    0.07349051    0.04078466    0.002612635    -0.05209158    -0.07015391    -0.002827555    0.01348771    -0.03882252    0.04563923    -0.09296697    1    -0.2674181    -0.5953015    0.2580198    0.0002750232    -0.0293273    0.006297461    0.03043274    -0.03518806    -0.05184876    0.07176172    -0.03781501    -0.1925416    0.1628168    0.03857028    0.01328375    -0.04970586    -0.03546888    0.03272484
0.05208166    0.0611095    0.05921484    -0.01077922    -0.0405054    -0.05780759    0.02384357    -0.001865565    -0.07138099    0.1137046    -0.5872855    -0.2674181    1    -0.09069658    -0.3813491    0.003161911    -0.009085525    0.06250807    0.01240716    -0.0775968    -0.0417618    -0.05885779    -0.1049232    -0.07321295    0.1991867    0.01633288    -0.00587882    -0.01083107    -0.02651377    0.01582178
0.002402747    -0.07660199    0.02319411    0.07542816    -0.02115296    0.1339086    -0.06292279    -0.1240855    0.06367587    0.03057345    0.1205512    -0.5953015    -0.09069658    1    -0.4833    0.0254669    0.08001129    0.01650687    -0.05122752    0.00526952    0.05928642    -0.1474505    -0.009321575    0.195102    -0.1106225    -0.07212233    -0.02811238    0.03316674    0.002412025    0.03391574
-0.00143381    0.00522037    -0.117575    -0.06778205    0.08463952    -0.02215292    0.07814099    0.09211669    -0.02674284    -0.1325142    -0.008874198    0.2580198    -0.3813491    -0.4833    1    -0.01701656    -0.05960014    -0.06681116    0.02994303    0.03462136    -0.007809671    0.1851792    0.1013714    -0.04979448    -0.1077125    0.04512267    0.04657365    -0.02245275    0.01074679    -0.02995025
-0.01550287    0.03841218    0.03604851    0.008039932    -0.04712212    0.01563207    -0.05954499    -0.03895372    0.07530365    -0.01274756    -0.0230327    0.0002750232    0.003161911    0.0254669    -0.01701656    1    -0.2296069    -0.743259    0.1712309    0.09838464    -0.09466229    -0.0715232    0.1254426    0.1020719    -0.09814372    0.1072646    -0.04512088    -0.07552583    -0.008426058    0.006258214
-0.006166081    -0.04729313    0.00170541    0.04934241    1.414535e-05    0.03944733    0.03417341    0.00825929    -0.03014948    -0.03079329    0.04382166    -0.0293273    -0.009085525    0.08001129    -0.05960014    -0.2296069    1    0.1247282    -0.7481843    0.2853823    -0.1264362    0.005904659    0.1259589    0.04967899    -0.06030593    -0.02455228    0.1082446    0.04110864    -0.04767247    -0.0205369
-0.002650432    -0.01582421    0.003727386    -0.01716853    0.05723047    -0.04878728    0.0154458    0.0700736    -0.01112012    0.005564181    0.007039563    0.006297461    0.06250807    0.01650687    -0.06681116    -0.743259    0.1247282    1    -0.1546872    -0.4145793    0.07838862    0.07185313    -0.08737956    -0.05895017    0.04098928    -0.07629771    0.08181584    0.13183    -0.02622744    -0.1019825
-0.01367082    0.06717622    0.007032226    -0.07570705    0.01692007    0.01403903    -0.03931256    -0.02627683    0.05435111    -0.01992162    -0.01722156    0.03043274    0.01240716    -0.05122752    0.02994303    0.1712309    -0.7481843    -0.1546872    1    -0.613247    0.1565662    0.04850491    -0.0843628    -0.09004409    0.01908044    -0.008014986    -0.09557749    0.004808352    0.1089362    -0.04019657
0.047381    -0.09040381    -0.0724557    0.05306487    -0.01716969    0.008049107    0.03904448    -0.0203351    -0.06637589    0.03004776    0.02898905    -0.03518806    -0.0775968    0.00526952    0.03462136    0.09838464    0.2853823    -0.4145793    -0.613247    1    -0.1061007    -0.07601201    0.05149282    0.0668769    -0.05802803    0.01721803    -0.02113992    -0.100766    -0.03088945    0.2042202
0.03437997    0.09137606    -0.0282498    -0.06267917    -0.01490849    -0.09162924    -0.04920301    0.09372042    0.01519089    -0.01244836    0.04926505    -0.05184876    -0.0417618    0.05928642    -0.007809671    -0.09466229    -0.1264362    0.07838862    0.1565662    -0.1061007    1    0.05016715    -0.7652618    -0.2164396    0.2527462    0.1909245    0.07031001    -0.1807621    -0.1185183    0.077178
0.0118504    0.02017316    -0.03646998    -0.00562831    0.06909219    0.03798744    -0.05762246    -0.006732673    0.08854756    -0.04533453    -0.1176351    0.07176172    -0.05885779    -0.1474505    0.1851792    -0.0715232    0.005904659    0.07185313    0.04850491    -0.07601201    0.05016715    1    0.07725506    -0.7808682    0.1179414    0.06206935    0.1372399    -0.03301078    -0.1247451    0.01291897
-0.05521378    -0.0905782    0.04630968    0.06456302    0.03044412    0.1165212    0.02099966    -0.09861772    0.03698186    -0.0184135    -0.03088224    -0.03781501    -0.1049232    -0.009321575    0.1013714    0.1254426    0.1259589    -0.08737956    -0.0843628    0.05149282    -0.7652618    0.07725506    1    0.210168    -0.6410685    -0.1453883    -0.05482711    0.1896746    0.1210361    -0.1523482
-0.04937845    -0.007137837    0.04341287    -0.01676349    -0.02136077    -0.007314125    0.04462724    0.0295    -0.04423118    -0.01921662    0.1632472    -0.1925416    -0.07321295    0.195102    -0.04979448    0.1020719    0.04967899    -0.05895017    -0.09004409    0.0668769    -0.2164396    -0.7808682    0.210168    1    -0.5415401    -0.124665    -0.1117934    0.1250539    0.1789884    -0.1091015
0.04489279    0.03820798    -0.03638966    -0.01672736    -0.03212349    -0.06510241    0.03819855    0.01024666    -0.05474142    0.05064297    -0.09398396    0.1628168    0.1991867    -0.1106225    -0.1077125    -0.09814372    -0.06030593    0.04098928    0.01908044    -0.05802803    0.2527462    0.1179414    -0.6410685    -0.5415401    1    0.08516971    0.0399492    -0.142886    -0.1183964    0.2348613
0.03097065    0.05578169    0.01018579    -0.03893049    -0.0002640964    -0.1351449    -0.2971513    0.08202919    0.4834642    -0.1597247    -0.06106963    0.03857028    0.01633288    -0.07212233    0.04512267    0.1072646    -0.02455228    -0.07629771    -0.008014986    0.01721803    0.1909245    0.06206935    -0.1453883    -0.124665    0.08516971    1    0.02908078    -0.7833883    -0.1832564    0.1855046
-0.02233566    0.02511385    0.0534785    -0.01942696    0.002755164    -0.3162261    0.01706269    0.3417959    0.04986708    -0.2154691    -0.04165248    0.01328375    -0.00587882    -0.02811238    0.04657365    -0.04512088    0.1082446    0.08181584    -0.09557749    -0.02113992    0.07031001    0.1372399    -0.05482711    -0.1117934    0.0399492    0.02908078    1    0.1197286    -0.7818992    0.104468
-0.01683944    -0.0528309    -0.006076476    0.04670657    -0.003762866    0.07892803    0.3314899    0.025908    -0.310246    -0.009454677    0.01877955    -0.04970586    -0.01083107    0.03316674    -0.02245275    -0.07552583    0.04110864    0.13183    0.004808352    -0.100766    -0.1807621    -0.03301078    0.1896746    0.1250539    -0.142886    -0.7833883    0.1197286    1    0.183956    -0.5796155
-0.0157876    -0.04258164    -0.01292849    0.02381204    -0.005097845    0.4071962    0.09174125    -0.2487614    -0.1127866    0.002635366    0.05273184    -0.03546888    -0.02651377    0.002412025    0.01074679    -0.008426058    -0.04767247    -0.02622744    0.1089362    -0.03088945    -0.1185183    -0.1247451    0.1210361    0.1789884    -0.1183964    -0.1832564    -0.7818992    0.183956    1    -0.5016877
0.005172105    0.02371218    -0.0372461    -0.04906492    0.02576483    -0.05170482    -0.1051905    -0.0629159    -0.07899863    -0.04497447    -0.00498728    0.03272484    0.01582178    0.03391574    -0.02995025    0.006258214    -0.0205369    -0.1019825    -0.04019657    0.2042202    0.077178    0.01291897    -0.1523482    -0.1091015    0.2348613    0.1855046    0.104468    -0.5796155    -0.5016877    1
