1    -0.001034051    -0.579239    -0.05867098    -0.04234761    0.05757449    -0.04268726    -0.0180722    0.0889704    -0.03966699    0.1670293    -0.1051443    -0.145578    0.09727463    0.008522908    -0.03992098    0.04156477    0.06580205    -0.0118017    -0.0666521
-0.001034051    1    -0.09055389    -0.6628608    0.215994    -0.08311372    0.07569721    0.1085696    -0.03483069    -0.06891825    -0.07186956    0.03370058    -0.03549441    -0.143073    0.1908255    0.02816424    -0.02543548    0.000715168    0.04049366    -0.04262547
-0.579239    -0.09055389    1    -0.07619338    -0.3353676    -0.1008543    0.1055262    0.09257895    -0.06215974    -0.04718874    -0.1111975    -0.06032263    0.04133    -0.06385503    0.1095042    0.05218314    -0.01777049    -0.0614872    0.001715267    0.04228432
-0.05867098    -0.6628608    -0.07619338    1    -0.4102918    0.09450982    -0.07421989    -0.06537391    0.05415065    -0.0005488509    0.1287695    -0.1302077    -0.03923505    0.1749582    -0.1391606    -0.02268221    -0.003837283    0.01255712    0.02023545    0.00150317
-0.04234761    0.215994    -0.3353676    -0.4102918    1    -0.007765056    -0.01799834    -0.0616752    -0.01026454    0.07557238    -0.06536638    0.1582602    0.08579088    -0.07276751    -0.00433312    -0.002408101    0.00254841    -0.01151339    -0.01993591    0.01190735
0.05757449    -0.08311372    -0.1008543    0.09450982    -0.007765056    1    -0.02954475    -0.6886428    -0.02435365    0.001571975    0.06443082    -0.07015391    -0.05780759    0.1339086    -0.02215292    -0.1351449    -0.3162261    0.07892803    0.4071962    -0.05170482
-0.04268726    0.07569721    0.1055262    -0.07421989    -0.01799834    -0.02954475    1    -0.230843    -0.6910545    0.2013255    -0.05546732    -0.002827555    0.02384357    -0.06292279    0.07814099    -0.2971513    0.01706269    0.3314899    0.09174125    -0.1051905
-0.0180722    0.1085696    0.09257895    -0.06537391    -0.0616752    -0.6886428    -0.230843    1    -0.006458427    -0.3909671    -0.02648205    0.01348771    -0.001865565    -0.1240855    0.09211669    0.08202919    0.3417959    0.025908    -0.2487614    -0.0629159
0.0889704    -0.03483069    -0.06215974    0.05415065    -0.01026454    -0.02435365    -0.6910545    -0.006458427    1    -0.3307153    0.05139153    -0.03882252    -0.07138099    0.06367587    -0.02674284    0.4834642    0.04986708    -0.310246    -0.1127866    -0.07899863
-0.03966699    -0.06891825    -0.04718874    -0.0005488509    0.07557238    0.001571975    0.2013255    -0.3909671    -0.3307153    1    -0.02051223    0.04563923    0.1137046    0.03057345    -0.1325142    -0.1597247    -0.2154691    -0.009454677    0.002635366    -0.04497447
0.1670293    -0.07186956    -0.1111975    0.1287695    -0.06536638    0.06443082    -0.05546732    -0.02648205    0.05139153    -0.02051223    1    -0.09296697    -0.5872855    0.1205512    -0.008874198    -0.06106963    -0.04165248    0.01877955    0.05273184    -0.00498728
-0.1051443    0.03370058    -0.06032263    -0.1302077    0.1582602    -0.07015391    -0.002827555    0.01348771    -0.03882252    0.04563923    -0.09296697    1    -0.2674181    -0.5953015    0.2580198    0.03857028    0.01328375    -0.04970586    -0.03546888    0.03272484
-0.145578    -0.03549441    0.04133    -0.03923505    0.08579088    -0.05780759    0.02384357    -0.001865565    -0.07138099    0.1137046    -0.5872855    -0.2674181    1    -0.09069658    -0.3813491    0.01633288    -0.00587882    -0.01083107    -0.02651377    0.01582178
0.09727463    -0.143073    -0.06385503    0.1749582    -0.07276751    0.1339086    -0.06292279    -0.1240855    0.06367587    0.03057345    0.1205512    -0.5953015    -0.09069658    1    -0.4833    -0.07212233    -0.02811238    0.03316674    0.002412025    0.03391574
0.008522908    0.1908255    0.1095042    -0.1391606    -0.00433312    -0.02215292    0.07814099    0.09211669    -0.02674284    -0.1325142    -0.008874198    0.2580198    -0.3813491    -0.4833    1    0.04512267    0.04657365    -0.02245275    0.01074679    -0.02995025
-0.03992098    0.02816424    0.05218314    -0.02268221    -0.002408101    -0.1351449    -0.2971513    0.08202919    0.4834642    -0.1597247    -0.06106963    0.03857028    0.01633288    -0.07212233    0.04512267    1    0.02908078    -0.7833883    -0.1832564    0.1855046
0.04156477    -0.02543548    -0.01777049    -0.003837283    0.00254841    -0.3162261    0.01706269    0.3417959    0.04986708    -0.2154691    -0.04165248    0.01328375    -0.00587882    -0.02811238    0.04657365    0.02908078    1    0.1197286    -0.7818992    0.104468
0.06580205    0.000715168    -0.0614872    0.01255712    -0.01151339    0.07892803    0.3314899    0.025908    -0.310246    -0.009454677    0.01877955    -0.04970586    -0.01083107    0.03316674    -0.02245275    -0.7833883    0.1197286    1    0.183956    -0.5796155
-0.0118017    0.04049366    0.001715267    0.02023545    -0.01993591    0.4071962    0.09174125    -0.2487614    -0.1127866    0.002635366    0.05273184    -0.03546888    -0.02651377    0.002412025    0.01074679    -0.1832564    -0.7818992    0.183956    1    -0.5016877
-0.0666521    -0.04262547    0.04228432    0.00150317    0.01190735    -0.05170482    -0.1051905    -0.0629159    -0.07899863    -0.04497447    -0.00498728    0.03272484    0.01582178    0.03391574    -0.02995025    0.1855046    0.104468    -0.5796155    -0.5016877    1
