1    -0.02954475    -0.6886428    -0.02435365    0.001571975    0.06443082    -0.07015391    -0.05780759    0.1339086    -0.02215292    0.05017895    0.04223643    -0.01489325    -0.02165809    0.02387072    -0.1351449    -0.3162261    0.07892803    0.4071962    -0.05170482
-0.02954475    1    -0.230843    -0.6910545    0.2013255    -0.05546732    -0.002827555    0.02384357    -0.06292279    0.07814099    0.00561323    0.01501671    -0.02800665    -0.01735379    0.05638861    -0.2971513    0.01706269    0.3314899    0.09174125    -0.1051905
-0.6886428    -0.230843    1    -0.006458427    -0.3909671    -0.02648205    0.01348771    -0.001865565    -0.1240855    0.09211669    -0.04187479    -0.02229556    0.03699213    0.02125674    -0.04397248    0.08202919    0.3417959    0.025908    -0.2487614    -0.0629159
-0.02435365    -0.6910545    -0.006458427    1    -0.3307153    0.05139153    -0.03882252    -0.07138099    0.06367587    -0.02674284    -0.02494118    0.02615057    0.05452815    0.004904026    -0.0597561    0.4834642    0.04986708    -0.310246    -0.1127866    -0.07899863
0.001571975    0.2013255    -0.3909671    -0.3307153    1    -0.02051223    0.04563923    0.1137046    0.03057345    -0.1325142    0.0726668    -0.03342488    -0.08796458    -0.006911603    0.05374018    -0.1597247    -0.2154691    -0.009454677    0.002635366    -0.04497447
0.06443082    -0.05546732    -0.02648205    0.05139153    -0.02051223    1    -0.09296697    -0.5872855    0.1205512    -0.008874198    -0.05614705    -0.03965656    0.02556047    0.04547907    -0.0001584828    -0.06106963    -0.04165248    0.01877955    0.05273184    -0.00498728
-0.07015391    -0.002827555    0.01348771    -0.03882252    0.04563923    -0.09296697    1    -0.2674181    -0.5953015    0.2580198    0.02789463    0.01180216    -0.04517602    -0.05660356    0.04698143    0.03857028    0.01328375    -0.04970586    -0.03546888    0.03272484
-0.05780759    0.02384357    -0.001865565    -0.07138099    0.1137046    -0.5872855    -0.2674181    1    -0.09069658    -0.3813491    0.00432015    0.005100982    -0.02295805    -0.02390855    0.03868112    0.01633288    -0.00587882    -0.01083107    -0.02651377    0.01582178
0.1339086    -0.06292279    -0.1240855    0.06367587    0.03057345    0.1205512    -0.5953015    -0.09069658    1    -0.4833    -0.04403976    -0.07216046    0.006837407    0.07808713    9.347354e-05    -0.07212233    -0.02811238    0.03316674    0.002412025    0.03391574
-0.02215292    0.07814099    0.09211669    -0.02674284    -0.1325142    -0.008874198    0.2580198    -0.3813491    -0.4833    1    0.06295784    0.08232487    0.008313983    -0.06665525    -0.04340985    0.04512267    0.04657365    -0.02245275    0.01074679    -0.02995025
0.05017895    0.00561323    -0.04187479    -0.02494118    0.0726668    -0.05614705    0.02789463    0.00432015    -0.04403976    0.06295784    1    0.1113    -0.7716235    -0.2948739    0.2616917    0.1044615    0.02428428    -0.07085852    -0.04111472    -0.02177296
0.04223643    0.01501671    -0.02229556    0.02615057    -0.03342488    -0.03965656    0.01180216    0.005100982    -0.07216046    0.08232487    0.1113    1    0.1167179    -0.7951628    0.1122501    -0.02094613    0.1431144    0.09554331    -0.04695692    -0.1000978
-0.01489325    -0.02800665    0.03699213    0.05452815    -0.08796458    0.02556047    -0.04517602    -0.02295805    0.006837407    0.008313983    -0.7716235    0.1167179    1    0.2636114    -0.66048    -0.06501139    0.01192206    0.1023733    0.03597716    -0.0656611
-0.02165809    -0.01735379    0.02125674    0.004904026    -0.006911603    0.04547907    -0.05660356    -0.02390855    0.07808713    -0.06665525    -0.2948739    -0.7951628    0.2636114    1    -0.5298588    -0.01032162    -0.08980816    -0.02101983    0.06240364    0.04708478
0.02387072    0.05638861    -0.04397248    -0.0597561    0.05374018    -0.0001584828    0.04698143    0.03868112    9.347354e-05    -0.04340985    0.2616917    0.1122501    -0.66048    -0.5298588    1    -0.02314234    -0.0369513    -0.03722676    0.01301768    0.1217102
-0.1351449    -0.2971513    0.08202919    0.4834642    -0.1597247    -0.06106963    0.03857028    0.01633288    -0.07212233    0.04512267    0.1044615    -0.02094613    -0.06501139    -0.01032162    -0.02314234    1    0.02908078    -0.7833883    -0.1832564    0.1855046
-0.3162261    0.01706269    0.3417959    0.04986708    -0.2154691    -0.04165248    0.01328375    -0.00587882    -0.02811238    0.04657365    0.02428428    0.1431144    0.01192206    -0.08980816    -0.0369513    0.02908078    1    0.1197286    -0.7818992    0.104468
0.07892803    0.3314899    0.025908    -0.310246    -0.009454677    0.01877955    -0.04970586    -0.01083107    0.03316674    -0.02245275    -0.07085852    0.09554331    0.1023733    -0.02101983    -0.03722676    -0.7833883    0.1197286    1    0.183956    -0.5796155
0.4071962    0.09174125    -0.2487614    -0.1127866    0.002635366    0.05273184    -0.03546888    -0.02651377    0.002412025    0.01074679    -0.04111472    -0.04695692    0.03597716    0.06240364    0.01301768    -0.1832564    -0.7818992    0.183956    1    -0.5016877
-0.05170482    -0.1051905    -0.0629159    -0.07899863    -0.04497447    -0.00498728    0.03272484    0.01582178    0.03391574    -0.02995025    -0.02177296    -0.1000978    -0.0656611    0.04708478    0.1217102    0.1855046    0.104468    -0.5796155    -0.5016877    1
