1    0.02409479    -0.5540134    0.007876378    0.0002197257    0.09223839    -0.0749872    -0.09748827    0.09212505    0.01502237    -0.01113027    0.0008637091    0.0003805406    0.04875292    -0.04330749    0.007832145    0.0274477    -0.02129415    -0.007070117    -0.03575232    -0.05165273    -0.0109453    0.03787385    0.01497851    0.02757054    0.01832746    -0.00152528    -0.02012856    0.001156372    -0.001056272
0.02409479    1    -0.07524301    -0.5866202    0.1660791    -0.04309033    -0.07521886    -0.03200411    -0.02040733    0.1615699    -0.04823535    0.1570087    0.03428094    -0.06150957    -0.05852754    0.01801303    0.005178992    -0.00254156    0.01507352    -0.03934931    0.01036526    -0.05142762    -0.002471616    0.002258897    -0.009387342    0.03180069    -0.01681502    -0.03131345    0.008732695    -0.03805484
-0.5540134    -0.07524301    1    -0.01726578    -0.3431392    -0.05778087    0.01272993    -0.04333777    -0.06154409    0.1138932    -0.03060982    0.02493071    0.07034718    -0.006239736    -0.03744547    -0.02728971    0.004715826    0.02754299    -0.03704408    0.05237733    0.05209871    0.007701425    -0.03157911    -0.02880807    -0.01818132    -0.009674641    0.02718041    0.01552755    -0.02182772    -0.001957033
0.007876378    -0.5866202    -0.01726578    1    -0.4829047    0.1081992    -0.06039219    -0.08604067    0.07268645    -0.04241645    0.04912726    -0.06755592    0.0195679    0.06048212    -0.02541053    -0.001605409    -0.02786042    0.004044762    0.01722837    -0.01278044    -0.0559794    0.03284542    0.02223687    -0.03800422    0.05031363    -0.0078331    -0.01161015    0.01586895    0.003824944    0.02960683
0.0002197257    0.1660791    -0.3431392    -0.4829047    1    -0.06273026    0.08880749    0.1267319    -0.05553011    -0.07344258    0.010169    0.004498679    -0.09107153    -0.02929514    0.05005591    0.01205322    0.02439911    -0.01158391    -0.007716732    0.01340884    -0.01781685    0.00212986    0.01885178    0.04654033    -0.03285333    -0.007424355    -0.00789471    -0.003041868    0.01579474    0.0003269236
0.09223839    -0.04309033    -0.05778087    0.1081992    -0.06273026    1    -0.02954475    -0.6886428    -0.02435365    0.001571975    0.06443082    -0.07015391    -0.05780759    0.1339086    -0.02215292    0.01563207    0.03944733    -0.04878728    0.01403903    0.008049107    -0.09162924    0.03798744    0.1165212    -0.007314125    -0.06510241    -0.1351449    -0.3162261    0.07892803    0.4071962    -0.05170482
-0.0749872    -0.07521886    0.01272993    -0.06039219    0.08880749    -0.02954475    1    -0.230843    -0.6910545    0.2013255    -0.05546732    -0.002827555    0.02384357    -0.06292279    0.07814099    -0.05954499    0.03417341    0.0154458    -0.03931256    0.03904448    -0.04920301    -0.05762246    0.02099966    0.04462724    0.03819855    -0.2971513    0.01706269    0.3314899    0.09174125    -0.1051905
-0.09748827    -0.03200411    -0.04333777    -0.08604067    0.1267319    -0.6886428    -0.230843    1    -0.006458427    -0.3909671    -0.02648205    0.01348771    -0.001865565    -0.1240855    0.09211669    -0.03895372    0.00825929    0.0700736    -0.02627683    -0.0203351    0.09372042    -0.006732673    -0.09861772    0.0295    0.01024666    0.08202919    0.3417959    0.025908    -0.2487614    -0.0629159
0.09212505    -0.02040733    -0.06154409    0.07268645    -0.05553011    -0.02435365    -0.6910545    -0.006458427    1    -0.3307153    0.05139153    -0.03882252    -0.07138099    0.06367587    -0.02674284    0.07530365    -0.03014948    -0.01112012    0.05435111    -0.06637589    0.01519089    0.08854756    0.03698186    -0.04423118    -0.05474142    0.4834642    0.04986708    -0.310246    -0.1127866    -0.07899863
0.01502237    0.1615699    0.1138932    -0.04241645    -0.07344258    0.001571975    0.2013255    -0.3909671    -0.3307153    1    -0.02051223    0.04563923    0.1137046    0.03057345    -0.1325142    -0.01274756    -0.03079329    0.005564181    -0.01992162    0.03004776    -0.01244836    -0.04533453    -0.0184135    -0.01921662    0.05064297    -0.1597247    -0.2154691    -0.009454677    0.002635366    -0.04497447
-0.01113027    -0.04823535    -0.03060982    0.04912726    0.010169    0.06443082    -0.05546732    -0.02648205    0.05139153    -0.02051223    1    -0.09296697    -0.5872855    0.1205512    -0.008874198    -0.0230327    0.04382166    0.007039563    -0.01722156    0.02898905    0.04926505    -0.1176351    -0.03088224    0.1632472    -0.09398396    -0.06106963    -0.04165248    0.01877955    0.05273184    -0.00498728
0.0008637091    0.1570087    0.02493071    -0.06755592    0.004498679    -0.07015391    -0.002827555    0.01348771    -0.03882252    0.04563923    -0.09296697    1    -0.2674181    -0.5953015    0.2580198    0.0002750232    -0.0293273    0.006297461    0.03043274    -0.03518806    -0.05184876    0.07176172    -0.03781501    -0.1925416    0.1628168    0.03857028    0.01328375    -0.04970586    -0.03546888    0.03272484
0.0003805406    0.03428094    0.07034718    0.0195679    -0.09107153    -0.05780759    0.02384357    -0.001865565    -0.07138099    0.1137046    -0.5872855    -0.2674181    1    -0.09069658    -0.3813491    0.003161911    -0.009085525    0.06250807    0.01240716    -0.0775968    -0.0417618    -0.05885779    -0.1049232    -0.07321295    0.1991867    0.01633288    -0.00587882    -0.01083107    -0.02651377    0.01582178
0.04875292    -0.06150957    -0.006239736    0.06048212    -0.02929514    0.1339086    -0.06292279    -0.1240855    0.06367587    0.03057345    0.1205512    -0.5953015    -0.09069658    1    -0.4833    0.0254669    0.08001129    0.01650687    -0.05122752    0.00526952    0.05928642    -0.1474505    -0.009321575    0.195102    -0.1106225    -0.07212233    -0.02811238    0.03316674    0.002412025    0.03391574
-0.04330749    -0.05852754    -0.03744547    -0.02541053    0.05005591    -0.02215292    0.07814099    0.09211669    -0.02674284    -0.1325142    -0.008874198    0.2580198    -0.3813491    -0.4833    1    -0.01701656    -0.05960014    -0.06681116    0.02994303    0.03462136    -0.007809671    0.1851792    0.1013714    -0.04979448    -0.1077125    0.04512267    0.04657365    -0.02245275    0.01074679    -0.02995025
0.007832145    0.01801303    -0.02728971    -0.001605409    0.01205322    0.01563207    -0.05954499    -0.03895372    0.07530365    -0.01274756    -0.0230327    0.0002750232    0.003161911    0.0254669    -0.01701656    1    -0.2296069    -0.743259    0.1712309    0.09838464    -0.09466229    -0.0715232    0.1254426    0.1020719    -0.09814372    0.1072646    -0.04512088    -0.07552583    -0.008426058    0.006258214
0.0274477    0.005178992    0.004715826    -0.02786042    0.02439911    0.03944733    0.03417341    0.00825929    -0.03014948    -0.03079329    0.04382166    -0.0293273    -0.009085525    0.08001129    -0.05960014    -0.2296069    1    0.1247282    -0.7481843    0.2853823    -0.1264362    0.005904659    0.1259589    0.04967899    -0.06030593    -0.02455228    0.1082446    0.04110864    -0.04767247    -0.0205369
-0.02129415    -0.00254156    0.02754299    0.004044762    -0.01158391    -0.04878728    0.0154458    0.0700736    -0.01112012    0.005564181    0.007039563    0.006297461    0.06250807    0.01650687    -0.06681116    -0.743259    0.1247282    1    -0.1546872    -0.4145793    0.07838862    0.07185313    -0.08737956    -0.05895017    0.04098928    -0.07629771    0.08181584    0.13183    -0.02622744    -0.1019825
-0.007070117    0.01507352    -0.03704408    0.01722837    -0.007716732    0.01403903    -0.03931256    -0.02627683    0.05435111    -0.01992162    -0.01722156    0.03043274    0.01240716    -0.05122752    0.02994303    0.1712309    -0.7481843    -0.1546872    1    -0.613247    0.1565662    0.04850491    -0.0843628    -0.09004409    0.01908044    -0.008014986    -0.09557749    0.004808352    0.1089362    -0.04019657
-0.03575232    -0.03934931    0.05237733    -0.01278044    0.01340884    0.008049107    0.03904448    -0.0203351    -0.06637589    0.03004776    0.02898905    -0.03518806    -0.0775968    0.00526952    0.03462136    0.09838464    0.2853823    -0.4145793    -0.613247    1    -0.1061007    -0.07601201    0.05149282    0.0668769    -0.05802803    0.01721803    -0.02113992    -0.100766    -0.03088945    0.2042202
-0.05165273    0.01036526    0.05209871    -0.0559794    -0.01781685    -0.09162924    -0.04920301    0.09372042    0.01519089    -0.01244836    0.04926505    -0.05184876    -0.0417618    0.05928642    -0.007809671    -0.09466229    -0.1264362    0.07838862    0.1565662    -0.1061007    1    0.05016715    -0.7652618    -0.2164396    0.2527462    0.1909245    0.07031001    -0.1807621    -0.1185183    0.077178
-0.0109453    -0.05142762    0.007701425    0.03284542    0.00212986    0.03798744    -0.05762246    -0.006732673    0.08854756    -0.04533453    -0.1176351    0.07176172    -0.05885779    -0.1474505    0.1851792    -0.0715232    0.005904659    0.07185313    0.04850491    -0.07601201    0.05016715    1    0.07725506    -0.7808682    0.1179414    0.06206935    0.1372399    -0.03301078    -0.1247451    0.01291897
0.03787385    -0.002471616    -0.03157911    0.02223687    0.01885178    0.1165212    0.02099966    -0.09861772    0.03698186    -0.0184135    -0.03088224    -0.03781501    -0.1049232    -0.009321575    0.1013714    0.1254426    0.1259589    -0.08737956    -0.0843628    0.05149282    -0.7652618    0.07725506    1    0.210168    -0.6410685    -0.1453883    -0.05482711    0.1896746    0.1210361    -0.1523482
0.01497851    0.002258897    -0.02880807    -0.03800422    0.04654033    -0.007314125    0.04462724    0.0295    -0.04423118    -0.01921662    0.1632472    -0.1925416    -0.07321295    0.195102    -0.04979448    0.1020719    0.04967899    -0.05895017    -0.09004409    0.0668769    -0.2164396    -0.7808682    0.210168    1    -0.5415401    -0.124665    -0.1117934    0.1250539    0.1789884    -0.1091015
0.02757054    -0.009387342    -0.01818132    0.05031363    -0.03285333    -0.06510241    0.03819855    0.01024666    -0.05474142    0.05064297    -0.09398396    0.1628168    0.1991867    -0.1106225    -0.1077125    -0.09814372    -0.06030593    0.04098928    0.01908044    -0.05802803    0.2527462    0.1179414    -0.6410685    -0.5415401    1    0.08516971    0.0399492    -0.142886    -0.1183964    0.2348613
0.01832746    0.03180069    -0.009674641    -0.0078331    -0.007424355    -0.1351449    -0.2971513    0.08202919    0.4834642    -0.1597247    -0.06106963    0.03857028    0.01633288    -0.07212233    0.04512267    0.1072646    -0.02455228    -0.07629771    -0.008014986    0.01721803    0.1909245    0.06206935    -0.1453883    -0.124665    0.08516971    1    0.02908078    -0.7833883    -0.1832564    0.1855046
-0.00152528    -0.01681502    0.02718041    -0.01161015    -0.00789471    -0.3162261    0.01706269    0.3417959    0.04986708    -0.2154691    -0.04165248    0.01328375    -0.00587882    -0.02811238    0.04657365    -0.04512088    0.1082446    0.08181584    -0.09557749    -0.02113992    0.07031001    0.1372399    -0.05482711    -0.1117934    0.0399492    0.02908078    1    0.1197286    -0.7818992    0.104468
-0.02012856    -0.03131345    0.01552755    0.01586895    -0.003041868    0.07892803    0.3314899    0.025908    -0.310246    -0.009454677    0.01877955    -0.04970586    -0.01083107    0.03316674    -0.02245275    -0.07552583    0.04110864    0.13183    0.004808352    -0.100766    -0.1807621    -0.03301078    0.1896746    0.1250539    -0.142886    -0.7833883    0.1197286    1    0.183956    -0.5796155
0.001156372    0.008732695    -0.02182772    0.003824944    0.01579474    0.4071962    0.09174125    -0.2487614    -0.1127866    0.002635366    0.05273184    -0.03546888    -0.02651377    0.002412025    0.01074679    -0.008426058    -0.04767247    -0.02622744    0.1089362    -0.03088945    -0.1185183    -0.1247451    0.1210361    0.1789884    -0.1183964    -0.1832564    -0.7818992    0.183956    1    -0.5016877
-0.001056272    -0.03805484    -0.001957033    0.02960683    0.0003269236    -0.05170482    -0.1051905    -0.0629159    -0.07899863    -0.04497447    -0.00498728    0.03272484    0.01582178    0.03391574    -0.02995025    0.006258214    -0.0205369    -0.1019825    -0.04019657    0.2042202    0.077178    0.01291897    -0.1523482    -0.1091015    0.2348613    0.1855046    0.104468    -0.5796155    -0.5016877    1
