1    0.04906791    -0.5733122    -0.04768158    0.0270085    0.06379655    -0.06196713    -0.08947666    0.08013803    0.05082678
0.04906791    1    -0.08481752    -0.5860951    0.1151126    -0.05225773    -0.06635504    -0.01235689    0.001670142    0.08652289
-0.5733122    -0.08481752    1    0.06538671    -0.4271286    -0.04930799    -0.07952641    0.005051699    -0.01884132    0.08923109
-0.04768158    -0.5860951    0.06538671    1    -0.4462675    0.1204726    -0.07735256    -0.1032847    0.04674694    0.04843898
0.0270085    0.1151126    -0.4271286    -0.4462675    1    -0.02978072    0.08754706    0.08705844    -0.007375384    -0.1280794
0.06379655    -0.05225773    -0.04930799    0.1204726    -0.02978072    1    -0.02954475    -0.6886428    -0.02435365    0.001571975
-0.06196713    -0.06635504    -0.07952641    -0.07735256    0.08754706    -0.02954475    1    -0.230843    -0.6910545    0.2013255
-0.08947666    -0.01235689    0.005051699    -0.1032847    0.08705844    -0.6886428    -0.230843    1    -0.006458427    -0.3909671
0.08013803    0.001670142    -0.01884132    0.04674694    -0.007375384    -0.02435365    -0.6910545    -0.006458427    1    -0.3307153
0.05082678    0.08652289    0.08923109    0.04843898    -0.1280794    0.001571975    0.2013255    -0.3909671    -0.3307153    1
