1    -0.02954475    -0.6886428    -0.02435365    0.001571975    0.06443082    -0.07015391    -0.05780759    0.1339086    -0.02215292    0.129013    -0.09717097    -0.1010725    0.1329546    -0.03790849    0.01563207    0.03944733    -0.04878728    0.01403903    0.008049107    -0.09162924    0.03798744    0.1165212    -0.007314125    -0.06510241    -0.1351449    -0.3162261    0.07892803    0.4071962    -0.05170482
-0.02954475    1    -0.230843    -0.6910545    0.2013255    -0.05546732    -0.002827555    0.02384357    -0.06292279    0.07814099    -0.0795902    -0.07417952    -0.04979702    -0.04693624    0.1221495    -0.05954499    0.03417341    0.0154458    -0.03931256    0.03904448    -0.04920301    -0.05762246    0.02099966    0.04462724    0.03819855    -0.2971513    0.01706269    0.3314899    0.09174125    -0.1051905
-0.6886428    -0.230843    1    -0.006458427    -0.3909671    -0.02648205    0.01348771    -0.001865565    -0.1240855    0.09211669    -0.1138796    0.02542688    0.04070464    -0.1237264    0.1084495    -0.03895372    0.00825929    0.0700736    -0.02627683    -0.0203351    0.09372042    -0.006732673    -0.09861772    0.0295    0.01024666    0.08202919    0.3417959    0.025908    -0.2487614    -0.0629159
-0.02435365    -0.6910545    -0.006458427    1    -0.3307153    0.05139153    -0.03882252    -0.07138099    0.06367587    -0.02674284    0.09201155    -0.04323759    -0.06118843    0.06830712    -0.006206045    0.07530365    -0.03014948    -0.01112012    0.05435111    -0.06637589    0.01519089    0.08854756    0.03698186    -0.04423118    -0.05474142    0.4834642    0.04986708    -0.310246    -0.1127866    -0.07899863
0.001571975    0.2013255    -0.3909671    -0.3307153    1    -0.02051223    0.04563923    0.1137046    0.03057345    -0.1325142    -0.01783899    0.1125672    0.106284    0.02292883    -0.1522478    -0.01274756    -0.03079329    0.005564181    -0.01992162    0.03004776    -0.01244836    -0.04533453    -0.0184135    -0.01921662    0.05064297    -0.1597247    -0.2154691    -0.009454677    0.002635366    -0.04497447
0.06443082    -0.05546732    -0.02648205    0.05139153    -0.02051223    1    -0.09296697    -0.5872855    0.1205512    -0.008874198    0.001992299    0.09945712    0.025819    -0.09688465    0.01627947    -0.0230327    0.04382166    0.007039563    -0.01722156    0.02898905    0.04926505    -0.1176351    -0.03088224    0.1632472    -0.09398396    -0.06106963    -0.04165248    0.01877955    0.05273184    -0.00498728
-0.07015391    -0.002827555    0.01348771    -0.03882252    0.04563923    -0.09296697    1    -0.2674181    -0.5953015    0.2580198    -0.006798269    0.02534167    0.0434684    0.01031114    -0.04191442    0.0002750232    -0.0293273    0.006297461    0.03043274    -0.03518806    -0.05184876    0.07176172    -0.03781501    -0.1925416    0.1628168    0.03857028    0.01328375    -0.04970586    -0.03546888    0.03272484
-0.05780759    0.02384357    -0.001865565    -0.07138099    0.1137046    -0.5872855    -0.2674181    1    -0.09069658    -0.3813491    -0.002274498    -0.01752827    0.007871394    0.02823818    -0.01737396    0.003161911    -0.009085525    0.06250807    0.01240716    -0.0775968    -0.0417618    -0.05885779    -0.1049232    -0.07321295    0.1991867    0.01633288    -0.00587882    -0.01083107    -0.02651377    0.01582178
0.1339086    -0.06292279    -0.1240855    0.06367587    0.03057345    0.1205512    -0.5953015    -0.09069658    1    -0.4833    0.01707834    0.03382911    0.008611835    0.01683356    -0.02428471    0.0254669    0.08001129    0.01650687    -0.05122752    0.00526952    0.05928642    -0.1474505    -0.009321575    0.195102    -0.1106225    -0.07212233    -0.02811238    0.03316674    0.002412025    0.03391574
-0.02215292    0.07814099    0.09211669    -0.02674284    -0.1325142    -0.008874198    0.2580198    -0.3813491    -0.4833    1    0.02303469    -0.08729548    -0.08848766    0.007542348    0.08171927    -0.01701656    -0.05960014    -0.06681116    0.02994303    0.03462136    -0.007809671    0.1851792    0.1013714    -0.04979448    -0.1077125    0.04512267    0.04657365    -0.02245275    0.01074679    -0.02995025
0.129013    -0.0795902    -0.1138796    0.09201155    -0.01783899    0.001992299    -0.006798269    -0.002274498    0.01707834    0.02303469    1    0.1400241    -0.8017412    -0.2016428    0.2533022    -0.002012322    -0.1455306    0.0351826    0.1631883    -0.1104582    0.0008403928    -0.01221599    0.01055408    0.02234292    -0.00882542    0.08109797    -0.03101699    -0.04724303    -0.01047319    0.07067749
-0.09717097    -0.07417952    0.02542688    -0.04323759    0.1125672    0.09945712    0.02534167    -0.01752827    0.03382911    -0.08729548    0.1400241    1    0.1472722    -0.7823827    0.08175681    -0.1231913    0.04655819    0.1624754    -0.01432585    -0.08539354    -0.0144742    -0.0267208    0.02725611    0.03695603    -0.05146004    0.01943102    0.0467386    -0.07314648    -0.1266719    0.1397819
-0.1010725    -0.04979702    0.04070464    -0.06118843    0.106284    0.025819    0.0434684    0.007871394    0.008611835    -0.08848766    -0.8017412    0.1472722    1    0.08810614    -0.5706687    -0.002359715    0.1793472    0.01841461    -0.1215831    0.03523815    0.007046621    0.0597377    -0.00615597    -0.03773207    -0.0142018    -0.1090971    0.02210913    -7.234861e-05    -0.03144008    0.04439909
0.1329546    -0.04693624    -0.1237264    0.06830712    0.02292883    -0.09688465    0.01031114    0.02823818    0.01683356    0.007542348    -0.2016428    -0.7823827    0.08810614    1    -0.4619127    0.1990772    -0.02414758    -0.1173412    0.02879723    -0.02383739    0.05042576    0.06165633    -0.006232039    -0.07090873    0.006224635    -0.05645285    -0.1023445    0.04924931    0.1216477    -0.1091911
-0.03790849    0.1221495    0.1084495    -0.006206045    -0.1522478    0.01627947    -0.04191442    -0.01737396    -0.02428471    0.08171927    0.2533022    0.08175681    -0.5706687    -0.4619127    1    -0.07612706    -0.05157777    -0.01153986    -0.02988817    -0.03977894    -0.01820343    -0.08595736    -0.0116641    0.04677631    0.008166156    0.1599995    0.1078013    -0.02187313    -0.07460972    -0.1212047
0.01563207    -0.05954499    -0.03895372    0.07530365    -0.01274756    -0.0230327    0.0002750232    0.003161911    0.0254669    -0.01701656    -0.002012322    -0.1231913    -0.002359715    0.1990772    -0.07612706    1    -0.2296069    -0.743259    0.1712309    0.09838464    -0.09466229    -0.0715232    0.1254426    0.1020719    -0.09814372    0.1072646    -0.04512088    -0.07552583    -0.008426058    0.006258214
0.03944733    0.03417341    0.00825929    -0.03014948    -0.03079329    0.04382166    -0.0293273    -0.009085525    0.08001129    -0.05960014    -0.1455306    0.04655819    0.1793472    -0.02414758    -0.05157777    -0.2296069    1    0.1247282    -0.7481843    0.2853823    -0.1264362    0.005904659    0.1259589    0.04967899    -0.06030593    -0.02455228    0.1082446    0.04110864    -0.04767247    -0.0205369
-0.04878728    0.0154458    0.0700736    -0.01112012    0.005564181    0.007039563    0.006297461    0.06250807    0.01650687    -0.06681116    0.0351826    0.1624754    0.01841461    -0.1173412    -0.01153986    -0.743259    0.1247282    1    -0.1546872    -0.4145793    0.07838862    0.07185313    -0.08737956    -0.05895017    0.04098928    -0.07629771    0.08181584    0.13183    -0.02622744    -0.1019825
0.01403903    -0.03931256    -0.02627683    0.05435111    -0.01992162    -0.01722156    0.03043274    0.01240716    -0.05122752    0.02994303    0.1631883    -0.01432585    -0.1215831    0.02879723    -0.02988817    0.1712309    -0.7481843    -0.1546872    1    -0.613247    0.1565662    0.04850491    -0.0843628    -0.09004409    0.01908044    -0.008014986    -0.09557749    0.004808352    0.1089362    -0.04019657
0.008049107    0.03904448    -0.0203351    -0.06637589    0.03004776    0.02898905    -0.03518806    -0.0775968    0.00526952    0.03462136    -0.1104582    -0.08539354    0.03523815    -0.02383739    -0.03977894    0.09838464    0.2853823    -0.4145793    -0.613247    1    -0.1061007    -0.07601201    0.05149282    0.0668769    -0.05802803    0.01721803    -0.02113992    -0.100766    -0.03088945    0.2042202
-0.09162924    -0.04920301    0.09372042    0.01519089    -0.01244836    0.04926505    -0.05184876    -0.0417618    0.05928642    -0.007809671    0.0008403928    -0.0144742    0.007046621    0.05042576    -0.01820343    -0.09466229    -0.1264362    0.07838862    0.1565662    -0.1061007    1    0.05016715    -0.7652618    -0.2164396    0.2527462    0.1909245    0.07031001    -0.1807621    -0.1185183    0.077178
0.03798744    -0.05762246    -0.006732673    0.08854756    -0.04533453    -0.1176351    0.07176172    -0.05885779    -0.1474505    0.1851792    -0.01221599    -0.0267208    0.0597377    0.06165633    -0.08595736    -0.0715232    0.005904659    0.07185313    0.04850491    -0.07601201    0.05016715    1    0.07725506    -0.7808682    0.1179414    0.06206935    0.1372399    -0.03301078    -0.1247451    0.01291897
0.1165212    0.02099966    -0.09861772    0.03698186    -0.0184135    -0.03088224    -0.03781501    -0.1049232    -0.009321575    0.1013714    0.01055408    0.02725611    -0.00615597    -0.006232039    -0.0116641    0.1254426    0.1259589    -0.08737956    -0.0843628    0.05149282    -0.7652618    0.07725506    1    0.210168    -0.6410685    -0.1453883    -0.05482711    0.1896746    0.1210361    -0.1523482
-0.007314125    0.04462724    0.0295    -0.04423118    -0.01921662    0.1632472    -0.1925416    -0.07321295    0.195102    -0.04979448    0.02234292    0.03695603    -0.03773207    -0.07090873    0.04677631    0.1020719    0.04967899    -0.05895017    -0.09004409    0.0668769    -0.2164396    -0.7808682    0.210168    1    -0.5415401    -0.124665    -0.1117934    0.1250539    0.1789884    -0.1091015
-0.06510241    0.03819855    0.01024666    -0.05474142    0.05064297    -0.09398396    0.1628168    0.1991867    -0.1106225    -0.1077125    -0.00882542    -0.05146004    -0.0142018    0.006224635    0.008166156    -0.09814372    -0.06030593    0.04098928    0.01908044    -0.05802803    0.2527462    0.1179414    -0.6410685    -0.5415401    1    0.08516971    0.0399492    -0.142886    -0.1183964    0.2348613
-0.1351449    -0.2971513    0.08202919    0.4834642    -0.1597247    -0.06106963    0.03857028    0.01633288    -0.07212233    0.04512267    0.08109797    0.01943102    -0.1090971    -0.05645285    0.1599995    0.1072646    -0.02455228    -0.07629771    -0.008014986    0.01721803    0.1909245    0.06206935    -0.1453883    -0.124665    0.08516971    1    0.02908078    -0.7833883    -0.1832564    0.1855046
-0.3162261    0.01706269    0.3417959    0.04986708    -0.2154691    -0.04165248    0.01328375    -0.00587882    -0.02811238    0.04657365    -0.03101699    0.0467386    0.02210913    -0.1023445    0.1078013    -0.04512088    0.1082446    0.08181584    -0.09557749    -0.02113992    0.07031001    0.1372399    -0.05482711    -0.1117934    0.0399492    0.02908078    1    0.1197286    -0.7818992    0.104468
0.07892803    0.3314899    0.025908    -0.310246    -0.009454677    0.01877955    -0.04970586    -0.01083107    0.03316674    -0.02245275    -0.04724303    -0.07314648    -7.234861e-05    0.04924931    -0.02187313    -0.07552583    0.04110864    0.13183    0.004808352    -0.100766    -0.1807621    -0.03301078    0.1896746    0.1250539    -0.142886    -0.7833883    0.1197286    1    0.183956    -0.5796155
0.4071962    0.09174125    -0.2487614    -0.1127866    0.002635366    0.05273184    -0.03546888    -0.02651377    0.002412025    0.01074679    -0.01047319    -0.1266719    -0.03144008    0.1216477    -0.07460972    -0.008426058    -0.04767247    -0.02622744    0.1089362    -0.03088945    -0.1185183    -0.1247451    0.1210361    0.1789884    -0.1183964    -0.1832564    -0.7818992    0.183956    1    -0.5016877
-0.05170482    -0.1051905    -0.0629159    -0.07899863    -0.04497447    -0.00498728    0.03272484    0.01582178    0.03391574    -0.02995025    0.07067749    0.1397819    0.04439909    -0.1091911    -0.1212047    0.006258214    -0.0205369    -0.1019825    -0.04019657    0.2042202    0.077178    0.01291897    -0.1523482    -0.1091015    0.2348613    0.1855046    0.104468    -0.5796155    -0.5016877    1
