1    -0.06179415    -0.5939001    -0.1180336    0.02355674    0.06777358    -0.03256545    -0.01853442    0.04042199    -0.02486809    0.05167966    -0.1152897    0.02066657    0.09069551    -0.05447833    -0.04035273    0.0431109    0.07112415    -0.02322071    -0.04646692    -0.03065267    -0.01769961    0.05009034    0.0559951    -0.06036414    0.1162023    -0.1066769    -0.1043039    0.1754894    -0.02627036    0.01295838    -0.05850945    -0.01582909    0.09730831    -0.05142728    -0.03900693    0.010278    0.04526071    0.001371452    -0.02929836
-0.06179415    1    -0.1008464    -0.6099681    0.04573424    -0.02951339    0.06014817    -0.02418068    -0.01952682    0.03791219    -0.09588906    0.06631092    0.06696303    -0.05048789    0.03211869    0.04956068    -0.05752618    -0.01767491    0.07328264    -0.0597043    0.0311435    0.02083692    -0.01284636    5.780415e-05    -0.009904912    -0.09981231    -0.07278751    -0.0120283    -0.04702475    0.1095547    0.0268858    0.04548053    -0.01269761    -0.01923355    -0.01348765    0.02731022    0.005732828    -0.03554778    -0.0358857    0.03533958
-0.5939001    -0.1008464    1    -0.06423964    -0.3811407    -0.05889854    0.0487907    0.07776806    -0.07632229    -0.03763317    -0.03325535    0.1240084    -0.02484923    -0.04320801    -0.007768238    0.003278509    0.0249634    -0.01292407    -0.001454679    0.0291588    0.02020352    0.04184439    -0.005928774    -0.01366671    -0.04291455    -0.08991358    -0.01950374    -0.04552009    -0.1051977    0.1431752    -0.02649808    0.0549    0.02127432    -0.02359991    -0.0332647    -0.01514986    0.03284415    -0.01835454    -0.03479407    0.05644895
-0.1180336    -0.6099681    -0.06423964    1    -0.2719001    0.02962524    -0.01393313    0.02187897    -0.004943796    -0.04511865    0.05996405    0.01692201    -0.01928402    -0.02647303    -0.03397779    0.009487315    -0.008269734    -0.01730028    -0.01782193    0.05507071    -0.03616802    0.003565345    0.0312197    -0.02646607    0.004106452    0.156764    -0.07175043    -0.05450183    0.07758917    -0.06221434    -0.02478192    0.005719094    0.04061504    -0.02626131    -0.01754155    -0.02370409    -0.04042511    0.02851746    0.03624631    -0.004519646
0.02355674    0.04573424    -0.3811407    -0.2719001    1    -0.02088288    -0.08405107    -0.03049155    0.05859478    0.08546537    0.05134978    -0.07520341    -0.03895309    -0.0006839066    0.001843406    -0.02001439    -0.02539951    -0.01385478    0.001364644    2.791224e-05    0.006714172    -0.0517316    -0.02779441    0.009652567    0.05573689    -0.05389333    0.1836952    0.1530053    -0.0742562    -0.09665735    0.03305312    -0.05874306    -0.01440025    0.004651166    0.0413756    0.007547382    -0.02871708    -0.004351915    0.01826415    -0.03944485
0.06777358    -0.02951339    -0.05889854    0.02962524    -0.02088288    1    -0.02954475    -0.6886428    -0.02435365    0.001571975    0.06443082    -0.07015391    -0.05780759    0.1339086    -0.02215292    0.01563207    0.03944733    -0.04878728    0.01403903    0.008049107    -0.09162924    0.03798744    0.1165212    -0.007314125    -0.06510241    0.1096161    -0.03679114    -0.09023539    0.1049995    -0.01560174    -0.005726172    -0.05943923    0.03238843    0.1181485    -0.09600679    -0.1351449    -0.3162261    0.07892803    0.4071962    -0.05170482
-0.03256545    0.06014817    0.0487907    -0.01393313    -0.08405107    -0.02954475    1    -0.230843    -0.6910545    0.2013255    -0.05546732    -0.002827555    0.02384357    -0.06292279    0.07814099    -0.05954499    0.03417341    0.0154458    -0.03931256    0.03904448    -0.04920301    -0.05762246    0.02099966    0.04462724    0.03819855    -0.08031891    -0.03798509    0.05166643    -0.03317085    0.01942614    -0.08422547    -0.02148169    -0.001140089    -0.02670523    0.1069603    -0.2971513    0.01706269    0.3314899    0.09174125    -0.1051905
-0.01853442    -0.02418068    0.07776806    0.02187897    -0.03049155    -0.6886428    -0.230843    1    -0.006458427    -0.3909671    -0.02648205    0.01348771    -0.001865565    -0.1240855    0.09211669    -0.03895372    0.00825929    0.0700736    -0.02627683    -0.0203351    0.09372042    -0.006732673    -0.09861772    0.0295    0.01024666    -0.1165714    -0.004719445    0.06854383    -0.08891676    0.06255886    0.02240141    0.01033089    -0.05804785    -0.06108805    0.08193496    0.08202919    0.3417959    0.025908    -0.2487614    -0.0629159
0.04042199    -0.01952682    -0.07632229    -0.004943796    0.05859478    -0.02435365    -0.6910545    -0.006458427    1    -0.3307153    0.05139153    -0.03882252    -0.07138099    0.06367587    -0.02674284    0.07530365    -0.03014948    -0.01112012    0.05435111    -0.06637589    0.01519089    0.08854756    0.03698186    -0.04423118    -0.05474142    0.1007805    0.02156738    -0.103534    0.03191942    -0.002677041    0.0405404    -0.002027345    0.002981894    0.03780915    -0.06965843    0.4834642    0.04986708    -0.310246    -0.1127866    -0.07899863
-0.02486809    0.03791219    -0.03763317    -0.04511865    0.08546537    0.001571975    0.2013255    -0.3909671    -0.3307153    1    -0.02051223    0.04563923    0.1137046    0.03057345    -0.1325142    -0.01274756    -0.03079329    0.005564181    -0.01992162    0.03004776    -0.01244836    -0.04533453    -0.0184135    -0.01921662    0.05064297    0.0213995    0.03685069    0.01935239    0.02303167    -0.03243195    0.01276683    0.06091751    0.02938047    -0.0394169    -0.03719238    -0.1597247    -0.2154691    -0.009454677    0.002635366    -0.04497447
0.05167966    -0.09588906    -0.03325535    0.05996405    0.05134978    0.06443082    -0.05546732    -0.02648205    0.05139153    -0.02051223    1    -0.09296697    -0.5872855    0.1205512    -0.008874198    -0.0230327    0.04382166    0.007039563    -0.01722156    0.02898905    0.04926505    -0.1176351    -0.03088224    0.1632472    -0.09398396    0.1030662    -0.07605895    -0.06870183    0.09936693    0.01169829    0.09144331    -0.1395352    -0.06685502    0.1552404    -0.05712691    -0.06106963    -0.04165248    0.01877955    0.05273184    -0.00498728
-0.1152897    0.06631092    0.1240084    0.01692201    -0.07520341    -0.07015391    -0.002827555    0.01348771    -0.03882252    0.04563923    -0.09296697    1    -0.2674181    -0.5953015    0.2580198    0.0002750232    -0.0293273    0.006297461    0.03043274    -0.03518806    -0.05184876    0.07176172    -0.03781501    -0.1925416    0.1628168    -0.0996536    0.01994633    0.004172335    -0.05106776    0.08591229    -0.07295513    0.02234999    -0.0474914    -0.163158    0.188544    0.03857028    0.01328375    -0.04970586    -0.03546888    0.03272484
0.02066657    0.06696303    -0.02484923    -0.01928402    -0.03895309    -0.05780759    0.02384357    -0.001865565    -0.07138099    0.1137046    -0.5872855    -0.2674181    1    -0.09069658    -0.3813491    0.003161911    -0.009085525    0.06250807    0.01240716    -0.0775968    -0.0417618    -0.05885779    -0.1049232    -0.07321295    0.1991867    -0.06550003    0.01167621    -0.00244369    -0.1233466    0.05034909    -0.07749114    -0.00311394    -0.04002052    -0.07562346    0.1360881    0.01633288    -0.00587882    -0.01083107    -0.02651377    0.01582178
0.09069551    -0.05048789    -0.04320801    -0.02647303    -0.0006839066    0.1339086    -0.06292279    -0.1240855    0.06367587    0.03057345    0.1205512    -0.5953015    -0.09069658    1    -0.4833    0.0254669    0.08001129    0.01650687    -0.05122752    0.00526952    0.05928642    -0.1474505    -0.009321575    0.195102    -0.1106225    0.08055422    -0.09252682    -0.04217377    0.08228877    -0.0396797    0.07003529    -0.1504289    0.001679907    0.2007968    -0.1302686    -0.07212233    -0.02811238    0.03316674    0.002412025    0.03391574
-0.05447833    0.03211869    -0.007768238    -0.03397779    0.001843406    -0.02215292    0.07814099    0.09211669    -0.02674284    -0.1325142    -0.008874198    0.2580198    -0.3813491    -0.4833    1    -0.01701656    -0.05960014    -0.06681116    0.02994303    0.03462136    -0.007809671    0.1851792    0.1013714    -0.04979448    -0.1077125    -0.04017966    0.08678713    0.08857573    0.01464415    -0.05682052    0.002615327    0.1696826    0.05225146    -0.07208402    -0.05749886    0.04512267    0.04657365    -0.02245275    0.01074679    -0.02995025
-0.04035273    0.04956068    0.003278509    0.009487315    -0.02001439    0.01563207    -0.05954499    -0.03895372    0.07530365    -0.01274756    -0.0230327    0.0002750232    0.003161911    0.0254669    -0.01701656    1    -0.2296069    -0.743259    0.1712309    0.09838464    -0.09466229    -0.0715232    0.1254426    0.1020719    -0.09814372    0.1476686    -0.08627475    -0.1013105    0.1764044    -0.08245222    0.006530926    -0.03947968    0.03750794    0.03185616    -0.04585543    0.1072646    -0.04512088    -0.07552583    -0.008426058    0.006258214
0.0431109    -0.05752618    0.0249634    -0.008269734    -0.02539951    0.03944733    0.03417341    0.00825929    -0.03014948    -0.03079329    0.04382166    -0.0293273    -0.009085525    0.08001129    -0.05960014    -0.2296069    1    0.1247282    -0.7481843    0.2853823    -0.1264362    0.005904659    0.1259589    0.04967899    -0.06030593    -0.0478897    0.009875494    -0.05373106    -0.1053522    0.1262151    -0.08144681    0.01689136    0.06378073    0.01200096    -0.01464213    -0.02455228    0.1082446    0.04110864    -0.04767247    -0.0205369
0.07112415    -0.01767491    -0.01292407    -0.01730028    -0.01385478    -0.04878728    0.0154458    0.0700736    -0.01112012    0.005564181    0.007039563    0.006297461    0.06250807    0.01650687    -0.06681116    -0.743259    0.1247282    1    -0.1546872    -0.4145793    0.07838862    0.07185313    -0.08737956    -0.05895017    0.04098928    -0.08638965    -0.02616639    -0.02200518    -0.08680329    0.1566834    -0.003309477    0.03555262    -0.03412421    -0.016646    0.02094423    -0.07629771    0.08181584    0.13183    -0.02622744    -0.1019825
-0.02322071    0.07328264    -0.001454679    -0.01782193    0.001364644    0.01403903    -0.03931256    -0.02627683    0.05435111    -0.01992162    -0.01722156    0.03043274    0.01240716    -0.05122752    0.02994303    0.1712309    -0.7481843    -0.1546872    1    -0.613247    0.1565662    0.04850491    -0.0843628    -0.09004409    0.01908044    0.07114374    -0.1041394    -0.04959351    0.1357013    -0.02389684    0.1005528    0.001196171    -0.03533969    -0.01682176    -0.02159411    -0.008014986    -0.09557749    0.004808352    0.1089362    -0.04019657
-0.04646692    -0.0597043    0.0291588    0.05507071    2.791224e-05    0.008049107    0.03904448    -0.0203351    -0.06637589    0.03004776    0.02898905    -0.03518806    -0.0775968    0.00526952    0.03462136    0.09838464    0.2853823    -0.4145793    -0.613247    1    -0.1061007    -0.07601201    0.05149282    0.0668769    -0.05802803    -0.0316358    0.1272315    0.1218356    -0.05882172    -0.1335473    -0.0691689    -0.01399772    0.03570988    0.02110807    -0.01630614    0.01721803    -0.02113992    -0.100766    -0.03088945    0.2042202
-0.03065267    0.0311435    0.02020352    -0.03616802    0.006714172    -0.09162924    -0.04920301    0.09372042    0.01519089    -0.01244836    0.04926505    -0.05184876    -0.0417618    0.05928642    -0.007809671    -0.09466229    -0.1264362    0.07838862    0.1565662    -0.1061007    1    0.05016715    -0.7652618    -0.2164396    0.2527462    -0.0228036    -0.02411838    0.03606677    0.03828862    -0.04145693    0.5959399    0.008867918    -0.4352198    -0.1327181    0.1665932    0.1909245    0.07031001    -0.1807621    -0.1185183    0.077178
-0.01769961    0.02083692    0.04184439    0.003565345    -0.0517316    0.03798744    -0.05762246    -0.006732673    0.08854756    -0.04533453    -0.1176351    0.07176172    -0.05885779    -0.1474505    0.1851792    -0.0715232    0.005904659    0.07185313    0.04850491    -0.07601201    0.05016715    1    0.07725506    -0.7808682    0.1179414    0.1262761    0.008030148    -0.05894042    0.0340227    0.00316198    0.03727942    0.5768487    0.003365721    -0.4236526    0.06463427    0.06206935    0.1372399    -0.03301078    -0.1247451    0.01291897
0.05009034    -0.01284636    -0.005928774    0.0312197    -0.02779441    0.1165212    0.02099966    -0.09861772    0.03698186    -0.0184135    -0.03088224    -0.03781501    -0.1049232    -0.009321575    0.1013714    0.1254426    0.1259589    -0.08737956    -0.0843628    0.05149282    -0.7652618    0.07725506    1    0.210168    -0.6410685    0.06820211    -0.008719703    -0.03070719    0.04692835    -0.01839709    -0.4368008    0.05310049    0.5855373    0.1218832    -0.4151067    -0.1453883    -0.05482711    0.1896746    0.1210361    -0.1523482
0.0559951    5.780415e-05    -0.01366671    -0.02646607    0.009652567    -0.007314125    0.04462724    0.0295    -0.04423118    -0.01921662    0.1632472    -0.1925416    -0.07321295    0.195102    -0.04979448    0.1020719    0.04967899    -0.05895017    -0.09004409    0.0668769    -0.2164396    -0.7808682    0.210168    1    -0.5415401    -0.08877299    -0.008013395    0.0358176    0.003555783    -0.009995167    -0.1096388    -0.43125    0.1203527    0.5588632    -0.3183744    -0.124665    -0.1117934    0.1250539    0.1789884    -0.1091015
-0.06036414    -0.009904912    -0.04291455    0.004106452    0.05573689    -0.06510241    0.03819855    0.01024666    -0.05474142    0.05064297    -0.09398396    0.1628168    0.1991867    -0.1106225    -0.1077125    -0.09814372    -0.06030593    0.04098928    0.01908044    -0.05802803    0.2527462    0.1179414    -0.6410685    -0.5415401    1    -0.03913438    0.04666721    0.03043407    -0.09457234    0.05019027    0.08022032    0.03772683    -0.3454525    -0.2947401    0.6483583    0.08516971    0.0399492    -0.142886    -0.1183964    0.2348613
0.1162023    -0.09981231    -0.08991358    0.156764    -0.05389333    0.1096161    -0.08031891    -0.1165714    0.1007805    0.0213995    0.1030662    -0.0996536    -0.06550003    0.08055422    -0.04017966    0.1476686    -0.0478897    -0.08638965    0.07114374    -0.0316358    -0.0228036    0.1262761    0.06820211    -0.08877299    -0.03913438    1    -0.006012193    -0.5898456    0.08617625    -0.07295721    0.04513517    0.0838474    0.004981297    -0.04607445    -0.0560617    0.02000688    -0.0419823    -0.0676909    -0.0451536    0.08806643
-0.1066769    -0.07278751    -0.01950374    -0.07175043    0.1836952    -0.03679114    -0.03798509    -0.004719445    0.02156738    0.03685069    -0.07605895    0.01994633    0.01167621    -0.09252682    0.08678713    -0.08627475    0.009875494    -0.02616639    -0.1041394    0.1272315    -0.02411838    0.008030148    -0.008719703    -0.008013395    0.04666721    -0.006012193    1    -0.2592951    -0.5895032    0.2392751    -0.04304761    -0.02637004    -0.0545643    0.00307631    0.09466037    0.07592913    -0.03729169    -0.09945412    0.006121771    0.03954394
-0.1043039    -0.0120283    -0.04552009    -0.05450183    0.1530053    -0.09023539    0.05166643    0.06854383    -0.103534    0.01935239    -0.06870183    0.004172335    -0.00244369    -0.04217377    0.08857573    -0.1013105    -0.05373106    -0.02200518    -0.04959351    0.1218356    0.03606677    -0.05894042    -0.03070719    0.0358176    0.03043407    -0.5898456    -0.2592951    1    -0.006376612    -0.4396046    -0.00560497    -0.04339688    -0.02578967    -0.02231426    0.1034512    -0.06002595    6.09206e-05    0.04150142    0.04689789    -0.02717956
0.1754894    -0.04702475    -0.1051977    0.07758917    -0.0742562    0.1049995    -0.03317085    -0.08891676    0.03191942    0.02303167    0.09936693    -0.05106776    -0.1233466    0.08228877    0.01464415    0.1764044    -0.1053522    -0.08680329    0.1357013    -0.05882172    0.03828862    0.0340227    0.04692835    0.003555783    -0.09457234    0.08617625    -0.5895032    -0.006376612    1    -0.4237378    0.06827115    -0.03206706    -0.002291855    0.08712138    -0.1197903    -0.03953856    -0.03081466    0.0116763    -0.0009384385    0.03061244
-0.02627036    0.1095547    0.1431752    -0.06221434    -0.09665735    -0.01560174    0.01942614    0.06255886    -0.002677041    -0.03243195    0.01169829    0.08591229    0.05034909    -0.0396797    -0.05682052    -0.08245222    0.1262151    0.1566834    -0.02389684    -0.1335473    -0.04145693    0.00316198    -0.01839709    -0.009995167    0.05019027    -0.07295721    0.2392751    -0.4396046    -0.4237378    1    -0.03523438    0.05800906    0.03848337    -0.04156922    0.00269662    0.03029407    0.06615831    0.02437343    -0.02215882    -0.04801164
0.01295838    0.0268858    -0.02649808    -0.02478192    0.03305312    -0.005726172    -0.08422547    0.02240141    0.0405404    0.01276683    0.09144331    -0.07295513    -0.07749114    0.07003529    0.002615327    0.006530926    -0.08144681    -0.003309477    0.1005528    -0.0691689    0.5959399    0.03727942    -0.4368008    -0.1096388    0.08022032    0.04513517    -0.04304761    -0.00560497    0.06827115    -0.03523438    1    -0.07100112    -0.728322    -0.04729772    0.1596486    0.05030044    0.0005918744    -0.0525429    -0.01930441    -0.03462257
-0.05850945    0.04548053    0.0549    0.005719094    -0.05874306    -0.05943923    -0.02148169    0.01033089    -0.002027345    0.06091751    -0.1395352    0.02234999    -0.00311394    -0.1504289    0.1696826    -0.03947968    0.01689136    0.03555262    0.001196171    -0.01399772    0.008867918    0.5768487    0.05310049    -0.43125    0.03772683    0.0838474    -0.02637004    -0.04339688    -0.03206706    0.05800906    -0.07100112    1    0.0881019    -0.7726396    0.1730508    0.001013552    0.09809771    -0.01889444    -0.1123154    0.03407272
-0.01582909    -0.01269761    0.02127432    0.04061504    -0.01440025    0.03238843    -0.001140089    -0.05804785    0.002981894    0.02938047    -0.06685502    -0.0474914    -0.04002052    0.001679907    0.05225146    0.03750794    0.06378073    -0.03412421    -0.03533969    0.03570988    -0.4352198    0.003365721    0.5855373    0.1203527    -0.3454525    0.004981297    -0.0545643    -0.02578967    -0.002291855    0.03848337    -0.728322    0.0881019    1    0.04617607    -0.5515985    -0.01959183    -0.02646361    0.04686647    0.0205981    -0.001739401
0.09730831    -0.01923355    -0.02359991    -0.02626131    0.004651166    0.1181485    -0.02670523    -0.06108805    0.03780915    -0.0394169    0.1552404    -0.163158    -0.07562346    0.2007968    -0.07208402    0.03185616    0.01200096    -0.016646    -0.01682176    0.02110807    -0.1327181    -0.4236526    0.1218832    0.5588632    -0.2947401    -0.04607445    0.00307631    -0.02231426    0.08712138    -0.04156922    -0.04729772    -0.7726396    0.04617607    1    -0.5459898    -0.02572841    -0.09265618    0.03372716    0.1262716    -0.03149518
-0.05142728    -0.01348765    -0.0332647    -0.01754155    0.0413756    -0.09600679    0.1069603    0.08193496    -0.06965843    -0.03719238    -0.05712691    0.188544    0.1360881    -0.1302686    -0.05749886    -0.04585543    -0.01464213    0.02094423    -0.02159411    -0.01630614    0.1665932    0.06463427    -0.4151067    -0.3183744    0.6483583    -0.0560617    0.09466037    0.1034512    -0.1197903    0.00269662    0.1596486    0.1730508    -0.5515985    -0.5459898    1    -0.002836995    0.04874873    -0.02117814    -0.03632116    0.08784575
-0.03900693    0.02731022    -0.01514986    -0.02370409    0.007547382    -0.1351449    -0.2971513    0.08202919    0.4834642    -0.1597247    -0.06106963    0.03857028    0.01633288    -0.07212233    0.04512267    0.1072646    -0.02455228    -0.07629771    -0.008014986    0.01721803    0.1909245    0.06206935    -0.1453883    -0.124665    0.08516971    0.02000688    0.07592913    -0.06002595    -0.03953856    0.03029407    0.05030044    0.001013552    -0.01959183    -0.02572841    -0.002836995    1    0.02908078    -0.7833883    -0.1832564    0.1855046
0.010278    0.005732828    0.03284415    -0.04042511    -0.02871708    -0.3162261    0.01706269    0.3417959    0.04986708    -0.2154691    -0.04165248    0.01328375    -0.00587882    -0.02811238    0.04657365    -0.04512088    0.1082446    0.08181584    -0.09557749    -0.02113992    0.07031001    0.1372399    -0.05482711    -0.1117934    0.0399492    -0.0419823    -0.03729169    6.09206e-05    -0.03081466    0.06615831    0.0005918744    0.09809771    -0.02646361    -0.09265618    0.04874873    0.02908078    1    0.1197286    -0.7818992    0.104468
0.04526071    -0.03554778    -0.01835454    0.02851746    -0.004351915    0.07892803    0.3314899    0.025908    -0.310246    -0.009454677    0.01877955    -0.04970586    -0.01083107    0.03316674    -0.02245275    -0.07552583    0.04110864    0.13183    0.004808352    -0.100766    -0.1807621    -0.03301078    0.1896746    0.1250539    -0.142886    -0.0676909    -0.09945412    0.04150142    0.0116763    0.02437343    -0.0525429    -0.01889444    0.04686647    0.03372716    -0.02117814    -0.7833883    0.1197286    1    0.183956    -0.5796155
0.001371452    -0.0358857    -0.03479407    0.03624631    0.01826415    0.4071962    0.09174125    -0.2487614    -0.1127866    0.002635366    0.05273184    -0.03546888    -0.02651377    0.002412025    0.01074679    -0.008426058    -0.04767247    -0.02622744    0.1089362    -0.03088945    -0.1185183    -0.1247451    0.1210361    0.1789884    -0.1183964    -0.0451536    0.006121771    0.04689789    -0.0009384385    -0.02215882    -0.01930441    -0.1123154    0.0205981    0.1262716    -0.03632116    -0.1832564    -0.7818992    0.183956    1    -0.5016877
-0.02929836    0.03533958    0.05644895    -0.004519646    -0.03944485    -0.05170482    -0.1051905    -0.0629159    -0.07899863    -0.04497447    -0.00498728    0.03272484    0.01582178    0.03391574    -0.02995025    0.006258214    -0.0205369    -0.1019825    -0.04019657    0.2042202    0.077178    0.01291897    -0.1523482    -0.1091015    0.2348613    0.08806643    0.03954394    -0.02717956    0.03061244    -0.04801164    -0.03462257    0.03407272    -0.001739401    -0.03149518    0.08784575    0.1855046    0.104468    -0.5796155    -0.5016877    1
