1    -0.1946423    -0.4709472    0.235111    -0.02529814    0.06731654    -0.06647871    -0.02457491    0.08697665    -0.07981959    -0.003253133    -0.009992194    -0.0006106038    0.02774732    -0.00179487
-0.1946423    1    0.005353657    -0.6506694    0.2672641    -0.08480226    -0.03535208    0.02558643    -0.05207884    0.1131521    -0.051045    0.08802882    0.04717612    -0.04326889    -0.0269349
-0.4709472    0.005353657    1    0.06514224    -0.5083593    -0.01373322    -0.03771882    -0.1253563    -0.02811869    0.1803146    -0.02099735    0.09939648    0.06635002    -0.01830727    -0.08478977
0.235111    -0.6506694    0.06514224    1    -0.6078586    0.1406228    -0.08728251    -0.1565472    0.113644    0.02400587    0.03723318    -0.04572196    0.01875071    0.06778943    -0.05689477
-0.02529814    0.2672641    -0.5083593    -0.6078586    1    -0.1326501    0.1034138    0.2141373    -0.05871626    -0.1559781    0.001573076    -0.01440425    -0.06931756    -0.05824296    0.09940462
0.06731654    -0.08480226    -0.01373322    0.1406228    -0.1326501    1    -0.02954475    -0.6886428    -0.02435365    0.001571975    0.06443082    -0.07015391    -0.05780759    0.1339086    -0.02215292
-0.06647871    -0.03535208    -0.03771882    -0.08728251    0.1034138    -0.02954475    1    -0.230843    -0.6910545    0.2013255    -0.05546732    -0.002827555    0.02384357    -0.06292279    0.07814099
-0.02457491    0.02558643    -0.1253563    -0.1565472    0.2141373    -0.6886428    -0.230843    1    -0.006458427    -0.3909671    -0.02648205    0.01348771    -0.001865565    -0.1240855    0.09211669
0.08697665    -0.05207884    -0.02811869    0.113644    -0.05871626    -0.02435365    -0.6910545    -0.006458427    1    -0.3307153    0.05139153    -0.03882252    -0.07138099    0.06367587    -0.02674284
-0.07981959    0.1131521    0.1803146    0.02400587    -0.1559781    0.001571975    0.2013255    -0.3909671    -0.3307153    1    -0.02051223    0.04563923    0.1137046    0.03057345    -0.1325142
-0.003253133    -0.051045    -0.02099735    0.03723318    0.001573076    0.06443082    -0.05546732    -0.02648205    0.05139153    -0.02051223    1    -0.09296697    -0.5872855    0.1205512    -0.008874198
-0.009992194    0.08802882    0.09939648    -0.04572196    -0.01440425    -0.07015391    -0.002827555    0.01348771    -0.03882252    0.04563923    -0.09296697    1    -0.2674181    -0.5953015    0.2580198
-0.0006106038    0.04717612    0.06635002    0.01875071    -0.06931756    -0.05780759    0.02384357    -0.001865565    -0.07138099    0.1137046    -0.5872855    -0.2674181    1    -0.09069658    -0.3813491
0.02774732    -0.04326889    -0.01830727    0.06778943    -0.05824296    0.1339086    -0.06292279    -0.1240855    0.06367587    0.03057345    0.1205512    -0.5953015    -0.09069658    1    -0.4833
-0.00179487    -0.0269349    -0.08478977    -0.05689477    0.09940462    -0.02215292    0.07814099    0.09211669    -0.02674284    -0.1325142    -0.008874198    0.2580198    -0.3813491    -0.4833    1
