1    -0.06179415    -0.5939001    -0.1180336    0.02355674    0.03778674    -0.005553675    0.002071574    -0.01161905    -0.02875373    0.06777358    -0.03256545    -0.01853442    0.04042199    -0.02486809    0.05167966    -0.1152897    0.02066657    0.09069551    -0.05447833    -0.04035273    0.0431109    0.07112415    -0.02322071    -0.04646692    -0.03065267    -0.01769961    0.05009034    0.0559951    -0.06036414    -0.03900693    0.010278    0.04526071    0.001371452    -0.02929836
-0.06179415    1    -0.1008464    -0.6099681    0.04573424    -0.1096057    -0.0344562    0.07934024    0.01081083    0.01388016    -0.02951339    0.06014817    -0.02418068    -0.01952682    0.03791219    -0.09588906    0.06631092    0.06696303    -0.05048789    0.03211869    0.04956068    -0.05752618    -0.01767491    0.07328264    -0.0597043    0.0311435    0.02083692    -0.01284636    5.780415e-05    -0.009904912    0.02731022    0.005732828    -0.03554778    -0.0358857    0.03533958
-0.5939001    -0.1008464    1    -0.06423964    -0.3811407    -0.01944893    -0.05171702    0.01285704    0.02854312    0.01525333    -0.05889854    0.0487907    0.07776806    -0.07632229    -0.03763317    -0.03325535    0.1240084    -0.02484923    -0.04320801    -0.007768238    0.003278509    0.0249634    -0.01292407    -0.001454679    0.0291588    0.02020352    0.04184439    -0.005928774    -0.01366671    -0.04291455    -0.01514986    0.03284415    -0.01835454    -0.03479407    0.05644895
-0.1180336    -0.6099681    -0.06423964    1    -0.2719001    0.09477362    0.0265755    -0.1105379    -0.007460088    0.01657019    0.02962524    -0.01393313    0.02187897    -0.004943796    -0.04511865    0.05996405    0.01692201    -0.01928402    -0.02647303    -0.03397779    0.009487315    -0.008269734    -0.01730028    -0.01782193    0.05507071    -0.03616802    0.003565345    0.0312197    -0.02646607    0.004106452    -0.02370409    -0.04042511    0.02851746    0.03624631    -0.004519646
0.02355674    0.04573424    -0.3811407    -0.2719001    1    -0.02075961    0.03412797    0.03032551    0.01628158    -0.04739361    -0.02088288    -0.08405107    -0.03049155    0.05859478    0.08546537    0.05134978    -0.07520341    -0.03895309    -0.0006839066    0.001843406    -0.02001439    -0.02539951    -0.01385478    0.001364644    2.791224e-05    0.006714172    -0.0517316    -0.02779441    0.009652567    0.05573689    0.007547382    -0.02871708    -0.004351915    0.01826415    -0.03944485
0.03778674    -0.1096057    -0.01944893    0.09477362    -0.02075961    1    -0.07097652    -0.6286305    -0.03675972    0.02730792    0.05721269    -0.01971169    -0.01405888    0.02367157    -0.07552959    0.08365072    -0.04886774    -0.1069516    0.0434185    0.04013926    -0.0001778912    0.03485399    -0.04682846    -0.0205392    0.052222    -0.02351655    0.001943714    0.03962176    -0.01781733    -0.00508158    -0.0485784    -0.006247317    0.01380697    0.01945282    0.02531664
-0.005553675    -0.0344562    -0.05171702    0.0265755    0.03412797    -0.07097652    1    -0.0791724    -0.5835572    0.1192374    -0.02995946    0.07754124    0.0847209    -0.01716222    -0.09676056    -0.06511278    -0.09344863    0.007771292    -0.08134763    0.1219432    -0.0297375    0.0212651    0.02143002    -0.04773472    0.03189508    -0.0253196    0.01071204    0.02929325    0.002273138    0.01256173    0.006735273    0.04411676    0.01933043    0.004330459    -0.02977172
0.002071574    0.07934024    0.01285704    -0.1105379    0.03032551    -0.6286305    -0.0791724    1    -0.02143606    -0.3763256    -0.01469662    0.07508295    0.0002746751    -0.05262339    -0.02537025    -0.05471646    -0.02962098    -0.02505531    -0.0175405    0.09546896    0.02424674    -0.04180286    -0.03202843    0.006847346    -0.000289067    -0.01011528    -0.01597662    -0.01409992    0.02224878    0.04379456    0.006903994    -0.0137359    -0.003053504    -0.0004015848    0.03564189
-0.01161905    0.01081083    0.02854312    -0.007460088    0.01628158    -0.03675972    -0.5835572    -0.02143606    1    -0.4130093    0.0335131    -0.01055882    -0.04646247    0.03196545    0.03326258    0.08075094    -0.04796046    -0.09830862    0.1245576    -0.03026232    -0.007913027    0.008569663    0.001776515    0.02708178    -0.02673067    -0.006369614    0.03888508    0.00355608    -0.02228509    0.01779354    -0.000374508    -0.05539037    0.001364103    0.02382451    1.169548e-05
-0.02875373    0.01388016    0.01525333    0.01657019    -0.04739361    0.02730792    0.1192374    -0.3763256    -0.4130093    1    -0.05256895    -0.03572677    0.05832325    -0.0303684    0.05058365    -0.0309983    0.1104633    0.129679    -0.07459769    -0.09227742    -0.005038099    0.01763022    0.05757757    -0.01868662    -0.007047298    0.01189261    -0.02968678    0.001482686    0.0272841    -0.07405105    0.006364587    0.08855132    -0.001914479    -0.05545927    -0.02451019
0.06777358    -0.02951339    -0.05889854    0.02962524    -0.02088288    0.05721269    -0.02995946    -0.01469662    0.0335131    -0.05256895    1    -0.02954475    -0.6886428    -0.02435365    0.001571975    0.06443082    -0.07015391    -0.05780759    0.1339086    -0.02215292    0.01563207    0.03944733    -0.04878728    0.01403903    0.008049107    -0.09162924    0.03798744    0.1165212    -0.007314125    -0.06510241    -0.1351449    -0.3162261    0.07892803    0.4071962    -0.05170482
-0.03256545    0.06014817    0.0487907    -0.01393313    -0.08405107    -0.01971169    0.07754124    0.07508295    -0.01055882    -0.03572677    -0.02954475    1    -0.230843    -0.6910545    0.2013255    -0.05546732    -0.002827555    0.02384357    -0.06292279    0.07814099    -0.05954499    0.03417341    0.0154458    -0.03931256    0.03904448    -0.04920301    -0.05762246    0.02099966    0.04462724    0.03819855    -0.2971513    0.01706269    0.3314899    0.09174125    -0.1051905
-0.01853442    -0.02418068    0.07776806    0.02187897    -0.03049155    -0.01405888    0.0847209    0.0002746751    -0.04646247    0.05832325    -0.6886428    -0.230843    1    -0.006458427    -0.3909671    -0.02648205    0.01348771    -0.001865565    -0.1240855    0.09211669    -0.03895372    0.00825929    0.0700736    -0.02627683    -0.0203351    0.09372042    -0.006732673    -0.09861772    0.0295    0.01024666    0.08202919    0.3417959    0.025908    -0.2487614    -0.0629159
0.04042199    -0.01952682    -0.07632229    -0.004943796    0.05859478    0.02367157    -0.01716222    -0.05262339    0.03196545    -0.0303684    -0.02435365    -0.6910545    -0.006458427    1    -0.3307153    0.05139153    -0.03882252    -0.07138099    0.06367587    -0.02674284    0.07530365    -0.03014948    -0.01112012    0.05435111    -0.06637589    0.01519089    0.08854756    0.03698186    -0.04423118    -0.05474142    0.4834642    0.04986708    -0.310246    -0.1127866    -0.07899863
-0.02486809    0.03791219    -0.03763317    -0.04511865    0.08546537    -0.07552959    -0.09676056    -0.02537025    0.03326258    0.05058365    0.001571975    0.2013255    -0.3909671    -0.3307153    1    -0.02051223    0.04563923    0.1137046    0.03057345    -0.1325142    -0.01274756    -0.03079329    0.005564181    -0.01992162    0.03004776    -0.01244836    -0.04533453    -0.0184135    -0.01921662    0.05064297    -0.1597247    -0.2154691    -0.009454677    0.002635366    -0.04497447
0.05167966    -0.09588906    -0.03325535    0.05996405    0.05134978    0.08365072    -0.06511278    -0.05471646    0.08075094    -0.0309983    0.06443082    -0.05546732    -0.02648205    0.05139153    -0.02051223    1    -0.09296697    -0.5872855    0.1205512    -0.008874198    -0.0230327    0.04382166    0.007039563    -0.01722156    0.02898905    0.04926505    -0.1176351    -0.03088224    0.1632472    -0.09398396    -0.06106963    -0.04165248    0.01877955    0.05273184    -0.00498728
-0.1152897    0.06631092    0.1240084    0.01692201    -0.07520341    -0.04886774    -0.09344863    -0.02962098    -0.04796046    0.1104633    -0.07015391    -0.002827555    0.01348771    -0.03882252    0.04563923    -0.09296697    1    -0.2674181    -0.5953015    0.2580198    0.0002750232    -0.0293273    0.006297461    0.03043274    -0.03518806    -0.05184876    0.07176172    -0.03781501    -0.1925416    0.1628168    0.03857028    0.01328375    -0.04970586    -0.03546888    0.03272484
0.02066657    0.06696303    -0.02484923    -0.01928402    -0.03895309    -0.1069516    0.007771292    -0.02505531    -0.09830862    0.129679    -0.05780759    0.02384357    -0.001865565    -0.07138099    0.1137046    -0.5872855    -0.2674181    1    -0.09069658    -0.3813491    0.003161911    -0.009085525    0.06250807    0.01240716    -0.0775968    -0.0417618    -0.05885779    -0.1049232    -0.07321295    0.1991867    0.01633288    -0.00587882    -0.01083107    -0.02651377    0.01582178
0.09069551    -0.05048789    -0.04320801    -0.02647303    -0.0006839066    0.0434185    -0.08134763    -0.0175405    0.1245576    -0.07459769    0.1339086    -0.06292279    -0.1240855    0.06367587    0.03057345    0.1205512    -0.5953015    -0.09069658    1    -0.4833    0.0254669    0.08001129    0.01650687    -0.05122752    0.00526952    0.05928642    -0.1474505    -0.009321575    0.195102    -0.1106225    -0.07212233    -0.02811238    0.03316674    0.002412025    0.03391574
-0.05447833    0.03211869    -0.007768238    -0.03397779    0.001843406    0.04013926    0.1219432    0.09546896    -0.03026232    -0.09227742    -0.02215292    0.07814099    0.09211669    -0.02674284    -0.1325142    -0.008874198    0.2580198    -0.3813491    -0.4833    1    -0.01701656    -0.05960014    -0.06681116    0.02994303    0.03462136    -0.007809671    0.1851792    0.1013714    -0.04979448    -0.1077125    0.04512267    0.04657365    -0.02245275    0.01074679    -0.02995025
-0.04035273    0.04956068    0.003278509    0.009487315    -0.02001439    -0.0001778912    -0.0297375    0.02424674    -0.007913027    -0.005038099    0.01563207    -0.05954499    -0.03895372    0.07530365    -0.01274756    -0.0230327    0.0002750232    0.003161911    0.0254669    -0.01701656    1    -0.2296069    -0.743259    0.1712309    0.09838464    -0.09466229    -0.0715232    0.1254426    0.1020719    -0.09814372    0.1072646    -0.04512088    -0.07552583    -0.008426058    0.006258214
0.0431109    -0.05752618    0.0249634    -0.008269734    -0.02539951    0.03485399    0.0212651    -0.04180286    0.008569663    0.01763022    0.03944733    0.03417341    0.00825929    -0.03014948    -0.03079329    0.04382166    -0.0293273    -0.009085525    0.08001129    -0.05960014    -0.2296069    1    0.1247282    -0.7481843    0.2853823    -0.1264362    0.005904659    0.1259589    0.04967899    -0.06030593    -0.02455228    0.1082446    0.04110864    -0.04767247    -0.0205369
0.07112415    -0.01767491    -0.01292407    -0.01730028    -0.01385478    -0.04682846    0.02143002    -0.03202843    0.001776515    0.05757757    -0.04878728    0.0154458    0.0700736    -0.01112012    0.005564181    0.007039563    0.006297461    0.06250807    0.01650687    -0.06681116    -0.743259    0.1247282    1    -0.1546872    -0.4145793    0.07838862    0.07185313    -0.08737956    -0.05895017    0.04098928    -0.07629771    0.08181584    0.13183    -0.02622744    -0.1019825
-0.02322071    0.07328264    -0.001454679    -0.01782193    0.001364644    -0.0205392    -0.04773472    0.006847346    0.02708178    -0.01868662    0.01403903    -0.03931256    -0.02627683    0.05435111    -0.01992162    -0.01722156    0.03043274    0.01240716    -0.05122752    0.02994303    0.1712309    -0.7481843    -0.1546872    1    -0.613247    0.1565662    0.04850491    -0.0843628    -0.09004409    0.01908044    -0.008014986    -0.09557749    0.004808352    0.1089362    -0.04019657
-0.04646692    -0.0597043    0.0291588    0.05507071    2.791224e-05    0.052222    0.03189508    -0.000289067    -0.02673067    -0.007047298    0.008049107    0.03904448    -0.0203351    -0.06637589    0.03004776    0.02898905    -0.03518806    -0.0775968    0.00526952    0.03462136    0.09838464    0.2853823    -0.4145793    -0.613247    1    -0.1061007    -0.07601201    0.05149282    0.0668769    -0.05802803    0.01721803    -0.02113992    -0.100766    -0.03088945    0.2042202
-0.03065267    0.0311435    0.02020352    -0.03616802    0.006714172    -0.02351655    -0.0253196    -0.01011528    -0.006369614    0.01189261    -0.09162924    -0.04920301    0.09372042    0.01519089    -0.01244836    0.04926505    -0.05184876    -0.0417618    0.05928642    -0.007809671    -0.09466229    -0.1264362    0.07838862    0.1565662    -0.1061007    1    0.05016715    -0.7652618    -0.2164396    0.2527462    0.1909245    0.07031001    -0.1807621    -0.1185183    0.077178
-0.01769961    0.02083692    0.04184439    0.003565345    -0.0517316    0.001943714    0.01071204    -0.01597662    0.03888508    -0.02968678    0.03798744    -0.05762246    -0.006732673    0.08854756    -0.04533453    -0.1176351    0.07176172    -0.05885779    -0.1474505    0.1851792    -0.0715232    0.005904659    0.07185313    0.04850491    -0.07601201    0.05016715    1    0.07725506    -0.7808682    0.1179414    0.06206935    0.1372399    -0.03301078    -0.1247451    0.01291897
0.05009034    -0.01284636    -0.005928774    0.0312197    -0.02779441    0.03962176    0.02929325    -0.01409992    0.00355608    0.001482686    0.1165212    0.02099966    -0.09861772    0.03698186    -0.0184135    -0.03088224    -0.03781501    -0.1049232    -0.009321575    0.1013714    0.1254426    0.1259589    -0.08737956    -0.0843628    0.05149282    -0.7652618    0.07725506    1    0.210168    -0.6410685    -0.1453883    -0.05482711    0.1896746    0.1210361    -0.1523482
0.0559951    5.780415e-05    -0.01366671    -0.02646607    0.009652567    -0.01781733    0.002273138    0.02224878    -0.02228509    0.0272841    -0.007314125    0.04462724    0.0295    -0.04423118    -0.01921662    0.1632472    -0.1925416    -0.07321295    0.195102    -0.04979448    0.1020719    0.04967899    -0.05895017    -0.09004409    0.0668769    -0.2164396    -0.7808682    0.210168    1    -0.5415401    -0.124665    -0.1117934    0.1250539    0.1789884    -0.1091015
-0.06036414    -0.009904912    -0.04291455    0.004106452    0.05573689    -0.00508158    0.01256173    0.04379456    0.01779354    -0.07405105    -0.06510241    0.03819855    0.01024666    -0.05474142    0.05064297    -0.09398396    0.1628168    0.1991867    -0.1106225    -0.1077125    -0.09814372    -0.06030593    0.04098928    0.01908044    -0.05802803    0.2527462    0.1179414    -0.6410685    -0.5415401    1    0.08516971    0.0399492    -0.142886    -0.1183964    0.2348613
-0.03900693    0.02731022    -0.01514986    -0.02370409    0.007547382    -0.0485784    0.006735273    0.006903994    -0.000374508    0.006364587    -0.1351449    -0.2971513    0.08202919    0.4834642    -0.1597247    -0.06106963    0.03857028    0.01633288    -0.07212233    0.04512267    0.1072646    -0.02455228    -0.07629771    -0.008014986    0.01721803    0.1909245    0.06206935    -0.1453883    -0.124665    0.08516971    1    0.02908078    -0.7833883    -0.1832564    0.1855046
0.010278    0.005732828    0.03284415    -0.04042511    -0.02871708    -0.006247317    0.04411676    -0.0137359    -0.05539037    0.08855132    -0.3162261    0.01706269    0.3417959    0.04986708    -0.2154691    -0.04165248    0.01328375    -0.00587882    -0.02811238    0.04657365    -0.04512088    0.1082446    0.08181584    -0.09557749    -0.02113992    0.07031001    0.1372399    -0.05482711    -0.1117934    0.0399492    0.02908078    1    0.1197286    -0.7818992    0.104468
0.04526071    -0.03554778    -0.01835454    0.02851746    -0.004351915    0.01380697    0.01933043    -0.003053504    0.001364103    -0.001914479    0.07892803    0.3314899    0.025908    -0.310246    -0.009454677    0.01877955    -0.04970586    -0.01083107    0.03316674    -0.02245275    -0.07552583    0.04110864    0.13183    0.004808352    -0.100766    -0.1807621    -0.03301078    0.1896746    0.1250539    -0.142886    -0.7833883    0.1197286    1    0.183956    -0.5796155
0.001371452    -0.0358857    -0.03479407    0.03624631    0.01826415    0.01945282    0.004330459    -0.0004015848    0.02382451    -0.05545927    0.4071962    0.09174125    -0.2487614    -0.1127866    0.002635366    0.05273184    -0.03546888    -0.02651377    0.002412025    0.01074679    -0.008426058    -0.04767247    -0.02622744    0.1089362    -0.03088945    -0.1185183    -0.1247451    0.1210361    0.1789884    -0.1183964    -0.1832564    -0.7818992    0.183956    1    -0.5016877
-0.02929836    0.03533958    0.05644895    -0.004519646    -0.03944485    0.02531664    -0.02977172    0.03564189    1.169548e-05    -0.02451019    -0.05170482    -0.1051905    -0.0629159    -0.07899863    -0.04497447    -0.00498728    0.03272484    0.01582178    0.03391574    -0.02995025    0.006258214    -0.0205369    -0.1019825    -0.04019657    0.2042202    0.077178    0.01291897    -0.1523482    -0.1091015    0.2348613    0.1855046    0.104468    -0.5796155    -0.5016877    1
