1    -0.02954475    -0.6886428    -0.02435365    0.001571975    0.06443082    -0.07015391    -0.05780759    0.1339086    -0.02215292    0.1096161    -0.03679114    -0.09023539    0.1049995    -0.01560174    -0.1351449    -0.3162261    0.07892803    0.4071962    -0.05170482
-0.02954475    1    -0.230843    -0.6910545    0.2013255    -0.05546732    -0.002827555    0.02384357    -0.06292279    0.07814099    -0.08031891    -0.03798509    0.05166643    -0.03317085    0.01942614    -0.2971513    0.01706269    0.3314899    0.09174125    -0.1051905
-0.6886428    -0.230843    1    -0.006458427    -0.3909671    -0.02648205    0.01348771    -0.001865565    -0.1240855    0.09211669    -0.1165714    -0.004719445    0.06854383    -0.08891676    0.06255886    0.08202919    0.3417959    0.025908    -0.2487614    -0.0629159
-0.02435365    -0.6910545    -0.006458427    1    -0.3307153    0.05139153    -0.03882252    -0.07138099    0.06367587    -0.02674284    0.1007805    0.02156738    -0.103534    0.03191942    -0.002677041    0.4834642    0.04986708    -0.310246    -0.1127866    -0.07899863
0.001571975    0.2013255    -0.3909671    -0.3307153    1    -0.02051223    0.04563923    0.1137046    0.03057345    -0.1325142    0.0213995    0.03685069    0.01935239    0.02303167    -0.03243195    -0.1597247    -0.2154691    -0.009454677    0.002635366    -0.04497447
0.06443082    -0.05546732    -0.02648205    0.05139153    -0.02051223    1    -0.09296697    -0.5872855    0.1205512    -0.008874198    0.1030662    -0.07605895    -0.06870183    0.09936693    0.01169829    -0.06106963    -0.04165248    0.01877955    0.05273184    -0.00498728
-0.07015391    -0.002827555    0.01348771    -0.03882252    0.04563923    -0.09296697    1    -0.2674181    -0.5953015    0.2580198    -0.0996536    0.01994633    0.004172335    -0.05106776    0.08591229    0.03857028    0.01328375    -0.04970586    -0.03546888    0.03272484
-0.05780759    0.02384357    -0.001865565    -0.07138099    0.1137046    -0.5872855    -0.2674181    1    -0.09069658    -0.3813491    -0.06550003    0.01167621    -0.00244369    -0.1233466    0.05034909    0.01633288    -0.00587882    -0.01083107    -0.02651377    0.01582178
0.1339086    -0.06292279    -0.1240855    0.06367587    0.03057345    0.1205512    -0.5953015    -0.09069658    1    -0.4833    0.08055422    -0.09252682    -0.04217377    0.08228877    -0.0396797    -0.07212233    -0.02811238    0.03316674    0.002412025    0.03391574
-0.02215292    0.07814099    0.09211669    -0.02674284    -0.1325142    -0.008874198    0.2580198    -0.3813491    -0.4833    1    -0.04017966    0.08678713    0.08857573    0.01464415    -0.05682052    0.04512267    0.04657365    -0.02245275    0.01074679    -0.02995025
0.1096161    -0.08031891    -0.1165714    0.1007805    0.0213995    0.1030662    -0.0996536    -0.06550003    0.08055422    -0.04017966    1    -0.006012193    -0.5898456    0.08617625    -0.07295721    0.02000688    -0.0419823    -0.0676909    -0.0451536    0.08806643
-0.03679114    -0.03798509    -0.004719445    0.02156738    0.03685069    -0.07605895    0.01994633    0.01167621    -0.09252682    0.08678713    -0.006012193    1    -0.2592951    -0.5895032    0.2392751    0.07592913    -0.03729169    -0.09945412    0.006121771    0.03954394
-0.09023539    0.05166643    0.06854383    -0.103534    0.01935239    -0.06870183    0.004172335    -0.00244369    -0.04217377    0.08857573    -0.5898456    -0.2592951    1    -0.006376612    -0.4396046    -0.06002595    6.09206e-05    0.04150142    0.04689789    -0.02717956
0.1049995    -0.03317085    -0.08891676    0.03191942    0.02303167    0.09936693    -0.05106776    -0.1233466    0.08228877    0.01464415    0.08617625    -0.5895032    -0.006376612    1    -0.4237378    -0.03953856    -0.03081466    0.0116763    -0.0009384385    0.03061244
-0.01560174    0.01942614    0.06255886    -0.002677041    -0.03243195    0.01169829    0.08591229    0.05034909    -0.0396797    -0.05682052    -0.07295721    0.2392751    -0.4396046    -0.4237378    1    0.03029407    0.06615831    0.02437343    -0.02215882    -0.04801164
-0.1351449    -0.2971513    0.08202919    0.4834642    -0.1597247    -0.06106963    0.03857028    0.01633288    -0.07212233    0.04512267    0.02000688    0.07592913    -0.06002595    -0.03953856    0.03029407    1    0.02908078    -0.7833883    -0.1832564    0.1855046
-0.3162261    0.01706269    0.3417959    0.04986708    -0.2154691    -0.04165248    0.01328375    -0.00587882    -0.02811238    0.04657365    -0.0419823    -0.03729169    6.09206e-05    -0.03081466    0.06615831    0.02908078    1    0.1197286    -0.7818992    0.104468
0.07892803    0.3314899    0.025908    -0.310246    -0.009454677    0.01877955    -0.04970586    -0.01083107    0.03316674    -0.02245275    -0.0676909    -0.09945412    0.04150142    0.0116763    0.02437343    -0.7833883    0.1197286    1    0.183956    -0.5796155
0.4071962    0.09174125    -0.2487614    -0.1127866    0.002635366    0.05273184    -0.03546888    -0.02651377    0.002412025    0.01074679    -0.0451536    0.006121771    0.04689789    -0.0009384385    -0.02215882    -0.1832564    -0.7818992    0.183956    1    -0.5016877
-0.05170482    -0.1051905    -0.0629159    -0.07899863    -0.04497447    -0.00498728    0.03272484    0.01582178    0.03391574    -0.02995025    0.08806643    0.03954394    -0.02717956    0.03061244    -0.04801164    0.1855046    0.104468    -0.5796155    -0.5016877    1
