1    0.009148284    -0.5227716    -0.02662411    -0.09164891    0.02034355    -0.09586615    -0.05725513    -0.0001474403    0.1087332    0.07606735    0.05775162    0.07622361    0.09475273    -0.2334871    -0.01628689    0.01370384    -0.01937211    -0.009862767    0.005914027
0.009148284    1    -0.6390093    -0.4031495    0.1813855    0.03727827    0.01729067    0.03099974    0.03153167    -0.08674941    0.05433498    -0.1205679    -0.08634408    0.08182868    0.06181782    0.05351074    -0.009591859    -0.02798242    0.02032603    -0.02388509
-0.5227716    -0.6390093    1    -0.06712646    -0.3321347    -0.0348708    0.05084712    0.01880581    -0.005262894    -0.03888836    -0.02587836    -0.08292315    -0.05816828    -0.04026337    0.1293349    -0.04015951    -0.02308402    0.01742671    0.01081596    0.03092504
-0.02662411    -0.4031495    -0.06712646    1    -0.130076    -0.009991644    -0.06300713    -0.06579267    -0.02954723    0.151162    0.03352394    0.1109262    0.04259428    0.0134009    -0.1259633    -0.06758    -0.0328287    0.02140417    -0.02079085    0.03788224
-0.09164891    0.1813855    -0.3321347    -0.130076    1    -0.0437171    0.05538218    0.07017089    -0.04162291    -0.03214117    -0.1402156    0.1246299    0.149821    -0.1416016    0.01889611    0.02998861    0.0727058    0.03456228    -0.02273753    -0.06387105
0.02034355    0.03727827    -0.0348708    -0.009991644    -0.0437171    1    -0.02954475    -0.6886428    -0.02435365    0.001571975    0.06443082    -0.07015391    -0.05780759    0.1339086    -0.02215292    -0.1351449    -0.3162261    0.07892803    0.4071962    -0.05170482
-0.09586615    0.01729067    0.05084712    -0.06300713    0.05538218    -0.02954475    1    -0.230843    -0.6910545    0.2013255    -0.05546732    -0.002827555    0.02384357    -0.06292279    0.07814099    -0.2971513    0.01706269    0.3314899    0.09174125    -0.1051905
-0.05725513    0.03099974    0.01880581    -0.06579267    0.07017089    -0.6886428    -0.230843    1    -0.006458427    -0.3909671    -0.02648205    0.01348771    -0.001865565    -0.1240855    0.09211669    0.08202919    0.3417959    0.025908    -0.2487614    -0.0629159
-0.0001474403    0.03153167    -0.005262894    -0.02954723    -0.04162291    -0.02435365    -0.6910545    -0.006458427    1    -0.3307153    0.05139153    -0.03882252    -0.07138099    0.06367587    -0.02674284    0.4834642    0.04986708    -0.310246    -0.1127866    -0.07899863
0.1087332    -0.08674941    -0.03888836    0.151162    -0.03214117    0.001571975    0.2013255    -0.3909671    -0.3307153    1    -0.02051223    0.04563923    0.1137046    0.03057345    -0.1325142    -0.1597247    -0.2154691    -0.009454677    0.002635366    -0.04497447
0.07606735    0.05433498    -0.02587836    0.03352394    -0.1402156    0.06443082    -0.05546732    -0.02648205    0.05139153    -0.02051223    1    -0.09296697    -0.5872855    0.1205512    -0.008874198    -0.06106963    -0.04165248    0.01877955    0.05273184    -0.00498728
0.05775162    -0.1205679    -0.08292315    0.1109262    0.1246299    -0.07015391    -0.002827555    0.01348771    -0.03882252    0.04563923    -0.09296697    1    -0.2674181    -0.5953015    0.2580198    0.03857028    0.01328375    -0.04970586    -0.03546888    0.03272484
0.07622361    -0.08634408    -0.05816828    0.04259428    0.149821    -0.05780759    0.02384357    -0.001865565    -0.07138099    0.1137046    -0.5872855    -0.2674181    1    -0.09069658    -0.3813491    0.01633288    -0.00587882    -0.01083107    -0.02651377    0.01582178
0.09475273    0.08182868    -0.04026337    0.0134009    -0.1416016    0.1339086    -0.06292279    -0.1240855    0.06367587    0.03057345    0.1205512    -0.5953015    -0.09069658    1    -0.4833    -0.07212233    -0.02811238    0.03316674    0.002412025    0.03391574
-0.2334871    0.06181782    0.1293349    -0.1259633    0.01889611    -0.02215292    0.07814099    0.09211669    -0.02674284    -0.1325142    -0.008874198    0.2580198    -0.3813491    -0.4833    1    0.04512267    0.04657365    -0.02245275    0.01074679    -0.02995025
-0.01628689    0.05351074    -0.04015951    -0.06758    0.02998861    -0.1351449    -0.2971513    0.08202919    0.4834642    -0.1597247    -0.06106963    0.03857028    0.01633288    -0.07212233    0.04512267    1    0.02908078    -0.7833883    -0.1832564    0.1855046
0.01370384    -0.009591859    -0.02308402    -0.0328287    0.0727058    -0.3162261    0.01706269    0.3417959    0.04986708    -0.2154691    -0.04165248    0.01328375    -0.00587882    -0.02811238    0.04657365    0.02908078    1    0.1197286    -0.7818992    0.104468
-0.01937211    -0.02798242    0.01742671    0.02140417    0.03456228    0.07892803    0.3314899    0.025908    -0.310246    -0.009454677    0.01877955    -0.04970586    -0.01083107    0.03316674    -0.02245275    -0.7833883    0.1197286    1    0.183956    -0.5796155
-0.009862767    0.02032603    0.01081596    -0.02079085    -0.02273753    0.4071962    0.09174125    -0.2487614    -0.1127866    0.002635366    0.05273184    -0.03546888    -0.02651377    0.002412025    0.01074679    -0.1832564    -0.7818992    0.183956    1    -0.5016877
0.005914027    -0.02388509    0.03092504    0.03788224    -0.06387105    -0.05170482    -0.1051905    -0.0629159    -0.07899863    -0.04497447    -0.00498728    0.03272484    0.01582178    0.03391574    -0.02995025    0.1855046    0.104468    -0.5796155    -0.5016877    1
