1    -0.1750601    -0.4248295    0.2174913    0.002515153    0.06621934    -0.1088972    -0.07793142    0.09708115    0.06477236    0.007737359    -0.0496647    0.03343609    0.1082092    -0.09720418    -0.02542404    -0.002299594    0.01771625    -0.02638844    -0.00622173
-0.1750601    1    -0.01491714    -0.6222392    0.2333305    -0.08912375    -0.07692517    0.02483626    0.006941856    0.1031524    -0.04952563    0.07152838    0.0610728    -0.02311315    -0.08404258    0.04203092    0.03758479    -0.03875989    -0.02834886    -0.03010782
-0.4248295    -0.01491714    1    0.05952327    -0.5232977    -0.008892919    -0.07442783    -0.04799066    -0.01705087    0.08121752    -0.01840606    0.05351053    0.06291157    -0.03478856    -0.01951604    0.0416767    0.05138633    -0.02934191    -0.03437963    0.006728031
0.2174913    -0.6222392    0.05952327    1    -0.5990358    0.141704    -0.05806259    -0.1313163    0.05721546    0.0411066    -0.00589075    0.02116704    0.02304788    -0.01029791    0.003824369    0.01446909    -0.04394224    0.01020753    0.02735856    -0.03873351
0.002515153    0.2333305    -0.5232977    -0.5990358    1    -0.09934181    0.1484838    0.1417193    -0.04974588    -0.1247196    0.03597718    -0.07128305    -0.07965728    0.02026767    0.06539621    -0.01550895    -0.001217096    -0.002270141    0.003223078    0.002678607
0.06621934    -0.08912375    -0.008892919    0.141704    -0.09934181    1    -0.02954475    -0.6886428    -0.02435365    0.001571975    0.06443082    -0.07015391    -0.05780759    0.1339086    -0.02215292    -0.1351449    -0.3162261    0.07892803    0.4071962    -0.05170482
-0.1088972    -0.07692517    -0.07442783    -0.05806259    0.1484838    -0.02954475    1    -0.230843    -0.6910545    0.2013255    -0.05546732    -0.002827555    0.02384357    -0.06292279    0.07814099    -0.2971513    0.01706269    0.3314899    0.09174125    -0.1051905
-0.07793142    0.02483626    -0.04799066    -0.1313163    0.1417193    -0.6886428    -0.230843    1    -0.006458427    -0.3909671    -0.02648205    0.01348771    -0.001865565    -0.1240855    0.09211669    0.08202919    0.3417959    0.025908    -0.2487614    -0.0629159
0.09708115    0.006941856    -0.01705087    0.05721546    -0.04974588    -0.02435365    -0.6910545    -0.006458427    1    -0.3307153    0.05139153    -0.03882252    -0.07138099    0.06367587    -0.02674284    0.4834642    0.04986708    -0.310246    -0.1127866    -0.07899863
0.06477236    0.1031524    0.08121752    0.0411066    -0.1247196    0.001571975    0.2013255    -0.3909671    -0.3307153    1    -0.02051223    0.04563923    0.1137046    0.03057345    -0.1325142    -0.1597247    -0.2154691    -0.009454677    0.002635366    -0.04497447
0.007737359    -0.04952563    -0.01840606    -0.00589075    0.03597718    0.06443082    -0.05546732    -0.02648205    0.05139153    -0.02051223    1    -0.09296697    -0.5872855    0.1205512    -0.008874198    -0.06106963    -0.04165248    0.01877955    0.05273184    -0.00498728
-0.0496647    0.07152838    0.05351053    0.02116704    -0.07128305    -0.07015391    -0.002827555    0.01348771    -0.03882252    0.04563923    -0.09296697    1    -0.2674181    -0.5953015    0.2580198    0.03857028    0.01328375    -0.04970586    -0.03546888    0.03272484
0.03343609    0.0610728    0.06291157    0.02304788    -0.07965728    -0.05780759    0.02384357    -0.001865565    -0.07138099    0.1137046    -0.5872855    -0.2674181    1    -0.09069658    -0.3813491    0.01633288    -0.00587882    -0.01083107    -0.02651377    0.01582178
0.1082092    -0.02311315    -0.03478856    -0.01029791    0.02026767    0.1339086    -0.06292279    -0.1240855    0.06367587    0.03057345    0.1205512    -0.5953015    -0.09069658    1    -0.4833    -0.07212233    -0.02811238    0.03316674    0.002412025    0.03391574
-0.09720418    -0.08404258    -0.01951604    0.003824369    0.06539621    -0.02215292    0.07814099    0.09211669    -0.02674284    -0.1325142    -0.008874198    0.2580198    -0.3813491    -0.4833    1    0.04512267    0.04657365    -0.02245275    0.01074679    -0.02995025
-0.02542404    0.04203092    0.0416767    0.01446909    -0.01550895    -0.1351449    -0.2971513    0.08202919    0.4834642    -0.1597247    -0.06106963    0.03857028    0.01633288    -0.07212233    0.04512267    1    0.02908078    -0.7833883    -0.1832564    0.1855046
-0.002299594    0.03758479    0.05138633    -0.04394224    -0.001217096    -0.3162261    0.01706269    0.3417959    0.04986708    -0.2154691    -0.04165248    0.01328375    -0.00587882    -0.02811238    0.04657365    0.02908078    1    0.1197286    -0.7818992    0.104468
0.01771625    -0.03875989    -0.02934191    0.01020753    -0.002270141    0.07892803    0.3314899    0.025908    -0.310246    -0.009454677    0.01877955    -0.04970586    -0.01083107    0.03316674    -0.02245275    -0.7833883    0.1197286    1    0.183956    -0.5796155
-0.02638844    -0.02834886    -0.03437963    0.02735856    0.003223078    0.4071962    0.09174125    -0.2487614    -0.1127866    0.002635366    0.05273184    -0.03546888    -0.02651377    0.002412025    0.01074679    -0.1832564    -0.7818992    0.183956    1    -0.5016877
-0.00622173    -0.03010782    0.006728031    -0.03873351    0.002678607    -0.05170482    -0.1051905    -0.0629159    -0.07899863    -0.04497447    -0.00498728    0.03272484    0.01582178    0.03391574    -0.02995025    0.1855046    0.104468    -0.5796155    -0.5016877    1
