1    -0.05330177    -0.7076816    -0.05428078    -0.0042453    0.05842447    -0.05524    -0.03652682    0.0825026    -0.02101955    0.09440415    -0.1294106    -0.07099762    0.1520771    -0.06209975    -0.005666139    -0.01774859    0.01315532    0.02884757    -0.04730446
-0.05330177    1    -0.07540401    -0.5736487    0.1523894    -0.1006011    0.1137481    0.1340073    -0.09334001    -0.05134254    -0.1071896    -0.02518382    0.01446428    -0.1225303    0.1791303    0.04139219    -0.04327657    -0.03143258    0.04234993    -0.01309686
-0.7076816    -0.07540401    1    0.02279707    -0.3127617    -0.07846488    0.06362443    0.07276736    -0.01025244    -0.06725318    -0.0540998    0.008856851    -0.02043141    -0.09480753    0.12104    0.03609905    0.009909291    -0.0248052    -0.003523344    0.01295835
-0.05428078    -0.5736487    0.02279707    1    -0.3869901    0.09075988    -0.05576379    -0.04223015    0.05362087    -0.01557287    0.1925161    -0.1147462    -0.1067729    0.1238888    -0.06865889    -0.05993648    0.05426034    0.06825409    -0.02062113    -0.01836998
-0.0042453    0.1523894    -0.3127617    -0.3869901    1    -0.03219403    -0.0283994    0.02402139    -0.07454313    0.0776143    -0.07844199    0.1801148    0.1072767    -0.07988907    -0.08571779    0.04054367    0.03096259    -0.04592972    -0.03042193    0.01039025
0.05842447    -0.1006011    -0.07846488    0.09075988    -0.03219403    1    -0.02954475    -0.6886428    -0.02435365    0.001571975    0.06443082    -0.07015391    -0.05780759    0.1339086    -0.02215292    -0.1351449    -0.3162261    0.07892803    0.4071962    -0.05170482
-0.05524    0.1137481    0.06362443    -0.05576379    -0.0283994    -0.02954475    1    -0.230843    -0.6910545    0.2013255    -0.05546732    -0.002827555    0.02384357    -0.06292279    0.07814099    -0.2971513    0.01706269    0.3314899    0.09174125    -0.1051905
-0.03652682    0.1340073    0.07276736    -0.04223015    0.02402139    -0.6886428    -0.230843    1    -0.006458427    -0.3909671    -0.02648205    0.01348771    -0.001865565    -0.1240855    0.09211669    0.08202919    0.3417959    0.025908    -0.2487614    -0.0629159
0.0825026    -0.09334001    -0.01025244    0.05362087    -0.07454313    -0.02435365    -0.6910545    -0.006458427    1    -0.3307153    0.05139153    -0.03882252    -0.07138099    0.06367587    -0.02674284    0.4834642    0.04986708    -0.310246    -0.1127866    -0.07899863
-0.02101955    -0.05134254    -0.06725318    -0.01557287    0.0776143    0.001571975    0.2013255    -0.3909671    -0.3307153    1    -0.02051223    0.04563923    0.1137046    0.03057345    -0.1325142    -0.1597247    -0.2154691    -0.009454677    0.002635366    -0.04497447
0.09440415    -0.1071896    -0.0540998    0.1925161    -0.07844199    0.06443082    -0.05546732    -0.02648205    0.05139153    -0.02051223    1    -0.09296697    -0.5872855    0.1205512    -0.008874198    -0.06106963    -0.04165248    0.01877955    0.05273184    -0.00498728
-0.1294106    -0.02518382    0.008856851    -0.1147462    0.1801148    -0.07015391    -0.002827555    0.01348771    -0.03882252    0.04563923    -0.09296697    1    -0.2674181    -0.5953015    0.2580198    0.03857028    0.01328375    -0.04970586    -0.03546888    0.03272484
-0.07099762    0.01446428    -0.02043141    -0.1067729    0.1072767    -0.05780759    0.02384357    -0.001865565    -0.07138099    0.1137046    -0.5872855    -0.2674181    1    -0.09069658    -0.3813491    0.01633288    -0.00587882    -0.01083107    -0.02651377    0.01582178
0.1520771    -0.1225303    -0.09480753    0.1238888    -0.07988907    0.1339086    -0.06292279    -0.1240855    0.06367587    0.03057345    0.1205512    -0.5953015    -0.09069658    1    -0.4833    -0.07212233    -0.02811238    0.03316674    0.002412025    0.03391574
-0.06209975    0.1791303    0.12104    -0.06865889    -0.08571779    -0.02215292    0.07814099    0.09211669    -0.02674284    -0.1325142    -0.008874198    0.2580198    -0.3813491    -0.4833    1    0.04512267    0.04657365    -0.02245275    0.01074679    -0.02995025
-0.005666139    0.04139219    0.03609905    -0.05993648    0.04054367    -0.1351449    -0.2971513    0.08202919    0.4834642    -0.1597247    -0.06106963    0.03857028    0.01633288    -0.07212233    0.04512267    1    0.02908078    -0.7833883    -0.1832564    0.1855046
-0.01774859    -0.04327657    0.009909291    0.05426034    0.03096259    -0.3162261    0.01706269    0.3417959    0.04986708    -0.2154691    -0.04165248    0.01328375    -0.00587882    -0.02811238    0.04657365    0.02908078    1    0.1197286    -0.7818992    0.104468
0.01315532    -0.03143258    -0.0248052    0.06825409    -0.04592972    0.07892803    0.3314899    0.025908    -0.310246    -0.009454677    0.01877955    -0.04970586    -0.01083107    0.03316674    -0.02245275    -0.7833883    0.1197286    1    0.183956    -0.5796155
0.02884757    0.04234993    -0.003523344    -0.02062113    -0.03042193    0.4071962    0.09174125    -0.2487614    -0.1127866    0.002635366    0.05273184    -0.03546888    -0.02651377    0.002412025    0.01074679    -0.1832564    -0.7818992    0.183956    1    -0.5016877
-0.04730446    -0.01309686    0.01295835    -0.01836998    0.01039025    -0.05170482    -0.1051905    -0.0629159    -0.07899863    -0.04497447    -0.00498728    0.03272484    0.01582178    0.03391574    -0.02995025    0.1855046    0.104468    -0.5796155    -0.5016877    1
