1    -0.02954475    -0.6886428    -0.02435365    0.001571975    0.06443082    -0.07015391    -0.05780759    0.1339086    -0.02215292    -0.09162924    0.03798744    0.1165212    -0.007314125    -0.06510241    0.1348329    -0.1027551    -0.09106725    0.149632    -0.0641545    -0.1351449    -0.3162261    0.07892803    0.4071962    -0.05170482
-0.02954475    1    -0.230843    -0.6910545    0.2013255    -0.05546732    -0.002827555    0.02384357    -0.06292279    0.07814099    -0.04920301    -0.05762246    0.02099966    0.04462724    0.03819855    -0.1088338    -0.03317463    -0.0156299    -0.05154363    0.1274984    -0.2971513    0.01706269    0.3314899    0.09174125    -0.1051905
-0.6886428    -0.230843    1    -0.006458427    -0.3909671    -0.02648205    0.01348771    -0.001865565    -0.1240855    0.09211669    0.09372042    -0.006732673    -0.09861772    0.0295    0.01024666    -0.09750841    0.02030822    0.008943187    -0.1243313    0.1263049    0.08202919    0.3417959    0.025908    -0.2487614    -0.0629159
-0.02435365    -0.6910545    -0.006458427    1    -0.3307153    0.05139153    -0.03882252    -0.07138099    0.06367587    -0.02674284    0.01519089    0.08854756    0.03698186    -0.04423118    -0.05474142    0.08028699    -0.07731322    -0.05019253    0.09218421    -0.0281656    0.4834642    0.04986708    -0.310246    -0.1127866    -0.07899863
0.001571975    0.2013255    -0.3909671    -0.3307153    1    -0.02051223    0.04563923    0.1137046    0.03057345    -0.1325142    -0.01244836    -0.04533453    -0.0184135    -0.01921662    0.05064297    -0.01604173    0.1286633    0.1188782    -0.01096831    -0.1376726    -0.1597247    -0.2154691    -0.009454677    0.002635366    -0.04497447
0.06443082    -0.05546732    -0.02648205    0.05139153    -0.02051223    1    -0.09296697    -0.5872855    0.1205512    -0.008874198    0.04926505    -0.1176351    -0.03088224    0.1632472    -0.09398396    0.04710214    0.01754277    -0.03626073    -0.004614688    0.001635322    -0.06106963    -0.04165248    0.01877955    0.05273184    -0.00498728
-0.07015391    -0.002827555    0.01348771    -0.03882252    0.04563923    -0.09296697    1    -0.2674181    -0.5953015    0.2580198    -0.05184876    0.07176172    -0.03781501    -0.1925416    0.1628168    -0.06038926    -0.02245117    -0.001589754    -0.04749324    0.06409999    0.03857028    0.01328375    -0.04970586    -0.03546888    0.03272484
-0.05780759    0.02384357    -0.001865565    -0.07138099    0.1137046    -0.5872855    -0.2674181    1    -0.09069658    -0.3813491    -0.0417618    -0.05885779    -0.1049232    -0.07321295    0.1991867    -0.0387741    -0.0405285    -0.01432079    -0.002247628    0.06114651    0.01633288    -0.00587882    -0.01083107    -0.02651377    0.01582178
0.1339086    -0.06292279    -0.1240855    0.06367587    0.03057345    0.1205512    -0.5953015    -0.09069658    1    -0.4833    0.05928642    -0.1474505    -0.009321575    0.195102    -0.1106225    0.0815159    -0.03339855    -0.008632428    0.08038157    -0.04880244    -0.07212233    -0.02811238    0.03316674    0.002412025    0.03391574
-0.02215292    0.07814099    0.09211669    -0.02674284    -0.1325142    -0.008874198    0.2580198    -0.3813491    -0.4833    1    -0.007809671    0.1851792    0.1013714    -0.04979448    -0.1077125    -0.0008092788    0.06068607    1.043309e-05    -0.04013991    -0.01363167    0.04512267    0.04657365    -0.02245275    0.01074679    -0.02995025
-0.09162924    -0.04920301    0.09372042    0.01519089    -0.01244836    0.04926505    -0.05184876    -0.0417618    0.05928642    -0.007809671    1    0.05016715    -0.7652618    -0.2164396    0.2527462    0.09293558    -0.04479658    -0.06658394    0.008783134    0.03758904    0.1909245    0.07031001    -0.1807621    -0.1185183    0.077178
0.03798744    -0.05762246    -0.006732673    0.08854756    -0.04533453    -0.1176351    0.07176172    -0.05885779    -0.1474505    0.1851792    0.05016715    1    0.07725506    -0.7808682    0.1179414    0.008163831    0.05353282    0.05082531    -0.01102475    -0.07750115    0.06206935    0.1372399    -0.03301078    -0.1247451    0.01291897
0.1165212    0.02099966    -0.09861772    0.03698186    -0.0184135    -0.03088224    -0.03781501    -0.1049232    -0.009321575    0.1013714    -0.7652618    0.07725506    1    0.210168    -0.6410685    -0.0330146    0.0576957    0.07353514    0.03507434    -0.1227615    -0.1453883    -0.05482711    0.1896746    0.1210361    -0.1523482
-0.007314125    0.04462724    0.0295    -0.04423118    -0.01921662    0.1632472    -0.1925416    -0.07321295    0.195102    -0.04979448    -0.2164396    -0.7808682    0.210168    1    -0.5415401    0.00979504    0.01938877    -0.01888935    -0.00858777    0.01606729    -0.124665    -0.1117934    0.1250539    0.1789884    -0.1091015
-0.06510241    0.03819855    0.01024666    -0.05474142    0.05064297    -0.09398396    0.1628168    0.1991867    -0.1106225    -0.1077125    0.2527462    0.1179414    -0.6410685    -0.5415401    1    -0.0401096    -0.08124945    -0.04597078    0.002510157    0.1348547    0.08516971    0.0399492    -0.142886    -0.1183964    0.2348613
0.1348329    -0.1088338    -0.09750841    0.08028699    -0.01604173    0.04710214    -0.06038926    -0.0387741    0.0815159    -0.0008092788    0.09293558    0.008163831    -0.0330146    0.00979504    -0.0401096    1    -0.07105915    -0.7590877    -0.01713896    0.1621592    0.01625925    -0.06633458    -0.002154807    0.06741126    -0.0260177
-0.1027551    -0.03317463    0.02030822    -0.07731322    0.1286633    0.01754277    -0.02245117    -0.0405285    -0.03339855    0.06068607    -0.04479658    0.05353282    0.0576957    0.01938877    -0.08124945    -0.07105915    1    0.1470227    -0.7767391    0.1245049    -0.06853855    0.04194574    -0.0006818917    -0.09757598    0.09715347
-0.09106725    -0.0156299    0.008943187    -0.05019253    0.1188782    -0.03626073    -0.001589754    -0.01432079    -0.008632428    1.043309e-05    -0.06658394    0.05082531    0.07353514    -0.01888935    -0.04597078    -0.7590877    0.1470227    1    0.002426858    -0.537623    -0.04540238    0.04388992    -0.01177925    -0.09075149    0.08339174
0.149632    -0.05154363    -0.1243313    0.09218421    -0.01096831    -0.004614688    -0.04749324    -0.002247628    0.08038157    -0.04013991    0.008783134    -0.01102475    0.03507434    -0.00858777    0.002510157    -0.01713896    -0.7767391    0.002426858    1    -0.5020596    0.04178347    -0.09344916    -0.02913837    0.09245855    -0.02584739
-0.0641545    0.1274984    0.1263049    -0.0281656    -0.1376726    0.001635322    0.06409999    0.06114651    -0.04880244    -0.01363167    0.03758904    -0.07750115    -0.1227615    0.01606729    0.1348547    0.1621592    0.1245049    -0.537623    -0.5020596    1    0.04468887    0.07967155    0.03175814    -0.004823226    -0.1015786
-0.1351449    -0.2971513    0.08202919    0.4834642    -0.1597247    -0.06106963    0.03857028    0.01633288    -0.07212233    0.04512267    0.1909245    0.06206935    -0.1453883    -0.124665    0.08516971    0.01625925    -0.06853855    -0.04540238    0.04178347    0.04468887    1    0.02908078    -0.7833883    -0.1832564    0.1855046
-0.3162261    0.01706269    0.3417959    0.04986708    -0.2154691    -0.04165248    0.01328375    -0.00587882    -0.02811238    0.04657365    0.07031001    0.1372399    -0.05482711    -0.1117934    0.0399492    -0.06633458    0.04194574    0.04388992    -0.09344916    0.07967155    0.02908078    1    0.1197286    -0.7818992    0.104468
0.07892803    0.3314899    0.025908    -0.310246    -0.009454677    0.01877955    -0.04970586    -0.01083107    0.03316674    -0.02245275    -0.1807621    -0.03301078    0.1896746    0.1250539    -0.142886    -0.002154807    -0.0006818917    -0.01177925    -0.02913837    0.03175814    -0.7833883    0.1197286    1    0.183956    -0.5796155
0.4071962    0.09174125    -0.2487614    -0.1127866    0.002635366    0.05273184    -0.03546888    -0.02651377    0.002412025    0.01074679    -0.1185183    -0.1247451    0.1210361    0.1789884    -0.1183964    0.06741126    -0.09757598    -0.09075149    0.09245855    -0.004823226    -0.1832564    -0.7818992    0.183956    1    -0.5016877
-0.05170482    -0.1051905    -0.0629159    -0.07899863    -0.04497447    -0.00498728    0.03272484    0.01582178    0.03391574    -0.02995025    0.077178    0.01291897    -0.1523482    -0.1091015    0.2348613    -0.0260177    0.09715347    0.08339174    -0.02584739    -0.1015786    0.1855046    0.104468    -0.5796155    -0.5016877    1
