1    -0.06409369    -0.6033327    -0.117936    0.005767962    0.05912668    0.05680018    -0.07209298    -0.02788376    0.04168878    0.07832183    -0.001543651    -0.04515409    0.01661505    -0.08180572    -0.02250176    0.01587454    0.02393126    -0.01888183    0.03645    -0.003667107    0.01434533    0.02196922    0.01293101    -0.05925186    -0.06527813    0.007369303    0.03746083    0.01272303    -0.01241136
-0.06409369    1    -0.09900662    -0.5676348    0.03544622    0.02272515    0.07179108    -0.008381215    -0.07309756    -0.01248881    -0.03149223    0.07929445    0.0214283    -0.0427591    0.01179005    -0.03746975    0.03675218    0.01029787    -0.01799916    0.02044175    0.01871929    -0.05181283    -0.05050695    0.04179945    0.002959576    -0.03294082    0.005624542    0.00717986    -0.004399175    0.03743546
-0.6033327    -0.09900662    1    -0.06336199    -0.3576137    -0.1310191    -0.03837239    0.1471022    0.02558091    -0.06287862    0.0299431    0.01729769    0.03479909    -0.0405237    0.009483895    -0.001972195    -0.04271607    0.03486935    0.08047891    -0.07520727    0.03143309    -0.0316137    -0.01585068    0.02629431    -0.0393443    0.05408075    -0.005517923    -0.04672478    -0.01116124    0.001952295
-0.117936    -0.5676348    -0.06336199    1    -0.2964738    -0.01432731    0.01295273    0.03102279    0.02244774    -0.03312825    -0.03964216    -0.007947096    0.01918804    0.02502245    -0.001094818    0.0122577    -0.02619333    -0.001349864    -0.004806057    0.03549004    -0.02343289    0.06052918    0.03467632    -0.06485584    0.01284983    0.01383702    -0.02827536    0.010097    0.01435697    -0.01563615
0.005767962    0.03544622    -0.3576137    -0.2964738    1    0.08043425    -0.03959978    -0.08465564    0.01379576    0.04840404    -0.04002131    -0.09305515    -0.02538079    0.07569078    0.1250716    0.02793176    0.01605795    -0.04636856    -0.02977209    -0.007754299    -0.008418857    0.00471083    -0.01117648    0.0101948    0.04207786    0.001502745    0.005039329    -0.003852732    0.01668007    -0.02112197
0.05912668    0.02272515    -0.1310191    -0.01432731    0.08043425    1    -0.02954475    -0.6886428    -0.02435365    0.001571975    0.06443082    -0.07015391    -0.05780759    0.1339086    -0.02215292    0.01563207    0.03944733    -0.04878728    0.01403903    0.008049107    -0.09162924    0.03798744    0.1165212    -0.007314125    -0.06510241    -0.1351449    -0.3162261    0.07892803    0.4071962    -0.05170482
0.05680018    0.07179108    -0.03837239    0.01295273    -0.03959978    -0.02954475    1    -0.230843    -0.6910545    0.2013255    -0.05546732    -0.002827555    0.02384357    -0.06292279    0.07814099    -0.05954499    0.03417341    0.0154458    -0.03931256    0.03904448    -0.04920301    -0.05762246    0.02099966    0.04462724    0.03819855    -0.2971513    0.01706269    0.3314899    0.09174125    -0.1051905
-0.07209298    -0.008381215    0.1471022    0.03102279    -0.08465564    -0.6886428    -0.230843    1    -0.006458427    -0.3909671    -0.02648205    0.01348771    -0.001865565    -0.1240855    0.09211669    -0.03895372    0.00825929    0.0700736    -0.02627683    -0.0203351    0.09372042    -0.006732673    -0.09861772    0.0295    0.01024666    0.08202919    0.3417959    0.025908    -0.2487614    -0.0629159
-0.02788376    -0.07309756    0.02558091    0.02244774    0.01379576    -0.02435365    -0.6910545    -0.006458427    1    -0.3307153    0.05139153    -0.03882252    -0.07138099    0.06367587    -0.02674284    0.07530365    -0.03014948    -0.01112012    0.05435111    -0.06637589    0.01519089    0.08854756    0.03698186    -0.04423118    -0.05474142    0.4834642    0.04986708    -0.310246    -0.1127866    -0.07899863
0.04168878    -0.01248881    -0.06287862    -0.03312825    0.04840404    0.001571975    0.2013255    -0.3909671    -0.3307153    1    -0.02051223    0.04563923    0.1137046    0.03057345    -0.1325142    -0.01274756    -0.03079329    0.005564181    -0.01992162    0.03004776    -0.01244836    -0.04533453    -0.0184135    -0.01921662    0.05064297    -0.1597247    -0.2154691    -0.009454677    0.002635366    -0.04497447
0.07832183    -0.03149223    0.0299431    -0.03964216    -0.04002131    0.06443082    -0.05546732    -0.02648205    0.05139153    -0.02051223    1    -0.09296697    -0.5872855    0.1205512    -0.008874198    -0.0230327    0.04382166    0.007039563    -0.01722156    0.02898905    0.04926505    -0.1176351    -0.03088224    0.1632472    -0.09398396    -0.06106963    -0.04165248    0.01877955    0.05273184    -0.00498728
-0.001543651    0.07929445    0.01729769    -0.007947096    -0.09305515    -0.07015391    -0.002827555    0.01348771    -0.03882252    0.04563923    -0.09296697    1    -0.2674181    -0.5953015    0.2580198    0.0002750232    -0.0293273    0.006297461    0.03043274    -0.03518806    -0.05184876    0.07176172    -0.03781501    -0.1925416    0.1628168    0.03857028    0.01328375    -0.04970586    -0.03546888    0.03272484
-0.04515409    0.0214283    0.03479909    0.01918804    -0.02538079    -0.05780759    0.02384357    -0.001865565    -0.07138099    0.1137046    -0.5872855    -0.2674181    1    -0.09069658    -0.3813491    0.003161911    -0.009085525    0.06250807    0.01240716    -0.0775968    -0.0417618    -0.05885779    -0.1049232    -0.07321295    0.1991867    0.01633288    -0.00587882    -0.01083107    -0.02651377    0.01582178
0.01661505    -0.0427591    -0.0405237    0.02502245    0.07569078    0.1339086    -0.06292279    -0.1240855    0.06367587    0.03057345    0.1205512    -0.5953015    -0.09069658    1    -0.4833    0.0254669    0.08001129    0.01650687    -0.05122752    0.00526952    0.05928642    -0.1474505    -0.009321575    0.195102    -0.1106225    -0.07212233    -0.02811238    0.03316674    0.002412025    0.03391574
-0.08180572    0.01179005    0.009483895    -0.001094818    0.1250716    -0.02215292    0.07814099    0.09211669    -0.02674284    -0.1325142    -0.008874198    0.2580198    -0.3813491    -0.4833    1    -0.01701656    -0.05960014    -0.06681116    0.02994303    0.03462136    -0.007809671    0.1851792    0.1013714    -0.04979448    -0.1077125    0.04512267    0.04657365    -0.02245275    0.01074679    -0.02995025
-0.02250176    -0.03746975    -0.001972195    0.0122577    0.02793176    0.01563207    -0.05954499    -0.03895372    0.07530365    -0.01274756    -0.0230327    0.0002750232    0.003161911    0.0254669    -0.01701656    1    -0.2296069    -0.743259    0.1712309    0.09838464    -0.09466229    -0.0715232    0.1254426    0.1020719    -0.09814372    0.1072646    -0.04512088    -0.07552583    -0.008426058    0.006258214
0.01587454    0.03675218    -0.04271607    -0.02619333    0.01605795    0.03944733    0.03417341    0.00825929    -0.03014948    -0.03079329    0.04382166    -0.0293273    -0.009085525    0.08001129    -0.05960014    -0.2296069    1    0.1247282    -0.7481843    0.2853823    -0.1264362    0.005904659    0.1259589    0.04967899    -0.06030593    -0.02455228    0.1082446    0.04110864    -0.04767247    -0.0205369
0.02393126    0.01029787    0.03486935    -0.001349864    -0.04636856    -0.04878728    0.0154458    0.0700736    -0.01112012    0.005564181    0.007039563    0.006297461    0.06250807    0.01650687    -0.06681116    -0.743259    0.1247282    1    -0.1546872    -0.4145793    0.07838862    0.07185313    -0.08737956    -0.05895017    0.04098928    -0.07629771    0.08181584    0.13183    -0.02622744    -0.1019825
-0.01888183    -0.01799916    0.08047891    -0.004806057    -0.02977209    0.01403903    -0.03931256    -0.02627683    0.05435111    -0.01992162    -0.01722156    0.03043274    0.01240716    -0.05122752    0.02994303    0.1712309    -0.7481843    -0.1546872    1    -0.613247    0.1565662    0.04850491    -0.0843628    -0.09004409    0.01908044    -0.008014986    -0.09557749    0.004808352    0.1089362    -0.04019657
0.03645    0.02044175    -0.07520727    0.03549004    -0.007754299    0.008049107    0.03904448    -0.0203351    -0.06637589    0.03004776    0.02898905    -0.03518806    -0.0775968    0.00526952    0.03462136    0.09838464    0.2853823    -0.4145793    -0.613247    1    -0.1061007    -0.07601201    0.05149282    0.0668769    -0.05802803    0.01721803    -0.02113992    -0.100766    -0.03088945    0.2042202
-0.003667107    0.01871929    0.03143309    -0.02343289    -0.008418857    -0.09162924    -0.04920301    0.09372042    0.01519089    -0.01244836    0.04926505    -0.05184876    -0.0417618    0.05928642    -0.007809671    -0.09466229    -0.1264362    0.07838862    0.1565662    -0.1061007    1    0.05016715    -0.7652618    -0.2164396    0.2527462    0.1909245    0.07031001    -0.1807621    -0.1185183    0.077178
0.01434533    -0.05181283    -0.0316137    0.06052918    0.00471083    0.03798744    -0.05762246    -0.006732673    0.08854756    -0.04533453    -0.1176351    0.07176172    -0.05885779    -0.1474505    0.1851792    -0.0715232    0.005904659    0.07185313    0.04850491    -0.07601201    0.05016715    1    0.07725506    -0.7808682    0.1179414    0.06206935    0.1372399    -0.03301078    -0.1247451    0.01291897
0.02196922    -0.05050695    -0.01585068    0.03467632    -0.01117648    0.1165212    0.02099966    -0.09861772    0.03698186    -0.0184135    -0.03088224    -0.03781501    -0.1049232    -0.009321575    0.1013714    0.1254426    0.1259589    -0.08737956    -0.0843628    0.05149282    -0.7652618    0.07725506    1    0.210168    -0.6410685    -0.1453883    -0.05482711    0.1896746    0.1210361    -0.1523482
0.01293101    0.04179945    0.02629431    -0.06485584    0.0101948    -0.007314125    0.04462724    0.0295    -0.04423118    -0.01921662    0.1632472    -0.1925416    -0.07321295    0.195102    -0.04979448    0.1020719    0.04967899    -0.05895017    -0.09004409    0.0668769    -0.2164396    -0.7808682    0.210168    1    -0.5415401    -0.124665    -0.1117934    0.1250539    0.1789884    -0.1091015
-0.05925186    0.002959576    -0.0393443    0.01284983    0.04207786    -0.06510241    0.03819855    0.01024666    -0.05474142    0.05064297    -0.09398396    0.1628168    0.1991867    -0.1106225    -0.1077125    -0.09814372    -0.06030593    0.04098928    0.01908044    -0.05802803    0.2527462    0.1179414    -0.6410685    -0.5415401    1    0.08516971    0.0399492    -0.142886    -0.1183964    0.2348613
-0.06527813    -0.03294082    0.05408075    0.01383702    0.001502745    -0.1351449    -0.2971513    0.08202919    0.4834642    -0.1597247    -0.06106963    0.03857028    0.01633288    -0.07212233    0.04512267    0.1072646    -0.02455228    -0.07629771    -0.008014986    0.01721803    0.1909245    0.06206935    -0.1453883    -0.124665    0.08516971    1    0.02908078    -0.7833883    -0.1832564    0.1855046
0.007369303    0.005624542    -0.005517923    -0.02827536    0.005039329    -0.3162261    0.01706269    0.3417959    0.04986708    -0.2154691    -0.04165248    0.01328375    -0.00587882    -0.02811238    0.04657365    -0.04512088    0.1082446    0.08181584    -0.09557749    -0.02113992    0.07031001    0.1372399    -0.05482711    -0.1117934    0.0399492    0.02908078    1    0.1197286    -0.7818992    0.104468
0.03746083    0.00717986    -0.04672478    0.010097    -0.003852732    0.07892803    0.3314899    0.025908    -0.310246    -0.009454677    0.01877955    -0.04970586    -0.01083107    0.03316674    -0.02245275    -0.07552583    0.04110864    0.13183    0.004808352    -0.100766    -0.1807621    -0.03301078    0.1896746    0.1250539    -0.142886    -0.7833883    0.1197286    1    0.183956    -0.5796155
0.01272303    -0.004399175    -0.01116124    0.01435697    0.01668007    0.4071962    0.09174125    -0.2487614    -0.1127866    0.002635366    0.05273184    -0.03546888    -0.02651377    0.002412025    0.01074679    -0.008426058    -0.04767247    -0.02622744    0.1089362    -0.03088945    -0.1185183    -0.1247451    0.1210361    0.1789884    -0.1183964    -0.1832564    -0.7818992    0.183956    1    -0.5016877
-0.01241136    0.03743546    0.001952295    -0.01563615    -0.02112197    -0.05170482    -0.1051905    -0.0629159    -0.07899863    -0.04497447    -0.00498728    0.03272484    0.01582178    0.03391574    -0.02995025    0.006258214    -0.0205369    -0.1019825    -0.04019657    0.2042202    0.077178    0.01291897    -0.1523482    -0.1091015    0.2348613    0.1855046    0.104468    -0.5796155    -0.5016877    1
