1    -0.1750601    -0.4248295    0.2174913    0.002515153    0.06621934    -0.1088972    -0.07793142    0.09708115    0.06477236    0.007737359    -0.0496647    0.03343609    0.1082092    -0.09720418
-0.1750601    1    -0.01491714    -0.6222392    0.2333305    -0.08912375    -0.07692517    0.02483626    0.006941856    0.1031524    -0.04952563    0.07152838    0.0610728    -0.02311315    -0.08404258
-0.4248295    -0.01491714    1    0.05952327    -0.5232977    -0.008892919    -0.07442783    -0.04799066    -0.01705087    0.08121752    -0.01840606    0.05351053    0.06291157    -0.03478856    -0.01951604
0.2174913    -0.6222392    0.05952327    1    -0.5990358    0.141704    -0.05806259    -0.1313163    0.05721546    0.0411066    -0.00589075    0.02116704    0.02304788    -0.01029791    0.003824369
0.002515153    0.2333305    -0.5232977    -0.5990358    1    -0.09934181    0.1484838    0.1417193    -0.04974588    -0.1247196    0.03597718    -0.07128305    -0.07965728    0.02026767    0.06539621
0.06621934    -0.08912375    -0.008892919    0.141704    -0.09934181    1    -0.02954475    -0.6886428    -0.02435365    0.001571975    0.06443082    -0.07015391    -0.05780759    0.1339086    -0.02215292
-0.1088972    -0.07692517    -0.07442783    -0.05806259    0.1484838    -0.02954475    1    -0.230843    -0.6910545    0.2013255    -0.05546732    -0.002827555    0.02384357    -0.06292279    0.07814099
-0.07793142    0.02483626    -0.04799066    -0.1313163    0.1417193    -0.6886428    -0.230843    1    -0.006458427    -0.3909671    -0.02648205    0.01348771    -0.001865565    -0.1240855    0.09211669
0.09708115    0.006941856    -0.01705087    0.05721546    -0.04974588    -0.02435365    -0.6910545    -0.006458427    1    -0.3307153    0.05139153    -0.03882252    -0.07138099    0.06367587    -0.02674284
0.06477236    0.1031524    0.08121752    0.0411066    -0.1247196    0.001571975    0.2013255    -0.3909671    -0.3307153    1    -0.02051223    0.04563923    0.1137046    0.03057345    -0.1325142
0.007737359    -0.04952563    -0.01840606    -0.00589075    0.03597718    0.06443082    -0.05546732    -0.02648205    0.05139153    -0.02051223    1    -0.09296697    -0.5872855    0.1205512    -0.008874198
-0.0496647    0.07152838    0.05351053    0.02116704    -0.07128305    -0.07015391    -0.002827555    0.01348771    -0.03882252    0.04563923    -0.09296697    1    -0.2674181    -0.5953015    0.2580198
0.03343609    0.0610728    0.06291157    0.02304788    -0.07965728    -0.05780759    0.02384357    -0.001865565    -0.07138099    0.1137046    -0.5872855    -0.2674181    1    -0.09069658    -0.3813491
0.1082092    -0.02311315    -0.03478856    -0.01029791    0.02026767    0.1339086    -0.06292279    -0.1240855    0.06367587    0.03057345    0.1205512    -0.5953015    -0.09069658    1    -0.4833
-0.09720418    -0.08404258    -0.01951604    0.003824369    0.06539621    -0.02215292    0.07814099    0.09211669    -0.02674284    -0.1325142    -0.008874198    0.2580198    -0.3813491    -0.4833    1
