1    -0.06409369    -0.6033327    -0.117936    0.005767962    0.05912668    0.05680018    -0.07209298    -0.02788376    0.04168878
-0.06409369    1    -0.09900662    -0.5676348    0.03544622    0.02272515    0.07179108    -0.008381215    -0.07309756    -0.01248881
-0.6033327    -0.09900662    1    -0.06336199    -0.3576137    -0.1310191    -0.03837239    0.1471022    0.02558091    -0.06287862
-0.117936    -0.5676348    -0.06336199    1    -0.2964738    -0.01432731    0.01295273    0.03102279    0.02244774    -0.03312825
0.005767962    0.03544622    -0.3576137    -0.2964738    1    0.08043425    -0.03959978    -0.08465564    0.01379576    0.04840404
0.05912668    0.02272515    -0.1310191    -0.01432731    0.08043425    1    -0.02954475    -0.6886428    -0.02435365    0.001571975
0.05680018    0.07179108    -0.03837239    0.01295273    -0.03959978    -0.02954475    1    -0.230843    -0.6910545    0.2013255
-0.07209298    -0.008381215    0.1471022    0.03102279    -0.08465564    -0.6886428    -0.230843    1    -0.006458427    -0.3909671
-0.02788376    -0.07309756    0.02558091    0.02244774    0.01379576    -0.02435365    -0.6910545    -0.006458427    1    -0.3307153
0.04168878    -0.01248881    -0.06287862    -0.03312825    0.04840404    0.001571975    0.2013255    -0.3909671    -0.3307153    1
