1    -0.02954475    -0.6886428    -0.02435365    0.001571975    0.07994242    -0.03419432    -0.06696452    0.02817527    0.01963109
-0.02954475    1    -0.230843    -0.6910545    0.2013255    -0.02268121    -0.008376795    0.01310704    -0.0279386    0.02522165
-0.6886428    -0.230843    1    -0.006458427    -0.3909671    -0.06538912    -0.0001679702    0.02719172    -0.03779993    0.01681593
-0.02435365    -0.6910545    -0.006458427    1    -0.3307153    0.01522934    -0.006770484    -0.03733638    0.04767327    0.003276057
0.001571975    0.2013255    -0.3909671    -0.3307153    1    0.01249053    0.01154754    0.0392554    0.02210625    -0.05119416
0.07994242    -0.02268121    -0.06538912    0.01522934    0.01249053    1    0.1817067    -0.7009072    -0.08989701    0.03300119
-0.03419432    -0.008376795    -0.0001679702    -0.006770484    0.01154754    0.1817067    1    -0.3427951    -0.6935129    0.2865004
-0.06696452    0.01310704    0.02719172    -0.03733638    0.0392554    -0.7009072    -0.3427951    1    0.168816    -0.5352536
0.02817527    -0.0279386    -0.03779993    0.04767327    0.02210625    -0.08989701    -0.6935129    0.168816    1    -0.3929891
0.01963109    0.02522165    0.01681593    0.003276057    -0.05119416    0.03300119    0.2865004    -0.5352536    -0.3929891    1
