4.633149e-06    -2.226528e-08    -2.577992e-06    -5.526539e-07    -3.784037e-08    8.207787e-08    -1.117228e-07    2.24289e-08    1.551129e-07    -8.657515e-08    4.355623e-07    -2.92045e-07    -4.277583e-07    4.093628e-07    -3.561226e-08
-2.226528e-08    4.314035e-06    -1.467289e-07    -2.935138e-06    3.404764e-07    -3.053819e-07    5.595152e-07    4.935745e-07    -3.605912e-07    -1.596959e-07    -2.645716e-07    -6.280989e-08    -1.518906e-07    -3.717165e-07    4.605441e-07
-2.577992e-06    -1.467289e-07    3.894266e-06    -7.059169e-08    -1.365414e-06    -1.850646e-07    3.568694e-07    2.841349e-07    -2.218363e-07    -9.074469e-08    -2.23685e-07    -2.143566e-07    -1.091695e-07    -2.694039e-07    3.866626e-07
-5.526539e-07    -2.935138e-06    -7.059169e-08    4.830318e-06    -1.433847e-06    2.7083e-07    -2.707613e-07    -2.318587e-07    3.043667e-07    -5.309303e-08    4.961483e-07    -4.289631e-07    -4.104387e-07    5.088352e-07    -1.237144e-07
-3.784037e-08    3.404764e-07    -1.365414e-06    -1.433847e-06    3.642288e-06    8.087496e-08    -1.922144e-07    -3.193283e-07    -1.244517e-08    2.304346e-07    -2.158069e-07    5.564476e-07    5.62881e-07    -1.4952e-07    -3.552172e-07
8.207787e-08    -3.053819e-07    -1.850646e-07    2.7083e-07    8.087496e-08    5.688819e-06    7.011856e-10    -4.407768e-06    -3.903071e-07    1.419384e-07    3.370092e-07    -1.700594e-07    -2.17942e-07    4.380637e-07    -1.166888e-07
-1.117228e-07    5.595152e-07    3.568694e-07    -2.707613e-07    -1.922144e-07    7.011856e-10    6.556251e-06    -1.302988e-06    -4.337485e-06    6.190545e-07    -3.55601e-07    8.750881e-09    8.336568e-09    -3.571952e-07    4.331639e-07
2.24289e-08    4.935745e-07    2.841349e-07    -2.318587e-07    -3.193283e-07    -4.407768e-06    -1.302988e-06    6.599799e-06    9.317883e-08    -1.536047e-06    -2.387522e-07    -1.923774e-07    -8.534001e-08    -2.992111e-07    2.780413e-07
1.551129e-07    -3.605912e-07    -2.218363e-07    3.043667e-07    -1.244517e-08    -3.903071e-07    -4.337485e-06    9.317883e-08    5.633031e-06    -1.088318e-06    4.109721e-07    -1.753488e-07    -2.89502e-07    2.968903e-07    -1.634487e-07
-8.657515e-08    -1.596959e-07    -9.074469e-08    -5.309303e-08    2.304346e-07    1.419384e-07    6.190545e-07    -1.536047e-06    -1.088318e-06    2.336119e-06    -7.189419e-08    3.143534e-07    3.062847e-07    -1.2621e-07    -1.652033e-07
4.355623e-07    -2.645716e-07    -2.23685e-07    4.961483e-07    -2.158069e-07    3.370092e-07    -3.55601e-07    -2.387522e-07    4.109721e-07    -7.189419e-08    4.450782e-06    -2.010048e-07    -3.128666e-06    3.419283e-07    2.703366e-08
-2.92045e-07    -6.280989e-08    -2.143566e-07    -4.289631e-07    5.564476e-07    -1.700594e-07    8.750881e-09    -1.923774e-07    -1.753488e-07    3.143534e-07    -2.010048e-07    5.097023e-06    -1.304585e-06    -3.029647e-06    9.681869e-07
-4.277583e-07    -1.518906e-07    -1.091695e-07    -4.104387e-07    5.62881e-07    -2.17942e-07    8.336568e-09    -8.534001e-08    -2.89502e-07    3.062847e-07    -3.128666e-06    -1.304585e-06    5.264917e-06    -8.953145e-08    -1.682977e-06
4.093628e-07    -3.717165e-07    -2.694039e-07    5.088352e-07    -1.4952e-07    4.380637e-07    -3.571952e-07    -2.992111e-07    2.968903e-07    -1.2621e-07    3.419283e-07    -3.029647e-06    -8.953145e-08    4.412261e-06    -1.565472e-06
-3.561226e-08    4.605441e-07    3.866626e-07    -1.237144e-07    -3.552172e-07    -1.166888e-07    4.331639e-07    2.780413e-07    -1.634487e-07    -1.652033e-07    2.703366e-08    9.681869e-07    -1.682977e-06    -1.565472e-06    2.880845e-06
