3.924155e-06    -1.684096e-07    -2.334304e-06    -5.472707e-07    7.053083e-08    4.241428e-07    -3.308083e-07    -4.708063e-07    3.77789e-07    8.358814e-08    2.021588e-07    -1.433344e-07    -1.608733e-07    1.831144e-07    -4.860266e-08    3.345986e-07    1.093041e-07    -2.146793e-07    -5.531162e-08    -1.050579e-07
-1.684096e-07    3.96229e-06    -4.396727e-07    -2.460379e-06    2.04513e-07    -6.089523e-07    -1.842912e-08    -1.945218e-08    -5.576814e-07    5.983729e-07    -2.944964e-07    1.881857e-07    3.220205e-07    -1.501064e-07    -3.120742e-08    -7.097241e-08    3.78293e-07    6.960446e-08    -2.515461e-07    -6.809382e-08
-2.334304e-06    -4.396727e-07    3.884889e-06    -1.64963e-07    -1.149445e-06    -6.005893e-07    -8.52078e-08    -9.382463e-09    -6.111932e-07    5.493172e-07    -2.160932e-07    2.42181e-07    2.554112e-07    -1.049157e-07    -1.018603e-07    -2.479298e-07    4.859507e-08    3.667459e-07    -4.743136e-08    -9.389577e-08
-5.472707e-07    -2.460379e-06    -1.64963e-07    4.069895e-06    -9.110307e-07    4.577875e-07    -4.274228e-07    -4.121607e-07    3.138e-07    2.674346e-08    2.100259e-07    -3.196589e-08    -6.276256e-08    3.905906e-08    -4.138461e-08    -4.44096e-08    -2.240176e-07    5.464887e-08    2.897717e-07    8.687698e-09
7.053083e-08    2.04513e-07    -1.149445e-06    -9.110307e-07    2.400727e-06    1.993194e-07    4.609168e-07    3.913079e-07    2.25325e-07    -6.109313e-07    6.572447e-08    -1.767035e-07    -1.741405e-07    3.502023e-08    8.227629e-08    -2.471589e-08    -1.511685e-07    -1.698189e-07    1.064929e-07    2.786621e-07
4.241428e-07    -6.089523e-07    -6.005893e-07    4.577875e-07    1.993194e-07    5.172255e-06    2.427888e-07    -2.809872e-06    -2.827094e-07    2.905719e-07    4.750771e-07    -4.102505e-07    -6.346538e-07    4.69145e-07    7.949777e-08    6.22716e-08    -3.283857e-08    1.621353e-08    1.758319e-07    -1.490206e-07
-3.308083e-07    -1.842912e-08    -8.52078e-08    -4.274228e-07    4.609168e-07    2.427888e-07    3.569178e-06    -4.04574e-07    -2.42069e-06    8.808811e-07    -4.380314e-08    -1.149571e-07    -2.57429e-07    -2.465709e-07    3.806081e-07    -2.28811e-07    2.998268e-07    2.786813e-07    -1.418779e-07    -9.178854e-08
-4.708063e-07    -1.945218e-08    -9.382463e-09    -4.121607e-07    3.913079e-07    -2.809872e-06    -4.04574e-07    3.938312e-06    4.107296e-07    -2.125435e-06    -1.518004e-07    -1.602782e-07    -1.255265e-07    -1.546522e-07    2.745461e-07    -6.569379e-08    2.523692e-07    2.065291e-07    -1.178563e-07    -9.048285e-08
3.77789e-07    -5.576814e-07    -6.111932e-07    3.138e-07    2.25325e-07    -2.827094e-07    -2.42069e-06    4.107296e-07    5.054463e-06    -2.842432e-06    4.063289e-07    -6.545445e-07    -4.54149e-07    5.762771e-07    -5.510561e-09    1.658841e-07    -1.854516e-08    1.543255e-08    1.285654e-07    -1.224429e-07
8.358814e-08    5.983729e-07    5.493172e-07    2.674346e-08    -6.109313e-07    2.905719e-07    8.808811e-07    -2.125435e-06    -2.842432e-06    6.504933e-06    -3.432047e-07    6.873594e-07    6.471897e-07    -3.172493e-07    -2.39772e-07    -1.788743e-08    -2.633531e-07    -2.114797e-07    -6.750309e-08    1.786454e-07
2.021588e-07    -2.944964e-07    -2.160932e-07    2.100259e-07    6.572447e-08    4.750771e-07    -4.380314e-08    -1.518004e-07    4.063289e-07    -3.432047e-07    5.688819e-06    7.011856e-10    -4.407768e-06    -3.903071e-07    1.419384e-07    3.370092e-07    -1.700594e-07    -2.17942e-07    4.380637e-07    -1.166888e-07
-1.433344e-07    1.881857e-07    2.42181e-07    -3.196589e-08    -1.767035e-07    -4.102505e-07    -1.149571e-07    -1.602782e-07    -6.545445e-07    6.873594e-07    7.011856e-10    6.556251e-06    -1.302988e-06    -4.337485e-06    6.190545e-07    -3.55601e-07    8.750881e-09    8.336568e-09    -3.571952e-07    4.331639e-07
-1.608733e-07    3.220205e-07    2.554112e-07    -6.276256e-08    -1.741405e-07    -6.346538e-07    -2.57429e-07    -1.255265e-07    -4.54149e-07    6.471897e-07    -4.407768e-06    -1.302988e-06    6.599799e-06    9.317883e-08    -1.536047e-06    -2.387522e-07    -1.923774e-07    -8.534001e-08    -2.992111e-07    2.780413e-07
1.831144e-07    -1.501064e-07    -1.049157e-07    3.905906e-08    3.502023e-08    4.69145e-07    -2.465709e-07    -1.546522e-07    5.762771e-07    -3.172493e-07    -3.903071e-07    -4.337485e-06    9.317883e-08    5.633031e-06    -1.088318e-06    4.109721e-07    -1.753488e-07    -2.89502e-07    2.968903e-07    -1.634487e-07
-4.860266e-08    -3.120742e-08    -1.018603e-07    -4.138461e-08    8.227629e-08    7.949777e-08    3.806081e-07    2.745461e-07    -5.510561e-09    -2.39772e-07    1.419384e-07    6.190545e-07    -1.536047e-06    -1.088318e-06    2.336119e-06    -7.189419e-08    3.143534e-07    3.062847e-07    -1.2621e-07    -1.652033e-07
3.345986e-07    -7.097241e-08    -2.479298e-07    -4.44096e-08    -2.471589e-08    6.22716e-08    -2.28811e-07    -6.569379e-08    1.658841e-07    -1.788743e-08    3.370092e-07    -3.55601e-07    -2.387522e-07    4.109721e-07    -7.189419e-08    4.450782e-06    -2.010048e-07    -3.128666e-06    3.419283e-07    2.703366e-08
1.093041e-07    3.78293e-07    4.859507e-08    -2.240176e-07    -1.511685e-07    -3.283857e-08    2.998268e-07    2.523692e-07    -1.854516e-08    -2.633531e-07    -1.700594e-07    8.750881e-09    -1.923774e-07    -1.753488e-07    3.143534e-07    -2.010048e-07    5.097023e-06    -1.304585e-06    -3.029647e-06    9.681869e-07
-2.146793e-07    6.960446e-08    3.667459e-07    5.464887e-08    -1.698189e-07    1.621353e-08    2.786813e-07    2.065291e-07    1.543255e-08    -2.114797e-07    -2.17942e-07    8.336568e-09    -8.534001e-08    -2.89502e-07    3.062847e-07    -3.128666e-06    -1.304585e-06    5.264917e-06    -8.953145e-08    -1.682977e-06
-5.531162e-08    -2.515461e-07    -4.743136e-08    2.897717e-07    1.064929e-07    1.758319e-07    -1.418779e-07    -1.178563e-07    1.285654e-07    -6.750309e-08    4.380637e-07    -3.571952e-07    -2.992111e-07    2.968903e-07    -1.2621e-07    3.419283e-07    -3.029647e-06    -8.953145e-08    4.412261e-06    -1.565472e-06
-1.050579e-07    -6.809382e-08    -9.389577e-08    8.687698e-09    2.786621e-07    -1.490206e-07    -9.178854e-08    -9.048285e-08    -1.224429e-07    1.786454e-07    -1.166888e-07    4.331639e-07    2.780413e-07    -1.634487e-07    -1.652033e-07    2.703366e-08    9.681869e-07    -1.682977e-06    -1.565472e-06    2.880845e-06
