5.703121e-06    -2.34857e-07    -3.620678e-06    -4.919708e-07    2.5232e-08    3.583661e-08    9.852488e-08    -7.561599e-08    -2.306072e-08    5.968624e-08    5.919013e-07    -5.579056e-07    -5.546793e-07    4.949413e-07    2.416044e-08    -4.822607e-08    -7.648346e-08    -4.573672e-08    -2.238256e-08    8.128084e-08    2.787638e-07    -1.48126e-07    -2.502251e-08    1.56569e-07    -9.533123e-08    6.364567e-07    -5.181121e-07    -4.738365e-07    6.030892e-07    -1.11557e-07
-2.34857e-07    3.926806e-06    -1.002308e-07    -2.260295e-06    3.949029e-07    2.126501e-08    2.650232e-09    -2.835492e-08    6.482599e-08    -2.441923e-08    -3.470007e-07    -1.071504e-07    -5.163364e-08    -2.524917e-07    3.763251e-07    3.867403e-08    -2.177342e-08    -1.05532e-07    -6.874889e-08    1.033929e-07    -3.648849e-07    4.904795e-07    5.152375e-07    -3.731546e-07    -1.133111e-07    -2.622021e-07    -1.172988e-07    -1.696303e-07    -3.127537e-07    4.482704e-07
-3.620678e-06    -1.002308e-07    4.598383e-06    1.814464e-07    -1.238884e-06    -8.045148e-08    -8.559385e-09    7.715211e-08    1.930753e-09    -6.228527e-10    -5.261666e-07    8.155017e-08    8.891955e-08    -4.91925e-07    3.972271e-07    2.522092e-08    1.149484e-08    2.922321e-08    2.390131e-09    -5.577892e-08    -3.34706e-07    3.060811e-07    3.750993e-07    -1.094011e-07    -1.646504e-07    -3.536505e-07    -8.414165e-08    -9.873279e-08    -3.175568e-07    3.900733e-07
-4.919708e-07    -2.260295e-06    1.814464e-07    3.965647e-06    -1.309077e-06    2.385174e-08    1.071633e-08    2.010783e-08    9.143593e-09    -5.50188e-08    2.125157e-07    -3.955481e-07    -3.970713e-07    2.559397e-07    1.553612e-07    2.102067e-08    3.816003e-08    1.634311e-08    1.404771e-08    -9.253922e-08    3.111832e-07    -5.040095e-08    -2.473955e-07    1.188977e-07    -1.068106e-07    4.048102e-07    -3.31628e-07    -3.18429e-07    3.47794e-07    -6.723647e-08
2.5232e-08    3.949029e-07    -1.238884e-06    -1.309077e-06    3.231137e-06    4.447404e-09    3.6215e-09    4.203477e-08    -2.886995e-08    -1.007814e-07    7.95194e-08    3.052964e-07    3.349102e-07    1.18905e-07    -4.062504e-07    2.398338e-08    1.722127e-08    -4.4265e-08    2.509575e-08    7.985544e-08    -2.601392e-08    -2.133641e-07    -1.802064e-07    1.372431e-10    2.24923e-07    -1.728796e-07    4.230372e-07    4.041347e-07    -1.455827e-07    -2.257634e-07
3.583661e-08    2.126501e-08    -8.045148e-08    2.385174e-08    4.447404e-09    5.787415e-06    -1.517737e-07    -3.65629e-06    -6.46969e-07    4.738515e-08    6.183061e-08    -4.394843e-08    -9.250937e-08    -1.204559e-07    1.077151e-07    5.603207e-07    -5.522315e-07    -6.495397e-07    5.345815e-07    4.854391e-08    2.349468e-07    -2.16032e-07    -1.727219e-07    3.014273e-07    -1.046182e-07    5.745206e-07    -5.183373e-07    -5.571258e-07    5.894074e-07    -7.494272e-08
9.852488e-08    2.650232e-09    -8.559385e-09    1.071633e-08    3.6215e-09    -1.517737e-07    3.908859e-06    -1.424873e-07    -2.216408e-06    4.061929e-07    -1.651805e-08    -3.512501e-08    -1.00581e-07    -2.242269e-09    6.948502e-08    -2.902401e-07    -9.952599e-08    -7.669401e-08    -3.25023e-07    3.541257e-07    -2.011015e-07    5.434168e-07    3.654933e-07    -3.481738e-07    -1.187031e-07    -1.746699e-07    -2.471434e-07    -2.327002e-07    -2.508177e-07    4.763042e-07
-7.561599e-08    -2.835492e-08    7.715211e-08    2.010783e-08    4.203477e-08    -3.65629e-06    -1.424873e-07    4.536265e-06    1.832196e-07    -1.122059e-06    7.752204e-09    1.654158e-08    -1.416938e-08    1.035203e-07    -5.746338e-08    -5.209583e-07    6.697141e-08    1.867513e-07    -4.898539e-07    4.046351e-07    -3.101344e-07    3.676197e-07    4.380094e-07    -2.567336e-07    -1.232276e-07    -3.329296e-07    2.381297e-09    2.194865e-09    -4.124118e-07    3.645393e-07
-2.306072e-08    6.482599e-08    1.930753e-09    9.143593e-09    -2.886995e-08    -6.46969e-07    -2.216408e-06    1.832196e-07    4.007488e-06    -1.328285e-06    -3.600819e-08    5.744382e-08    5.327073e-08    -3.975544e-09    -2.84364e-08    2.647673e-07    -4.092887e-07    -4.213509e-07    2.907873e-07    1.871291e-07    1.377294e-07    -1.580046e-07    -5.713926e-08    1.696671e-07    -3.618479e-08    3.774061e-07    -2.335932e-07    -3.054792e-07    3.488698e-07    -7.968703e-08
5.968624e-08    -2.441923e-08    -6.228527e-10    -5.50188e-08    -1.007814e-07    4.738515e-08    4.061929e-07    -1.122059e-06    -1.328285e-06    3.107555e-06    -1.935578e-08    -6.550305e-10    3.677957e-08    -3.69301e-09    -3.617496e-08    7.261262e-08    3.580616e-07    3.015127e-07    3.487111e-09    -3.703411e-07    6.964128e-08    -1.867138e-07    -2.2485e-07    -4.189801e-08    1.68843e-07    -1.279362e-07    3.284867e-07    3.986498e-07    -4.220084e-08    -2.815688e-07
5.919013e-07    -3.470007e-07    -5.261666e-07    2.125157e-07    7.95194e-08    6.183061e-08    -1.651805e-08    7.752204e-09    -3.600819e-08    -1.935578e-08    3.924155e-06    -1.684096e-07    -2.334304e-06    -5.472707e-07    7.053083e-08    5.37549e-08    4.684085e-08    -6.395567e-08    -3.163316e-08    1.266577e-07    2.021588e-07    -1.433344e-07    -1.608733e-07    1.831144e-07    -4.860266e-08    3.345986e-07    1.093041e-07    -2.146793e-07    -5.531162e-08    -1.050579e-07
-5.579056e-07    -1.071504e-07    8.155017e-08    -3.955481e-07    3.052964e-07    -4.394843e-08    -3.512501e-08    1.654158e-08    5.744382e-08    -6.550305e-10    -1.684096e-07    3.96229e-06    -4.396727e-07    -2.460379e-06    2.04513e-07    -9.127783e-09    -5.681649e-08    -2.458543e-08    2.863088e-08    9.240912e-08    -2.944964e-07    1.881857e-07    3.220205e-07    -1.501064e-07    -3.120742e-08    -7.097241e-08    3.78293e-07    6.960446e-08    -2.515461e-07    -6.809382e-08
-5.546793e-07    -5.163364e-08    8.891955e-08    -3.970713e-07    3.349102e-07    -9.250937e-08    -1.00581e-07    -1.416938e-08    5.327073e-08    3.677957e-08    -2.334304e-06    -4.396727e-07    3.884889e-06    -1.64963e-07    -1.149445e-06    -8.166076e-08    -1.104766e-08    1.100237e-07    5.360254e-08    -7.162231e-08    -2.160932e-07    2.42181e-07    2.554112e-07    -1.049157e-07    -1.018603e-07    -2.479298e-07    4.859507e-08    3.667459e-07    -4.743136e-08    -9.389577e-08
4.949413e-07    -2.524917e-07    -4.91925e-07    2.559397e-07    1.18905e-07    -1.204559e-07    -2.242269e-09    1.035203e-07    -3.975544e-09    -3.69301e-09    -5.472707e-07    -2.460379e-06    -1.64963e-07    4.069895e-06    -9.110307e-07    -2.585033e-09    2.231243e-08    2.021839e-08    1.807402e-08    -1.639863e-07    2.100259e-07    -3.196589e-08    -6.276256e-08    3.905906e-08    -4.138461e-08    -4.44096e-08    -2.240176e-07    5.464887e-08    2.897717e-07    8.687698e-09
2.416044e-08    3.763251e-07    3.972271e-07    1.553612e-07    -4.062504e-07    1.077151e-07    6.948502e-08    -5.746338e-08    -2.84364e-08    -3.617496e-08    7.053083e-08    2.04513e-07    -1.149445e-06    -9.110307e-07    2.400727e-06    1.797764e-07    2.616918e-08    -1.046644e-07    -1.68396e-07    -1.297441e-07    6.572447e-08    -1.767035e-07    -1.741405e-07    3.502023e-08    8.227629e-08    -2.471589e-08    -1.511685e-07    -1.698189e-07    1.064929e-07    2.786621e-07
-4.822607e-08    3.867403e-08    2.522092e-08    2.102067e-08    2.398338e-08    5.603207e-07    -2.902401e-07    -5.209583e-07    2.647673e-07    7.261262e-08    5.37549e-08    -9.127783e-09    -8.166076e-08    -2.585033e-09    1.797764e-07    4.031233e-06    -1.349133e-07    -2.383666e-06    -5.92292e-07    8.958909e-09    1.275874e-07    -5.3068e-08    8.637599e-08    7.782073e-08    -8.228944e-08    5.460638e-08    -2.512127e-07    1.357673e-08    2.622811e-07    -3.892938e-08
-7.648346e-08    -2.177342e-08    1.149484e-08    3.816003e-08    1.722127e-08    -5.522315e-07    -9.952599e-08    6.697141e-08    -4.092887e-07    3.580616e-07    4.684085e-08    -5.681649e-08    -1.104766e-08    2.231243e-08    2.616918e-08    -1.349133e-07    3.917273e-06    -3.736174e-07    -2.365704e-06    1.450855e-07    -1.225449e-07    2.070728e-07    2.558935e-07    -9.758748e-08    -1.116133e-07    -2.357639e-07    1.592949e-07    2.830654e-07    -1.051099e-07    -6.424662e-08
-4.573672e-08    -1.05532e-07    2.922321e-08    1.634311e-08    -4.4265e-08    -6.495397e-07    -7.669401e-08    1.867513e-07    -4.213509e-07    3.015127e-07    -6.395567e-08    -2.458543e-08    1.100237e-07    2.021839e-08    -1.046644e-07    -2.383666e-06    -3.736174e-07    3.896848e-06    -1.752482e-07    -1.137147e-06    -1.931782e-07    2.328468e-07    1.672111e-07    -1.469752e-07    -4.919434e-08    -1.404526e-07    3.771455e-07    1.532002e-07    -2.067375e-07    -8.409384e-08
-2.238256e-08    -6.874889e-08    2.390131e-09    1.404771e-08    2.509575e-08    5.345815e-07    -3.25023e-07    -4.898539e-07    2.907873e-07    3.487111e-09    -3.163316e-08    2.863088e-08    5.360254e-08    1.807402e-08    -1.68396e-07    -5.92292e-07    -2.365704e-06    -1.752482e-07    3.976115e-06    -9.157032e-07    8.954338e-08    -1.462102e-08    -1.477693e-07    7.378019e-08    -2.603306e-08    2.365975e-07    -3.141934e-08    -1.444657e-07    5.386535e-08    -7.544913e-08
8.128084e-08    1.033929e-07    -5.577892e-08    -9.253922e-08    7.985544e-08    4.854391e-08    3.541257e-07    4.046351e-07    1.871291e-07    -3.703411e-07    1.266577e-07    9.240912e-08    -7.162231e-08    -1.639863e-07    -1.297441e-07    8.958909e-09    1.450855e-07    -1.137147e-06    -9.157032e-07    2.505312e-06    2.408577e-08    -1.993573e-07    -1.477898e-07    5.763309e-08    1.675219e-07    9.43237e-08    -1.233948e-07    -1.492196e-07    -1.05896e-07    -8.90377e-09
2.787638e-07    -3.648849e-07    -3.34706e-07    3.111832e-07    -2.601392e-08    2.349468e-07    -2.011015e-07    -3.101344e-07    1.377294e-07    6.964128e-08    2.021588e-07    -2.944964e-07    -2.160932e-07    2.100259e-07    6.572447e-08    1.275874e-07    -1.225449e-07    -1.931782e-07    8.954338e-08    2.408577e-08    5.688819e-06    7.011856e-10    -4.407768e-06    -3.903071e-07    1.419384e-07    3.370092e-07    -1.700594e-07    -2.17942e-07    4.380637e-07    -1.166888e-07
-1.48126e-07    4.904795e-07    3.060811e-07    -5.040095e-08    -2.133641e-07    -2.16032e-07    5.434168e-07    3.676197e-07    -1.580046e-07    -1.867138e-07    -1.433344e-07    1.881857e-07    2.42181e-07    -3.196589e-08    -1.767035e-07    -5.3068e-08    2.070728e-07    2.328468e-07    -1.462102e-08    -1.993573e-07    7.011856e-10    6.556251e-06    -1.302988e-06    -4.337485e-06    6.190545e-07    -3.55601e-07    8.750881e-09    8.336568e-09    -3.571952e-07    4.331639e-07
-2.502251e-08    5.152375e-07    3.750993e-07    -2.473955e-07    -1.802064e-07    -1.727219e-07    3.654933e-07    4.380094e-07    -5.713926e-08    -2.2485e-07    -1.608733e-07    3.220205e-07    2.554112e-07    -6.276256e-08    -1.741405e-07    8.637599e-08    2.558935e-07    1.672111e-07    -1.477693e-07    -1.477898e-07    -4.407768e-06    -1.302988e-06    6.599799e-06    9.317883e-08    -1.536047e-06    -2.387522e-07    -1.923774e-07    -8.534001e-08    -2.992111e-07    2.780413e-07
1.56569e-07    -3.731546e-07    -1.094011e-07    1.188977e-07    1.372431e-10    3.014273e-07    -3.481738e-07    -2.567336e-07    1.696671e-07    -4.189801e-08    1.831144e-07    -1.501064e-07    -1.049157e-07    3.905906e-08    3.502023e-08    7.782073e-08    -9.758748e-08    -1.469752e-07    7.378019e-08    5.763309e-08    -3.903071e-07    -4.337485e-06    9.317883e-08    5.633031e-06    -1.088318e-06    4.109721e-07    -1.753488e-07    -2.89502e-07    2.968903e-07    -1.634487e-07
-9.533123e-08    -1.133111e-07    -1.646504e-07    -1.068106e-07    2.24923e-07    -1.046182e-07    -1.187031e-07    -1.232276e-07    -3.618479e-08    1.68843e-07    -4.860266e-08    -3.120742e-08    -1.018603e-07    -4.138461e-08    8.227629e-08    -8.228944e-08    -1.116133e-07    -4.919434e-08    -2.603306e-08    1.675219e-07    1.419384e-07    6.190545e-07    -1.536047e-06    -1.088318e-06    2.336119e-06    -7.189419e-08    3.143534e-07    3.062847e-07    -1.2621e-07    -1.652033e-07
6.364567e-07    -2.622021e-07    -3.536505e-07    4.048102e-07    -1.728796e-07    5.745206e-07    -1.746699e-07    -3.329296e-07    3.774061e-07    -1.279362e-07    3.345986e-07    -7.097241e-08    -2.479298e-07    -4.44096e-08    -2.471589e-08    5.460638e-08    -2.357639e-07    -1.404526e-07    2.365975e-07    9.43237e-08    3.370092e-07    -3.55601e-07    -2.387522e-07    4.109721e-07    -7.189419e-08    4.450782e-06    -2.010048e-07    -3.128666e-06    3.419283e-07    2.703366e-08
-5.181121e-07    -1.172988e-07    -8.414165e-08    -3.31628e-07    4.230372e-07    -5.183373e-07    -2.471434e-07    2.381297e-09    -2.335932e-07    3.284867e-07    1.093041e-07    3.78293e-07    4.859507e-08    -2.240176e-07    -1.511685e-07    -2.512127e-07    1.592949e-07    3.771455e-07    -3.141934e-08    -1.233948e-07    -1.700594e-07    8.750881e-09    -1.923774e-07    -1.753488e-07    3.143534e-07    -2.010048e-07    5.097023e-06    -1.304585e-06    -3.029647e-06    9.681869e-07
-4.738365e-07    -1.696303e-07    -9.873279e-08    -3.18429e-07    4.041347e-07    -5.571258e-07    -2.327002e-07    2.194865e-09    -3.054792e-07    3.986498e-07    -2.146793e-07    6.960446e-08    3.667459e-07    5.464887e-08    -1.698189e-07    1.357673e-08    2.830654e-07    1.532002e-07    -1.444657e-07    -1.492196e-07    -2.17942e-07    8.336568e-09    -8.534001e-08    -2.89502e-07    3.062847e-07    -3.128666e-06    -1.304585e-06    5.264917e-06    -8.953145e-08    -1.682977e-06
6.030892e-07    -3.127537e-07    -3.175568e-07    3.47794e-07    -1.455827e-07    5.894074e-07    -2.508177e-07    -4.124118e-07    3.488698e-07    -4.220084e-08    -5.531162e-08    -2.515461e-07    -4.743136e-08    2.897717e-07    1.064929e-07    2.622811e-07    -1.051099e-07    -2.067375e-07    5.386535e-08    -1.05896e-07    4.380637e-07    -3.571952e-07    -2.992111e-07    2.968903e-07    -1.2621e-07    3.419283e-07    -3.029647e-06    -8.953145e-08    4.412261e-06    -1.565472e-06
-1.11557e-07    4.482704e-07    3.900733e-07    -6.723647e-08    -2.257634e-07    -7.494272e-08    4.763042e-07    3.645393e-07    -7.968703e-08    -2.815688e-07    -1.050579e-07    -6.809382e-08    -9.389577e-08    8.687698e-09    2.786621e-07    -3.892938e-08    -6.424662e-08    -8.409384e-08    -7.544913e-08    -8.90377e-09    -1.166888e-07    4.331639e-07    2.780413e-07    -1.634487e-07    -1.652033e-07    2.703366e-08    9.681869e-07    -1.682977e-06    -1.565472e-06    2.880845e-06
