4.198355e-06    -3.570896e-07    -3.268864e-06    -2.005086e-07    -1.219386e-07    1.321577e-07    3.837891e-07    3.98826e-07    1.946811e-07    -5.250532e-07
-3.570896e-07    1.233661e-05    -8.056497e-06    -2.337646e-06    6.702505e-07    2.176402e-07    -7.27721e-07    -8.338338e-07    2.533929e-07    5.91581e-07
-3.268864e-06    -8.056497e-06    1.231061e-05    -7.233887e-07    -1.183478e-06    2.06839e-07    -6.396201e-07    -6.158771e-07    2.381444e-08    4.392275e-07
-2.005086e-07    -2.337646e-06    -7.233887e-07    3.857491e-06    -3.243028e-07    1.08036e-07    3.292992e-07    3.472286e-07    1.308195e-07    -4.428704e-07
-1.219386e-07    6.702505e-07    -1.183478e-06    -3.243028e-07    1.055329e-06    -2.980511e-07    2.664832e-07    2.686432e-07    -2.351579e-07    1.476861e-09
1.321577e-07    2.176402e-07    2.06839e-07    1.08036e-07    -2.980511e-07    4.450782e-06    -2.010048e-07    -3.128666e-06    3.419283e-07    2.703366e-08
3.837891e-07    -7.27721e-07    -6.396201e-07    3.292992e-07    2.664832e-07    -2.010048e-07    5.097023e-06    -1.304585e-06    -3.029647e-06    9.681869e-07
3.98826e-07    -8.338338e-07    -6.158771e-07    3.472286e-07    2.686432e-07    -3.128666e-06    -1.304585e-06    5.264917e-06    -8.953145e-08    -1.682977e-06
1.946811e-07    2.533929e-07    2.381444e-08    1.308195e-07    -2.351579e-07    3.419283e-07    -3.029647e-06    -8.953145e-08    4.412261e-06    -1.565472e-06
-5.250532e-07    5.91581e-07    4.392275e-07    -4.428704e-07    1.476861e-09    2.703366e-08    9.681869e-07    -1.682977e-06    -1.565472e-06    2.880845e-06
