3.924155e-06    -1.684096e-07    -2.334304e-06    -5.472707e-07    7.053083e-08    5.37549e-08    4.684085e-08    -6.395567e-08    -3.163316e-08    1.266577e-07    3.33242e-08    -4.268881e-09    -3.397339e-08    -3.762645e-08    -1.089073e-08    2.021588e-07    -1.433344e-07    -1.608733e-07    1.831144e-07    -4.860266e-08    3.345986e-07    1.093041e-07    -2.146793e-07    -5.531162e-08    -1.050579e-07
-1.684096e-07    3.96229e-06    -4.396727e-07    -2.460379e-06    2.04513e-07    -9.127783e-09    -5.681649e-08    -2.458543e-08    2.863088e-08    9.240912e-08    1.68918e-08    2.987944e-08    4.679015e-08    2.10064e-08    -4.001258e-08    -2.944964e-07    1.881857e-07    3.220205e-07    -1.501064e-07    -3.120742e-08    -7.097241e-08    3.78293e-07    6.960446e-08    -2.515461e-07    -6.809382e-08
-2.334304e-06    -4.396727e-07    3.884889e-06    -1.64963e-07    -1.149445e-06    -8.166076e-08    -1.104766e-08    1.100237e-07    5.360254e-08    -7.162231e-08    -4.271999e-08    3.368023e-08    6.235127e-08    -6.756097e-10    2.957703e-08    -2.160932e-07    2.42181e-07    2.554112e-07    -1.049157e-07    -1.018603e-07    -2.479298e-07    4.859507e-08    3.667459e-07    -4.743136e-08    -9.389577e-08
-5.472707e-07    -2.460379e-06    -1.64963e-07    4.069895e-06    -9.110307e-07    -2.585033e-09    2.231243e-08    2.021839e-08    1.807402e-08    -1.639863e-07    -6.25292e-08    -6.146704e-08    6.64277e-09    3.073711e-08    1.20086e-08    2.100259e-07    -3.196589e-08    -6.276256e-08    3.905906e-08    -4.138461e-08    -4.44096e-08    -2.240176e-07    5.464887e-08    2.897717e-07    8.687698e-09
7.053083e-08    2.04513e-07    -1.149445e-06    -9.110307e-07    2.400727e-06    1.797764e-07    2.616918e-08    -1.046644e-07    -1.68396e-07    -1.297441e-07    2.510652e-08    1.456051e-08    -3.695192e-08    2.844755e-08    -3.169642e-08    6.572447e-08    -1.767035e-07    -1.741405e-07    3.502023e-08    8.227629e-08    -2.471589e-08    -1.511685e-07    -1.698189e-07    1.064929e-07    2.786621e-07
5.37549e-08    -9.127783e-09    -8.166076e-08    -2.585033e-09    1.797764e-07    4.031233e-06    -1.349133e-07    -2.383666e-06    -5.92292e-07    8.958909e-09    4.448664e-07    -4.505381e-07    -4.714775e-07    3.46341e-07    9.262574e-08    1.275874e-07    -5.3068e-08    8.637599e-08    7.782073e-08    -8.228944e-08    5.460638e-08    -2.512127e-07    1.357673e-08    2.622811e-07    -3.892938e-08
4.684085e-08    -5.681649e-08    -1.104766e-08    2.231243e-08    2.616918e-08    -1.349133e-07    3.917273e-06    -3.736174e-07    -2.365704e-06    1.450855e-07    -7.009154e-07    -1.421218e-08    -3.840379e-08    -5.882575e-07    6.805486e-07    -1.225449e-07    2.070728e-07    2.558935e-07    -9.758748e-08    -1.116133e-07    -2.357639e-07    1.592949e-07    2.830654e-07    -1.051099e-07    -6.424662e-08
-6.395567e-08    -2.458543e-08    1.100237e-07    2.021839e-08    -1.046644e-07    -2.383666e-06    -3.736174e-07    3.896848e-06    -1.752482e-07    -1.137147e-06    -7.181897e-07    -1.289361e-08    3.54341e-09    -5.616959e-07    6.333532e-07    -1.931782e-07    2.328468e-07    1.672111e-07    -1.469752e-07    -4.919434e-08    -1.404526e-07    3.771455e-07    1.532002e-07    -2.067375e-07    -8.409384e-08
-3.163316e-08    2.863088e-08    5.360254e-08    1.807402e-08    -1.68396e-07    -5.92292e-07    -2.365704e-06    -1.752482e-07    3.976115e-06    -9.157032e-07    4.458292e-07    -4.461722e-07    -4.043805e-07    4.211956e-07    -2.647366e-08    8.954338e-08    -1.462102e-08    -1.477693e-07    7.378019e-08    -2.603306e-08    2.365975e-07    -3.141934e-08    -1.444657e-07    5.386535e-08    -7.544913e-08
1.266577e-07    9.240912e-08    -7.162231e-08    -1.639863e-07    -1.297441e-07    8.958909e-09    1.450855e-07    -1.137147e-06    -9.157032e-07    2.505312e-06    2.633291e-07    4.575744e-07    4.856919e-07    1.52491e-07    -7.052286e-07    2.408577e-08    -1.993573e-07    -1.477898e-07    5.763309e-08    1.675219e-07    9.43237e-08    -1.233948e-07    -1.492196e-07    -1.05896e-07    -8.90377e-09
3.33242e-08    1.68918e-08    -4.271999e-08    -6.25292e-08    2.510652e-08    4.448664e-07    -7.009154e-07    -7.181897e-07    4.458292e-07    2.633291e-07    5.182159e-06    3.853866e-07    -2.464886e-06    -2.743596e-07    -9.928149e-08    4.964815e-07    -6.321169e-07    -5.736938e-07    5.393352e-07    9.549623e-08    1.452236e-07    1.062958e-08    -1.802539e-08    1.021808e-07    -6.929427e-08
-4.268881e-09    2.987944e-08    3.368023e-08    -6.146704e-08    1.456051e-08    -4.505381e-07    -1.421218e-08    -1.289361e-08    -4.461722e-07    4.575744e-07    3.853866e-07    4.010525e-06    -3.291143e-07    -2.734395e-06    8.042172e-07    -2.249805e-07    -1.878167e-07    -1.680587e-07    -1.117415e-07    3.067585e-07    -1.727741e-07    2.022647e-07    3.570791e-07    -1.365025e-07    -9.296903e-08
-3.397339e-08    4.679015e-08    6.235127e-08    6.64277e-09    -3.695192e-08    -4.714775e-07    -3.840379e-08    3.54341e-09    -4.043805e-07    4.856919e-07    -2.464886e-06    -3.291143e-07    3.647567e-06    1.099244e-07    -1.724072e-06    -1.55451e-07    -1.132073e-07    -1.290898e-07    -2.451191e-07    3.061686e-07    -1.761509e-07    2.648812e-07    2.592284e-07    -8.526991e-08    -1.629667e-07
-3.762645e-08    2.10064e-08    -6.756097e-10    3.073711e-08    2.844755e-08    3.46341e-07    -5.882575e-07    -5.616959e-07    4.211956e-07    1.52491e-07    -2.743596e-07    -2.734395e-06    1.099244e-07    5.123746e-06    -2.446878e-06    5.214664e-07    -5.020011e-07    -5.455871e-07    4.761241e-07    3.60442e-08    1.775605e-07    6.341617e-08    -5.725336e-08    1.186995e-07    -1.598682e-07
-1.089073e-08    -4.001258e-08    2.957703e-08    1.20086e-08    -3.169642e-08    9.262574e-08    6.805486e-07    6.333532e-07    -2.647366e-08    -7.052286e-07    -9.928149e-08    8.042172e-07    -1.724072e-06    -2.446878e-06    5.950417e-06    -2.651119e-07    6.715793e-07    6.441475e-07    -2.96451e-07    -3.205314e-07    7.599144e-08    -2.445882e-07    -3.20313e-07    -2.807546e-08    3.208593e-07
2.021588e-07    -2.944964e-07    -2.160932e-07    2.100259e-07    6.572447e-08    1.275874e-07    -1.225449e-07    -1.931782e-07    8.954338e-08    2.408577e-08    4.964815e-07    -2.249805e-07    -1.55451e-07    5.214664e-07    -2.651119e-07    5.688819e-06    7.011856e-10    -4.407768e-06    -3.903071e-07    1.419384e-07    3.370092e-07    -1.700594e-07    -2.17942e-07    4.380637e-07    -1.166888e-07
-1.433344e-07    1.881857e-07    2.42181e-07    -3.196589e-08    -1.767035e-07    -5.3068e-08    2.070728e-07    2.328468e-07    -1.462102e-08    -1.993573e-07    -6.321169e-07    -1.878167e-07    -1.132073e-07    -5.020011e-07    6.715793e-07    7.011856e-10    6.556251e-06    -1.302988e-06    -4.337485e-06    6.190545e-07    -3.55601e-07    8.750881e-09    8.336568e-09    -3.571952e-07    4.331639e-07
-1.608733e-07    3.220205e-07    2.554112e-07    -6.276256e-08    -1.741405e-07    8.637599e-08    2.558935e-07    1.672111e-07    -1.477693e-07    -1.477898e-07    -5.736938e-07    -1.680587e-07    -1.290898e-07    -5.455871e-07    6.441475e-07    -4.407768e-06    -1.302988e-06    6.599799e-06    9.317883e-08    -1.536047e-06    -2.387522e-07    -1.923774e-07    -8.534001e-08    -2.992111e-07    2.780413e-07
1.831144e-07    -1.501064e-07    -1.049157e-07    3.905906e-08    3.502023e-08    7.782073e-08    -9.758748e-08    -1.469752e-07    7.378019e-08    5.763309e-08    5.393352e-07    -1.117415e-07    -2.451191e-07    4.761241e-07    -2.96451e-07    -3.903071e-07    -4.337485e-06    9.317883e-08    5.633031e-06    -1.088318e-06    4.109721e-07    -1.753488e-07    -2.89502e-07    2.968903e-07    -1.634487e-07
-4.860266e-08    -3.120742e-08    -1.018603e-07    -4.138461e-08    8.227629e-08    -8.228944e-08    -1.116133e-07    -4.919434e-08    -2.603306e-08    1.675219e-07    9.549623e-08    3.067585e-07    3.061686e-07    3.60442e-08    -3.205314e-07    1.419384e-07    6.190545e-07    -1.536047e-06    -1.088318e-06    2.336119e-06    -7.189419e-08    3.143534e-07    3.062847e-07    -1.2621e-07    -1.652033e-07
3.345986e-07    -7.097241e-08    -2.479298e-07    -4.44096e-08    -2.471589e-08    5.460638e-08    -2.357639e-07    -1.404526e-07    2.365975e-07    9.43237e-08    1.452236e-07    -1.727741e-07    -1.761509e-07    1.775605e-07    7.599144e-08    3.370092e-07    -3.55601e-07    -2.387522e-07    4.109721e-07    -7.189419e-08    4.450782e-06    -2.010048e-07    -3.128666e-06    3.419283e-07    2.703366e-08
1.093041e-07    3.78293e-07    4.859507e-08    -2.240176e-07    -1.511685e-07    -2.512127e-07    1.592949e-07    3.771455e-07    -3.141934e-08    -1.233948e-07    1.062958e-08    2.022647e-07    2.648812e-07    6.341617e-08    -2.445882e-07    -1.700594e-07    8.750881e-09    -1.923774e-07    -1.753488e-07    3.143534e-07    -2.010048e-07    5.097023e-06    -1.304585e-06    -3.029647e-06    9.681869e-07
-2.146793e-07    6.960446e-08    3.667459e-07    5.464887e-08    -1.698189e-07    1.357673e-08    2.830654e-07    1.532002e-07    -1.444657e-07    -1.492196e-07    -1.802539e-08    3.570791e-07    2.592284e-07    -5.725336e-08    -3.20313e-07    -2.17942e-07    8.336568e-09    -8.534001e-08    -2.89502e-07    3.062847e-07    -3.128666e-06    -1.304585e-06    5.264917e-06    -8.953145e-08    -1.682977e-06
-5.531162e-08    -2.515461e-07    -4.743136e-08    2.897717e-07    1.064929e-07    2.622811e-07    -1.051099e-07    -2.067375e-07    5.386535e-08    -1.05896e-07    1.021808e-07    -1.365025e-07    -8.526991e-08    1.186995e-07    -2.807546e-08    4.380637e-07    -3.571952e-07    -2.992111e-07    2.968903e-07    -1.2621e-07    3.419283e-07    -3.029647e-06    -8.953145e-08    4.412261e-06    -1.565472e-06
-1.050579e-07    -6.809382e-08    -9.389577e-08    8.687698e-09    2.786621e-07    -3.892938e-08    -6.424662e-08    -8.409384e-08    -7.544913e-08    -8.90377e-09    -6.929427e-08    -9.296903e-08    -1.629667e-07    -1.598682e-07    3.208593e-07    -1.166888e-07    4.331639e-07    2.780413e-07    -1.634487e-07    -1.652033e-07    2.703366e-08    9.681869e-07    -1.682977e-06    -1.565472e-06    2.880845e-06
