5.703121e-06    -2.34857e-07    -3.620678e-06    -4.919708e-07    2.5232e-08    5.919013e-07    -5.579056e-07    -5.546793e-07    4.949413e-07    2.416044e-08    -4.822607e-08    -7.648346e-08    -4.573672e-08    -2.238256e-08    8.128084e-08    4.996768e-07    9.104961e-08    -3.357648e-07    8.084479e-08    -1.328057e-07    2.787638e-07    -1.48126e-07    -2.502251e-08    1.56569e-07    -9.533123e-08    6.364567e-07    -5.181121e-07    -4.738365e-07    6.030892e-07    -1.11557e-07
-2.34857e-07    3.926806e-06    -1.002308e-07    -2.260295e-06    3.949029e-07    -3.470007e-07    -1.071504e-07    -5.163364e-08    -2.524917e-07    3.763251e-07    3.867403e-08    -2.177342e-08    -1.05532e-07    -6.874889e-08    1.033929e-07    -3.86392e-08    6.518439e-07    1.243227e-07    -3.972634e-07    -5.544073e-08    -3.648849e-07    4.904795e-07    5.152375e-07    -3.731546e-07    -1.133111e-07    -2.622021e-07    -1.172988e-07    -1.696303e-07    -3.127537e-07    4.482704e-07
-3.620678e-06    -1.002308e-07    4.598383e-06    1.814464e-07    -1.238884e-06    -5.261666e-07    8.155017e-08    8.891955e-08    -4.91925e-07    3.972271e-07    2.522092e-08    1.149484e-08    2.922321e-08    2.390131e-09    -5.577892e-08    -3.444844e-07    2.650413e-07    5.913421e-07    -2.652693e-07    -1.947615e-07    -3.34706e-07    3.060811e-07    3.750993e-07    -1.094011e-07    -1.646504e-07    -3.536505e-07    -8.414165e-08    -9.873279e-08    -3.175568e-07    3.900733e-07
-4.919708e-07    -2.260295e-06    1.814464e-07    3.965647e-06    -1.309077e-06    2.125157e-07    -3.955481e-07    -3.970713e-07    2.559397e-07    1.553612e-07    2.102067e-08    3.816003e-08    1.634311e-08    1.404771e-08    -9.253922e-08    2.493853e-08    -2.701905e-07    2.322114e-07    4.741699e-07    -3.029323e-07    3.111832e-07    -5.040095e-08    -2.473955e-07    1.188977e-07    -1.068106e-07    4.048102e-07    -3.31628e-07    -3.18429e-07    3.47794e-07    -6.723647e-08
2.5232e-08    3.949029e-07    -1.238884e-06    -1.309077e-06    3.231137e-06    7.95194e-08    3.052964e-07    3.349102e-07    1.18905e-07    -4.062504e-07    2.398338e-08    1.722127e-08    -4.4265e-08    2.509575e-08    7.985544e-08    -1.993957e-08    -2.340972e-07    -4.087796e-07    9.811887e-08    6.216801e-07    -2.601392e-08    -2.133641e-07    -1.802064e-07    1.372431e-10    2.24923e-07    -1.728796e-07    4.230372e-07    4.041347e-07    -1.455827e-07    -2.257634e-07
5.919013e-07    -3.470007e-07    -5.261666e-07    2.125157e-07    7.95194e-08    3.924155e-06    -1.684096e-07    -2.334304e-06    -5.472707e-07    7.053083e-08    5.37549e-08    4.684085e-08    -6.395567e-08    -3.163316e-08    1.266577e-07    4.137879e-07    -3.793893e-07    -3.076524e-07    4.480167e-07    -6.516993e-08    2.021588e-07    -1.433344e-07    -1.608733e-07    1.831144e-07    -4.860266e-08    3.345986e-07    1.093041e-07    -2.146793e-07    -5.531162e-08    -1.050579e-07
-5.579056e-07    -1.071504e-07    8.155017e-08    -3.955481e-07    3.052964e-07    -1.684096e-07    3.96229e-06    -4.396727e-07    -2.460379e-06    2.04513e-07    -9.127783e-09    -5.681649e-08    -2.458543e-08    2.863088e-08    9.240912e-08    -2.86274e-07    -1.178369e-07    -1.539059e-07    -2.58246e-07    3.645716e-07    -2.944964e-07    1.881857e-07    3.220205e-07    -1.501064e-07    -3.120742e-08    -7.097241e-08    3.78293e-07    6.960446e-08    -2.515461e-07    -6.809382e-08
-5.546793e-07    -5.163364e-08    8.891955e-08    -3.970713e-07    3.349102e-07    -2.334304e-06    -4.396727e-07    3.884889e-06    -1.64963e-07    -1.149445e-06    -8.166076e-08    -1.104766e-08    1.100237e-07    5.360254e-08    -7.162231e-08    -1.953923e-07    -1.701021e-07    -2.76104e-07    -3.439434e-07    5.204444e-07    -2.160932e-07    2.42181e-07    2.554112e-07    -1.049157e-07    -1.018603e-07    -2.479298e-07    4.859507e-08    3.667459e-07    -4.743136e-08    -9.389577e-08
4.949413e-07    -2.524917e-07    -4.91925e-07    2.559397e-07    1.18905e-07    -5.472707e-07    -2.460379e-06    -1.64963e-07    4.069895e-06    -9.110307e-07    -2.585033e-09    2.231243e-08    2.021839e-08    1.807402e-08    -1.639863e-07    3.924594e-07    -3.905349e-07    -3.477401e-07    4.960022e-07    -7.450748e-08    2.100259e-07    -3.196589e-08    -6.276256e-08    3.905906e-08    -4.138461e-08    -4.44096e-08    -2.240176e-07    5.464887e-08    2.897717e-07    8.687698e-09
2.416044e-08    3.763251e-07    3.972271e-07    1.553612e-07    -4.062504e-07    7.053083e-08    2.04513e-07    -1.149445e-06    -9.110307e-07    2.400727e-06    1.797764e-07    2.616918e-08    -1.046644e-07    -1.68396e-07    -1.297441e-07    -1.447357e-07    5.371253e-07    5.033019e-07    -1.876238e-07    -3.281473e-07    6.572447e-08    -1.767035e-07    -1.741405e-07    3.502023e-08    8.227629e-08    -2.471589e-08    -1.511685e-07    -1.698189e-07    1.064929e-07    2.786621e-07
-4.822607e-08    3.867403e-08    2.522092e-08    2.102067e-08    2.398338e-08    5.37549e-08    -9.127783e-09    -8.166076e-08    -2.585033e-09    1.797764e-07    4.031233e-06    -1.349133e-07    -2.383666e-06    -5.92292e-07    8.958909e-09    2.974338e-07    -3.580415e-07    -2.358462e-07    4.278742e-07    -8.74682e-08    1.275874e-07    -5.3068e-08    8.637599e-08    7.782073e-08    -8.228944e-08    5.460638e-08    -2.512127e-07    1.357673e-08    2.622811e-07    -3.892938e-08
-7.648346e-08    -2.177342e-08    1.149484e-08    3.816003e-08    1.722127e-08    4.684085e-08    -5.681649e-08    -1.104766e-08    2.231243e-08    2.616918e-08    -1.349133e-07    3.917273e-06    -3.736174e-07    -2.365704e-06    1.450855e-07    -3.202825e-07    -1.441681e-07    -3.159291e-07    -1.958117e-07    5.852157e-07    -1.225449e-07    2.070728e-07    2.558935e-07    -9.758748e-08    -1.116133e-07    -2.357639e-07    1.592949e-07    2.830654e-07    -1.051099e-07    -6.424662e-08
-4.573672e-08    -1.05532e-07    2.922321e-08    1.634311e-08    -4.4265e-08    -6.395567e-08    -2.458543e-08    1.100237e-07    2.021839e-08    -1.046644e-07    -2.383666e-06    -3.736174e-07    3.896848e-06    -1.752482e-07    -1.137147e-06    -2.760479e-07    -1.361165e-07    -1.892761e-07    -3.459638e-07    4.989891e-07    -1.931782e-07    2.328468e-07    1.672111e-07    -1.469752e-07    -4.919434e-08    -1.404526e-07    3.771455e-07    1.532002e-07    -2.067375e-07    -8.409384e-08
-2.238256e-08    -6.874889e-08    2.390131e-09    1.404771e-08    2.509575e-08    -3.163316e-08    2.863088e-08    5.360254e-08    1.807402e-08    -1.68396e-07    -5.92292e-07    -2.365704e-06    -1.752482e-07    3.976115e-06    -9.157032e-07    4.146288e-07    -4.230453e-07    -2.15227e-07    4.482495e-07    -2.327504e-07    8.954338e-08    -1.462102e-08    -1.477693e-07    7.378019e-08    -2.603306e-08    2.365975e-07    -3.141934e-08    -1.444657e-07    5.386535e-08    -7.544913e-08
8.128084e-08    1.033929e-07    -5.577892e-08    -9.253922e-08    7.985544e-08    1.266577e-07    9.240912e-08    -7.162231e-08    -1.639863e-07    -1.297441e-07    8.958909e-09    1.450855e-07    -1.137147e-06    -9.157032e-07    2.505312e-06    -5.981022e-08    5.629415e-07    4.574815e-07    -1.357303e-07    -3.516837e-07    2.408577e-08    -1.993573e-07    -1.477898e-07    5.763309e-08    1.675219e-07    9.43237e-08    -1.233948e-07    -1.492196e-07    -1.05896e-07    -8.90377e-09
4.996768e-07    -3.86392e-08    -3.444844e-07    2.493853e-08    -1.993957e-08    4.137879e-07    -2.86274e-07    -1.953923e-07    3.924594e-07    -1.447357e-07    2.974338e-07    -3.202825e-07    -2.760479e-07    4.146288e-07    -5.981022e-08    5.089656e-06    1.888015e-07    -3.277961e-06    8.594094e-08    -2.952586e-07    4.001109e-07    -2.429236e-07    -4.183064e-07    2.397027e-07    -1.322945e-08    3.07919e-07    -4.094813e-07    -2.933214e-07    4.298619e-07    -6.852064e-08
9.104961e-08    6.518439e-07    2.650413e-07    -2.701905e-07    -2.340972e-07    -3.793893e-07    -1.178369e-07    -1.701021e-07    -3.905349e-07    5.371253e-07    -3.580415e-07    -1.441681e-07    -1.361165e-07    -4.230453e-07    5.629415e-07    1.888015e-07    6.066389e-06    -1.616651e-06    -3.337731e-06    1.28354e-06    -4.079309e-07    1.563053e-07    1.541978e-07    -3.36482e-07    1.681724e-07    -3.380692e-07    2.058599e-09    5.202974e-08    -3.551964e-07    3.005822e-07
-3.357648e-07    1.243227e-07    5.913421e-07    2.322114e-07    -4.087796e-07    -3.076524e-07    -1.539059e-07    -2.76104e-07    -3.477401e-07    5.033019e-07    -2.358462e-07    -3.159291e-07    -1.892761e-07    -2.15227e-07    4.574815e-07    -3.277961e-06    -1.616651e-06    5.880102e-06    2.169844e-07    -2.446277e-06    -3.552645e-07    -2.936474e-08    1.959967e-07    -2.013879e-07    2.283394e-07    -1.617449e-07    4.349454e-08    -1.083518e-07    -3.685502e-07    3.627597e-07
8.084479e-08    -3.972634e-07    -2.652693e-07    4.741699e-07    9.811887e-08    4.480167e-07    -2.58246e-07    -3.439434e-07    4.960022e-07    -1.876238e-07    4.278742e-07    -1.958117e-07    -3.459638e-07    4.482495e-07    -1.357303e-07    8.594094e-08    -3.337731e-06    2.169844e-07    5.069693e-06    -1.798967e-06    4.227855e-07    -3.109816e-07    -4.729755e-07    3.231611e-07    4.568306e-08    3.425619e-07    -2.605741e-07    -3.186429e-07    3.015714e-07    -3.743861e-08
-1.328057e-07    -5.544073e-08    -1.947615e-07    -3.029323e-07    6.216801e-07    -6.516993e-08    3.645716e-07    5.204444e-07    -7.450748e-08    -3.281473e-07    -8.74682e-08    5.852157e-07    4.989891e-07    -2.327504e-07    -3.516837e-07    -2.952586e-07    1.28354e-06    -2.446277e-06    -1.798967e-06    4.716638e-06    -8.331058e-08    2.855226e-07    3.268469e-07    -8.788911e-08    -2.282231e-07    -1.913528e-07    3.261555e-07    4.180849e-07    -8.291039e-08    -2.600995e-07
2.787638e-07    -3.648849e-07    -3.34706e-07    3.111832e-07    -2.601392e-08    2.021588e-07    -2.944964e-07    -2.160932e-07    2.100259e-07    6.572447e-08    1.275874e-07    -1.225449e-07    -1.931782e-07    8.954338e-08    2.408577e-08    4.001109e-07    -4.079309e-07    -3.552645e-07    4.227855e-07    -8.331058e-08    5.688819e-06    7.011856e-10    -4.407768e-06    -3.903071e-07    1.419384e-07    3.370092e-07    -1.700594e-07    -2.17942e-07    4.380637e-07    -1.166888e-07
-1.48126e-07    4.904795e-07    3.060811e-07    -5.040095e-08    -2.133641e-07    -1.433344e-07    1.881857e-07    2.42181e-07    -3.196589e-08    -1.767035e-07    -5.3068e-08    2.070728e-07    2.328468e-07    -1.462102e-08    -1.993573e-07    -2.429236e-07    1.563053e-07    -2.936474e-08    -3.109816e-07    2.855226e-07    7.011856e-10    6.556251e-06    -1.302988e-06    -4.337485e-06    6.190545e-07    -3.55601e-07    8.750881e-09    8.336568e-09    -3.571952e-07    4.331639e-07
-2.502251e-08    5.152375e-07    3.750993e-07    -2.473955e-07    -1.802064e-07    -1.608733e-07    3.220205e-07    2.554112e-07    -6.276256e-08    -1.741405e-07    8.637599e-08    2.558935e-07    1.672111e-07    -1.477693e-07    -1.477898e-07    -4.183064e-07    1.541978e-07    1.959967e-07    -4.729755e-07    3.268469e-07    -4.407768e-06    -1.302988e-06    6.599799e-06    9.317883e-08    -1.536047e-06    -2.387522e-07    -1.923774e-07    -8.534001e-08    -2.992111e-07    2.780413e-07
1.56569e-07    -3.731546e-07    -1.094011e-07    1.188977e-07    1.372431e-10    1.831144e-07    -1.501064e-07    -1.049157e-07    3.905906e-08    3.502023e-08    7.782073e-08    -9.758748e-08    -1.469752e-07    7.378019e-08    5.763309e-08    2.397027e-07    -3.36482e-07    -2.013879e-07    3.231611e-07    -8.788911e-08    -3.903071e-07    -4.337485e-06    9.317883e-08    5.633031e-06    -1.088318e-06    4.109721e-07    -1.753488e-07    -2.89502e-07    2.968903e-07    -1.634487e-07
-9.533123e-08    -1.133111e-07    -1.646504e-07    -1.068106e-07    2.24923e-07    -4.860266e-08    -3.120742e-08    -1.018603e-07    -4.138461e-08    8.227629e-08    -8.228944e-08    -1.116133e-07    -4.919434e-08    -2.603306e-08    1.675219e-07    -1.322945e-08    1.681724e-07    2.283394e-07    4.568306e-08    -2.282231e-07    1.419384e-07    6.190545e-07    -1.536047e-06    -1.088318e-06    2.336119e-06    -7.189419e-08    3.143534e-07    3.062847e-07    -1.2621e-07    -1.652033e-07
6.364567e-07    -2.622021e-07    -3.536505e-07    4.048102e-07    -1.728796e-07    3.345986e-07    -7.097241e-08    -2.479298e-07    -4.44096e-08    -2.471589e-08    5.460638e-08    -2.357639e-07    -1.404526e-07    2.365975e-07    9.43237e-08    3.07919e-07    -3.380692e-07    -1.617449e-07    3.425619e-07    -1.913528e-07    3.370092e-07    -3.55601e-07    -2.387522e-07    4.109721e-07    -7.189419e-08    4.450782e-06    -2.010048e-07    -3.128666e-06    3.419283e-07    2.703366e-08
-5.181121e-07    -1.172988e-07    -8.414165e-08    -3.31628e-07    4.230372e-07    1.093041e-07    3.78293e-07    4.859507e-08    -2.240176e-07    -1.511685e-07    -2.512127e-07    1.592949e-07    3.771455e-07    -3.141934e-08    -1.233948e-07    -4.094813e-07    2.058599e-09    4.349454e-08    -2.605741e-07    3.261555e-07    -1.700594e-07    8.750881e-09    -1.923774e-07    -1.753488e-07    3.143534e-07    -2.010048e-07    5.097023e-06    -1.304585e-06    -3.029647e-06    9.681869e-07
-4.738365e-07    -1.696303e-07    -9.873279e-08    -3.18429e-07    4.041347e-07    -2.146793e-07    6.960446e-08    3.667459e-07    5.464887e-08    -1.698189e-07    1.357673e-08    2.830654e-07    1.532002e-07    -1.444657e-07    -1.492196e-07    -2.933214e-07    5.202974e-08    -1.083518e-07    -3.186429e-07    4.180849e-07    -2.17942e-07    8.336568e-09    -8.534001e-08    -2.89502e-07    3.062847e-07    -3.128666e-06    -1.304585e-06    5.264917e-06    -8.953145e-08    -1.682977e-06
6.030892e-07    -3.127537e-07    -3.175568e-07    3.47794e-07    -1.455827e-07    -5.531162e-08    -2.515461e-07    -4.743136e-08    2.897717e-07    1.064929e-07    2.622811e-07    -1.051099e-07    -2.067375e-07    5.386535e-08    -1.05896e-07    4.298619e-07    -3.551964e-07    -3.685502e-07    3.015714e-07    -8.291039e-08    4.380637e-07    -3.571952e-07    -2.992111e-07    2.968903e-07    -1.2621e-07    3.419283e-07    -3.029647e-06    -8.953145e-08    4.412261e-06    -1.565472e-06
-1.11557e-07    4.482704e-07    3.900733e-07    -6.723647e-08    -2.257634e-07    -1.050579e-07    -6.809382e-08    -9.389577e-08    8.687698e-09    2.786621e-07    -3.892938e-08    -6.424662e-08    -8.409384e-08    -7.544913e-08    -8.90377e-09    -6.852064e-08    3.005822e-07    3.627597e-07    -3.743861e-08    -2.600995e-07    -1.166888e-07    4.331639e-07    2.780413e-07    -1.634487e-07    -1.652033e-07    2.703366e-08    9.681869e-07    -1.682977e-06    -1.565472e-06    2.880845e-06
