4.031233e-06    -1.349133e-07    -2.383666e-06    -5.92292e-07    8.958909e-09    1.275874e-07    -5.3068e-08    8.637599e-08    7.782073e-08    -8.228944e-08    5.460638e-08    -2.512127e-07    1.357673e-08    2.622811e-07    -3.892938e-08
-1.349133e-07    3.917273e-06    -3.736174e-07    -2.365704e-06    1.450855e-07    -1.225449e-07    2.070728e-07    2.558935e-07    -9.758748e-08    -1.116133e-07    -2.357639e-07    1.592949e-07    2.830654e-07    -1.051099e-07    -6.424662e-08
-2.383666e-06    -3.736174e-07    3.896848e-06    -1.752482e-07    -1.137147e-06    -1.931782e-07    2.328468e-07    1.672111e-07    -1.469752e-07    -4.919434e-08    -1.404526e-07    3.771455e-07    1.532002e-07    -2.067375e-07    -8.409384e-08
-5.92292e-07    -2.365704e-06    -1.752482e-07    3.976115e-06    -9.157032e-07    8.954338e-08    -1.462102e-08    -1.477693e-07    7.378019e-08    -2.603306e-08    2.365975e-07    -3.141934e-08    -1.444657e-07    5.386535e-08    -7.544913e-08
8.958909e-09    1.450855e-07    -1.137147e-06    -9.157032e-07    2.505312e-06    2.408577e-08    -1.993573e-07    -1.477898e-07    5.763309e-08    1.675219e-07    9.43237e-08    -1.233948e-07    -1.492196e-07    -1.05896e-07    -8.90377e-09
1.275874e-07    -1.225449e-07    -1.931782e-07    8.954338e-08    2.408577e-08    5.688819e-06    7.011856e-10    -4.407768e-06    -3.903071e-07    1.419384e-07    3.370092e-07    -1.700594e-07    -2.17942e-07    4.380637e-07    -1.166888e-07
-5.3068e-08    2.070728e-07    2.328468e-07    -1.462102e-08    -1.993573e-07    7.011856e-10    6.556251e-06    -1.302988e-06    -4.337485e-06    6.190545e-07    -3.55601e-07    8.750881e-09    8.336568e-09    -3.571952e-07    4.331639e-07
8.637599e-08    2.558935e-07    1.672111e-07    -1.477693e-07    -1.477898e-07    -4.407768e-06    -1.302988e-06    6.599799e-06    9.317883e-08    -1.536047e-06    -2.387522e-07    -1.923774e-07    -8.534001e-08    -2.992111e-07    2.780413e-07
7.782073e-08    -9.758748e-08    -1.469752e-07    7.378019e-08    5.763309e-08    -3.903071e-07    -4.337485e-06    9.317883e-08    5.633031e-06    -1.088318e-06    4.109721e-07    -1.753488e-07    -2.89502e-07    2.968903e-07    -1.634487e-07
-8.228944e-08    -1.116133e-07    -4.919434e-08    -2.603306e-08    1.675219e-07    1.419384e-07    6.190545e-07    -1.536047e-06    -1.088318e-06    2.336119e-06    -7.189419e-08    3.143534e-07    3.062847e-07    -1.2621e-07    -1.652033e-07
5.460638e-08    -2.357639e-07    -1.404526e-07    2.365975e-07    9.43237e-08    3.370092e-07    -3.55601e-07    -2.387522e-07    4.109721e-07    -7.189419e-08    4.450782e-06    -2.010048e-07    -3.128666e-06    3.419283e-07    2.703366e-08
-2.512127e-07    1.592949e-07    3.771455e-07    -3.141934e-08    -1.233948e-07    -1.700594e-07    8.750881e-09    -1.923774e-07    -1.753488e-07    3.143534e-07    -2.010048e-07    5.097023e-06    -1.304585e-06    -3.029647e-06    9.681869e-07
1.357673e-08    2.830654e-07    1.532002e-07    -1.444657e-07    -1.492196e-07    -2.17942e-07    8.336568e-09    -8.534001e-08    -2.89502e-07    3.062847e-07    -3.128666e-06    -1.304585e-06    5.264917e-06    -8.953145e-08    -1.682977e-06
2.622811e-07    -1.051099e-07    -2.067375e-07    5.386535e-08    -1.05896e-07    4.380637e-07    -3.571952e-07    -2.992111e-07    2.968903e-07    -1.2621e-07    3.419283e-07    -3.029647e-06    -8.953145e-08    4.412261e-06    -1.565472e-06
-3.892938e-08    -6.424662e-08    -8.409384e-08    -7.544913e-08    -8.90377e-09    -1.166888e-07    4.331639e-07    2.780413e-07    -1.634487e-07    -1.652033e-07    2.703366e-08    9.681869e-07    -1.682977e-06    -1.565472e-06    2.880845e-06
