3.924155e-06    -1.684096e-07    -2.334304e-06    -5.472707e-07    7.053083e-08    5.37549e-08    4.684085e-08    -6.395567e-08    -3.163316e-08    1.266577e-07    1.523867e-08    6.564661e-08    -5.721442e-08    5.994832e-09    3.115102e-08    2.021588e-07    -1.433344e-07    -1.608733e-07    1.831144e-07    -4.860266e-08    3.345986e-07    1.093041e-07    -2.146793e-07    -5.531162e-08    -1.050579e-07
-1.684096e-07    3.96229e-06    -4.396727e-07    -2.460379e-06    2.04513e-07    -9.127783e-09    -5.681649e-08    -2.458543e-08    2.863088e-08    9.240912e-08    -1.424133e-08    -4.19507e-08    1.246925e-12    4.073681e-08    -4.018821e-08    -2.944964e-07    1.881857e-07    3.220205e-07    -1.501064e-07    -3.120742e-08    -7.097241e-08    3.78293e-07    6.960446e-08    -2.515461e-07    -6.809382e-08
-2.334304e-06    -4.396727e-07    3.884889e-06    -1.64963e-07    -1.149445e-06    -8.166076e-08    -1.104766e-08    1.100237e-07    5.360254e-08    -7.162231e-08    1.926213e-08    -9.074115e-08    -4.661128e-08    -4.580476e-08    4.946707e-08    -2.160932e-07    2.42181e-07    2.554112e-07    -1.049157e-07    -1.018603e-07    -2.479298e-07    4.859507e-08    3.667459e-07    -4.743136e-08    -9.389577e-08
-5.472707e-07    -2.460379e-06    -1.64963e-07    4.069895e-06    -9.110307e-07    -2.585033e-09    2.231243e-08    2.021839e-08    1.807402e-08    -1.639863e-07    -1.412085e-08    7.872605e-08    8.142852e-09    -9.234962e-08    5.006839e-08    2.100259e-07    -3.196589e-08    -6.276256e-08    3.905906e-08    -4.138461e-08    -4.44096e-08    -2.240176e-07    5.464887e-08    2.897717e-07    8.687698e-09
7.053083e-08    2.04513e-07    -1.149445e-06    -9.110307e-07    2.400727e-06    1.797764e-07    2.616918e-08    -1.046644e-07    -1.68396e-07    -1.297441e-07    2.040146e-08    -8.791382e-09    4.551899e-08    3.159959e-08    -9.062101e-08    6.572447e-08    -1.767035e-07    -1.741405e-07    3.502023e-08    8.227629e-08    -2.471589e-08    -1.511685e-07    -1.698189e-07    1.064929e-07    2.786621e-07
5.37549e-08    -9.127783e-09    -8.166076e-08    -2.585033e-09    1.797764e-07    4.031233e-06    -1.349133e-07    -2.383666e-06    -5.92292e-07    8.958909e-09    3.845021e-07    -3.733791e-07    -4.040659e-07    3.992731e-07    -1.535542e-09    1.275874e-07    -5.3068e-08    8.637599e-08    7.782073e-08    -8.228944e-08    5.460638e-08    -2.512127e-07    1.357673e-08    2.622811e-07    -3.892938e-08
4.684085e-08    -5.681649e-08    -1.104766e-08    2.231243e-08    2.616918e-08    -1.349133e-07    3.917273e-06    -3.736174e-07    -2.365704e-06    1.450855e-07    -4.736592e-07    -1.550912e-08    -3.776276e-08    -4.685313e-07    4.683997e-07    -1.225449e-07    2.070728e-07    2.558935e-07    -9.758748e-08    -1.116133e-07    -2.357639e-07    1.592949e-07    2.830654e-07    -1.051099e-07    -6.424662e-08
-6.395567e-08    -2.458543e-08    1.100237e-07    2.021839e-08    -1.046644e-07    -2.383666e-06    -3.736174e-07    3.896848e-06    -1.752482e-07    -1.137147e-06    -4.344421e-07    1.203519e-07    -3.358386e-08    -5.980366e-07    5.795268e-07    -1.931782e-07    2.328468e-07    1.672111e-07    -1.469752e-07    -4.919434e-08    -1.404526e-07    3.771455e-07    1.532002e-07    -2.067375e-07    -8.409384e-08
-3.163316e-08    2.863088e-08    5.360254e-08    1.807402e-08    -1.68396e-07    -5.92292e-07    -2.365704e-06    -1.752482e-07    3.976115e-06    -9.157032e-07    3.763331e-07    -4.088919e-07    -3.745649e-07    4.106058e-07    -1.230311e-08    8.954338e-08    -1.462102e-08    -1.477693e-07    7.378019e-08    -2.603306e-08    2.365975e-07    -3.141934e-08    -1.444657e-07    5.386535e-08    -7.544913e-08
1.266577e-07    9.240912e-08    -7.162231e-08    -1.639863e-07    -1.297441e-07    8.958909e-09    1.450855e-07    -1.137147e-06    -9.157032e-07    2.505312e-06    4.987586e-08    3.197776e-07    4.201274e-07    2.040682e-07    -5.502323e-07    2.408577e-08    -1.993573e-07    -1.477898e-07    5.763309e-08    1.675219e-07    9.43237e-08    -1.233948e-07    -1.492196e-07    -1.05896e-07    -8.90377e-09
1.523867e-08    -1.424133e-08    1.926213e-08    -1.412085e-08    2.040146e-08    3.845021e-07    -4.736592e-07    -4.344421e-07    3.763331e-07    4.987586e-08    4.633149e-06    -2.226528e-08    -2.577992e-06    -5.526539e-07    -3.784037e-08    8.207787e-08    -1.117228e-07    2.24289e-08    1.551129e-07    -8.657515e-08    4.355623e-07    -2.92045e-07    -4.277583e-07    4.093628e-07    -3.561226e-08
6.564661e-08    -4.19507e-08    -9.074115e-08    7.872605e-08    -8.791382e-09    -3.733791e-07    -1.550912e-08    1.203519e-07    -4.088919e-07    3.197776e-07    -2.226528e-08    4.314035e-06    -1.467289e-07    -2.935138e-06    3.404764e-07    -3.053819e-07    5.595152e-07    4.935745e-07    -3.605912e-07    -1.596959e-07    -2.645716e-07    -6.280989e-08    -1.518906e-07    -3.717165e-07    4.605441e-07
-5.721442e-08    1.246925e-12    -4.661128e-08    8.142852e-09    4.551899e-08    -4.040659e-07    -3.776276e-08    -3.358386e-08    -3.745649e-07    4.201274e-07    -2.577992e-06    -1.467289e-07    3.894266e-06    -7.059169e-08    -1.365414e-06    -1.850646e-07    3.568694e-07    2.841349e-07    -2.218363e-07    -9.074469e-08    -2.23685e-07    -2.143566e-07    -1.091695e-07    -2.694039e-07    3.866626e-07
5.994832e-09    4.073681e-08    -4.580476e-08    -9.234962e-08    3.159959e-08    3.992731e-07    -4.685313e-07    -5.980366e-07    4.106058e-07    2.040682e-07    -5.526539e-07    -2.935138e-06    -7.059169e-08    4.830318e-06    -1.433847e-06    2.7083e-07    -2.707613e-07    -2.318587e-07    3.043667e-07    -5.309303e-08    4.961483e-07    -4.289631e-07    -4.104387e-07    5.088352e-07    -1.237144e-07
3.115102e-08    -4.018821e-08    4.946707e-08    5.006839e-08    -9.062101e-08    -1.535542e-09    4.683997e-07    5.795268e-07    -1.230311e-08    -5.502323e-07    -3.784037e-08    3.404764e-07    -1.365414e-06    -1.433847e-06    3.642288e-06    8.087496e-08    -1.922144e-07    -3.193283e-07    -1.244517e-08    2.304346e-07    -2.158069e-07    5.564476e-07    5.62881e-07    -1.4952e-07    -3.552172e-07
2.021588e-07    -2.944964e-07    -2.160932e-07    2.100259e-07    6.572447e-08    1.275874e-07    -1.225449e-07    -1.931782e-07    8.954338e-08    2.408577e-08    8.207787e-08    -3.053819e-07    -1.850646e-07    2.7083e-07    8.087496e-08    5.688819e-06    7.011856e-10    -4.407768e-06    -3.903071e-07    1.419384e-07    3.370092e-07    -1.700594e-07    -2.17942e-07    4.380637e-07    -1.166888e-07
-1.433344e-07    1.881857e-07    2.42181e-07    -3.196589e-08    -1.767035e-07    -5.3068e-08    2.070728e-07    2.328468e-07    -1.462102e-08    -1.993573e-07    -1.117228e-07    5.595152e-07    3.568694e-07    -2.707613e-07    -1.922144e-07    7.011856e-10    6.556251e-06    -1.302988e-06    -4.337485e-06    6.190545e-07    -3.55601e-07    8.750881e-09    8.336568e-09    -3.571952e-07    4.331639e-07
-1.608733e-07    3.220205e-07    2.554112e-07    -6.276256e-08    -1.741405e-07    8.637599e-08    2.558935e-07    1.672111e-07    -1.477693e-07    -1.477898e-07    2.24289e-08    4.935745e-07    2.841349e-07    -2.318587e-07    -3.193283e-07    -4.407768e-06    -1.302988e-06    6.599799e-06    9.317883e-08    -1.536047e-06    -2.387522e-07    -1.923774e-07    -8.534001e-08    -2.992111e-07    2.780413e-07
1.831144e-07    -1.501064e-07    -1.049157e-07    3.905906e-08    3.502023e-08    7.782073e-08    -9.758748e-08    -1.469752e-07    7.378019e-08    5.763309e-08    1.551129e-07    -3.605912e-07    -2.218363e-07    3.043667e-07    -1.244517e-08    -3.903071e-07    -4.337485e-06    9.317883e-08    5.633031e-06    -1.088318e-06    4.109721e-07    -1.753488e-07    -2.89502e-07    2.968903e-07    -1.634487e-07
-4.860266e-08    -3.120742e-08    -1.018603e-07    -4.138461e-08    8.227629e-08    -8.228944e-08    -1.116133e-07    -4.919434e-08    -2.603306e-08    1.675219e-07    -8.657515e-08    -1.596959e-07    -9.074469e-08    -5.309303e-08    2.304346e-07    1.419384e-07    6.190545e-07    -1.536047e-06    -1.088318e-06    2.336119e-06    -7.189419e-08    3.143534e-07    3.062847e-07    -1.2621e-07    -1.652033e-07
3.345986e-07    -7.097241e-08    -2.479298e-07    -4.44096e-08    -2.471589e-08    5.460638e-08    -2.357639e-07    -1.404526e-07    2.365975e-07    9.43237e-08    4.355623e-07    -2.645716e-07    -2.23685e-07    4.961483e-07    -2.158069e-07    3.370092e-07    -3.55601e-07    -2.387522e-07    4.109721e-07    -7.189419e-08    4.450782e-06    -2.010048e-07    -3.128666e-06    3.419283e-07    2.703366e-08
1.093041e-07    3.78293e-07    4.859507e-08    -2.240176e-07    -1.511685e-07    -2.512127e-07    1.592949e-07    3.771455e-07    -3.141934e-08    -1.233948e-07    -2.92045e-07    -6.280989e-08    -2.143566e-07    -4.289631e-07    5.564476e-07    -1.700594e-07    8.750881e-09    -1.923774e-07    -1.753488e-07    3.143534e-07    -2.010048e-07    5.097023e-06    -1.304585e-06    -3.029647e-06    9.681869e-07
-2.146793e-07    6.960446e-08    3.667459e-07    5.464887e-08    -1.698189e-07    1.357673e-08    2.830654e-07    1.532002e-07    -1.444657e-07    -1.492196e-07    -4.277583e-07    -1.518906e-07    -1.091695e-07    -4.104387e-07    5.62881e-07    -2.17942e-07    8.336568e-09    -8.534001e-08    -2.89502e-07    3.062847e-07    -3.128666e-06    -1.304585e-06    5.264917e-06    -8.953145e-08    -1.682977e-06
-5.531162e-08    -2.515461e-07    -4.743136e-08    2.897717e-07    1.064929e-07    2.622811e-07    -1.051099e-07    -2.067375e-07    5.386535e-08    -1.05896e-07    4.093628e-07    -3.717165e-07    -2.694039e-07    5.088352e-07    -1.4952e-07    4.380637e-07    -3.571952e-07    -2.992111e-07    2.968903e-07    -1.2621e-07    3.419283e-07    -3.029647e-06    -8.953145e-08    4.412261e-06    -1.565472e-06
-1.050579e-07    -6.809382e-08    -9.389577e-08    8.687698e-09    2.786621e-07    -3.892938e-08    -6.424662e-08    -8.409384e-08    -7.544913e-08    -8.90377e-09    -3.561226e-08    4.605441e-07    3.866626e-07    -1.237144e-07    -3.552172e-07    -1.166888e-07    4.331639e-07    2.780413e-07    -1.634487e-07    -1.652033e-07    2.703366e-08    9.681869e-07    -1.682977e-06    -1.565472e-06    2.880845e-06
