4.725822e-06    -2.000979e-07    -2.906086e-06    -4.483164e-07    1.731308e-07    2.266141e-07    -1.027954e-07    -1.234467e-07    1.572515e-07    -7.592079e-08    5.414115e-07    -3.977277e-07    -3.535355e-07    4.894915e-07    -1.74054e-07
-2.000979e-07    3.915343e-06    -1.885232e-07    -2.538816e-06    3.615295e-07    -3.795119e-07    3.505664e-07    4.697218e-07    -2.177967e-07    -1.250377e-07    -2.966925e-07    -1.094312e-07    -8.343532e-08    -2.908946e-07    3.337799e-07
-2.906086e-06    -1.885232e-07    4.379507e-06    3.138876e-09    -1.650605e-06    -3.136321e-07    4.365302e-07    4.383651e-07    -2.646849e-07    -1.486366e-07    -2.811261e-07    -1.038279e-07    -1.984657e-07    -3.113226e-07    4.867606e-07
-4.483164e-07    -2.538816e-06    3.138876e-09    4.626585e-06    -1.536757e-06    3.621246e-07    -1.011847e-07    -1.70828e-07    1.316952e-07    -1.271427e-07    4.574187e-07    -4.395301e-07    -4.14591e-07    4.384289e-07    8.833816e-09
1.731308e-07    3.615295e-07    -1.650605e-06    -1.536757e-06    3.862514e-06    8.998658e-08    -3.475015e-07    -3.065823e-07    1.188155e-07    2.270804e-07    -1.671471e-07    5.125826e-07    4.847047e-07    -1.297208e-07    -3.525961e-07
2.266141e-07    -3.795119e-07    -3.136321e-07    3.621246e-07    8.998658e-08    5.688819e-06    7.011856e-10    -4.407768e-06    -3.903071e-07    1.419384e-07    3.370092e-07    -1.700594e-07    -2.17942e-07    4.380637e-07    -1.166888e-07
-1.027954e-07    3.505664e-07    4.365302e-07    -1.011847e-07    -3.475015e-07    7.011856e-10    6.556251e-06    -1.302988e-06    -4.337485e-06    6.190545e-07    -3.55601e-07    8.750881e-09    8.336568e-09    -3.571952e-07    4.331639e-07
-1.234467e-07    4.697218e-07    4.383651e-07    -1.70828e-07    -3.065823e-07    -4.407768e-06    -1.302988e-06    6.599799e-06    9.317883e-08    -1.536047e-06    -2.387522e-07    -1.923774e-07    -8.534001e-08    -2.992111e-07    2.780413e-07
1.572515e-07    -2.177967e-07    -2.646849e-07    1.316952e-07    1.188155e-07    -3.903071e-07    -4.337485e-06    9.317883e-08    5.633031e-06    -1.088318e-06    4.109721e-07    -1.753488e-07    -2.89502e-07    2.968903e-07    -1.634487e-07
-7.592079e-08    -1.250377e-07    -1.486366e-07    -1.271427e-07    2.270804e-07    1.419384e-07    6.190545e-07    -1.536047e-06    -1.088318e-06    2.336119e-06    -7.189419e-08    3.143534e-07    3.062847e-07    -1.2621e-07    -1.652033e-07
5.414115e-07    -2.966925e-07    -2.811261e-07    4.574187e-07    -1.671471e-07    3.370092e-07    -3.55601e-07    -2.387522e-07    4.109721e-07    -7.189419e-08    4.450782e-06    -2.010048e-07    -3.128666e-06    3.419283e-07    2.703366e-08
-3.977277e-07    -1.094312e-07    -1.038279e-07    -4.395301e-07    5.125826e-07    -1.700594e-07    8.750881e-09    -1.923774e-07    -1.753488e-07    3.143534e-07    -2.010048e-07    5.097023e-06    -1.304585e-06    -3.029647e-06    9.681869e-07
-3.535355e-07    -8.343532e-08    -1.984657e-07    -4.14591e-07    4.847047e-07    -2.17942e-07    8.336568e-09    -8.534001e-08    -2.89502e-07    3.062847e-07    -3.128666e-06    -1.304585e-06    5.264917e-06    -8.953145e-08    -1.682977e-06
4.894915e-07    -2.908946e-07    -3.113226e-07    4.384289e-07    -1.297208e-07    4.380637e-07    -3.571952e-07    -2.992111e-07    2.968903e-07    -1.2621e-07    3.419283e-07    -3.029647e-06    -8.953145e-08    4.412261e-06    -1.565472e-06
-1.74054e-07    3.337799e-07    4.867606e-07    8.833816e-09    -3.525961e-07    -1.166888e-07    4.331639e-07    2.780413e-07    -1.634487e-07    -1.652033e-07    2.703366e-08    9.681869e-07    -1.682977e-06    -1.565472e-06    2.880845e-06
