1.097541e-05    1.100321e-06    -8.138657e-06    -3.203094e-07    6.647987e-08    5.376788e-07    -6.331417e-07    -5.13657e-07    5.492237e-07    6.502468e-08    4.903821e-07    -4.478387e-07    -3.68527e-07    4.183617e-07    -1.594302e-07
1.100321e-06    1.30728e-05    -3.444884e-06    -8.142735e-06    2.563034e-06    -6.682965e-07    3.563944e-07    3.458638e-07    -6.389692e-07    3.321733e-07    -5.479267e-07    3.991868e-09    2.794175e-08    -4.4522e-07    4.228179e-07
-8.138657e-06    -3.444884e-06    1.306918e-05    9.975466e-07    -5.104382e-06    -4.642069e-07    2.536201e-07    1.741851e-07    -5.13978e-07    2.40573e-07    -3.752677e-07    3.81465e-08    -4.029039e-08    -4.441351e-07    5.181916e-07
-3.203094e-07    -8.142735e-06    9.975466e-07    1.096325e-05    -3.878048e-06    7.063248e-07    -5.345053e-07    -6.163377e-07    5.223747e-07    -7.460624e-08    6.555428e-07    -5.154154e-07    -4.662214e-07    5.474601e-07    -1.107711e-07
6.647987e-08    2.563034e-06    -5.104382e-06    -3.878048e-06    8.086519e-06    -8.336922e-08    2.9678e-07    3.738129e-07    1.641303e-08    -3.14184e-07    -2.284732e-07    4.865585e-07    4.674068e-07    7.355616e-09    -4.061201e-07
5.376788e-07    -6.682965e-07    -4.642069e-07    7.063248e-07    -8.336922e-08    5.688819e-06    7.011856e-10    -4.407768e-06    -3.903071e-07    1.419384e-07    3.370092e-07    -1.700594e-07    -2.17942e-07    4.380637e-07    -1.166888e-07
-6.331417e-07    3.563944e-07    2.536201e-07    -5.345053e-07    2.9678e-07    7.011856e-10    6.556251e-06    -1.302988e-06    -4.337485e-06    6.190545e-07    -3.55601e-07    8.750881e-09    8.336568e-09    -3.571952e-07    4.331639e-07
-5.13657e-07    3.458638e-07    1.741851e-07    -6.163377e-07    3.738129e-07    -4.407768e-06    -1.302988e-06    6.599799e-06    9.317883e-08    -1.536047e-06    -2.387522e-07    -1.923774e-07    -8.534001e-08    -2.992111e-07    2.780413e-07
5.492237e-07    -6.389692e-07    -5.13978e-07    5.223747e-07    1.641303e-08    -3.903071e-07    -4.337485e-06    9.317883e-08    5.633031e-06    -1.088318e-06    4.109721e-07    -1.753488e-07    -2.89502e-07    2.968903e-07    -1.634487e-07
6.502468e-08    3.321733e-07    2.40573e-07    -7.460624e-08    -3.14184e-07    1.419384e-07    6.190545e-07    -1.536047e-06    -1.088318e-06    2.336119e-06    -7.189419e-08    3.143534e-07    3.062847e-07    -1.2621e-07    -1.652033e-07
4.903821e-07    -5.479267e-07    -3.752677e-07    6.555428e-07    -2.284732e-07    3.370092e-07    -3.55601e-07    -2.387522e-07    4.109721e-07    -7.189419e-08    4.450782e-06    -2.010048e-07    -3.128666e-06    3.419283e-07    2.703366e-08
-4.478387e-07    3.991868e-09    3.81465e-08    -5.154154e-07    4.865585e-07    -1.700594e-07    8.750881e-09    -1.923774e-07    -1.753488e-07    3.143534e-07    -2.010048e-07    5.097023e-06    -1.304585e-06    -3.029647e-06    9.681869e-07
-3.68527e-07    2.794175e-08    -4.029039e-08    -4.662214e-07    4.674068e-07    -2.17942e-07    8.336568e-09    -8.534001e-08    -2.89502e-07    3.062847e-07    -3.128666e-06    -1.304585e-06    5.264917e-06    -8.953145e-08    -1.682977e-06
4.183617e-07    -4.4522e-07    -4.441351e-07    5.474601e-07    7.355616e-09    4.380637e-07    -3.571952e-07    -2.992111e-07    2.968903e-07    -1.2621e-07    3.419283e-07    -3.029647e-06    -8.953145e-08    4.412261e-06    -1.565472e-06
-1.594302e-07    4.228179e-07    5.181916e-07    -1.107711e-07    -4.061201e-07    -1.166888e-07    4.331639e-07    2.780413e-07    -1.634487e-07    -1.652033e-07    2.703366e-08    9.681869e-07    -1.682977e-06    -1.565472e-06    2.880845e-06
