5.172255e-06    2.427888e-07    -2.809872e-06    -2.827094e-07    2.905719e-07    4.750771e-07    -4.102505e-07    -6.346538e-07    4.69145e-07    7.949777e-08    6.22716e-08    -3.283857e-08    1.621353e-08    1.758319e-07    -1.490206e-07
2.427888e-07    3.569178e-06    -4.04574e-07    -2.42069e-06    8.808811e-07    -4.380314e-08    -1.149571e-07    -2.57429e-07    -2.465709e-07    3.806081e-07    -2.28811e-07    2.998268e-07    2.786813e-07    -1.418779e-07    -9.178854e-08
-2.809872e-06    -4.04574e-07    3.938312e-06    4.107296e-07    -2.125435e-06    -1.518004e-07    -1.602782e-07    -1.255265e-07    -1.546522e-07    2.745461e-07    -6.569379e-08    2.523692e-07    2.065291e-07    -1.178563e-07    -9.048285e-08
-2.827094e-07    -2.42069e-06    4.107296e-07    5.054463e-06    -2.842432e-06    4.063289e-07    -6.545445e-07    -4.54149e-07    5.762771e-07    -5.510561e-09    1.658841e-07    -1.854516e-08    1.543255e-08    1.285654e-07    -1.224429e-07
2.905719e-07    8.808811e-07    -2.125435e-06    -2.842432e-06    6.504933e-06    -3.432047e-07    6.873594e-07    6.471897e-07    -3.172493e-07    -2.39772e-07    -1.788743e-08    -2.633531e-07    -2.114797e-07    -6.750309e-08    1.786454e-07
4.750771e-07    -4.380314e-08    -1.518004e-07    4.063289e-07    -3.432047e-07    5.688819e-06    7.011856e-10    -4.407768e-06    -3.903071e-07    1.419384e-07    3.370092e-07    -1.700594e-07    -2.17942e-07    4.380637e-07    -1.166888e-07
-4.102505e-07    -1.149571e-07    -1.602782e-07    -6.545445e-07    6.873594e-07    7.011856e-10    6.556251e-06    -1.302988e-06    -4.337485e-06    6.190545e-07    -3.55601e-07    8.750881e-09    8.336568e-09    -3.571952e-07    4.331639e-07
-6.346538e-07    -2.57429e-07    -1.255265e-07    -4.54149e-07    6.471897e-07    -4.407768e-06    -1.302988e-06    6.599799e-06    9.317883e-08    -1.536047e-06    -2.387522e-07    -1.923774e-07    -8.534001e-08    -2.992111e-07    2.780413e-07
4.69145e-07    -2.465709e-07    -1.546522e-07    5.762771e-07    -3.172493e-07    -3.903071e-07    -4.337485e-06    9.317883e-08    5.633031e-06    -1.088318e-06    4.109721e-07    -1.753488e-07    -2.89502e-07    2.968903e-07    -1.634487e-07
7.949777e-08    3.806081e-07    2.745461e-07    -5.510561e-09    -2.39772e-07    1.419384e-07    6.190545e-07    -1.536047e-06    -1.088318e-06    2.336119e-06    -7.189419e-08    3.143534e-07    3.062847e-07    -1.2621e-07    -1.652033e-07
6.22716e-08    -2.28811e-07    -6.569379e-08    1.658841e-07    -1.788743e-08    3.370092e-07    -3.55601e-07    -2.387522e-07    4.109721e-07    -7.189419e-08    4.450782e-06    -2.010048e-07    -3.128666e-06    3.419283e-07    2.703366e-08
-3.283857e-08    2.998268e-07    2.523692e-07    -1.854516e-08    -2.633531e-07    -1.700594e-07    8.750881e-09    -1.923774e-07    -1.753488e-07    3.143534e-07    -2.010048e-07    5.097023e-06    -1.304585e-06    -3.029647e-06    9.681869e-07
1.621353e-08    2.786813e-07    2.065291e-07    1.543255e-08    -2.114797e-07    -2.17942e-07    8.336568e-09    -8.534001e-08    -2.89502e-07    3.062847e-07    -3.128666e-06    -1.304585e-06    5.264917e-06    -8.953145e-08    -1.682977e-06
1.758319e-07    -1.418779e-07    -1.178563e-07    1.285654e-07    -6.750309e-08    4.380637e-07    -3.571952e-07    -2.992111e-07    2.968903e-07    -1.2621e-07    3.419283e-07    -3.029647e-06    -8.953145e-08    4.412261e-06    -1.565472e-06
-1.490206e-07    -9.178854e-08    -9.048285e-08    -1.224429e-07    1.786454e-07    -1.166888e-07    4.331639e-07    2.780413e-07    -1.634487e-07    -1.652033e-07    2.703366e-08    9.681869e-07    -1.682977e-06    -1.565472e-06    2.880845e-06
