3.924155e-06    -1.684096e-07    -2.334304e-06    -5.472707e-07    7.053083e-08    4.137879e-07    -3.793893e-07    -3.076524e-07    4.480167e-07    -6.516993e-08    2.021588e-07    -1.433344e-07    -1.608733e-07    1.831144e-07    -4.860266e-08    3.345986e-07    1.093041e-07    -2.146793e-07    -5.531162e-08    -1.050579e-07
-1.684096e-07    3.96229e-06    -4.396727e-07    -2.460379e-06    2.04513e-07    -2.86274e-07    -1.178369e-07    -1.539059e-07    -2.58246e-07    3.645716e-07    -2.944964e-07    1.881857e-07    3.220205e-07    -1.501064e-07    -3.120742e-08    -7.097241e-08    3.78293e-07    6.960446e-08    -2.515461e-07    -6.809382e-08
-2.334304e-06    -4.396727e-07    3.884889e-06    -1.64963e-07    -1.149445e-06    -1.953923e-07    -1.701021e-07    -2.76104e-07    -3.439434e-07    5.204444e-07    -2.160932e-07    2.42181e-07    2.554112e-07    -1.049157e-07    -1.018603e-07    -2.479298e-07    4.859507e-08    3.667459e-07    -4.743136e-08    -9.389577e-08
-5.472707e-07    -2.460379e-06    -1.64963e-07    4.069895e-06    -9.110307e-07    3.924594e-07    -3.905349e-07    -3.477401e-07    4.960022e-07    -7.450748e-08    2.100259e-07    -3.196589e-08    -6.276256e-08    3.905906e-08    -4.138461e-08    -4.44096e-08    -2.240176e-07    5.464887e-08    2.897717e-07    8.687698e-09
7.053083e-08    2.04513e-07    -1.149445e-06    -9.110307e-07    2.400727e-06    -1.447357e-07    5.371253e-07    5.033019e-07    -1.876238e-07    -3.281473e-07    6.572447e-08    -1.767035e-07    -1.741405e-07    3.502023e-08    8.227629e-08    -2.471589e-08    -1.511685e-07    -1.698189e-07    1.064929e-07    2.786621e-07
4.137879e-07    -2.86274e-07    -1.953923e-07    3.924594e-07    -1.447357e-07    5.089656e-06    1.888015e-07    -3.277961e-06    8.594094e-08    -2.952586e-07    4.001109e-07    -2.429236e-07    -4.183064e-07    2.397027e-07    -1.322945e-08    3.07919e-07    -4.094813e-07    -2.933214e-07    4.298619e-07    -6.852064e-08
-3.793893e-07    -1.178369e-07    -1.701021e-07    -3.905349e-07    5.371253e-07    1.888015e-07    6.066389e-06    -1.616651e-06    -3.337731e-06    1.28354e-06    -4.079309e-07    1.563053e-07    1.541978e-07    -3.36482e-07    1.681724e-07    -3.380692e-07    2.058599e-09    5.202974e-08    -3.551964e-07    3.005822e-07
-3.076524e-07    -1.539059e-07    -2.76104e-07    -3.477401e-07    5.033019e-07    -3.277961e-06    -1.616651e-06    5.880102e-06    2.169844e-07    -2.446277e-06    -3.552645e-07    -2.936474e-08    1.959967e-07    -2.013879e-07    2.283394e-07    -1.617449e-07    4.349454e-08    -1.083518e-07    -3.685502e-07    3.627597e-07
4.480167e-07    -2.58246e-07    -3.439434e-07    4.960022e-07    -1.876238e-07    8.594094e-08    -3.337731e-06    2.169844e-07    5.069693e-06    -1.798967e-06    4.227855e-07    -3.109816e-07    -4.729755e-07    3.231611e-07    4.568306e-08    3.425619e-07    -2.605741e-07    -3.186429e-07    3.015714e-07    -3.743861e-08
-6.516993e-08    3.645716e-07    5.204444e-07    -7.450748e-08    -3.281473e-07    -2.952586e-07    1.28354e-06    -2.446277e-06    -1.798967e-06    4.716638e-06    -8.331058e-08    2.855226e-07    3.268469e-07    -8.788911e-08    -2.282231e-07    -1.913528e-07    3.261555e-07    4.180849e-07    -8.291039e-08    -2.600995e-07
2.021588e-07    -2.944964e-07    -2.160932e-07    2.100259e-07    6.572447e-08    4.001109e-07    -4.079309e-07    -3.552645e-07    4.227855e-07    -8.331058e-08    5.688819e-06    7.011856e-10    -4.407768e-06    -3.903071e-07    1.419384e-07    3.370092e-07    -1.700594e-07    -2.17942e-07    4.380637e-07    -1.166888e-07
-1.433344e-07    1.881857e-07    2.42181e-07    -3.196589e-08    -1.767035e-07    -2.429236e-07    1.563053e-07    -2.936474e-08    -3.109816e-07    2.855226e-07    7.011856e-10    6.556251e-06    -1.302988e-06    -4.337485e-06    6.190545e-07    -3.55601e-07    8.750881e-09    8.336568e-09    -3.571952e-07    4.331639e-07
-1.608733e-07    3.220205e-07    2.554112e-07    -6.276256e-08    -1.741405e-07    -4.183064e-07    1.541978e-07    1.959967e-07    -4.729755e-07    3.268469e-07    -4.407768e-06    -1.302988e-06    6.599799e-06    9.317883e-08    -1.536047e-06    -2.387522e-07    -1.923774e-07    -8.534001e-08    -2.992111e-07    2.780413e-07
1.831144e-07    -1.501064e-07    -1.049157e-07    3.905906e-08    3.502023e-08    2.397027e-07    -3.36482e-07    -2.013879e-07    3.231611e-07    -8.788911e-08    -3.903071e-07    -4.337485e-06    9.317883e-08    5.633031e-06    -1.088318e-06    4.109721e-07    -1.753488e-07    -2.89502e-07    2.968903e-07    -1.634487e-07
-4.860266e-08    -3.120742e-08    -1.018603e-07    -4.138461e-08    8.227629e-08    -1.322945e-08    1.681724e-07    2.283394e-07    4.568306e-08    -2.282231e-07    1.419384e-07    6.190545e-07    -1.536047e-06    -1.088318e-06    2.336119e-06    -7.189419e-08    3.143534e-07    3.062847e-07    -1.2621e-07    -1.652033e-07
3.345986e-07    -7.097241e-08    -2.479298e-07    -4.44096e-08    -2.471589e-08    3.07919e-07    -3.380692e-07    -1.617449e-07    3.425619e-07    -1.913528e-07    3.370092e-07    -3.55601e-07    -2.387522e-07    4.109721e-07    -7.189419e-08    4.450782e-06    -2.010048e-07    -3.128666e-06    3.419283e-07    2.703366e-08
1.093041e-07    3.78293e-07    4.859507e-08    -2.240176e-07    -1.511685e-07    -4.094813e-07    2.058599e-09    4.349454e-08    -2.605741e-07    3.261555e-07    -1.700594e-07    8.750881e-09    -1.923774e-07    -1.753488e-07    3.143534e-07    -2.010048e-07    5.097023e-06    -1.304585e-06    -3.029647e-06    9.681869e-07
-2.146793e-07    6.960446e-08    3.667459e-07    5.464887e-08    -1.698189e-07    -2.933214e-07    5.202974e-08    -1.083518e-07    -3.186429e-07    4.180849e-07    -2.17942e-07    8.336568e-09    -8.534001e-08    -2.89502e-07    3.062847e-07    -3.128666e-06    -1.304585e-06    5.264917e-06    -8.953145e-08    -1.682977e-06
-5.531162e-08    -2.515461e-07    -4.743136e-08    2.897717e-07    1.064929e-07    4.298619e-07    -3.551964e-07    -3.685502e-07    3.015714e-07    -8.291039e-08    4.380637e-07    -3.571952e-07    -2.992111e-07    2.968903e-07    -1.2621e-07    3.419283e-07    -3.029647e-06    -8.953145e-08    4.412261e-06    -1.565472e-06
-1.050579e-07    -6.809382e-08    -9.389577e-08    8.687698e-09    2.786621e-07    -6.852064e-08    3.005822e-07    3.627597e-07    -3.743861e-08    -2.600995e-07    -1.166888e-07    4.331639e-07    2.780413e-07    -1.634487e-07    -1.652033e-07    2.703366e-08    9.681869e-07    -1.682977e-06    -1.565472e-06    2.880845e-06
