2.600983e-06    -3.286611e-07    -1.342674e-06    6.021406e-07    1.593954e-08    2.538982e-07    -3.887532e-07    -3.574546e-07    2.075149e-07    1.66915e-07    1.97316e-07    -3.704944e-07    -2.94216e-07    3.635863e-07    -1.054096e-09    9.983419e-08    6.130515e-09    4.178487e-08    1.212171e-07    -1.30667e-07
-3.286611e-07    3.160636e-06    -1.907102e-08    -2.568925e-06    8.523284e-07    -4.900063e-07    7.468038e-08    1.170212e-07    -5.199746e-07    4.026357e-07    -2.382788e-07    -9.041879e-08    -2.591078e-08    -2.556276e-07    2.977578e-07    -1.741134e-07    2.932016e-07    2.46215e-07    -1.506201e-07    -6.480217e-08
-1.342674e-06    -1.907102e-08    3.326219e-06    3.893051e-07    -2.172842e-06    -2.716871e-07    -1.948574e-07    -3.160059e-07    -2.825799e-07    5.004945e-07    1.226221e-07    -2.433919e-07    -4.663264e-07    -1.072838e-07    4.010113e-07    -1.234787e-07    2.339987e-07    2.630445e-07    -9.270565e-08    -1.421591e-07
6.021406e-07    -2.568925e-06    3.893051e-07    5.404785e-06    -3.126419e-06    6.306022e-07    -7.682299e-07    -8.949955e-07    6.237045e-07    2.016926e-07    7.299015e-07    -6.803281e-07    -8.063589e-07    6.933302e-07    6.905387e-08    1.633056e-07    -7.861729e-08    -7.126372e-08    1.824258e-07    -1.230055e-07
1.593954e-08    8.523284e-07    -2.172842e-06    -3.126419e-06    5.295479e-06    -2.056946e-07    9.035447e-07    1.011827e-06    -2.254935e-07    -7.257489e-07    -6.445176e-07    9.109827e-07    1.09151e-06    -5.419987e-07    -4.213528e-07    5.262328e-08    -3.219784e-07    -2.826443e-07    -3.297751e-08    2.677771e-07
2.538982e-07    -4.900063e-07    -2.716871e-07    6.306022e-07    -2.056946e-07    3.924155e-06    -1.684096e-07    -2.334304e-06    -5.472707e-07    7.053083e-08    2.021588e-07    -1.433344e-07    -1.608733e-07    1.831144e-07    -4.860266e-08    3.345986e-07    1.093041e-07    -2.146793e-07    -5.531162e-08    -1.050579e-07
-3.887532e-07    7.468038e-08    -1.948574e-07    -7.682299e-07    9.035447e-07    -1.684096e-07    3.96229e-06    -4.396727e-07    -2.460379e-06    2.04513e-07    -2.944964e-07    1.881857e-07    3.220205e-07    -1.501064e-07    -3.120742e-08    -7.097241e-08    3.78293e-07    6.960446e-08    -2.515461e-07    -6.809382e-08
-3.574546e-07    1.170212e-07    -3.160059e-07    -8.949955e-07    1.011827e-06    -2.334304e-06    -4.396727e-07    3.884889e-06    -1.64963e-07    -1.149445e-06    -2.160932e-07    2.42181e-07    2.554112e-07    -1.049157e-07    -1.018603e-07    -2.479298e-07    4.859507e-08    3.667459e-07    -4.743136e-08    -9.389577e-08
2.075149e-07    -5.199746e-07    -2.825799e-07    6.237045e-07    -2.254935e-07    -5.472707e-07    -2.460379e-06    -1.64963e-07    4.069895e-06    -9.110307e-07    2.100259e-07    -3.196589e-08    -6.276256e-08    3.905906e-08    -4.138461e-08    -4.44096e-08    -2.240176e-07    5.464887e-08    2.897717e-07    8.687698e-09
1.66915e-07    4.026357e-07    5.004945e-07    2.016926e-07    -7.257489e-07    7.053083e-08    2.04513e-07    -1.149445e-06    -9.110307e-07    2.400727e-06    6.572447e-08    -1.767035e-07    -1.741405e-07    3.502023e-08    8.227629e-08    -2.471589e-08    -1.511685e-07    -1.698189e-07    1.064929e-07    2.786621e-07
1.97316e-07    -2.382788e-07    1.226221e-07    7.299015e-07    -6.445176e-07    2.021588e-07    -2.944964e-07    -2.160932e-07    2.100259e-07    6.572447e-08    5.688819e-06    7.011856e-10    -4.407768e-06    -3.903071e-07    1.419384e-07    3.370092e-07    -1.700594e-07    -2.17942e-07    4.380637e-07    -1.166888e-07
-3.704944e-07    -9.041879e-08    -2.433919e-07    -6.803281e-07    9.109827e-07    -1.433344e-07    1.881857e-07    2.42181e-07    -3.196589e-08    -1.767035e-07    7.011856e-10    6.556251e-06    -1.302988e-06    -4.337485e-06    6.190545e-07    -3.55601e-07    8.750881e-09    8.336568e-09    -3.571952e-07    4.331639e-07
-2.94216e-07    -2.591078e-08    -4.663264e-07    -8.063589e-07    1.09151e-06    -1.608733e-07    3.220205e-07    2.554112e-07    -6.276256e-08    -1.741405e-07    -4.407768e-06    -1.302988e-06    6.599799e-06    9.317883e-08    -1.536047e-06    -2.387522e-07    -1.923774e-07    -8.534001e-08    -2.992111e-07    2.780413e-07
3.635863e-07    -2.556276e-07    -1.072838e-07    6.933302e-07    -5.419987e-07    1.831144e-07    -1.501064e-07    -1.049157e-07    3.905906e-08    3.502023e-08    -3.903071e-07    -4.337485e-06    9.317883e-08    5.633031e-06    -1.088318e-06    4.109721e-07    -1.753488e-07    -2.89502e-07    2.968903e-07    -1.634487e-07
-1.054096e-09    2.977578e-07    4.010113e-07    6.905387e-08    -4.213528e-07    -4.860266e-08    -3.120742e-08    -1.018603e-07    -4.138461e-08    8.227629e-08    1.419384e-07    6.190545e-07    -1.536047e-06    -1.088318e-06    2.336119e-06    -7.189419e-08    3.143534e-07    3.062847e-07    -1.2621e-07    -1.652033e-07
9.983419e-08    -1.741134e-07    -1.234787e-07    1.633056e-07    5.262328e-08    3.345986e-07    -7.097241e-08    -2.479298e-07    -4.44096e-08    -2.471589e-08    3.370092e-07    -3.55601e-07    -2.387522e-07    4.109721e-07    -7.189419e-08    4.450782e-06    -2.010048e-07    -3.128666e-06    3.419283e-07    2.703366e-08
6.130515e-09    2.932016e-07    2.339987e-07    -7.861729e-08    -3.219784e-07    1.093041e-07    3.78293e-07    4.859507e-08    -2.240176e-07    -1.511685e-07    -1.700594e-07    8.750881e-09    -1.923774e-07    -1.753488e-07    3.143534e-07    -2.010048e-07    5.097023e-06    -1.304585e-06    -3.029647e-06    9.681869e-07
4.178487e-08    2.46215e-07    2.630445e-07    -7.126372e-08    -2.826443e-07    -2.146793e-07    6.960446e-08    3.667459e-07    5.464887e-08    -1.698189e-07    -2.17942e-07    8.336568e-09    -8.534001e-08    -2.89502e-07    3.062847e-07    -3.128666e-06    -1.304585e-06    5.264917e-06    -8.953145e-08    -1.682977e-06
1.212171e-07    -1.506201e-07    -9.270565e-08    1.824258e-07    -3.297751e-08    -5.531162e-08    -2.515461e-07    -4.743136e-08    2.897717e-07    1.064929e-07    4.380637e-07    -3.571952e-07    -2.992111e-07    2.968903e-07    -1.2621e-07    3.419283e-07    -3.029647e-06    -8.953145e-08    4.412261e-06    -1.565472e-06
-1.30667e-07    -6.480217e-08    -1.421591e-07    -1.230055e-07    2.677771e-07    -1.050579e-07    -6.809382e-08    -9.389577e-08    8.687698e-09    2.786621e-07    -1.166888e-07    4.331639e-07    2.780413e-07    -1.634487e-07    -1.652033e-07    2.703366e-08    9.681869e-07    -1.682977e-06    -1.565472e-06    2.880845e-06
