4.031233e-06    -1.349133e-07    -2.383666e-06    -5.92292e-07    8.958909e-09    5.460638e-08    -2.512127e-07    1.357673e-08    2.622811e-07    -3.892938e-08
-1.349133e-07    3.917273e-06    -3.736174e-07    -2.365704e-06    1.450855e-07    -2.357639e-07    1.592949e-07    2.830654e-07    -1.051099e-07    -6.424662e-08
-2.383666e-06    -3.736174e-07    3.896848e-06    -1.752482e-07    -1.137147e-06    -1.404526e-07    3.771455e-07    1.532002e-07    -2.067375e-07    -8.409384e-08
-5.92292e-07    -2.365704e-06    -1.752482e-07    3.976115e-06    -9.157032e-07    2.365975e-07    -3.141934e-08    -1.444657e-07    5.386535e-08    -7.544913e-08
8.958909e-09    1.450855e-07    -1.137147e-06    -9.157032e-07    2.505312e-06    9.43237e-08    -1.233948e-07    -1.492196e-07    -1.05896e-07    -8.90377e-09
5.460638e-08    -2.357639e-07    -1.404526e-07    2.365975e-07    9.43237e-08    4.450782e-06    -2.010048e-07    -3.128666e-06    3.419283e-07    2.703366e-08
-2.512127e-07    1.592949e-07    3.771455e-07    -3.141934e-08    -1.233948e-07    -2.010048e-07    5.097023e-06    -1.304585e-06    -3.029647e-06    9.681869e-07
1.357673e-08    2.830654e-07    1.532002e-07    -1.444657e-07    -1.492196e-07    -3.128666e-06    -1.304585e-06    5.264917e-06    -8.953145e-08    -1.682977e-06
2.622811e-07    -1.051099e-07    -2.067375e-07    5.386535e-08    -1.05896e-07    3.419283e-07    -3.029647e-06    -8.953145e-08    4.412261e-06    -1.565472e-06
-3.892938e-08    -6.424662e-08    -8.409384e-08    -7.544913e-08    -8.90377e-09    2.703366e-08    9.681869e-07    -1.682977e-06    -1.565472e-06    2.880845e-06
