1.522817e-06    -6.193391e-07    -1.167208e-06    3.210409e-07    3.583482e-08    3.276806e-08    -1.354949e-07    -1.889602e-07    1.538786e-09    1.751181e-07
-6.193391e-07    4.544071e-06    -2.302371e-06    -1.320329e-06    2.26815e-07    -1.477421e-07    1.871415e-07    2.690685e-07    -8.816564e-08    -1.298037e-07
-1.167208e-06    -2.302371e-06    4.281386e-06    -4.117152e-07    -5.328397e-07    6.067212e-08    1.013663e-07    1.544924e-08    3.147025e-08    -1.201929e-07
3.210409e-07    -1.320329e-06    -4.117152e-07    1.53437e-06    -1.456893e-07    2.70261e-08    -2.005798e-07    -2.060123e-07    -1.313633e-12    2.001529e-07
3.583482e-08    2.26815e-07    -5.328397e-07    -1.456893e-07    4.091927e-07    -1.125099e-08    1.29301e-08    5.675945e-08    3.277728e-08    -5.054301e-08
3.276806e-08    -1.477421e-07    6.067212e-08    2.70261e-08    -1.125099e-08    4.450782e-06    -2.010048e-07    -3.128666e-06    3.419283e-07    2.703366e-08
-1.354949e-07    1.871415e-07    1.013663e-07    -2.005798e-07    1.29301e-08    -2.010048e-07    5.097023e-06    -1.304585e-06    -3.029647e-06    9.681869e-07
-1.889602e-07    2.690685e-07    1.544924e-08    -2.060123e-07    5.675945e-08    -3.128666e-06    -1.304585e-06    5.264917e-06    -8.953145e-08    -1.682977e-06
1.538786e-09    -8.816564e-08    3.147025e-08    -1.313633e-12    3.277728e-08    3.419283e-07    -3.029647e-06    -8.953145e-08    4.412261e-06    -1.565472e-06
1.751181e-07    -1.298037e-07    -1.201929e-07    2.001529e-07    -5.054301e-08    2.703366e-08    9.681869e-07    -1.682977e-06    -1.565472e-06    2.880845e-06
