2.600983e-06    -3.286611e-07    -1.342674e-06    6.021406e-07    1.593954e-08    3.888034e-07    -3.379323e-07    -4.895286e-07    1.447335e-07    1.222633e-07    1.97316e-07    -3.704944e-07    -2.94216e-07    3.635863e-07    -1.054096e-09    9.983419e-08    6.130515e-09    4.178487e-08    1.212171e-07    -1.30667e-07
-3.286611e-07    3.160636e-06    -1.907102e-08    -2.568925e-06    8.523284e-07    -5.789461e-07    -9.186669e-08    9.859184e-08    -2.628482e-07    3.697421e-07    -2.382788e-07    -9.041879e-08    -2.591078e-08    -2.556276e-07    2.977578e-07    -1.741134e-07    2.932016e-07    2.46215e-07    -1.506201e-07    -6.480217e-08
-1.342674e-06    -1.907102e-08    3.326219e-06    3.893051e-07    -2.172842e-06    -4.521737e-07    -2.759046e-07    -2.495672e-08    -9.041544e-08    3.638052e-07    1.226221e-07    -2.433919e-07    -4.663264e-07    -1.072838e-07    4.010113e-07    -1.234787e-07    2.339987e-07    2.630445e-07    -9.270565e-08    -1.421591e-07
6.021406e-07    -2.568925e-06    3.893051e-07    5.404785e-06    -3.126419e-06    6.987241e-07    -6.368619e-07    -6.727893e-07    3.81788e-07    8.113127e-08    7.299015e-07    -6.803281e-07    -8.063589e-07    6.933302e-07    6.905387e-08    1.633056e-07    -7.861729e-08    -7.126372e-08    1.824258e-07    -1.230055e-07
1.593954e-08    8.523284e-07    -2.172842e-06    -3.126419e-06    5.295479e-06    1.275625e-07    9.773109e-07    5.112449e-07    -3.198902e-07    -5.233561e-07    -6.445176e-07    9.109827e-07    1.09151e-06    -5.419987e-07    -4.213528e-07    5.262328e-08    -3.219784e-07    -2.826443e-07    -3.297751e-08    2.677771e-07
3.888034e-07    -5.789461e-07    -4.521737e-07    6.987241e-07    1.275625e-07    5.703121e-06    -2.34857e-07    -3.620678e-06    -4.919708e-07    2.5232e-08    2.787638e-07    -1.48126e-07    -2.502251e-08    1.56569e-07    -9.533123e-08    6.364567e-07    -5.181121e-07    -4.738365e-07    6.030892e-07    -1.11557e-07
-3.379323e-07    -9.186669e-08    -2.759046e-07    -6.368619e-07    9.773109e-07    -2.34857e-07    3.926806e-06    -1.002308e-07    -2.260295e-06    3.949029e-07    -3.648849e-07    4.904795e-07    5.152375e-07    -3.731546e-07    -1.133111e-07    -2.622021e-07    -1.172988e-07    -1.696303e-07    -3.127537e-07    4.482704e-07
-4.895286e-07    9.859184e-08    -2.495672e-08    -6.727893e-07    5.112449e-07    -3.620678e-06    -1.002308e-07    4.598383e-06    1.814464e-07    -1.238884e-06    -3.34706e-07    3.060811e-07    3.750993e-07    -1.094011e-07    -1.646504e-07    -3.536505e-07    -8.414165e-08    -9.873279e-08    -3.175568e-07    3.900733e-07
1.447335e-07    -2.628482e-07    -9.041544e-08    3.81788e-07    -3.198902e-07    -4.919708e-07    -2.260295e-06    1.814464e-07    3.965647e-06    -1.309077e-06    3.111832e-07    -5.040095e-08    -2.473955e-07    1.188977e-07    -1.068106e-07    4.048102e-07    -3.31628e-07    -3.18429e-07    3.47794e-07    -6.723647e-08
1.222633e-07    3.697421e-07    3.638052e-07    8.113127e-08    -5.233561e-07    2.5232e-08    3.949029e-07    -1.238884e-06    -1.309077e-06    3.231137e-06    -2.601392e-08    -2.133641e-07    -1.802064e-07    1.372431e-10    2.24923e-07    -1.728796e-07    4.230372e-07    4.041347e-07    -1.455827e-07    -2.257634e-07
1.97316e-07    -2.382788e-07    1.226221e-07    7.299015e-07    -6.445176e-07    2.787638e-07    -3.648849e-07    -3.34706e-07    3.111832e-07    -2.601392e-08    5.688819e-06    7.011856e-10    -4.407768e-06    -3.903071e-07    1.419384e-07    3.370092e-07    -1.700594e-07    -2.17942e-07    4.380637e-07    -1.166888e-07
-3.704944e-07    -9.041879e-08    -2.433919e-07    -6.803281e-07    9.109827e-07    -1.48126e-07    4.904795e-07    3.060811e-07    -5.040095e-08    -2.133641e-07    7.011856e-10    6.556251e-06    -1.302988e-06    -4.337485e-06    6.190545e-07    -3.55601e-07    8.750881e-09    8.336568e-09    -3.571952e-07    4.331639e-07
-2.94216e-07    -2.591078e-08    -4.663264e-07    -8.063589e-07    1.09151e-06    -2.502251e-08    5.152375e-07    3.750993e-07    -2.473955e-07    -1.802064e-07    -4.407768e-06    -1.302988e-06    6.599799e-06    9.317883e-08    -1.536047e-06    -2.387522e-07    -1.923774e-07    -8.534001e-08    -2.992111e-07    2.780413e-07
3.635863e-07    -2.556276e-07    -1.072838e-07    6.933302e-07    -5.419987e-07    1.56569e-07    -3.731546e-07    -1.094011e-07    1.188977e-07    1.372431e-10    -3.903071e-07    -4.337485e-06    9.317883e-08    5.633031e-06    -1.088318e-06    4.109721e-07    -1.753488e-07    -2.89502e-07    2.968903e-07    -1.634487e-07
-1.054096e-09    2.977578e-07    4.010113e-07    6.905387e-08    -4.213528e-07    -9.533123e-08    -1.133111e-07    -1.646504e-07    -1.068106e-07    2.24923e-07    1.419384e-07    6.190545e-07    -1.536047e-06    -1.088318e-06    2.336119e-06    -7.189419e-08    3.143534e-07    3.062847e-07    -1.2621e-07    -1.652033e-07
9.983419e-08    -1.741134e-07    -1.234787e-07    1.633056e-07    5.262328e-08    6.364567e-07    -2.622021e-07    -3.536505e-07    4.048102e-07    -1.728796e-07    3.370092e-07    -3.55601e-07    -2.387522e-07    4.109721e-07    -7.189419e-08    4.450782e-06    -2.010048e-07    -3.128666e-06    3.419283e-07    2.703366e-08
6.130515e-09    2.932016e-07    2.339987e-07    -7.861729e-08    -3.219784e-07    -5.181121e-07    -1.172988e-07    -8.414165e-08    -3.31628e-07    4.230372e-07    -1.700594e-07    8.750881e-09    -1.923774e-07    -1.753488e-07    3.143534e-07    -2.010048e-07    5.097023e-06    -1.304585e-06    -3.029647e-06    9.681869e-07
4.178487e-08    2.46215e-07    2.630445e-07    -7.126372e-08    -2.826443e-07    -4.738365e-07    -1.696303e-07    -9.873279e-08    -3.18429e-07    4.041347e-07    -2.17942e-07    8.336568e-09    -8.534001e-08    -2.89502e-07    3.062847e-07    -3.128666e-06    -1.304585e-06    5.264917e-06    -8.953145e-08    -1.682977e-06
1.212171e-07    -1.506201e-07    -9.270565e-08    1.824258e-07    -3.297751e-08    6.030892e-07    -3.127537e-07    -3.175568e-07    3.47794e-07    -1.455827e-07    4.380637e-07    -3.571952e-07    -2.992111e-07    2.968903e-07    -1.2621e-07    3.419283e-07    -3.029647e-06    -8.953145e-08    4.412261e-06    -1.565472e-06
-1.30667e-07    -6.480217e-08    -1.421591e-07    -1.230055e-07    2.677771e-07    -1.11557e-07    4.482704e-07    3.900733e-07    -6.723647e-08    -2.257634e-07    -1.166888e-07    4.331639e-07    2.780413e-07    -1.634487e-07    -1.652033e-07    2.703366e-08    9.681869e-07    -1.682977e-06    -1.565472e-06    2.880845e-06
