5.703121e-06    -2.34857e-07    -3.620678e-06    -4.919708e-07    2.5232e-08    5.919013e-07    -5.579056e-07    -5.546793e-07    4.949413e-07    2.416044e-08    3.86386e-07    -2.438139e-08    -3.513767e-07    2.638226e-07    -3.586135e-08    4.996768e-07    9.104961e-08    -3.357648e-07    8.084479e-08    -1.328057e-07    2.787638e-07    -1.48126e-07    -2.502251e-08    1.56569e-07    -9.533123e-08    6.364567e-07    -5.181121e-07    -4.738365e-07    6.030892e-07    -1.11557e-07
-2.34857e-07    3.926806e-06    -1.002308e-07    -2.260295e-06    3.949029e-07    -3.470007e-07    -1.071504e-07    -5.163364e-08    -2.524917e-07    3.763251e-07    1.14586e-07    -3.260634e-07    -3.244077e-07    9.251814e-08    1.276748e-07    -3.86392e-08    6.518439e-07    1.243227e-07    -3.972634e-07    -5.544073e-08    -3.648849e-07    4.904795e-07    5.152375e-07    -3.731546e-07    -1.133111e-07    -2.622021e-07    -1.172988e-07    -1.696303e-07    -3.127537e-07    4.482704e-07
-3.620678e-06    -1.002308e-07    4.598383e-06    1.814464e-07    -1.238884e-06    -5.261666e-07    8.155017e-08    8.891955e-08    -4.91925e-07    3.972271e-07    -1.546088e-08    -2.8023e-07    -1.390636e-07    -4.830872e-08    1.303075e-07    -3.444844e-07    2.650413e-07    5.913421e-07    -2.652693e-07    -1.947615e-07    -3.34706e-07    3.060811e-07    3.750993e-07    -1.094011e-07    -1.646504e-07    -3.536505e-07    -8.414165e-08    -9.873279e-08    -3.175568e-07    3.900733e-07
-4.919708e-07    -2.260295e-06    1.814464e-07    3.965647e-06    -1.309077e-06    2.125157e-07    -3.955481e-07    -3.970713e-07    2.559397e-07    1.553612e-07    1.64955e-07    -1.466836e-07    -1.30341e-07    1.428337e-07    1.303847e-08    2.493853e-08    -2.701905e-07    2.322114e-07    4.741699e-07    -3.029323e-07    3.111832e-07    -5.040095e-08    -2.473955e-07    1.188977e-07    -1.068106e-07    4.048102e-07    -3.31628e-07    -3.18429e-07    3.47794e-07    -6.723647e-08
2.5232e-08    3.949029e-07    -1.238884e-06    -1.309077e-06    3.231137e-06    7.95194e-08    3.052964e-07    3.349102e-07    1.18905e-07    -4.062504e-07    -2.13822e-07    2.853431e-07    4.615548e-07    -1.542633e-07    -1.517306e-07    -1.993957e-08    -2.340972e-07    -4.087796e-07    9.811887e-08    6.216801e-07    -2.601392e-08    -2.133641e-07    -1.802064e-07    1.372431e-10    2.24923e-07    -1.728796e-07    4.230372e-07    4.041347e-07    -1.455827e-07    -2.257634e-07
5.919013e-07    -3.470007e-07    -5.261666e-07    2.125157e-07    7.95194e-08    3.924155e-06    -1.684096e-07    -2.334304e-06    -5.472707e-07    7.053083e-08    2.944565e-07    -6.393943e-08    -3.301362e-07    2.003128e-07    -3.779034e-08    4.137879e-07    -3.793893e-07    -3.076524e-07    4.480167e-07    -6.516993e-08    2.021588e-07    -1.433344e-07    -1.608733e-07    1.831144e-07    -4.860266e-08    3.345986e-07    1.093041e-07    -2.146793e-07    -5.531162e-08    -1.050579e-07
-5.579056e-07    -1.071504e-07    8.155017e-08    -3.955481e-07    3.052964e-07    -1.684096e-07    3.96229e-06    -4.396727e-07    -2.460379e-06    2.04513e-07    -2.500318e-08    -3.069591e-07    -2.131836e-07    3.132071e-08    2.330354e-07    -2.86274e-07    -1.178369e-07    -1.539059e-07    -2.58246e-07    3.645716e-07    -2.944964e-07    1.881857e-07    3.220205e-07    -1.501064e-07    -3.120742e-08    -7.097241e-08    3.78293e-07    6.960446e-08    -2.515461e-07    -6.809382e-08
-5.546793e-07    -5.163364e-08    8.891955e-08    -3.970713e-07    3.349102e-07    -2.334304e-06    -4.396727e-07    3.884889e-06    -1.64963e-07    -1.149445e-06    5.369076e-08    -3.718815e-07    -1.448068e-07    1.097473e-09    1.957062e-07    -1.953923e-07    -1.701021e-07    -2.76104e-07    -3.439434e-07    5.204444e-07    -2.160932e-07    2.42181e-07    2.554112e-07    -1.049157e-07    -1.018603e-07    -2.479298e-07    4.859507e-08    3.667459e-07    -4.743136e-08    -9.389577e-08
4.949413e-07    -2.524917e-07    -4.91925e-07    2.559397e-07    1.18905e-07    -5.472707e-07    -2.460379e-06    -1.64963e-07    4.069895e-06    -9.110307e-07    2.937518e-07    -1.169427e-07    -3.093833e-07    2.91961e-07    -3.83046e-08    3.924594e-07    -3.905349e-07    -3.477401e-07    4.960022e-07    -7.450748e-08    2.100259e-07    -3.196589e-08    -6.276256e-08    3.905906e-08    -4.138461e-08    -4.44096e-08    -2.240176e-07    5.464887e-08    2.897717e-07    8.687698e-09
2.416044e-08    3.763251e-07    3.972271e-07    1.553612e-07    -4.062504e-07    7.053083e-08    2.04513e-07    -1.149445e-06    -9.110307e-07    2.400727e-06    -3.137168e-07    3.990052e-07    5.422813e-07    -2.465873e-07    -2.274908e-07    -1.447357e-07    5.371253e-07    5.033019e-07    -1.876238e-07    -3.281473e-07    6.572447e-08    -1.767035e-07    -1.741405e-07    3.502023e-08    8.227629e-08    -2.471589e-08    -1.511685e-07    -1.698189e-07    1.064929e-07    2.786621e-07
3.86386e-07    1.14586e-07    -1.546088e-08    1.64955e-07    -2.13822e-07    2.944565e-07    -2.500318e-08    5.369076e-08    2.937518e-07    -3.137168e-07    3.195493e-06    -1.639595e-06    -1.169982e-06    2.038072e-07    -2.913092e-07    5.891865e-09    -4.048902e-07    -1.844105e-07    2.03835e-07    2.363895e-07    -6.834888e-08    3.916e-07    5.08818e-07    6.361826e-08    -4.168652e-07    5.605655e-08    -2.887377e-07    -2.848581e-07    1.517386e-08    2.33324e-07
-2.438139e-08    -3.260634e-07    -2.8023e-07    -1.466836e-07    2.853431e-07    -6.393943e-08    -3.069591e-07    -3.718815e-07    -1.169427e-07    3.990052e-07    -1.639595e-06    1.056232e-05    -5.783004e-06    -1.839862e-06    1.109121e-06    -1.297106e-07    3.056562e-07    1.017006e-07    -1.675807e-07    -8.505389e-08    4.800042e-07    -8.15228e-07    -9.162905e-07    5.173075e-07    3.967937e-07    -1.529789e-07    3.673128e-07    4.105586e-07    -4.289639e-09    -2.884378e-07
-3.513767e-07    -3.244077e-07    -1.390636e-07    -1.30341e-07    4.615548e-07    -3.301362e-07    -2.131836e-07    -1.448068e-07    -3.093833e-07    5.422813e-07    -1.169982e-06    -5.783004e-06    9.855298e-06    -1.005101e-06    -2.433211e-06    -9.781455e-08    2.762852e-07    3.188788e-07    -2.079561e-07    -1.880979e-07    3.939513e-07    -9.148076e-07    -9.050359e-07    2.206934e-07    5.48557e-07    8.595515e-08    8.956586e-08    3.901164e-08    9.715014e-08    -9.469287e-08
2.638226e-07    9.251814e-08    -4.830872e-08    1.428337e-07    -1.542633e-07    2.003128e-07    3.132071e-08    1.097473e-09    2.91961e-07    -2.465873e-07    2.038072e-07    -1.839862e-06    -1.005101e-06    3.603721e-06    -5.028667e-07    1.338199e-07    -4.240495e-07    -4.332471e-07    1.179469e-07    3.270387e-07    1.164735e-07    2.513594e-07    3.486804e-07    2.288653e-07    -4.706512e-07    -7.593513e-08    -3.411589e-07    -4.102091e-07    -1.228213e-07    4.741782e-07
-3.586135e-08    1.276748e-07    1.303075e-07    1.303847e-08    -1.517306e-07    -3.779034e-08    2.330354e-07    1.957062e-07    -3.83046e-08    -2.274908e-07    -2.913092e-07    1.109121e-06    -2.433211e-06    -5.028667e-07    2.196402e-06    -1.642532e-08    1.536455e-07    6.693507e-08    -5.084667e-08    -5.064377e-08    -4.08266e-07    4.895283e-07    4.194069e-07    -4.592538e-07    1.032092e-08    3.142921e-08    1.709473e-07    1.010001e-07    -3.491854e-08    -1.41371e-07
4.996768e-07    -3.86392e-08    -3.444844e-07    2.493853e-08    -1.993957e-08    4.137879e-07    -2.86274e-07    -1.953923e-07    3.924594e-07    -1.447357e-07    5.891865e-09    -1.297106e-07    -9.781455e-08    1.338199e-07    -1.642532e-08    5.089656e-06    1.888015e-07    -3.277961e-06    8.594094e-08    -2.952586e-07    4.001109e-07    -2.429236e-07    -4.183064e-07    2.397027e-07    -1.322945e-08    3.07919e-07    -4.094813e-07    -2.933214e-07    4.298619e-07    -6.852064e-08
9.104961e-08    6.518439e-07    2.650413e-07    -2.701905e-07    -2.340972e-07    -3.793893e-07    -1.178369e-07    -1.701021e-07    -3.905349e-07    5.371253e-07    -4.048902e-07    3.056562e-07    2.762852e-07    -4.240495e-07    1.536455e-07    1.888015e-07    6.066389e-06    -1.616651e-06    -3.337731e-06    1.28354e-06    -4.079309e-07    1.563053e-07    1.541978e-07    -3.36482e-07    1.681724e-07    -3.380692e-07    2.058599e-09    5.202974e-08    -3.551964e-07    3.005822e-07
-3.357648e-07    1.243227e-07    5.913421e-07    2.322114e-07    -4.087796e-07    -3.076524e-07    -1.539059e-07    -2.76104e-07    -3.477401e-07    5.033019e-07    -1.844105e-07    1.017006e-07    3.188788e-07    -4.332471e-07    6.693507e-08    -3.277961e-06    -1.616651e-06    5.880102e-06    2.169844e-07    -2.446277e-06    -3.552645e-07    -2.936474e-08    1.959967e-07    -2.013879e-07    2.283394e-07    -1.617449e-07    4.349454e-08    -1.083518e-07    -3.685502e-07    3.627597e-07
8.084479e-08    -3.972634e-07    -2.652693e-07    4.741699e-07    9.811887e-08    4.480167e-07    -2.58246e-07    -3.439434e-07    4.960022e-07    -1.876238e-07    2.03835e-07    -1.675807e-07    -2.079561e-07    1.179469e-07    -5.084667e-08    8.594094e-08    -3.337731e-06    2.169844e-07    5.069693e-06    -1.798967e-06    4.227855e-07    -3.109816e-07    -4.729755e-07    3.231611e-07    4.568306e-08    3.425619e-07    -2.605741e-07    -3.186429e-07    3.015714e-07    -3.743861e-08
-1.328057e-07    -5.544073e-08    -1.947615e-07    -3.029323e-07    6.216801e-07    -6.516993e-08    3.645716e-07    5.204444e-07    -7.450748e-08    -3.281473e-07    2.363895e-07    -8.505389e-08    -1.880979e-07    3.270387e-07    -5.064377e-08    -2.952586e-07    1.28354e-06    -2.446277e-06    -1.798967e-06    4.716638e-06    -8.331058e-08    2.855226e-07    3.268469e-07    -8.788911e-08    -2.282231e-07    -1.913528e-07    3.261555e-07    4.180849e-07    -8.291039e-08    -2.600995e-07
2.787638e-07    -3.648849e-07    -3.34706e-07    3.111832e-07    -2.601392e-08    2.021588e-07    -2.944964e-07    -2.160932e-07    2.100259e-07    6.572447e-08    -6.834888e-08    4.800042e-07    3.939513e-07    1.164735e-07    -4.08266e-07    4.001109e-07    -4.079309e-07    -3.552645e-07    4.227855e-07    -8.331058e-08    5.688819e-06    7.011856e-10    -4.407768e-06    -3.903071e-07    1.419384e-07    3.370092e-07    -1.700594e-07    -2.17942e-07    4.380637e-07    -1.166888e-07
-1.48126e-07    4.904795e-07    3.060811e-07    -5.040095e-08    -2.133641e-07    -1.433344e-07    1.881857e-07    2.42181e-07    -3.196589e-08    -1.767035e-07    3.916e-07    -8.15228e-07    -9.148076e-07    2.513594e-07    4.895283e-07    -2.429236e-07    1.563053e-07    -2.936474e-08    -3.109816e-07    2.855226e-07    7.011856e-10    6.556251e-06    -1.302988e-06    -4.337485e-06    6.190545e-07    -3.55601e-07    8.750881e-09    8.336568e-09    -3.571952e-07    4.331639e-07
-2.502251e-08    5.152375e-07    3.750993e-07    -2.473955e-07    -1.802064e-07    -1.608733e-07    3.220205e-07    2.554112e-07    -6.276256e-08    -1.741405e-07    5.08818e-07    -9.162905e-07    -9.050359e-07    3.486804e-07    4.194069e-07    -4.183064e-07    1.541978e-07    1.959967e-07    -4.729755e-07    3.268469e-07    -4.407768e-06    -1.302988e-06    6.599799e-06    9.317883e-08    -1.536047e-06    -2.387522e-07    -1.923774e-07    -8.534001e-08    -2.992111e-07    2.780413e-07
1.56569e-07    -3.731546e-07    -1.094011e-07    1.188977e-07    1.372431e-10    1.831144e-07    -1.501064e-07    -1.049157e-07    3.905906e-08    3.502023e-08    6.361826e-08    5.173075e-07    2.206934e-07    2.288653e-07    -4.592538e-07    2.397027e-07    -3.36482e-07    -2.013879e-07    3.231611e-07    -8.788911e-08    -3.903071e-07    -4.337485e-06    9.317883e-08    5.633031e-06    -1.088318e-06    4.109721e-07    -1.753488e-07    -2.89502e-07    2.968903e-07    -1.634487e-07
-9.533123e-08    -1.133111e-07    -1.646504e-07    -1.068106e-07    2.24923e-07    -4.860266e-08    -3.120742e-08    -1.018603e-07    -4.138461e-08    8.227629e-08    -4.168652e-07    3.967937e-07    5.48557e-07    -4.706512e-07    1.032092e-08    -1.322945e-08    1.681724e-07    2.283394e-07    4.568306e-08    -2.282231e-07    1.419384e-07    6.190545e-07    -1.536047e-06    -1.088318e-06    2.336119e-06    -7.189419e-08    3.143534e-07    3.062847e-07    -1.2621e-07    -1.652033e-07
6.364567e-07    -2.622021e-07    -3.536505e-07    4.048102e-07    -1.728796e-07    3.345986e-07    -7.097241e-08    -2.479298e-07    -4.44096e-08    -2.471589e-08    5.605655e-08    -1.529789e-07    8.595515e-08    -7.593513e-08    3.142921e-08    3.07919e-07    -3.380692e-07    -1.617449e-07    3.425619e-07    -1.913528e-07    3.370092e-07    -3.55601e-07    -2.387522e-07    4.109721e-07    -7.189419e-08    4.450782e-06    -2.010048e-07    -3.128666e-06    3.419283e-07    2.703366e-08
-5.181121e-07    -1.172988e-07    -8.414165e-08    -3.31628e-07    4.230372e-07    1.093041e-07    3.78293e-07    4.859507e-08    -2.240176e-07    -1.511685e-07    -2.887377e-07    3.673128e-07    8.956586e-08    -3.411589e-07    1.709473e-07    -4.094813e-07    2.058599e-09    4.349454e-08    -2.605741e-07    3.261555e-07    -1.700594e-07    8.750881e-09    -1.923774e-07    -1.753488e-07    3.143534e-07    -2.010048e-07    5.097023e-06    -1.304585e-06    -3.029647e-06    9.681869e-07
-4.738365e-07    -1.696303e-07    -9.873279e-08    -3.18429e-07    4.041347e-07    -2.146793e-07    6.960446e-08    3.667459e-07    5.464887e-08    -1.698189e-07    -2.848581e-07    4.105586e-07    3.901164e-08    -4.102091e-07    1.010001e-07    -2.933214e-07    5.202974e-08    -1.083518e-07    -3.186429e-07    4.180849e-07    -2.17942e-07    8.336568e-09    -8.534001e-08    -2.89502e-07    3.062847e-07    -3.128666e-06    -1.304585e-06    5.264917e-06    -8.953145e-08    -1.682977e-06
6.030892e-07    -3.127537e-07    -3.175568e-07    3.47794e-07    -1.455827e-07    -5.531162e-08    -2.515461e-07    -4.743136e-08    2.897717e-07    1.064929e-07    1.517386e-08    -4.289639e-09    9.715014e-08    -1.228213e-07    -3.491854e-08    4.298619e-07    -3.551964e-07    -3.685502e-07    3.015714e-07    -8.291039e-08    4.380637e-07    -3.571952e-07    -2.992111e-07    2.968903e-07    -1.2621e-07    3.419283e-07    -3.029647e-06    -8.953145e-08    4.412261e-06    -1.565472e-06
-1.11557e-07    4.482704e-07    3.900733e-07    -6.723647e-08    -2.257634e-07    -1.050579e-07    -6.809382e-08    -9.389577e-08    8.687698e-09    2.786621e-07    2.33324e-07    -2.884378e-07    -9.469287e-08    4.741782e-07    -1.41371e-07    -6.852064e-08    3.005822e-07    3.627597e-07    -3.743861e-08    -2.600995e-07    -1.166888e-07    4.331639e-07    2.780413e-07    -1.634487e-07    -1.652033e-07    2.703366e-08    9.681869e-07    -1.682977e-06    -1.565472e-06    2.880845e-06
