5.703121e-06    -2.34857e-07    -3.620678e-06    -4.919708e-07    2.5232e-08    4.996768e-07    9.104961e-08    -3.357648e-07    8.084479e-08    -1.328057e-07    2.787638e-07    -1.48126e-07    -2.502251e-08    1.56569e-07    -9.533123e-08    6.364567e-07    -5.181121e-07    -4.738365e-07    6.030892e-07    -1.11557e-07
-2.34857e-07    3.926806e-06    -1.002308e-07    -2.260295e-06    3.949029e-07    -3.86392e-08    6.518439e-07    1.243227e-07    -3.972634e-07    -5.544073e-08    -3.648849e-07    4.904795e-07    5.152375e-07    -3.731546e-07    -1.133111e-07    -2.622021e-07    -1.172988e-07    -1.696303e-07    -3.127537e-07    4.482704e-07
-3.620678e-06    -1.002308e-07    4.598383e-06    1.814464e-07    -1.238884e-06    -3.444844e-07    2.650413e-07    5.913421e-07    -2.652693e-07    -1.947615e-07    -3.34706e-07    3.060811e-07    3.750993e-07    -1.094011e-07    -1.646504e-07    -3.536505e-07    -8.414165e-08    -9.873279e-08    -3.175568e-07    3.900733e-07
-4.919708e-07    -2.260295e-06    1.814464e-07    3.965647e-06    -1.309077e-06    2.493853e-08    -2.701905e-07    2.322114e-07    4.741699e-07    -3.029323e-07    3.111832e-07    -5.040095e-08    -2.473955e-07    1.188977e-07    -1.068106e-07    4.048102e-07    -3.31628e-07    -3.18429e-07    3.47794e-07    -6.723647e-08
2.5232e-08    3.949029e-07    -1.238884e-06    -1.309077e-06    3.231137e-06    -1.993957e-08    -2.340972e-07    -4.087796e-07    9.811887e-08    6.216801e-07    -2.601392e-08    -2.133641e-07    -1.802064e-07    1.372431e-10    2.24923e-07    -1.728796e-07    4.230372e-07    4.041347e-07    -1.455827e-07    -2.257634e-07
4.996768e-07    -3.86392e-08    -3.444844e-07    2.493853e-08    -1.993957e-08    5.089656e-06    1.888015e-07    -3.277961e-06    8.594094e-08    -2.952586e-07    4.001109e-07    -2.429236e-07    -4.183064e-07    2.397027e-07    -1.322945e-08    3.07919e-07    -4.094813e-07    -2.933214e-07    4.298619e-07    -6.852064e-08
9.104961e-08    6.518439e-07    2.650413e-07    -2.701905e-07    -2.340972e-07    1.888015e-07    6.066389e-06    -1.616651e-06    -3.337731e-06    1.28354e-06    -4.079309e-07    1.563053e-07    1.541978e-07    -3.36482e-07    1.681724e-07    -3.380692e-07    2.058599e-09    5.202974e-08    -3.551964e-07    3.005822e-07
-3.357648e-07    1.243227e-07    5.913421e-07    2.322114e-07    -4.087796e-07    -3.277961e-06    -1.616651e-06    5.880102e-06    2.169844e-07    -2.446277e-06    -3.552645e-07    -2.936474e-08    1.959967e-07    -2.013879e-07    2.283394e-07    -1.617449e-07    4.349454e-08    -1.083518e-07    -3.685502e-07    3.627597e-07
8.084479e-08    -3.972634e-07    -2.652693e-07    4.741699e-07    9.811887e-08    8.594094e-08    -3.337731e-06    2.169844e-07    5.069693e-06    -1.798967e-06    4.227855e-07    -3.109816e-07    -4.729755e-07    3.231611e-07    4.568306e-08    3.425619e-07    -2.605741e-07    -3.186429e-07    3.015714e-07    -3.743861e-08
-1.328057e-07    -5.544073e-08    -1.947615e-07    -3.029323e-07    6.216801e-07    -2.952586e-07    1.28354e-06    -2.446277e-06    -1.798967e-06    4.716638e-06    -8.331058e-08    2.855226e-07    3.268469e-07    -8.788911e-08    -2.282231e-07    -1.913528e-07    3.261555e-07    4.180849e-07    -8.291039e-08    -2.600995e-07
2.787638e-07    -3.648849e-07    -3.34706e-07    3.111832e-07    -2.601392e-08    4.001109e-07    -4.079309e-07    -3.552645e-07    4.227855e-07    -8.331058e-08    5.688819e-06    7.011856e-10    -4.407768e-06    -3.903071e-07    1.419384e-07    3.370092e-07    -1.700594e-07    -2.17942e-07    4.380637e-07    -1.166888e-07
-1.48126e-07    4.904795e-07    3.060811e-07    -5.040095e-08    -2.133641e-07    -2.429236e-07    1.563053e-07    -2.936474e-08    -3.109816e-07    2.855226e-07    7.011856e-10    6.556251e-06    -1.302988e-06    -4.337485e-06    6.190545e-07    -3.55601e-07    8.750881e-09    8.336568e-09    -3.571952e-07    4.331639e-07
-2.502251e-08    5.152375e-07    3.750993e-07    -2.473955e-07    -1.802064e-07    -4.183064e-07    1.541978e-07    1.959967e-07    -4.729755e-07    3.268469e-07    -4.407768e-06    -1.302988e-06    6.599799e-06    9.317883e-08    -1.536047e-06    -2.387522e-07    -1.923774e-07    -8.534001e-08    -2.992111e-07    2.780413e-07
1.56569e-07    -3.731546e-07    -1.094011e-07    1.188977e-07    1.372431e-10    2.397027e-07    -3.36482e-07    -2.013879e-07    3.231611e-07    -8.788911e-08    -3.903071e-07    -4.337485e-06    9.317883e-08    5.633031e-06    -1.088318e-06    4.109721e-07    -1.753488e-07    -2.89502e-07    2.968903e-07    -1.634487e-07
-9.533123e-08    -1.133111e-07    -1.646504e-07    -1.068106e-07    2.24923e-07    -1.322945e-08    1.681724e-07    2.283394e-07    4.568306e-08    -2.282231e-07    1.419384e-07    6.190545e-07    -1.536047e-06    -1.088318e-06    2.336119e-06    -7.189419e-08    3.143534e-07    3.062847e-07    -1.2621e-07    -1.652033e-07
6.364567e-07    -2.622021e-07    -3.536505e-07    4.048102e-07    -1.728796e-07    3.07919e-07    -3.380692e-07    -1.617449e-07    3.425619e-07    -1.913528e-07    3.370092e-07    -3.55601e-07    -2.387522e-07    4.109721e-07    -7.189419e-08    4.450782e-06    -2.010048e-07    -3.128666e-06    3.419283e-07    2.703366e-08
-5.181121e-07    -1.172988e-07    -8.414165e-08    -3.31628e-07    4.230372e-07    -4.094813e-07    2.058599e-09    4.349454e-08    -2.605741e-07    3.261555e-07    -1.700594e-07    8.750881e-09    -1.923774e-07    -1.753488e-07    3.143534e-07    -2.010048e-07    5.097023e-06    -1.304585e-06    -3.029647e-06    9.681869e-07
-4.738365e-07    -1.696303e-07    -9.873279e-08    -3.18429e-07    4.041347e-07    -2.933214e-07    5.202974e-08    -1.083518e-07    -3.186429e-07    4.180849e-07    -2.17942e-07    8.336568e-09    -8.534001e-08    -2.89502e-07    3.062847e-07    -3.128666e-06    -1.304585e-06    5.264917e-06    -8.953145e-08    -1.682977e-06
6.030892e-07    -3.127537e-07    -3.175568e-07    3.47794e-07    -1.455827e-07    4.298619e-07    -3.551964e-07    -3.685502e-07    3.015714e-07    -8.291039e-08    4.380637e-07    -3.571952e-07    -2.992111e-07    2.968903e-07    -1.2621e-07    3.419283e-07    -3.029647e-06    -8.953145e-08    4.412261e-06    -1.565472e-06
-1.11557e-07    4.482704e-07    3.900733e-07    -6.723647e-08    -2.257634e-07    -6.852064e-08    3.005822e-07    3.627597e-07    -3.743861e-08    -2.600995e-07    -1.166888e-07    4.331639e-07    2.780413e-07    -1.634487e-07    -1.652033e-07    2.703366e-08    9.681869e-07    -1.682977e-06    -1.565472e-06    2.880845e-06
