5.688819e-06    7.011856e-10    -4.407768e-06    -3.903071e-07    1.419384e-07    5.621368e-07    -4.89969e-07    -3.779116e-07    6.258522e-07    -1.364178e-07
7.011856e-10    6.556251e-06    -1.302988e-06    -4.337485e-06    6.190545e-07    -3.114423e-07    -8.875143e-08    -8.011405e-08    -3.923686e-07    4.108619e-07
-4.407768e-06    -1.302988e-06    6.599799e-06    9.317883e-08    -1.536047e-06    -4.963737e-07    4.04093e-08    1.42494e-08    -5.644394e-07    4.803526e-07
-3.903071e-07    -4.337485e-06    9.317883e-08    5.633031e-06    -1.088318e-06    4.074801e-07    -4.527795e-07    -2.00242e-07    5.37485e-07    -1.426003e-07
1.419384e-07    6.190545e-07    -1.536047e-06    -1.088318e-06    2.336119e-06    -1.144692e-07    4.521194e-07    3.432276e-07    -8.142049e-08    -2.609682e-07
5.621368e-07    -3.114423e-07    -4.963737e-07    4.074801e-07    -1.144692e-07    1.081016e-05    3.549973e-07    -8.377573e-06    1.736126e-07    2.270764e-07
-4.89969e-07    -8.875143e-08    4.04093e-08    -4.527795e-07    4.521194e-07    3.549973e-07    1.249359e-05    -2.934063e-06    -8.304608e-06    2.022522e-06
-3.779116e-07    -8.011405e-08    1.42494e-08    -2.00242e-07    3.432276e-07    -8.377573e-06    -2.934063e-06    1.264536e-05    5.710938e-08    -3.571724e-06
6.258522e-07    -3.923686e-07    -5.644394e-07    5.37485e-07    -8.142049e-08    1.736126e-07    -8.304608e-06    5.710938e-08    1.104064e-05    -3.105478e-06
-1.364178e-07    4.108619e-07    4.803526e-07    -1.426003e-07    -2.609682e-07    2.270764e-07    2.022522e-06    -3.571724e-06    -3.105478e-06    5.495815e-06
