5.688819e-06    7.011856e-10    -4.407768e-06    -3.903071e-07    1.419384e-07    3.370092e-07    -1.700594e-07    -2.17942e-07    4.380637e-07    -1.166888e-07
7.011856e-10    6.556251e-06    -1.302988e-06    -4.337485e-06    6.190545e-07    -3.55601e-07    8.750881e-09    8.336568e-09    -3.571952e-07    4.331639e-07
-4.407768e-06    -1.302988e-06    6.599799e-06    9.317883e-08    -1.536047e-06    -2.387522e-07    -1.923774e-07    -8.534001e-08    -2.992111e-07    2.780413e-07
-3.903071e-07    -4.337485e-06    9.317883e-08    5.633031e-06    -1.088318e-06    4.109721e-07    -1.753488e-07    -2.89502e-07    2.968903e-07    -1.634487e-07
1.419384e-07    6.190545e-07    -1.536047e-06    -1.088318e-06    2.336119e-06    -7.189419e-08    3.143534e-07    3.062847e-07    -1.2621e-07    -1.652033e-07
3.370092e-07    -3.55601e-07    -2.387522e-07    4.109721e-07    -7.189419e-08    4.450782e-06    -2.010048e-07    -3.128666e-06    3.419283e-07    2.703366e-08
-1.700594e-07    8.750881e-09    -1.923774e-07    -1.753488e-07    3.143534e-07    -2.010048e-07    5.097023e-06    -1.304585e-06    -3.029647e-06    9.681869e-07
-2.17942e-07    8.336568e-09    -8.534001e-08    -2.89502e-07    3.062847e-07    -3.128666e-06    -1.304585e-06    5.264917e-06    -8.953145e-08    -1.682977e-06
4.380637e-07    -3.571952e-07    -2.992111e-07    2.968903e-07    -1.2621e-07    3.419283e-07    -3.029647e-06    -8.953145e-08    4.412261e-06    -1.565472e-06
-1.166888e-07    4.331639e-07    2.780413e-07    -1.634487e-07    -1.652033e-07    2.703366e-08    9.681869e-07    -1.682977e-06    -1.565472e-06    2.880845e-06
