5.703121e-06    -2.34857e-07    -3.620678e-06    -4.919708e-07    2.5232e-08    5.919013e-07    -5.579056e-07    -5.546793e-07    4.949413e-07    2.416044e-08    3.86386e-07    -2.438139e-08    -3.513767e-07    2.638226e-07    -3.586135e-08    6.836666e-07    -1.620488e-08    -3.975455e-07    1.06699e-07    -1.129411e-07    2.787638e-07    -1.48126e-07    -2.502251e-08    1.56569e-07    -9.533123e-08    6.364567e-07    -5.181121e-07    -4.738365e-07    6.030892e-07    -1.11557e-07
-2.34857e-07    3.926806e-06    -1.002308e-07    -2.260295e-06    3.949029e-07    -3.470007e-07    -1.071504e-07    -5.163364e-08    -2.524917e-07    3.763251e-07    1.14586e-07    -3.260634e-07    -3.244077e-07    9.251814e-08    1.276748e-07    -3.359493e-07    8.747918e-07    4.634662e-07    -5.112203e-07    -1.318603e-07    -3.648849e-07    4.904795e-07    5.152375e-07    -3.731546e-07    -1.133111e-07    -2.622021e-07    -1.172988e-07    -1.696303e-07    -3.127537e-07    4.482704e-07
-3.620678e-06    -1.002308e-07    4.598383e-06    1.814464e-07    -1.238884e-06    -5.261666e-07    8.155017e-08    8.891955e-08    -4.91925e-07    3.972271e-07    -1.546088e-08    -2.8023e-07    -1.390636e-07    -4.830872e-08    1.303075e-07    -6.131461e-07    6.122019e-07    8.288571e-07    -3.635434e-07    -3.378629e-07    -3.34706e-07    3.060811e-07    3.750993e-07    -1.094011e-07    -1.646504e-07    -3.536505e-07    -8.414165e-08    -9.873279e-08    -3.175568e-07    3.900733e-07
-4.919708e-07    -2.260295e-06    1.814464e-07    3.965647e-06    -1.309077e-06    2.125157e-07    -3.955481e-07    -3.970713e-07    2.559397e-07    1.553612e-07    1.64955e-07    -1.466836e-07    -1.30341e-07    1.428337e-07    1.303847e-08    1.253536e-07    -3.739748e-07    1.290634e-07    6.740211e-07    -3.837853e-07    3.111832e-07    -5.040095e-08    -2.473955e-07    1.188977e-07    -1.068106e-07    4.048102e-07    -3.31628e-07    -3.18429e-07    3.47794e-07    -6.723647e-08
2.5232e-08    3.949029e-07    -1.238884e-06    -1.309077e-06    3.231137e-06    7.95194e-08    3.052964e-07    3.349102e-07    1.18905e-07    -4.062504e-07    -2.13822e-07    2.853431e-07    4.615548e-07    -1.542633e-07    -1.517306e-07    -4.140467e-08    -3.577338e-07    -5.689616e-07    1.390594e-07    8.127388e-07    -2.601392e-08    -2.133641e-07    -1.802064e-07    1.372431e-10    2.24923e-07    -1.728796e-07    4.230372e-07    4.041347e-07    -1.455827e-07    -2.257634e-07
5.919013e-07    -3.470007e-07    -5.261666e-07    2.125157e-07    7.95194e-08    3.924155e-06    -1.684096e-07    -2.334304e-06    -5.472707e-07    7.053083e-08    2.944565e-07    -6.393943e-08    -3.301362e-07    2.003128e-07    -3.779034e-08    5.02573e-07    -3.464163e-07    -5.115142e-07    4.588137e-07    -6.171794e-08    2.021588e-07    -1.433344e-07    -1.608733e-07    1.831144e-07    -4.860266e-08    3.345986e-07    1.093041e-07    -2.146793e-07    -5.531162e-08    -1.050579e-07
-5.579056e-07    -1.071504e-07    8.155017e-08    -3.955481e-07    3.052964e-07    -1.684096e-07    3.96229e-06    -4.396727e-07    -2.460379e-06    2.04513e-07    -2.500318e-08    -3.069591e-07    -2.131836e-07    3.132071e-08    2.330354e-07    -3.222354e-07    -3.351051e-07    -1.708375e-07    -2.698375e-07    5.424804e-07    -2.944964e-07    1.881857e-07    3.220205e-07    -1.501064e-07    -3.120742e-08    -7.097241e-08    3.78293e-07    6.960446e-08    -2.515461e-07    -6.809382e-08
-5.546793e-07    -5.163364e-08    8.891955e-08    -3.970713e-07    3.349102e-07    -2.334304e-06    -4.396727e-07    3.884889e-06    -1.64963e-07    -1.149445e-06    5.369076e-08    -3.718815e-07    -1.448068e-07    1.097473e-09    1.957062e-07    -2.794708e-07    -4.179444e-07    -3.110717e-07    -2.429175e-07    6.593807e-07    -2.160932e-07    2.42181e-07    2.554112e-07    -1.049157e-07    -1.018603e-07    -2.479298e-07    4.859507e-08    3.667459e-07    -4.743136e-08    -9.389577e-08
4.949413e-07    -2.524917e-07    -4.91925e-07    2.559397e-07    1.18905e-07    -5.472707e-07    -2.460379e-06    -1.64963e-07    4.069895e-06    -9.110307e-07    2.937518e-07    -1.169427e-07    -3.093833e-07    2.91961e-07    -3.83046e-08    3.885667e-07    -5.310829e-07    -4.660023e-07    6.217339e-07    1.517843e-08    2.100259e-07    -3.196589e-08    -6.276256e-08    3.905906e-08    -4.138461e-08    -4.44096e-08    -2.240176e-07    5.464887e-08    2.897717e-07    8.687698e-09
2.416044e-08    3.763251e-07    3.972271e-07    1.553612e-07    -4.062504e-07    7.053083e-08    2.04513e-07    -1.149445e-06    -9.110307e-07    2.400727e-06    -3.137168e-07    3.990052e-07    5.422813e-07    -2.465873e-07    -2.274908e-07    -1.841622e-07    7.317072e-07    7.24424e-07    -2.315758e-07    -5.483341e-07    6.572447e-08    -1.767035e-07    -1.741405e-07    3.502023e-08    8.227629e-08    -2.471589e-08    -1.511685e-07    -1.698189e-07    1.064929e-07    2.786621e-07
3.86386e-07    1.14586e-07    -1.546088e-08    1.64955e-07    -2.13822e-07    2.944565e-07    -2.500318e-08    5.369076e-08    2.937518e-07    -3.137168e-07    3.195493e-06    -1.639595e-06    -1.169982e-06    2.038072e-07    -2.913092e-07    1.096338e-07    -4.015565e-07    -5.841404e-07    1.386292e-07    4.468694e-07    -6.834888e-08    3.916e-07    5.08818e-07    6.361826e-08    -4.168652e-07    5.605655e-08    -2.887377e-07    -2.848581e-07    1.517386e-08    2.33324e-07
-2.438139e-08    -3.260634e-07    -2.8023e-07    -1.466836e-07    2.853431e-07    -6.393943e-08    -3.069591e-07    -3.718815e-07    -1.169427e-07    3.990052e-07    -1.639595e-06    1.056232e-05    -5.783004e-06    -1.839862e-06    1.109121e-06    -1.412211e-07    6.710779e-08    3.099855e-07    -1.609425e-07    -9.903488e-08    4.800042e-07    -8.15228e-07    -9.162905e-07    5.173075e-07    3.967937e-07    -1.529789e-07    3.673128e-07    4.105586e-07    -4.289639e-09    -2.884378e-07
-3.513767e-07    -3.244077e-07    -1.390636e-07    -1.30341e-07    4.615548e-07    -3.301362e-07    -2.131836e-07    -1.448068e-07    -3.093833e-07    5.422813e-07    -1.169982e-06    -5.783004e-06    9.855298e-06    -1.005101e-06    -2.433211e-06    -2.290881e-08    6.724166e-07    4.18826e-07    -2.973892e-07    -4.652662e-07    3.939513e-07    -9.148076e-07    -9.050359e-07    2.206934e-07    5.48557e-07    8.595515e-08    8.956586e-08    3.901164e-08    9.715014e-08    -9.469287e-08
2.638226e-07    9.251814e-08    -4.830872e-08    1.428337e-07    -1.542633e-07    2.003128e-07    3.132071e-08    1.097473e-09    2.91961e-07    -2.465873e-07    2.038072e-07    -1.839862e-06    -1.005101e-06    3.603721e-06    -5.028667e-07    1.182574e-07    -6.957545e-07    -5.557737e-07    2.92192e-07    4.585543e-07    1.164735e-07    2.513594e-07    3.486804e-07    2.288653e-07    -4.706512e-07    -7.593513e-08    -3.411589e-07    -4.102091e-07    -1.228213e-07    4.741782e-07
-3.586135e-08    1.276748e-07    1.303075e-07    1.303847e-08    -1.517306e-07    -3.779034e-08    2.330354e-07    1.957062e-07    -3.83046e-08    -2.274908e-07    -2.913092e-07    1.109121e-06    -2.433211e-06    -5.028667e-07    2.196402e-06    -9.882069e-08    9.921705e-08    2.267239e-07    -3.571254e-08    -1.091996e-07    -4.08266e-07    4.895283e-07    4.194069e-07    -4.592538e-07    1.032092e-08    3.142921e-08    1.709473e-07    1.010001e-07    -3.491854e-08    -1.41371e-07
6.836666e-07    -3.359493e-07    -6.131461e-07    1.253536e-07    -4.140467e-08    5.02573e-07    -3.222354e-07    -2.794708e-07    3.885667e-07    -1.841622e-07    1.096338e-07    -1.412211e-07    -2.290881e-08    1.182574e-07    -9.882069e-08    1.097541e-05    1.100321e-06    -8.138657e-06    -3.203094e-07    6.647987e-08    5.376788e-07    -6.331417e-07    -5.13657e-07    5.492237e-07    6.502468e-08    4.903821e-07    -4.478387e-07    -3.68527e-07    4.183617e-07    -1.594302e-07
-1.620488e-08    8.747918e-07    6.122019e-07    -3.739748e-07    -3.577338e-07    -3.464163e-07    -3.351051e-07    -4.179444e-07    -5.310829e-07    7.317072e-07    -4.015565e-07    6.710779e-08    6.724166e-07    -6.957545e-07    9.921705e-08    1.100321e-06    1.30728e-05    -3.444884e-06    -8.142735e-06    2.563034e-06    -6.682965e-07    3.563944e-07    3.458638e-07    -6.389692e-07    3.321733e-07    -5.479267e-07    3.991868e-09    2.794175e-08    -4.4522e-07    4.228179e-07
-3.975455e-07    4.634662e-07    8.288571e-07    1.290634e-07    -5.689616e-07    -5.115142e-07    -1.708375e-07    -3.110717e-07    -4.660023e-07    7.24424e-07    -5.841404e-07    3.099855e-07    4.18826e-07    -5.557737e-07    2.267239e-07    -8.138657e-06    -3.444884e-06    1.306918e-05    9.975466e-07    -5.104382e-06    -4.642069e-07    2.536201e-07    1.741851e-07    -5.13978e-07    2.40573e-07    -3.752677e-07    3.81465e-08    -4.029039e-08    -4.441351e-07    5.181916e-07
1.06699e-07    -5.112203e-07    -3.635434e-07    6.740211e-07    1.390594e-07    4.588137e-07    -2.698375e-07    -2.429175e-07    6.217339e-07    -2.315758e-07    1.386292e-07    -1.609425e-07    -2.973892e-07    2.92192e-07    -3.571254e-08    -3.203094e-07    -8.142735e-06    9.975466e-07    1.096325e-05    -3.878048e-06    7.063248e-07    -5.345053e-07    -6.163377e-07    5.223747e-07    -7.460624e-08    6.555428e-07    -5.154154e-07    -4.662214e-07    5.474601e-07    -1.107711e-07
-1.129411e-07    -1.318603e-07    -3.378629e-07    -3.837853e-07    8.127388e-07    -6.171794e-08    5.424804e-07    6.593807e-07    1.517843e-08    -5.483341e-07    4.468694e-07    -9.903488e-08    -4.652662e-07    4.585543e-07    -1.091996e-07    6.647987e-08    2.563034e-06    -5.104382e-06    -3.878048e-06    8.086519e-06    -8.336922e-08    2.9678e-07    3.738129e-07    1.641303e-08    -3.14184e-07    -2.284732e-07    4.865585e-07    4.674068e-07    7.355616e-09    -4.061201e-07
2.787638e-07    -3.648849e-07    -3.34706e-07    3.111832e-07    -2.601392e-08    2.021588e-07    -2.944964e-07    -2.160932e-07    2.100259e-07    6.572447e-08    -6.834888e-08    4.800042e-07    3.939513e-07    1.164735e-07    -4.08266e-07    5.376788e-07    -6.682965e-07    -4.642069e-07    7.063248e-07    -8.336922e-08    5.688819e-06    7.011856e-10    -4.407768e-06    -3.903071e-07    1.419384e-07    3.370092e-07    -1.700594e-07    -2.17942e-07    4.380637e-07    -1.166888e-07
-1.48126e-07    4.904795e-07    3.060811e-07    -5.040095e-08    -2.133641e-07    -1.433344e-07    1.881857e-07    2.42181e-07    -3.196589e-08    -1.767035e-07    3.916e-07    -8.15228e-07    -9.148076e-07    2.513594e-07    4.895283e-07    -6.331417e-07    3.563944e-07    2.536201e-07    -5.345053e-07    2.9678e-07    7.011856e-10    6.556251e-06    -1.302988e-06    -4.337485e-06    6.190545e-07    -3.55601e-07    8.750881e-09    8.336568e-09    -3.571952e-07    4.331639e-07
-2.502251e-08    5.152375e-07    3.750993e-07    -2.473955e-07    -1.802064e-07    -1.608733e-07    3.220205e-07    2.554112e-07    -6.276256e-08    -1.741405e-07    5.08818e-07    -9.162905e-07    -9.050359e-07    3.486804e-07    4.194069e-07    -5.13657e-07    3.458638e-07    1.741851e-07    -6.163377e-07    3.738129e-07    -4.407768e-06    -1.302988e-06    6.599799e-06    9.317883e-08    -1.536047e-06    -2.387522e-07    -1.923774e-07    -8.534001e-08    -2.992111e-07    2.780413e-07
1.56569e-07    -3.731546e-07    -1.094011e-07    1.188977e-07    1.372431e-10    1.831144e-07    -1.501064e-07    -1.049157e-07    3.905906e-08    3.502023e-08    6.361826e-08    5.173075e-07    2.206934e-07    2.288653e-07    -4.592538e-07    5.492237e-07    -6.389692e-07    -5.13978e-07    5.223747e-07    1.641303e-08    -3.903071e-07    -4.337485e-06    9.317883e-08    5.633031e-06    -1.088318e-06    4.109721e-07    -1.753488e-07    -2.89502e-07    2.968903e-07    -1.634487e-07
-9.533123e-08    -1.133111e-07    -1.646504e-07    -1.068106e-07    2.24923e-07    -4.860266e-08    -3.120742e-08    -1.018603e-07    -4.138461e-08    8.227629e-08    -4.168652e-07    3.967937e-07    5.48557e-07    -4.706512e-07    1.032092e-08    6.502468e-08    3.321733e-07    2.40573e-07    -7.460624e-08    -3.14184e-07    1.419384e-07    6.190545e-07    -1.536047e-06    -1.088318e-06    2.336119e-06    -7.189419e-08    3.143534e-07    3.062847e-07    -1.2621e-07    -1.652033e-07
6.364567e-07    -2.622021e-07    -3.536505e-07    4.048102e-07    -1.728796e-07    3.345986e-07    -7.097241e-08    -2.479298e-07    -4.44096e-08    -2.471589e-08    5.605655e-08    -1.529789e-07    8.595515e-08    -7.593513e-08    3.142921e-08    4.903821e-07    -5.479267e-07    -3.752677e-07    6.555428e-07    -2.284732e-07    3.370092e-07    -3.55601e-07    -2.387522e-07    4.109721e-07    -7.189419e-08    4.450782e-06    -2.010048e-07    -3.128666e-06    3.419283e-07    2.703366e-08
-5.181121e-07    -1.172988e-07    -8.414165e-08    -3.31628e-07    4.230372e-07    1.093041e-07    3.78293e-07    4.859507e-08    -2.240176e-07    -1.511685e-07    -2.887377e-07    3.673128e-07    8.956586e-08    -3.411589e-07    1.709473e-07    -4.478387e-07    3.991868e-09    3.81465e-08    -5.154154e-07    4.865585e-07    -1.700594e-07    8.750881e-09    -1.923774e-07    -1.753488e-07    3.143534e-07    -2.010048e-07    5.097023e-06    -1.304585e-06    -3.029647e-06    9.681869e-07
-4.738365e-07    -1.696303e-07    -9.873279e-08    -3.18429e-07    4.041347e-07    -2.146793e-07    6.960446e-08    3.667459e-07    5.464887e-08    -1.698189e-07    -2.848581e-07    4.105586e-07    3.901164e-08    -4.102091e-07    1.010001e-07    -3.68527e-07    2.794175e-08    -4.029039e-08    -4.662214e-07    4.674068e-07    -2.17942e-07    8.336568e-09    -8.534001e-08    -2.89502e-07    3.062847e-07    -3.128666e-06    -1.304585e-06    5.264917e-06    -8.953145e-08    -1.682977e-06
6.030892e-07    -3.127537e-07    -3.175568e-07    3.47794e-07    -1.455827e-07    -5.531162e-08    -2.515461e-07    -4.743136e-08    2.897717e-07    1.064929e-07    1.517386e-08    -4.289639e-09    9.715014e-08    -1.228213e-07    -3.491854e-08    4.183617e-07    -4.4522e-07    -4.441351e-07    5.474601e-07    7.355616e-09    4.380637e-07    -3.571952e-07    -2.992111e-07    2.968903e-07    -1.2621e-07    3.419283e-07    -3.029647e-06    -8.953145e-08    4.412261e-06    -1.565472e-06
-1.11557e-07    4.482704e-07    3.900733e-07    -6.723647e-08    -2.257634e-07    -1.050579e-07    -6.809382e-08    -9.389577e-08    8.687698e-09    2.786621e-07    2.33324e-07    -2.884378e-07    -9.469287e-08    4.741782e-07    -1.41371e-07    -1.594302e-07    4.228179e-07    5.181916e-07    -1.107711e-07    -4.061201e-07    -1.166888e-07    4.331639e-07    2.780413e-07    -1.634487e-07    -1.652033e-07    2.703366e-08    9.681869e-07    -1.682977e-06    -1.565472e-06    2.880845e-06
