5.822814e-06    1.144062e-06    -3.347841e-07    5.3992e-07    -4.367985e-06    -8.445206e-07    -4.597568e-06    -3.407797e-06    2.927913e-08    2.917351e-06    -4.166666e-07    2.820237e-06    4.927983e-06    -3.16424e-08    -3.742352e-06
1.144062e-06    6.940317e-06    2.053654e-06    -4.019397e-06    -2.213134e-06    -1.706765e-06    -4.471328e-06    -2.535129e-06    -7.888725e-07    3.128338e-06    -2.262649e-06    5.756945e-06    4.666949e-06    -3.024444e-06    -1.957979e-06
-3.347841e-07    2.053654e-06    6.090265e-06    2.954975e-07    -5.512376e-06    -8.456961e-07    -3.608695e-06    -1.798078e-06    6.760955e-07    1.158326e-06    -1.099834e-06    2.295346e-06    3.522645e-06    -6.324103e-07    -1.957949e-06
5.3992e-07    -4.019397e-06    2.954975e-07    7.617706e-06    -1.904709e-06    8.833448e-07    6.361723e-07    9.819947e-07    1.470218e-06    -1.777695e-06    1.972196e-06    -3.794889e-06    -1.90899e-06    2.234343e-06    4.653709e-07
-4.367985e-06    -2.213134e-06    -5.512376e-06    -1.904709e-06    1.682544e-05    2.341139e-06    1.022423e-05    6.301385e-06    -1.660814e-06    -5.232966e-06    9.658979e-07    -6.477506e-06    -9.402354e-06    8.437015e-07    6.707405e-06
-8.445206e-07    -1.706765e-06    -8.456961e-07    8.833448e-07    2.341139e-06    7.481787e-06    2.106806e-06    -3.077257e-06    -1.156732e-06    -1.265952e-06    8.171593e-07    -2.702343e-06    -2.332773e-06    1.990115e-06    4.650358e-07
-4.597568e-06    -4.471328e-06    -3.608695e-06    6.361723e-07    1.022423e-05    2.106806e-06    1.494939e-05    6.508715e-06    -2.827156e-06    -5.976005e-06    2.07194e-06    -8.271426e-06    -1.099653e-05    2.34227e-06    6.411632e-06
-3.407797e-06    -2.535129e-06    -1.798078e-06    9.819947e-07    6.301385e-06    -3.077257e-06    6.508715e-06    1.065716e-05    1.27674e-06    -6.33017e-06    2.030751e-06    -7.140526e-06    -8.21838e-06    1.703539e-06    5.672141e-06
2.927913e-08    -7.888725e-07    6.760955e-07    1.470218e-06    -1.660814e-06    -1.156732e-06    -2.827156e-06    1.27674e-06    7.010674e-06    -2.997433e-06    1.478488e-06    -4.224151e-06    -8.919314e-07    2.24425e-06    6.271705e-07
2.917351e-06    3.128338e-06    1.158326e-06    -1.777695e-06    -5.232966e-06    -1.265952e-06    -5.976005e-06    -6.33017e-06    -2.997433e-06    1.015424e-05    -2.184666e-06    9.429706e-06    7.326533e-06    -3.570223e-06    -4.682094e-06
-4.166666e-07    -2.262649e-06    -1.099834e-06    1.972196e-06    9.658979e-07    8.171593e-07    2.07194e-06    2.030751e-06    1.478488e-06    -2.184666e-06    1.368263e-05    -3.141831e-06    -1.240488e-05    2.116482e-06    1.522131e-06
2.820237e-06    5.756945e-06    2.295346e-06    -3.794889e-06    -6.477506e-06    -2.702343e-06    -8.271426e-06    -7.140526e-06    -4.224151e-06    9.429706e-06    -3.141831e-06    2.809659e-05    5.667185e-06    -1.568886e-05    -2.889295e-06
4.927983e-06    4.666949e-06    3.522645e-06    -1.90899e-06    -9.402354e-06    -2.332773e-06    -1.099653e-05    -8.21838e-06    -8.919314e-07    7.326533e-06    -1.240488e-05    5.667185e-06    2.575876e-05    -2.687036e-06    -1.071542e-05
-3.16424e-08    -3.024444e-06    -6.324103e-07    2.234343e-06    8.437015e-07    1.990115e-06    2.34227e-06    1.703539e-06    2.24425e-06    -3.570223e-06    2.116482e-06    -1.568886e-05    -2.687036e-06    1.603499e-05    -2.890706e-06
-3.742352e-06    -1.957979e-06    -1.957949e-06    4.653709e-07    6.707405e-06    4.650358e-07    6.411632e-06    5.672141e-06    6.271705e-07    -4.682094e-06    1.522131e-06    -2.889295e-06    -1.071542e-05    -2.890706e-06    1.124191e-05
