5.822814e-06    1.144062e-06    -3.347841e-07    5.3992e-07    -4.367985e-06    -1.442761e-06    -3.695492e-06    -2.848215e-06    -2.261087e-07    3.512356e-06
1.144062e-06    6.940317e-06    2.053654e-06    -4.019397e-06    -2.213134e-06    -1.601445e-07    -3.44377e-06    -2.536152e-06    -4.60637e-07    2.176241e-06
-3.347841e-07    2.053654e-06    6.090265e-06    2.954975e-07    -5.512376e-06    -5.587283e-07    -1.463765e-06    -8.478135e-07    5.502152e-08    5.279436e-07
5.3992e-07    -4.019397e-06    2.954975e-07    7.617706e-06    -1.904709e-06    -4.989872e-07    1.591967e-06    1.51315e-06    4.769975e-07    -1.009036e-06
-4.367985e-06    -2.213134e-06    -5.512376e-06    -1.904709e-06    1.682544e-05    2.21615e-06    6.445673e-06    5.231803e-06    -4.868225e-07    -5.425728e-06
-1.442761e-06    -1.601445e-07    -5.587283e-07    -4.989872e-07    2.21615e-06    8.310243e-06    7.169591e-07    -4.005831e-06    -1.139772e-06    -1.311306e-06
-3.695492e-06    -3.44377e-06    -1.463765e-06    1.591967e-06    6.445673e-06    7.169591e-07    1.271021e-05    7.131861e-06    -2.430606e-06    -6.207599e-06
-2.848215e-06    -2.536152e-06    -8.478135e-07    1.51315e-06    5.231803e-06    -4.005831e-06    7.131861e-06    1.191275e-05    9.718327e-07    -7.686366e-06
-2.261087e-07    -4.60637e-07    5.502152e-08    4.769975e-07    -4.868225e-07    -1.139772e-06    -2.430606e-06    9.718327e-07    5.917591e-06    -2.512549e-06
3.512356e-06    2.176241e-06    5.279436e-07    -1.009036e-06    -5.425728e-06    -1.311306e-06    -6.207599e-06    -7.686366e-06    -2.512549e-06    1.256022e-05
