5.822814e-06    1.144062e-06    -3.347841e-07    5.3992e-07    -4.367985e-06    -8.445206e-07    -4.597568e-06    -3.407797e-06    2.927913e-08    2.917351e-06    -1.442761e-06    -3.695492e-06    -2.848215e-06    -2.261087e-07    3.512356e-06
1.144062e-06    6.940317e-06    2.053654e-06    -4.019397e-06    -2.213134e-06    -1.706765e-06    -4.471328e-06    -2.535129e-06    -7.888725e-07    3.128338e-06    -1.601445e-07    -3.44377e-06    -2.536152e-06    -4.60637e-07    2.176241e-06
-3.347841e-07    2.053654e-06    6.090265e-06    2.954975e-07    -5.512376e-06    -8.456961e-07    -3.608695e-06    -1.798078e-06    6.760955e-07    1.158326e-06    -5.587283e-07    -1.463765e-06    -8.478135e-07    5.502152e-08    5.279436e-07
5.3992e-07    -4.019397e-06    2.954975e-07    7.617706e-06    -1.904709e-06    8.833448e-07    6.361723e-07    9.819947e-07    1.470218e-06    -1.777695e-06    -4.989872e-07    1.591967e-06    1.51315e-06    4.769975e-07    -1.009036e-06
-4.367985e-06    -2.213134e-06    -5.512376e-06    -1.904709e-06    1.682544e-05    2.341139e-06    1.022423e-05    6.301385e-06    -1.660814e-06    -5.232966e-06    2.21615e-06    6.445673e-06    5.231803e-06    -4.868225e-07    -5.425728e-06
-8.445206e-07    -1.706765e-06    -8.456961e-07    8.833448e-07    2.341139e-06    7.481787e-06    2.106806e-06    -3.077257e-06    -1.156732e-06    -1.265952e-06    6.017122e-07    2.648773e-06    1.800275e-06    -1.138155e-08    -1.76322e-06
-4.597568e-06    -4.471328e-06    -3.608695e-06    6.361723e-07    1.022423e-05    2.106806e-06    1.494939e-05    6.508715e-06    -2.827156e-06    -5.976005e-06    1.18361e-06    8.437158e-06    7.208016e-06    3.646881e-07    -7.346423e-06
-3.407797e-06    -2.535129e-06    -1.798078e-06    9.819947e-07    6.301385e-06    -3.077257e-06    6.508715e-06    1.065716e-05    1.27674e-06    -6.33017e-06    8.977229e-07    5.273499e-06    4.65525e-06    3.795095e-07    -5.016906e-06
2.927913e-08    -7.888725e-07    6.760955e-07    1.470218e-06    -1.660814e-06    -1.156732e-06    -2.827156e-06    1.27674e-06    7.010674e-06    -2.997433e-06    -2.31607e-07    -3.798403e-07    2.508308e-07    1.431626e-06    -1.370945e-06
2.917351e-06    3.128338e-06    1.158326e-06    -1.777695e-06    -5.232966e-06    -1.265952e-06    -5.976005e-06    -6.33017e-06    -2.997433e-06    1.015424e-05    -6.967735e-07    -5.580177e-06    -5.459523e-06    -1.366697e-06    7.143435e-06
-1.442761e-06    -1.601445e-07    -5.587283e-07    -4.989872e-07    2.21615e-06    6.017122e-07    1.18361e-06    8.977229e-07    -2.31607e-07    -6.967735e-07    8.310243e-06    7.169591e-07    -4.005831e-06    -1.139772e-06    -1.311306e-06
-3.695492e-06    -3.44377e-06    -1.463765e-06    1.591967e-06    6.445673e-06    2.648773e-06    8.437158e-06    5.273499e-06    -3.798403e-07    -5.580177e-06    7.169591e-07    1.271021e-05    7.131861e-06    -2.430606e-06    -6.207599e-06
-2.848215e-06    -2.536152e-06    -8.478135e-07    1.51315e-06    5.231803e-06    1.800275e-06    7.208016e-06    4.65525e-06    2.508308e-07    -5.459523e-06    -4.005831e-06    7.131861e-06    1.191275e-05    9.718327e-07    -7.686366e-06
-2.261087e-07    -4.60637e-07    5.502152e-08    4.769975e-07    -4.868225e-07    -1.138155e-08    3.646881e-07    3.795095e-07    1.431626e-06    -1.366697e-06    -1.139772e-06    -2.430606e-06    9.718327e-07    5.917591e-06    -2.512549e-06
3.512356e-06    2.176241e-06    5.279436e-07    -1.009036e-06    -5.425728e-06    -1.76322e-06    -7.346423e-06    -5.016906e-06    -1.370945e-06    7.143435e-06    -1.311306e-06    -6.207599e-06    -7.686366e-06    -2.512549e-06    1.256022e-05
