2.610806e-06    -6.932331e-07    -1.302551e-06    1.299365e-06    -8.407168e-07    7.446001e-07    -1.277899e-07    -1.598183e-07    1.174748e-06    -9.324214e-07    6.284956e-07    1.466304e-06    9.749462e-07    1.327784e-06    -1.993144e-06    1.341099e-07    1.208688e-06    9.721633e-07    -8.234021e-07    -1.638761e-06
-6.932331e-07    1.820546e-06    1.15889e-06    -1.507002e-06    -4.918427e-07    -7.061887e-07    5.171593e-07    1.037227e-06    -3.361927e-08    -4.635477e-07    -8.11309e-07    -1.185242e-06    -5.523317e-07    -1.348522e-07    1.225531e-06    2.986712e-07    -4.55979e-07    -6.234384e-07    1.118785e-07    2.655503e-07
-1.302551e-06    1.15889e-06    4.416799e-06    1.066789e-09    -2.817883e-06    8.080977e-07    1.091779e-06    4.181974e-07    4.021554e-07    -1.64345e-06    -4.531906e-07    -5.059125e-07    4.168969e-08    -1.887736e-06    2.744018e-06    1.737599e-06    -1.22143e-06    -1.659121e-07    9.722876e-07    -1.639571e-06
1.299365e-06    -1.507002e-06    1.066789e-09    3.692722e-06    -1.906334e-06    2.378771e-06    2.21069e-07    -3.756597e-07    8.690063e-07    -1.514962e-06    1.367087e-06    1.3818e-06    9.764062e-07    1.410042e-07    -1.57548e-06    -3.285687e-07    1.790881e-06    2.521894e-06    -1.084975e-06    -2.715901e-06
-8.407168e-07    -4.918427e-07    -2.817883e-06    -1.906334e-06    4.014613e-06    -2.199168e-06    -7.371589e-07    -6.26077e-07    -1.527494e-06    2.893342e-06    -8.410895e-07    -4.520621e-07    2.666896e-08    2.390814e-07    -7.533704e-07    -7.516915e-07    -7.607812e-07    -1.680672e-06    8.783584e-08    3.465832e-06
7.446001e-07    -7.061887e-07    8.080977e-07    2.378771e-06    -2.199168e-06    2.824795e-06    2.32684e-08    -4.005137e-07    7.244122e-07    -1.687462e-06    1.910528e-06    1.757433e-06    -2.813382e-08    -8.074431e-08    -8.514131e-07    -3.228049e-07    1.463732e-06    2.485632e-06    -5.664419e-07    -3.179661e-06
-1.277899e-07    5.171593e-07    1.091779e-06    2.21069e-07    -7.371589e-07    2.32684e-08    9.764566e-07    3.793033e-07    -1.450308e-07    -6.205036e-07    -4.646083e-07    -4.463274e-07    1.295456e-07    -6.458073e-07    1.032528e-06    7.48323e-07    -2.718635e-07    -1.081606e-07    -2.129276e-08    -3.847704e-07
-1.598183e-07    1.037227e-06    4.181974e-07    -3.756597e-07    -6.26077e-07    -4.005137e-07    3.793033e-07    1.657109e-06    3.438411e-09    -1.080412e-06    -2.713456e-08    -1.102939e-06    -1.140927e-06    2.975529e-07    5.03306e-07    3.07584e-08    2.589467e-07    -1.146989e-07    -2.461636e-07    -6.286566e-08
1.174748e-06    -3.361927e-08    4.021554e-07    8.690063e-07    -1.527494e-06    7.244122e-07    -1.450308e-07    3.438411e-09    1.413583e-06    -1.065945e-06    5.64189e-07    5.119489e-07    7.454318e-07    7.694917e-07    -1.12944e-06    1.441681e-08    8.564751e-07    1.024696e-06    -3.421059e-07    -1.837077e-06
-9.324214e-07    -4.635477e-07    -1.64345e-06    -1.514962e-06    2.893342e-06    -1.687462e-06    -6.205036e-07    -1.080412e-06    -1.065945e-06    2.704583e-06    -1.333583e-06    -4.975041e-07    6.022211e-07    -1.241746e-07    -6.771665e-08    -5.114816e-07    -9.110467e-07    -1.670948e-06    3.118941e-07    3.060813e-06
6.284956e-07    -8.11309e-07    -4.531906e-07    1.367087e-06    -8.410895e-07    1.910528e-06    -4.646083e-07    -2.713456e-08    5.64189e-07    -1.333583e-06    4.065874e-06    1.444463e-06    -1.30919e-06    1.393739e-06    -2.555243e-06    -8.814867e-07    1.772348e-06    2.65046e-06    -5.537307e-07    -3.206422e-06
1.466304e-06    -1.185242e-06    -5.059125e-07    1.3818e-06    -4.520621e-07    1.757433e-06    -4.463274e-07    -1.102939e-06    5.119489e-07    -4.975041e-07    1.444463e-06    3.996512e-06    2.036594e-06    -2.94904e-07    -2.130989e-06    9.725274e-07    1.240113e-06    1.640453e-06    -1.245713e-06    -2.917038e-06
9.749462e-07    -5.523317e-07    4.168969e-08    9.764062e-07    2.666896e-08    -2.813382e-08    1.295456e-07    -1.140927e-06    7.454318e-07    6.022211e-07    -1.30919e-06    2.036594e-06    4.786242e-06    -3.044692e-07    -2.243706e-06    1.432416e-06    5.917957e-07    4.045883e-07    -1.762689e-06    -1.205564e-06
1.327784e-06    -1.348522e-07    -1.887736e-06    1.410042e-07    2.390814e-07    -8.074431e-08    -6.458073e-07    2.975529e-07    7.694917e-07    -1.241746e-07    1.393739e-06    -2.94904e-07    -3.044692e-07    2.846093e-06    -3.047384e-06    -1.318282e-06    1.494338e-06    6.486538e-07    -1.011423e-06    -2.960137e-07
-1.993144e-06    1.225531e-06    2.744018e-06    -1.57548e-06    -7.533704e-07    -8.514131e-07    1.032528e-06    5.03306e-07    -1.12944e-06    -6.771665e-08    -2.555243e-06    -2.130989e-06    -2.243706e-06    -3.047384e-06    6.855159e-06    1.315102e-06    -3.187016e-06    -2.313184e-06    2.754133e-06    2.318822e-06
1.341099e-07    2.986712e-07    1.737599e-06    -3.285687e-07    -7.516915e-07    -3.228049e-07    7.48323e-07    3.07584e-08    1.441681e-08    -5.114816e-07    -8.814867e-07    9.725274e-07    1.432416e-06    -1.318282e-06    1.315102e-06    2.558072e-06    -1.030405e-06    -9.521974e-07    7.201107e-08    -8.596367e-07
1.208688e-06    -4.55979e-07    -1.22143e-06    1.790881e-06    -7.607812e-07    1.463732e-06    -2.718635e-07    2.589467e-07    8.564751e-07    -9.110467e-07    1.772348e-06    1.240113e-06    5.917957e-07    1.494338e-06    -3.187016e-06    -1.030405e-06    3.057108e-06    2.216349e-06    -2.152236e-06    -2.453138e-06
9.721633e-07    -6.234384e-07    -1.659121e-07    2.521894e-06    -1.680672e-06    2.485632e-06    -1.081606e-07    -1.146989e-07    1.024696e-06    -1.670948e-06    2.65046e-06    1.640453e-06    4.045883e-07    6.486538e-07    -2.313184e-06    -9.521974e-07    2.216349e-06    3.62826e-06    -1.11566e-06    -3.904295e-06
-8.234021e-07    1.118785e-07    9.722876e-07    -1.084975e-06    8.783584e-08    -5.664419e-07    -2.129276e-08    -2.461636e-07    -3.421059e-07    3.118941e-07    -5.537307e-07    -1.245713e-06    -1.762689e-06    -1.011423e-06    2.754133e-06    7.201107e-08    -2.152236e-06    -1.11566e-06    2.469577e-06    1.343457e-06
-1.638761e-06    2.655503e-07    -1.639571e-06    -2.715901e-06    3.465832e-06    -3.179661e-06    -3.847704e-07    -6.286566e-08    -1.837077e-06    3.060813e-06    -3.206422e-06    -2.917038e-06    -1.205564e-06    -2.960137e-07    2.318822e-06    -8.596367e-07    -2.453138e-06    -3.904295e-06    1.343457e-06    6.550864e-06
