2.610806e-06    -6.932331e-07    -1.302551e-06    1.299365e-06    -8.407168e-07    7.446001e-07    -1.277899e-07    -1.598183e-07    1.174748e-06    -9.324214e-07    6.284956e-07    1.466304e-06    9.749462e-07    1.327784e-06    -1.993144e-06    -1.518963e-07    1.043626e-06    9.945525e-07    9.797689e-07    -2.257701e-06    5.123071e-06    -4.513164e-07    -4.301712e-06    -1.524482e-06    1.713123e-06
-6.932331e-07    1.820546e-06    1.15889e-06    -1.507002e-06    -4.918427e-07    -7.061887e-07    5.171593e-07    1.037227e-06    -3.361927e-08    -4.635477e-07    -8.11309e-07    -1.185242e-06    -5.523317e-07    -1.348522e-07    1.225531e-06    8.234068e-08    -1.372182e-06    -8.184095e-07    -5.229396e-07    1.749262e-06    -1.741355e-06    -8.364708e-07    6.02513e-08    1.595058e-07    9.200178e-07
-1.302551e-06    1.15889e-06    4.416799e-06    1.066789e-09    -2.817883e-06    8.080977e-07    1.091779e-06    4.181974e-07    4.021554e-07    -1.64345e-06    -4.531906e-07    -5.059125e-07    4.168969e-08    -1.887736e-06    2.744018e-06    9.051316e-07    1.722664e-07    -1.390678e-06    -5.754908e-07    1.682469e-06    -1.011666e-06    -4.814066e-07    -2.760778e-06    2.37015e-08    1.491257e-06
1.299365e-06    -1.507002e-06    1.066789e-09    3.692722e-06    -1.906334e-06    2.378771e-06    2.21069e-07    -3.756597e-07    8.690063e-07    -1.514962e-06    1.367087e-06    1.3818e-06    9.764062e-07    1.410042e-07    -1.57548e-06    6.647552e-07    1.865519e-06    9.718974e-07    1.359683e-06    -2.552038e-06    6.265711e-06    -1.370346e-07    -5.913175e-06    -8.395664e-07    -1.04868e-07
-8.407168e-07    -4.918427e-07    -2.817883e-06    -1.906334e-06    4.014613e-06    -2.199168e-06    -7.371589e-07    -6.26077e-07    -1.527494e-06    2.893342e-06    -8.410895e-07    -4.520621e-07    2.666896e-08    2.390814e-07    -7.533704e-07    -1.234842e-06    -7.927107e-07    6.122638e-07    -3.910735e-07    7.237401e-07    -4.690676e-06    1.027215e-06    7.877372e-06    9.482913e-07    -2.264922e-06
7.446001e-07    -7.061887e-07    8.080977e-07    2.378771e-06    -2.199168e-06    2.824795e-06    2.32684e-08    -4.005137e-07    7.244122e-07    -1.687462e-06    1.910528e-06    1.757433e-06    -2.813382e-08    -8.074431e-08    -8.514131e-07    9.005775e-07    1.846394e-06    6.617964e-07    5.370587e-07    -2.406356e-06    4.833258e-06    -1.249484e-07    -5.639351e-06    -5.833466e-07    -3.201245e-07
-1.277899e-07    5.171593e-07    1.091779e-06    2.21069e-07    -7.371589e-07    2.32684e-08    9.764566e-07    3.793033e-07    -1.450308e-07    -6.205036e-07    -4.646083e-07    -4.463274e-07    1.295456e-07    -6.458073e-07    1.032528e-06    -3.552952e-08    -3.236036e-07    -4.374607e-07    -9.378988e-09    1.133685e-06    -1.314258e-07    -4.291845e-07    -8.395712e-07    -2.669957e-07    1.197252e-06
-1.598183e-07    1.037227e-06    4.181974e-07    -3.756597e-07    -6.26077e-07    -4.005137e-07    3.793033e-07    1.657109e-06    3.438411e-09    -1.080412e-06    -2.713456e-08    -1.102939e-06    -1.140927e-06    2.975529e-07    5.03306e-07    3.290044e-07    -1.288484e-06    -1.470773e-07    -7.917142e-08    1.25047e-06    -3.341071e-09    -2.323063e-07    -1.344305e-06    2.260701e-07    7.948175e-07
1.174748e-06    -3.361927e-08    4.021554e-07    8.690063e-07    -1.527494e-06    7.244122e-07    -1.450308e-07    3.438411e-09    1.413583e-06    -1.065945e-06    5.64189e-07    5.119489e-07    7.454318e-07    7.694917e-07    -1.12944e-06    2.64959e-07    7.223545e-07    8.178313e-08    5.660531e-07    -1.38695e-06    3.751115e-06    -9.293544e-07    -4.32913e-06    -5.146782e-07    9.105573e-07
-9.324214e-07    -4.635477e-07    -1.64345e-06    -1.514962e-06    2.893342e-06    -1.687462e-06    -6.205036e-07    -1.080412e-06    -1.065945e-06    2.704583e-06    -1.333583e-06    -4.975041e-07    6.022211e-07    -1.241746e-07    -6.771665e-08    -1.006095e-06    -5.056518e-07    -1.662427e-07    -2.97971e-07    5.507871e-07    -4.445454e-06    5.184317e-07    6.876839e-06    7.173678e-07    -1.798991e-06
6.284956e-07    -8.11309e-07    -4.531906e-07    1.367087e-06    -8.410895e-07    1.910528e-06    -4.646083e-07    -2.713456e-08    5.64189e-07    -1.333583e-06    4.065874e-06    1.444463e-06    -1.30919e-06    1.393739e-06    -2.555243e-06    1.183162e-06    1.960318e-06    1.255236e-06    2.576251e-07    -2.640801e-06    4.614136e-06    1.772943e-07    -5.010037e-06    3.287358e-07    -1.359102e-06
1.466304e-06    -1.185242e-06    -5.059125e-07    1.3818e-06    -4.520621e-07    1.757433e-06    -4.463274e-07    -1.102939e-06    5.119489e-07    -4.975041e-07    1.444463e-06    3.996512e-06    2.036594e-06    -2.94904e-07    -2.130989e-06    -1.434692e-07    2.927481e-06    2.321761e-06    8.670177e-07    -3.900193e-06    4.4457e-06    5.879131e-07    -3.074392e-06    -1.527171e-06    -9.196018e-07
9.749462e-07    -5.523317e-07    4.168969e-08    9.764062e-07    2.666896e-08    -2.813382e-08    1.295456e-07    -1.140927e-06    7.454318e-07    6.022211e-07    -1.30919e-06    2.036594e-06    4.786242e-06    -3.044692e-07    -2.243706e-06    -8.044723e-07    1.72862e-06    1.522935e-06    1.919059e-06    -2.211479e-06    3.174428e-06    -5.899562e-07    -1.57907e-06    -1.914988e-06    6.134595e-09
1.327784e-06    -1.348522e-07    -1.887736e-06    1.410042e-07    2.390814e-07    -8.074431e-08    -6.458073e-07    2.975529e-07    7.694917e-07    -1.241746e-07    1.393739e-06    -2.94904e-07    -3.044692e-07    2.846093e-06    -3.047384e-06    5.896088e-07    2.193361e-07    6.686074e-07    7.908022e-07    -1.971513e-06    3.101244e-06    -7.0826e-07    -2.363347e-06    -2.127256e-07    -2.620228e-08
-1.993144e-06    1.225531e-06    2.744018e-06    -1.57548e-06    -7.533704e-07    -8.514131e-07    1.032528e-06    5.03306e-07    -1.12944e-06    -6.771665e-08    -2.555243e-06    -2.130989e-06    -2.243706e-06    -3.047384e-06    6.855159e-06    -2.661775e-07    -2.564516e-06    -3.20556e-06    -2.312788e-06    5.085137e-06    -6.993628e-06    5.809647e-07    4.347433e-06    5.782868e-07    2.25476e-06
-1.518963e-07    8.234068e-08    9.051316e-07    6.647552e-07    -1.234842e-06    9.005775e-07    -3.552952e-08    3.290044e-07    2.64959e-07    -1.006095e-06    1.183162e-06    -1.434692e-07    -8.044723e-07    5.896088e-07    -2.661775e-07    1.728296e-06    5.63794e-07    6.632652e-08    2.454159e-08    -8.461414e-07    1.337477e-06    2.461026e-07    -2.719546e-06    -2.487836e-07    -1.36644e-07
1.043626e-06    -1.372182e-06    1.722664e-07    1.865519e-06    -7.927107e-07    1.846394e-06    -3.236036e-07    -1.288484e-06    7.223545e-07    -5.056518e-07    1.960318e-06    2.927481e-06    1.72862e-06    2.193361e-07    -2.564516e-06    5.63794e-07    3.379428e-06    1.695834e-06    7.760532e-07    -3.887484e-06    4.450525e-06    1.265292e-07    -3.545291e-06    -7.42362e-07    -1.259581e-06
9.945525e-07    -8.184095e-07    -1.390678e-06    9.718974e-07    6.122638e-07    6.617964e-07    -4.374607e-07    -1.470773e-07    8.178313e-08    -1.662427e-07    1.255236e-06    2.321761e-06    1.522935e-06    6.686074e-07    -3.20556e-06    6.632652e-08    1.695834e-06    2.808297e-06    1.282215e-06    -2.909534e-06    3.582015e-06    8.486555e-07    -2.055759e-06    -8.937032e-07    -1.324167e-06
9.797689e-07    -5.229396e-07    -5.754908e-07    1.359683e-06    -3.910735e-07    5.370587e-07    -9.378988e-09    -7.917142e-08    5.660531e-07    -2.97971e-07    2.576251e-07    8.670177e-07    1.919059e-06    7.908022e-07    -2.312788e-06    2.454159e-08    7.760532e-07    1.282215e-06    1.788368e-06    -1.941441e-06    3.839554e-06    -2.615426e-07    -3.048312e-06    -1.160804e-06    -1.478446e-07
-2.257701e-06    1.749262e-06    1.682469e-06    -2.552038e-06    7.237401e-07    -2.406356e-06    1.133685e-06    1.25047e-06    -1.38695e-06    5.507871e-07    -2.640801e-06    -3.900193e-06    -2.211479e-06    -1.971513e-06    5.085137e-06    -8.461414e-07    -3.887484e-06    -2.909534e-06    -1.941441e-06    7.054571e-06    -8.034128e-06    2.637304e-07    5.461229e-06    1.39532e-06    2.639451e-06
5.123071e-06    -1.741355e-06    -1.011666e-06    6.265711e-06    -4.690676e-06    4.833258e-06    -1.314258e-07    -3.341071e-09    3.751115e-06    -4.445454e-06    4.614136e-06    4.4457e-06    3.174428e-06    3.101244e-06    -6.993628e-06    1.337477e-06    4.450525e-06    3.582015e-06    3.839554e-06    -8.034128e-06    1.954222e-05    -1.737348e-06    -1.898621e-05    -3.820782e-06    9.159736e-07
-4.513164e-07    -8.364708e-07    -4.814066e-07    -1.370346e-07    1.027215e-06    -1.249484e-07    -4.291845e-07    -2.323063e-07    -9.293544e-07    5.184317e-07    1.772943e-07    5.879131e-07    -5.899562e-07    -7.0826e-07    5.809647e-07    2.461026e-07    1.265292e-07    8.486555e-07    -2.615426e-07    2.637304e-07    -1.737348e-06    2.328116e-06    2.061881e-06    -2.440185e-07    -3.453083e-07
-4.301712e-06    6.02513e-08    -2.760778e-06    -5.913175e-06    7.877372e-06    -5.639351e-06    -8.395712e-07    -1.344305e-06    -4.32913e-06    6.876839e-06    -5.010037e-06    -3.074392e-06    -1.57907e-06    -2.363347e-06    4.347433e-06    -2.719546e-06    -3.545291e-06    -2.055759e-06    -3.048312e-06    5.461229e-06    -1.898621e-05    2.061881e-06    2.370788e-05    3.645123e-06    -4.239654e-06
-1.524482e-06    1.595058e-07    2.37015e-08    -8.395664e-07    9.482913e-07    -5.833466e-07    -2.669957e-07    2.260701e-07    -5.146782e-07    7.173678e-07    3.287358e-07    -1.527171e-06    -1.914988e-06    -2.127256e-07    5.782868e-07    -2.487836e-07    -7.42362e-07    -8.937032e-07    -1.160804e-06    1.39532e-06    -3.820782e-06    -2.440185e-07    3.645123e-06    3.125698e-06    -1.676828e-06
1.713123e-06    9.200178e-07    1.491257e-06    -1.04868e-07    -2.264922e-06    -3.201245e-07    1.197252e-06    7.948175e-07    9.105573e-07    -1.798991e-06    -1.359102e-06    -9.196018e-07    6.134595e-09    -2.620228e-08    2.25476e-06    -1.36644e-07    -1.259581e-06    -1.324167e-06    -1.478446e-07    2.639451e-06    9.159736e-07    -3.453083e-07    -4.239654e-06    -1.676828e-06    6.966204e-06
