2.824795e-06    2.32684e-08    -4.005137e-07    7.244122e-07    -1.687462e-06    2.982795e-06    -6.739922e-06    -2.161828e-06    3.357131e-06    7.60921e-07
2.32684e-08    9.764566e-07    3.793033e-07    -1.450308e-07    -6.205036e-07    7.88113e-07    -9.494851e-07    -8.47121e-07    3.772829e-07    1.475542e-07
-4.005137e-07    3.793033e-07    1.657109e-06    3.438411e-09    -1.080412e-06    2.280607e-08    1.171741e-06    -4.493576e-07    -6.846162e-07    1.667019e-07
7.244122e-07    -1.450308e-07    3.438411e-09    1.413583e-06    -1.065945e-06    1.855713e-06    -3.146833e-06    -2.048398e-06    1.846965e-06    4.432908e-07
-1.687462e-06    -6.205036e-07    -1.080412e-06    -1.065945e-06    2.704583e-06    -2.880455e-06    4.961495e-06    2.950396e-06    -2.517657e-06    -9.089981e-07
2.982795e-06    7.88113e-07    2.280607e-08    1.855713e-06    -2.880455e-06    7.716902e-06    -1.213243e-05    -8.158074e-06    7.231402e-06    2.228366e-06
-6.739922e-06    -9.494851e-07    1.171741e-06    -3.146833e-06    4.961495e-06    -1.213243e-05    2.44415e-05    1.208992e-05    -1.38656e-05    -3.893199e-06
-2.161828e-06    -8.47121e-07    -4.493576e-07    -2.048398e-06    2.950396e-06    -8.158074e-06    1.208992e-05    1.090864e-05    -8.808035e-06    -3.11613e-06
3.357131e-06    3.772829e-07    -6.846162e-07    1.846965e-06    -2.517657e-06    7.231402e-06    -1.38656e-05    -8.808035e-06    9.812327e-06    2.518798e-06
7.60921e-07    1.475542e-07    1.667019e-07    4.432908e-07    -9.089981e-07    2.228366e-06    -3.893199e-06    -3.11613e-06    2.518798e-06    1.462973e-06
