2.824795e-06    2.32684e-08    -4.005137e-07    7.244122e-07    -1.687462e-06    -9.514384e-08    3.027044e-06    3.067287e-06    -3.806003e-07    -2.320598e-06
2.32684e-08    9.764566e-07    3.793033e-07    -1.450308e-07    -6.205036e-07    -4.042923e-07    1.004751e-06    3.233078e-07    -5.412781e-07    -7.458892e-08
-4.005137e-07    3.793033e-07    1.657109e-06    3.438411e-09    -1.080412e-06    1.90795e-08    -7.212001e-07    1.105425e-07    3.372836e-07    -1.688354e-07
7.244122e-07    -1.450308e-07    3.438411e-09    1.413583e-06    -1.065945e-06    -6.682871e-07    2.457196e-06    2.779355e-06    -7.324272e-07    -1.883511e-06
-1.687462e-06    -6.205036e-07    -1.080412e-06    -1.065945e-06    2.704583e-06    4.58859e-07    -3.149633e-06    -3.309573e-06    9.548304e-07    2.203491e-06
-9.514384e-08    -4.042923e-07    1.90795e-08    -6.682871e-07    4.58859e-07    2.042946e-06    -2.69479e-06    -3.387163e-06    1.215098e-06    1.34942e-06
3.027044e-06    1.004751e-06    -7.212001e-07    2.457196e-06    -3.149633e-06    -2.69479e-06    1.45984e-05    8.449231e-06    -6.309037e-06    -5.211504e-06
3.067287e-06    3.233078e-07    1.105425e-07    2.779355e-06    -3.309573e-06    -3.387163e-06    8.449231e-06    1.166077e-05    -1.988424e-06    -7.266528e-06
-3.806003e-07    -5.412781e-07    3.372836e-07    -7.324272e-07    9.548304e-07    1.215098e-06    -6.309037e-06    -1.988424e-06    3.870671e-06    3.912732e-07
-2.320598e-06    -7.458892e-08    -1.688354e-07    -1.883511e-06    2.203491e-06    1.34942e-06    -5.211504e-06    -7.266528e-06    3.912732e-07    5.803184e-06
