2.610806e-06    -6.932331e-07    -1.302551e-06    1.299365e-06    -8.407168e-07    7.446001e-07    -1.277899e-07    -1.598183e-07    1.174748e-06    -9.324214e-07    6.284956e-07    1.466304e-06    9.749462e-07    1.327784e-06    -1.993144e-06    5.673226e-07    -2.321578e-06    -7.051509e-07    8.6406e-07    7.535675e-07
-6.932331e-07    1.820546e-06    1.15889e-06    -1.507002e-06    -4.918427e-07    -7.061887e-07    5.171593e-07    1.037227e-06    -3.361927e-08    -4.635477e-07    -8.11309e-07    -1.185242e-06    -5.523317e-07    -1.348522e-07    1.225531e-06    -1.950789e-07    9.364641e-08    -5.447929e-07    -1.935975e-07    6.317815e-07
-1.302551e-06    1.15889e-06    4.416799e-06    1.066789e-09    -2.817883e-06    8.080977e-07    1.091779e-06    4.181974e-07    4.021554e-07    -1.64345e-06    -4.531906e-07    -5.059125e-07    4.168969e-08    -1.887736e-06    2.744018e-06    6.695324e-07    -3.862405e-06    -1.434532e-06    1.883113e-06    6.140289e-07
1.299365e-06    -1.507002e-06    1.066789e-09    3.692722e-06    -1.906334e-06    2.378771e-06    2.21069e-07    -3.756597e-07    8.690063e-07    -1.514962e-06    1.367087e-06    1.3818e-06    9.764062e-07    1.410042e-07    -1.57548e-06    2.434243e-06    -4.150309e-06    -2.813014e-06    2.123912e-06    8.726218e-07
-8.407168e-07    -4.918427e-07    -2.817883e-06    -1.906334e-06    4.014613e-06    -2.199168e-06    -7.371589e-07    -6.26077e-07    -1.527494e-06    2.893342e-06    -8.410895e-07    -4.520621e-07    2.666896e-08    2.390814e-07    -7.533704e-07    -2.408518e-06    5.872451e-06    3.275905e-06    -2.757112e-06    -1.468323e-06
7.446001e-07    -7.061887e-07    8.080977e-07    2.378771e-06    -2.199168e-06    2.824795e-06    2.32684e-08    -4.005137e-07    7.244122e-07    -1.687462e-06    1.910528e-06    1.757433e-06    -2.813382e-08    -8.074431e-08    -8.514131e-07    2.481218e-06    -4.00357e-06    -2.907194e-06    2.143355e-06    6.328752e-07
-1.277899e-07    5.171593e-07    1.091779e-06    2.21069e-07    -7.371589e-07    2.32684e-08    9.764566e-07    3.793033e-07    -1.450308e-07    -6.205036e-07    -4.646083e-07    -4.463274e-07    1.295456e-07    -6.458073e-07    1.032528e-06    4.143983e-08    -1.332495e-06    -6.064997e-07    3.466461e-07    5.706826e-07
-1.598183e-07    1.037227e-06    4.181974e-07    -3.756597e-07    -6.26077e-07    -4.005137e-07    3.793033e-07    1.657109e-06    3.438411e-09    -1.080412e-06    -2.713456e-08    -1.102939e-06    -1.140927e-06    2.975529e-07    5.03306e-07    8.905942e-07    -1.038646e-07    -1.223553e-06    -2.280111e-07    6.819754e-07
1.174748e-06    -3.361927e-08    4.021554e-07    8.690063e-07    -1.527494e-06    7.244122e-07    -1.450308e-07    3.438411e-09    1.413583e-06    -1.065945e-06    5.64189e-07    5.119489e-07    7.454318e-07    7.694917e-07    -1.12944e-06    8.172601e-07    -2.597429e-06    -1.243796e-06    1.404583e-06    7.639012e-07
-9.324214e-07    -4.635477e-07    -1.64345e-06    -1.514962e-06    2.893342e-06    -1.687462e-06    -6.205036e-07    -1.080412e-06    -1.065945e-06    2.704583e-06    -1.333583e-06    -4.975041e-07    6.022211e-07    -1.241746e-07    -6.771665e-08    -2.417617e-06    4.34901e-06    3.100993e-06    -1.919261e-06    -1.206519e-06
6.284956e-07    -8.11309e-07    -4.531906e-07    1.367087e-06    -8.410895e-07    1.910528e-06    -4.646083e-07    -2.713456e-08    5.64189e-07    -1.333583e-06    4.065874e-06    1.444463e-06    -1.30919e-06    1.393739e-06    -2.555243e-06    2.222715e-06    -1.684785e-06    -2.163335e-06    1.011644e-06    -6.95628e-08
1.466304e-06    -1.185242e-06    -5.059125e-07    1.3818e-06    -4.520621e-07    1.757433e-06    -4.463274e-07    -1.102939e-06    5.119489e-07    -4.975041e-07    1.444463e-06    3.996512e-06    2.036594e-06    -2.94904e-07    -2.130989e-06    9.886762e-07    -2.833084e-06    -1.336874e-06    1.500005e-06    1.37636e-07
9.749462e-07    -5.523317e-07    4.168969e-08    9.764062e-07    2.666896e-08    -2.813382e-08    1.295456e-07    -1.140927e-06    7.454318e-07    6.022211e-07    -1.30919e-06    2.036594e-06    4.786242e-06    -3.044692e-07    -2.243706e-06    -7.15892e-07    -2.36692e-06    -5.066906e-07    1.2061e-06    1.005937e-06
1.327784e-06    -1.348522e-07    -1.887736e-06    1.410042e-07    2.390814e-07    -8.074431e-08    -6.458073e-07    2.975529e-07    7.694917e-07    -1.241746e-07    1.393739e-06    -2.94904e-07    -3.044692e-07    2.846093e-06    -3.047384e-06    2.763102e-07    4.914552e-07    -8.855799e-08    -4.387262e-07    4.481e-07
-1.993144e-06    1.225531e-06    2.744018e-06    -1.57548e-06    -7.533704e-07    -8.514131e-07    1.032528e-06    5.03306e-07    -1.12944e-06    -6.771665e-08    -2.555243e-06    -2.130989e-06    -2.243706e-06    -3.047384e-06    6.855159e-06    -1.000595e-06    9.097698e-07    1.72418e-06    -6.336527e-07    -9.902166e-07
5.673226e-07    -1.950789e-07    6.695324e-07    2.434243e-06    -2.408518e-06    2.481218e-06    4.143983e-08    8.905942e-07    8.172601e-07    -2.417617e-06    2.222715e-06    9.886762e-07    -7.15892e-07    2.763102e-07    -1.000595e-06    3.754343e-06    -3.832111e-06    -4.291812e-06    2.138215e-06    9.871281e-07
-2.321578e-06    9.364641e-08    -3.862405e-06    -4.150309e-06    5.872451e-06    -4.00357e-06    -1.332495e-06    -1.038646e-07    -2.597429e-06    4.34901e-06    -1.684785e-06    -2.833084e-06    -2.36692e-06    4.914552e-07    9.097698e-07    -3.832111e-06    1.135959e-05    5.702841e-06    -5.382542e-06    -2.633526e-06
-7.051509e-07    -5.447929e-07    -1.434532e-06    -2.813014e-06    3.275905e-06    -2.907194e-06    -6.064997e-07    -1.223553e-06    -1.243796e-06    3.100993e-06    -2.163335e-06    -1.336874e-06    -5.066906e-07    -8.855799e-08    1.72418e-06    -4.291812e-06    5.702841e-06    6.4487e-06    -3.053533e-06    -2.333134e-06
8.6406e-07    -1.935975e-07    1.883113e-06    2.123912e-06    -2.757112e-06    2.143355e-06    3.466461e-07    -2.280111e-07    1.404583e-06    -1.919261e-06    1.011644e-06    1.500005e-06    1.2061e-06    -4.387262e-07    -6.336527e-07    2.138215e-06    -5.382542e-06    -3.053533e-06    3.048471e-06    1.052605e-06
7.535675e-07    6.317815e-07    6.140289e-07    8.726218e-07    -1.468323e-06    6.328752e-07    5.706826e-07    6.819754e-07    7.639012e-07    -1.206519e-06    -6.95628e-08    1.37636e-07    1.005937e-06    4.481e-07    -9.902166e-07    9.871281e-07    -2.633526e-06    -2.333134e-06    1.052605e-06    1.67151e-06
