2.610806e-06    -6.932331e-07    -1.302551e-06    1.299365e-06    -8.407168e-07    7.446001e-07    -1.277899e-07    -1.598183e-07    1.174748e-06    -9.324214e-07    6.284956e-07    1.466304e-06    9.749462e-07    1.327784e-06    -1.993144e-06    -6.907621e-07    2.048096e-06    2.763947e-06    -1.568527e-06    -1.939179e-06
-6.932331e-07    1.820546e-06    1.15889e-06    -1.507002e-06    -4.918427e-07    -7.061887e-07    5.171593e-07    1.037227e-06    -3.361927e-08    -4.635477e-07    -8.11309e-07    -1.185242e-06    -5.523317e-07    -1.348522e-07    1.225531e-06    8.623573e-07    -2.411108e-06    -1.581355e-06    1.510902e-06    1.169199e-06
-1.302551e-06    1.15889e-06    4.416799e-06    1.066789e-09    -2.817883e-06    8.080977e-07    1.091779e-06    4.181974e-07    4.021554e-07    -1.64345e-06    -4.531906e-07    -5.059125e-07    4.168969e-08    -1.887736e-06    2.744018e-06    -1.320578e-07    -2.517135e-06    -4.486838e-07    1.799645e-06    6.720765e-07
1.299365e-06    -1.507002e-06    1.066789e-09    3.692722e-06    -1.906334e-06    2.378771e-06    2.21069e-07    -3.756597e-07    8.690063e-07    -1.514962e-06    1.367087e-06    1.3818e-06    9.764062e-07    1.410042e-07    -1.57548e-06    -1.424647e-06    3.355158e-06    2.501122e-06    -1.517283e-06    -2.293538e-06
-8.407168e-07    -4.918427e-07    -2.817883e-06    -1.906334e-06    4.014613e-06    -2.199168e-06    -7.371589e-07    -6.26077e-07    -1.527494e-06    2.893342e-06    -8.410895e-07    -4.520621e-07    2.666896e-08    2.390814e-07    -7.533704e-07    3.290871e-07    6.999047e-08    -1.038693e-06    -4.056426e-07    1.211147e-06
7.446001e-07    -7.061887e-07    8.080977e-07    2.378771e-06    -2.199168e-06    2.824795e-06    2.32684e-08    -4.005137e-07    7.244122e-07    -1.687462e-06    1.910528e-06    1.757433e-06    -2.813382e-08    -8.074431e-08    -8.514131e-07    -1.342848e-06    1.212171e-06    3.665916e-06    -1.250688e-06    -2.137421e-06
-1.277899e-07    5.171593e-07    1.091779e-06    2.21069e-07    -7.371589e-07    2.32684e-08    9.764566e-07    3.793033e-07    -1.450308e-07    -6.205036e-07    -4.646083e-07    -4.463274e-07    1.295456e-07    -6.458073e-07    1.032528e-06    1.480072e-07    -5.942228e-07    -8.071128e-07    7.880829e-07    3.329942e-07
-1.598183e-07    1.037227e-06    4.181974e-07    -3.756597e-07    -6.26077e-07    -4.005137e-07    3.793033e-07    1.657109e-06    3.438411e-09    -1.080412e-06    -2.713456e-08    -1.102939e-06    -1.140927e-06    2.975529e-07    5.03306e-07    9.372356e-07    -7.641838e-07    -2.218679e-06    1.344658e-06    5.407585e-07
1.174748e-06    -3.361927e-08    4.021554e-07    8.690063e-07    -1.527494e-06    7.244122e-07    -1.450308e-07    3.438411e-09    1.413583e-06    -1.065945e-06    5.64189e-07    5.119489e-07    7.454318e-07    7.694917e-07    -1.12944e-06    -3.970807e-07    6.380437e-07    1.719713e-06    -6.25438e-07    -1.077817e-06
-9.324214e-07    -4.635477e-07    -1.64345e-06    -1.514962e-06    2.893342e-06    -1.687462e-06    -6.205036e-07    -1.080412e-06    -1.065945e-06    2.704583e-06    -1.333583e-06    -4.975041e-07    6.022211e-07    -1.241746e-07    -6.771665e-08    1.737114e-07    2.302854e-08    -1.364178e-06    -2.596751e-07    1.48775e-06
6.284956e-07    -8.11309e-07    -4.531906e-07    1.367087e-06    -8.410895e-07    1.910528e-06    -4.646083e-07    -2.713456e-08    5.64189e-07    -1.333583e-06    4.065874e-06    1.444463e-06    -1.30919e-06    1.393739e-06    -2.555243e-06    -1.191598e-06    1.388591e-06    4.536736e-06    -1.204036e-06    -2.561416e-06
1.466304e-06    -1.185242e-06    -5.059125e-07    1.3818e-06    -4.520621e-07    1.757433e-06    -4.463274e-07    -1.102939e-06    5.119489e-07    -4.975041e-07    1.444463e-06    3.996512e-06    2.036594e-06    -2.94904e-07    -2.130989e-06    -3.151256e-06    1.578211e-06    8.015999e-06    -2.661765e-06    -2.937806e-06
9.749462e-07    -5.523317e-07    4.168969e-08    9.764062e-07    2.666896e-08    -2.813382e-08    1.295456e-07    -1.140927e-06    7.454318e-07    6.022211e-07    -1.30919e-06    2.036594e-06    4.786242e-06    -3.044692e-07    -2.243706e-06    -3.242109e-06    2.502147e-06    4.698832e-06    -1.602051e-06    -9.022611e-07
1.327784e-06    -1.348522e-07    -1.887736e-06    1.410042e-07    2.390814e-07    -8.074431e-08    -6.458073e-07    2.975529e-07    7.694917e-07    -1.241746e-07    1.393739e-06    -2.94904e-07    -3.044692e-07    2.846093e-06    -3.047384e-06    -2.347404e-07    2.162256e-06    5.560944e-07    -4.668831e-07    -7.001508e-07
-1.993144e-06    1.225531e-06    2.744018e-06    -1.57548e-06    -7.533704e-07    -8.514131e-07    1.032528e-06    5.03306e-07    -1.12944e-06    -6.771665e-08    -2.555243e-06    -2.130989e-06    -2.243706e-06    -3.047384e-06    6.855159e-06    3.575249e-06    -4.687064e-06    -6.699349e-06    2.46247e-06    2.556382e-06
-6.907621e-07    8.623573e-07    -1.320578e-07    -1.424647e-06    3.290871e-07    -1.342848e-06    1.480072e-07    9.372356e-07    -3.970807e-07    1.737114e-07    -1.191598e-06    -3.151256e-06    -3.242109e-06    -2.347404e-07    3.575249e-06    4.849772e-06    -3.047043e-06    -7.490563e-06    1.542418e-06    1.861612e-06
2.048096e-06    -2.411108e-06    -2.517135e-06    3.355158e-06    6.999047e-08    1.212171e-06    -5.942228e-07    -7.641838e-07    6.380437e-07    2.302854e-08    1.388591e-06    1.578211e-06    2.502147e-06    2.162256e-06    -4.687064e-06    -3.047043e-06    7.856725e-06    1.943641e-06    -1.931082e-06    -1.853322e-06
2.763947e-06    -1.581355e-06    -4.486838e-07    2.501122e-06    -1.038693e-06    3.665916e-06    -8.071128e-07    -2.218679e-06    1.719713e-06    -1.364178e-06    4.536736e-06    8.015999e-06    4.698832e-06    5.560944e-07    -6.699349e-06    -7.490563e-06    1.943641e-06    2.079375e-05    -5.712522e-06    -7.156094e-06
-1.568527e-06    1.510902e-06    1.799645e-06    -1.517283e-06    -4.056426e-07    -1.250688e-06    7.880829e-07    1.344658e-06    -6.25438e-07    -2.596751e-07    -1.204036e-06    -2.661765e-06    -1.602051e-06    -4.668831e-07    2.46247e-06    1.542418e-06    -1.931082e-06    -5.712522e-06    3.202605e-06    2.5928e-06
-1.939179e-06    1.169199e-06    6.720765e-07    -2.293538e-06    1.211147e-06    -2.137421e-06    3.329942e-07    5.407585e-07    -1.077817e-06    1.48775e-06    -2.561416e-06    -2.937806e-06    -9.022611e-07    -7.001508e-07    2.556382e-06    1.861612e-06    -1.853322e-06    -7.156094e-06    2.5928e-06    3.888566e-06
