3.595145e-06    2.824355e-06    5.255563e-07    -1.665826e-06    -4.25713e-06    1.580095e-06    -9.75138e-07    1.887043e-07    2.64094e-06    -2.012803e-06    2.139937e-06    -1.583117e-07    -3.741847e-07    1.258761e-06    -1.510005e-06    1.823892e-06    1.862519e-06    1.576832e-06    1.241135e-06    -2.833011e-06
2.824355e-06    4.016311e-06    1.786867e-06    -2.101503e-06    -4.336606e-06    1.35985e-06    -1.451707e-06    -4.435925e-07    2.286039e-06    -6.129035e-07    1.946037e-06    -3.483069e-07    -1.030897e-06    5.860509e-07    -5.702778e-07    1.537798e-06    3.383147e-06    2.514611e-06    2.798351e-07    -3.274986e-06
5.255563e-07    1.786867e-06    2.326633e-06    -1.254505e-07    -2.34425e-06    1.785226e-07    -4.740941e-07    -7.510134e-07    4.486256e-08    9.829633e-07    2.810178e-07    -2.926309e-07    -3.260072e-07    -3.112914e-07    2.147391e-07    1.489593e-06    1.783884e-06    6.063148e-07    3.511592e-07    -2.274944e-06
-1.665826e-06    -2.101503e-06    -1.254505e-07    2.642525e-06    3.374383e-06    -1.409451e-06    7.873229e-07    -6.417982e-07    -1.965491e-06    1.626026e-06    -1.709759e-06    -1.745109e-07    7.235848e-07    -9.968303e-07    1.088163e-06    -2.674485e-07    -2.077471e-06    -1.73365e-06    5.047037e-07    7.965129e-07
-4.25713e-06    -4.336606e-06    -2.34425e-06    3.374383e-06    1.06694e-05    -3.007851e-06    1.708106e-06    5.551242e-07    -4.265104e-06    2.344443e-06    -3.343515e-06    1.613388e-07    3.787674e-07    -1.746687e-06    2.65892e-06    -3.096621e-06    -3.511336e-06    -1.698956e-06    -1.256331e-06    4.638318e-06
1.580095e-06    1.35985e-06    1.785226e-07    -1.409451e-06    -3.007851e-06    2.610806e-06    -6.932331e-07    -1.302551e-06    1.299365e-06    -8.407168e-07    7.446001e-07    -1.277899e-07    -1.598183e-07    1.174748e-06    -9.324214e-07    6.284956e-07    1.466304e-06    9.749462e-07    1.327784e-06    -1.993144e-06
-9.75138e-07    -1.451707e-06    -4.740941e-07    7.873229e-07    1.708106e-06    -6.932331e-07    1.820546e-06    1.15889e-06    -1.507002e-06    -4.918427e-07    -7.061887e-07    5.171593e-07    1.037227e-06    -3.361927e-08    -4.635477e-07    -8.11309e-07    -1.185242e-06    -5.523317e-07    -1.348522e-07    1.225531e-06
1.887043e-07    -4.435925e-07    -7.510134e-07    -6.417982e-07    5.551242e-07    -1.302551e-06    1.15889e-06    4.416799e-06    1.066789e-09    -2.817883e-06    8.080977e-07    1.091779e-06    4.181974e-07    4.021554e-07    -1.64345e-06    -4.531906e-07    -5.059125e-07    4.168969e-08    -1.887736e-06    2.744018e-06
2.64094e-06    2.286039e-06    4.486256e-08    -1.965491e-06    -4.265104e-06    1.299365e-06    -1.507002e-06    1.066789e-09    3.692722e-06    -1.906334e-06    2.378771e-06    2.21069e-07    -3.756597e-07    8.690063e-07    -1.514962e-06    1.367087e-06    1.3818e-06    9.764062e-07    1.410042e-07    -1.57548e-06
-2.012803e-06    -6.129035e-07    9.829633e-07    1.626026e-06    2.344443e-06    -8.407168e-07    -4.918427e-07    -2.817883e-06    -1.906334e-06    4.014613e-06    -2.199168e-06    -7.371589e-07    -6.26077e-07    -1.527494e-06    2.893342e-06    -8.410895e-07    -4.520621e-07    2.666896e-08    2.390814e-07    -7.533704e-07
2.139937e-06    1.946037e-06    2.810178e-07    -1.709759e-06    -3.343515e-06    7.446001e-07    -7.061887e-07    8.080977e-07    2.378771e-06    -2.199168e-06    2.824795e-06    2.32684e-08    -4.005137e-07    7.244122e-07    -1.687462e-06    1.910528e-06    1.757433e-06    -2.813382e-08    -8.074431e-08    -8.514131e-07
-1.583117e-07    -3.483069e-07    -2.926309e-07    -1.745109e-07    1.613388e-07    -1.277899e-07    5.171593e-07    1.091779e-06    2.21069e-07    -7.371589e-07    2.32684e-08    9.764566e-07    3.793033e-07    -1.450308e-07    -6.205036e-07    -4.646083e-07    -4.463274e-07    1.295456e-07    -6.458073e-07    1.032528e-06
-3.741847e-07    -1.030897e-06    -3.260072e-07    7.235848e-07    3.787674e-07    -1.598183e-07    1.037227e-06    4.181974e-07    -3.756597e-07    -6.26077e-07    -4.005137e-07    3.793033e-07    1.657109e-06    3.438411e-09    -1.080412e-06    -2.713456e-08    -1.102939e-06    -1.140927e-06    2.975529e-07    5.03306e-07
1.258761e-06    5.860509e-07    -3.112914e-07    -9.968303e-07    -1.746687e-06    1.174748e-06    -3.361927e-08    4.021554e-07    8.690063e-07    -1.527494e-06    7.244122e-07    -1.450308e-07    3.438411e-09    1.413583e-06    -1.065945e-06    5.64189e-07    5.119489e-07    7.454318e-07    7.694917e-07    -1.12944e-06
-1.510005e-06    -5.702778e-07    2.147391e-07    1.088163e-06    2.65892e-06    -9.324214e-07    -4.635477e-07    -1.64345e-06    -1.514962e-06    2.893342e-06    -1.687462e-06    -6.205036e-07    -1.080412e-06    -1.065945e-06    2.704583e-06    -1.333583e-06    -4.975041e-07    6.022211e-07    -1.241746e-07    -6.771665e-08
1.823892e-06    1.537798e-06    1.489593e-06    -2.674485e-07    -3.096621e-06    6.284956e-07    -8.11309e-07    -4.531906e-07    1.367087e-06    -8.410895e-07    1.910528e-06    -4.646083e-07    -2.713456e-08    5.64189e-07    -1.333583e-06    4.065874e-06    1.444463e-06    -1.30919e-06    1.393739e-06    -2.555243e-06
1.862519e-06    3.383147e-06    1.783884e-06    -2.077471e-06    -3.511336e-06    1.466304e-06    -1.185242e-06    -5.059125e-07    1.3818e-06    -4.520621e-07    1.757433e-06    -4.463274e-07    -1.102939e-06    5.119489e-07    -4.975041e-07    1.444463e-06    3.996512e-06    2.036594e-06    -2.94904e-07    -2.130989e-06
1.576832e-06    2.514611e-06    6.063148e-07    -1.73365e-06    -1.698956e-06    9.749462e-07    -5.523317e-07    4.168969e-08    9.764062e-07    2.666896e-08    -2.813382e-08    1.295456e-07    -1.140927e-06    7.454318e-07    6.022211e-07    -1.30919e-06    2.036594e-06    4.786242e-06    -3.044692e-07    -2.243706e-06
1.241135e-06    2.798351e-07    3.511592e-07    5.047037e-07    -1.256331e-06    1.327784e-06    -1.348522e-07    -1.887736e-06    1.410042e-07    2.390814e-07    -8.074431e-08    -6.458073e-07    2.975529e-07    7.694917e-07    -1.241746e-07    1.393739e-06    -2.94904e-07    -3.044692e-07    2.846093e-06    -3.047384e-06
-2.833011e-06    -3.274986e-06    -2.274944e-06    7.965129e-07    4.638318e-06    -1.993144e-06    1.225531e-06    2.744018e-06    -1.57548e-06    -7.533704e-07    -8.514131e-07    1.032528e-06    5.03306e-07    -1.12944e-06    -6.771665e-08    -2.555243e-06    -2.130989e-06    -2.243706e-06    -3.047384e-06    6.855159e-06
