2.824795e-06    2.32684e-08    -4.005137e-07    7.244122e-07    -1.687462e-06    2.481218e-06    -4.00357e-06    -2.907194e-06    2.143355e-06    6.328752e-07
2.32684e-08    9.764566e-07    3.793033e-07    -1.450308e-07    -6.205036e-07    4.143983e-08    -1.332495e-06    -6.064997e-07    3.466461e-07    5.706826e-07
-4.005137e-07    3.793033e-07    1.657109e-06    3.438411e-09    -1.080412e-06    8.905942e-07    -1.038646e-07    -1.223553e-06    -2.280111e-07    6.819754e-07
7.244122e-07    -1.450308e-07    3.438411e-09    1.413583e-06    -1.065945e-06    8.172601e-07    -2.597429e-06    -1.243796e-06    1.404583e-06    7.639012e-07
-1.687462e-06    -6.205036e-07    -1.080412e-06    -1.065945e-06    2.704583e-06    -2.417617e-06    4.34901e-06    3.100993e-06    -1.919261e-06    -1.206519e-06
2.481218e-06    4.143983e-08    8.905942e-07    8.172601e-07    -2.417617e-06    3.754343e-06    -3.832111e-06    -4.291812e-06    2.138215e-06    9.871281e-07
-4.00357e-06    -1.332495e-06    -1.038646e-07    -2.597429e-06    4.34901e-06    -3.832111e-06    1.135959e-05    5.702841e-06    -5.382542e-06    -2.633526e-06
-2.907194e-06    -6.064997e-07    -1.223553e-06    -1.243796e-06    3.100993e-06    -4.291812e-06    5.702841e-06    6.4487e-06    -3.053533e-06    -2.333134e-06
2.143355e-06    3.466461e-07    -2.280111e-07    1.404583e-06    -1.919261e-06    2.138215e-06    -5.382542e-06    -3.053533e-06    3.048471e-06    1.052605e-06
6.328752e-07    5.706826e-07    6.819754e-07    7.639012e-07    -1.206519e-06    9.871281e-07    -2.633526e-06    -2.333134e-06    1.052605e-06    1.67151e-06
