2.610806e-06    -6.932331e-07    -1.302551e-06    1.299365e-06    -8.407168e-07    7.446001e-07    -1.277899e-07    -1.598183e-07    1.174748e-06    -9.324214e-07    2.746692e-06    -3.548612e-06    -3.249655e-06    2.727863e-06    8.076691e-07
-6.932331e-07    1.820546e-06    1.15889e-06    -1.507002e-06    -4.918427e-07    -7.061887e-07    5.171593e-07    1.037227e-06    -3.361927e-08    -4.635477e-07    -9.459864e-07    1.621295e-06    6.094435e-07    -1.118913e-06    -2.545379e-07
-1.302551e-06    1.15889e-06    4.416799e-06    1.066789e-09    -2.817883e-06    8.080977e-07    1.091779e-06    4.181974e-07    4.021554e-07    -1.64345e-06    8.696244e-07    -3.057027e-06    -6.389314e-07    7.647405e-07    -1.687945e-08
1.299365e-06    -1.507002e-06    1.066789e-09    3.692722e-06    -1.906334e-06    2.378771e-06    2.21069e-07    -3.756597e-07    8.690063e-07    -1.514962e-06    4.181813e-06    -6.937615e-06    -3.631003e-06    3.653847e-06    1.172096e-06
-8.407168e-07    -4.918427e-07    -2.817883e-06    -1.906334e-06    4.014613e-06    -2.199168e-06    -7.371589e-07    -6.26077e-07    -1.527494e-06    2.893342e-06    -3.328293e-06    6.62852e-06    2.907247e-06    -3.000958e-06    -6.928423e-07
7.446001e-07    -7.061887e-07    8.080977e-07    2.378771e-06    -2.199168e-06    2.824795e-06    2.32684e-08    -4.005137e-07    7.244122e-07    -1.687462e-06    2.982795e-06    -6.739922e-06    -2.161828e-06    3.357131e-06    7.60921e-07
-1.277899e-07    5.171593e-07    1.091779e-06    2.21069e-07    -7.371589e-07    2.32684e-08    9.764566e-07    3.793033e-07    -1.450308e-07    -6.205036e-07    7.88113e-07    -9.494851e-07    -8.47121e-07    3.772829e-07    1.475542e-07
-1.598183e-07    1.037227e-06    4.181974e-07    -3.756597e-07    -6.26077e-07    -4.005137e-07    3.793033e-07    1.657109e-06    3.438411e-09    -1.080412e-06    2.280607e-08    1.171741e-06    -4.493576e-07    -6.846162e-07    1.667019e-07
1.174748e-06    -3.361927e-08    4.021554e-07    8.690063e-07    -1.527494e-06    7.244122e-07    -1.450308e-07    3.438411e-09    1.413583e-06    -1.065945e-06    1.855713e-06    -3.146833e-06    -2.048398e-06    1.846965e-06    4.432908e-07
-9.324214e-07    -4.635477e-07    -1.64345e-06    -1.514962e-06    2.893342e-06    -1.687462e-06    -6.205036e-07    -1.080412e-06    -1.065945e-06    2.704583e-06    -2.880455e-06    4.961495e-06    2.950396e-06    -2.517657e-06    -9.089981e-07
2.746692e-06    -9.459864e-07    8.696244e-07    4.181813e-06    -3.328293e-06    2.982795e-06    7.88113e-07    2.280607e-08    1.855713e-06    -2.880455e-06    7.716902e-06    -1.213243e-05    -8.158074e-06    7.231402e-06    2.228366e-06
-3.548612e-06    1.621295e-06    -3.057027e-06    -6.937615e-06    6.62852e-06    -6.739922e-06    -9.494851e-07    1.171741e-06    -3.146833e-06    4.961495e-06    -1.213243e-05    2.44415e-05    1.208992e-05    -1.38656e-05    -3.893199e-06
-3.249655e-06    6.094435e-07    -6.389314e-07    -3.631003e-06    2.907247e-06    -2.161828e-06    -8.47121e-07    -4.493576e-07    -2.048398e-06    2.950396e-06    -8.158074e-06    1.208992e-05    1.090864e-05    -8.808035e-06    -3.11613e-06
2.727863e-06    -1.118913e-06    7.647405e-07    3.653847e-06    -3.000958e-06    3.357131e-06    3.772829e-07    -6.846162e-07    1.846965e-06    -2.517657e-06    7.231402e-06    -1.38656e-05    -8.808035e-06    9.812327e-06    2.518798e-06
8.076691e-07    -2.545379e-07    -1.687945e-08    1.172096e-06    -6.928423e-07    7.60921e-07    1.475542e-07    1.667019e-07    4.432908e-07    -9.089981e-07    2.228366e-06    -3.893199e-06    -3.11613e-06    2.518798e-06    1.462973e-06
