1.895892e-06    2.157595e-06    4.194005e-07    -4.144055e-07    -1.334651e-06    -1.153855e-06    3.592539e-07    3.573073e-07    -4.015303e-07    6.569013e-07
2.157595e-06    1.204235e-05    6.41291e-06    -7.662621e-07    -6.450913e-06    -3.81077e-06    -3.183905e-07    7.994876e-07    -2.068014e-06    2.934337e-06
4.194005e-07    6.41291e-06    6.045488e-06    9.926894e-07    -4.932386e-06    -1.730962e-06    -5.680174e-07    -3.361093e-07    -2.297855e-06    2.481947e-06
-4.144055e-07    -7.662621e-07    9.926894e-07    3.37897e-06    -1.880869e-06    -3.388829e-07    -5.302545e-07    2.630307e-07    -5.407221e-07    4.878402e-07
-1.334651e-06    -6.450913e-06    -4.932386e-06    -1.880869e-06    7.032047e-06    2.522637e-06    1.137698e-06    9.679257e-08    1.431405e-06    -2.818977e-06
-1.153855e-06    -3.81077e-06    -1.730962e-06    -3.388829e-07    2.522637e-06    2.824795e-06    2.32684e-08    -4.005137e-07    7.244122e-07    -1.687462e-06
3.592539e-07    -3.183905e-07    -5.680174e-07    -5.302545e-07    1.137698e-06    2.32684e-08    9.764566e-07    3.793033e-07    -1.450308e-07    -6.205036e-07
3.573073e-07    7.994876e-07    -3.361093e-07    2.630307e-07    9.679257e-08    -4.005137e-07    3.793033e-07    1.657109e-06    3.438411e-09    -1.080412e-06
-4.015303e-07    -2.068014e-06    -2.297855e-06    -5.407221e-07    1.431405e-06    7.244122e-07    -1.450308e-07    3.438411e-09    1.413583e-06    -1.065945e-06
6.569013e-07    2.934337e-06    2.481947e-06    4.878402e-07    -2.818977e-06    -1.687462e-06    -6.205036e-07    -1.080412e-06    -1.065945e-06    2.704583e-06
