2.610806e-06    -6.932331e-07    -1.302551e-06    1.299365e-06    -8.407168e-07    7.446001e-07    -1.277899e-07    -1.598183e-07    1.174748e-06    -9.324214e-07    5.24531e-07    -2.889984e-06    -2.295124e-06    2.555046e-07    2.092748e-06
-6.932331e-07    1.820546e-06    1.15889e-06    -1.507002e-06    -4.918427e-07    -7.061887e-07    5.171593e-07    1.037227e-06    -3.361927e-08    -4.635477e-07    2.31753e-07    2.134733e-06    8.939391e-07    -8.578694e-07    -1.152142e-06
-1.302551e-06    1.15889e-06    4.416799e-06    1.066789e-09    -2.817883e-06    8.080977e-07    1.091779e-06    4.181974e-07    4.021554e-07    -1.64345e-06    -1.092666e-06    1.628944e-07    1.60059e-06    -3.390203e-07    -3.610748e-07
1.299365e-06    -1.507002e-06    1.066789e-09    3.692722e-06    -1.906334e-06    2.378771e-06    2.21069e-07    -3.756597e-07    8.690063e-07    -1.514962e-06    -2.039507e-07    -5.213165e-06    -2.237312e-06    1.955653e-06    2.553193e-06
-8.407168e-07    -4.918427e-07    -2.817883e-06    -1.906334e-06    4.014613e-06    -2.199168e-06    -7.371589e-07    -6.26077e-07    -1.527494e-06    2.893342e-06    6.080789e-08    3.146229e-06    1.184023e-06    -5.602989e-07    -1.64031e-06
7.446001e-07    -7.061887e-07    8.080977e-07    2.378771e-06    -2.199168e-06    2.824795e-06    2.32684e-08    -4.005137e-07    7.244122e-07    -1.687462e-06    4.166254e-07    -4.240164e-06    -2.507186e-06    1.135029e-06    2.452292e-06
-1.277899e-07    5.171593e-07    1.091779e-06    2.21069e-07    -7.371589e-07    2.32684e-08    9.764566e-07    3.793033e-07    -1.450308e-07    -6.205036e-07    -5.010605e-07    1.60317e-07    8.494733e-07    -7.758598e-08    -3.644311e-07
-1.598183e-07    1.037227e-06    4.181974e-07    -3.756597e-07    -6.26077e-07    -4.005137e-07    3.793033e-07    1.657109e-06    3.438411e-09    -1.080412e-06    1.400025e-07    5.260583e-07    5.402276e-08    1.727574e-07    -4.885996e-07
1.174748e-06    -3.361927e-08    4.021554e-07    8.690063e-07    -1.527494e-06    7.244122e-07    -1.450308e-07    3.438411e-09    1.413583e-06    -1.065945e-06    3.434266e-07    -1.97926e-06    -1.61133e-06    3.02467e-07    1.442881e-06
-9.324214e-07    -4.635477e-07    -1.64345e-06    -1.514962e-06    2.893342e-06    -1.687462e-06    -6.205036e-07    -1.080412e-06    -1.065945e-06    2.704583e-06    -2.690662e-07    2.981408e-06    1.850533e-06    -7.216134e-07    -1.73792e-06
5.24531e-07    2.31753e-07    -1.092666e-06    -2.039507e-07    6.080789e-08    4.166254e-07    -5.010605e-07    1.400025e-07    3.434266e-07    -2.690662e-07    2.012641e-06    -1.084462e-06    -2.528048e-06    5.52929e-07    8.895366e-07
-2.889984e-06    2.134733e-06    1.628944e-07    -5.213165e-06    3.146229e-06    -4.240164e-06    1.60317e-07    5.260583e-07    -1.97926e-06    2.981408e-06    -1.084462e-06    1.231489e-05    7.399215e-06    -4.367598e-06    -6.808388e-06
-2.295124e-06    8.939391e-07    1.60059e-06    -2.237312e-06    1.184023e-06    -2.507186e-06    8.494733e-07    5.402276e-08    -1.61133e-06    1.850533e-06    -2.528048e-06    7.399215e-06    8.376002e-06    -2.191953e-06    -5.799055e-06
2.555046e-07    -8.578694e-07    -3.390203e-07    1.955653e-06    -5.602989e-07    1.135029e-06    -7.758598e-08    1.727574e-07    3.02467e-07    -7.216134e-07    5.52929e-07    -4.367598e-06    -2.191953e-06    2.952375e-06    1.537028e-06
2.092748e-06    -1.152142e-06    -3.610748e-07    2.553193e-06    -1.64031e-06    2.452292e-06    -3.644311e-07    -4.885996e-07    1.442881e-06    -1.73792e-06    8.895366e-07    -6.808388e-06    -5.799055e-06    1.537028e-06    5.02213e-06
