2.824795e-06    2.32684e-08    -4.005137e-07    7.244122e-07    -1.687462e-06    -1.342848e-06    1.212171e-06    3.665916e-06    -1.250688e-06    -2.137421e-06
2.32684e-08    9.764566e-07    3.793033e-07    -1.450308e-07    -6.205036e-07    1.480072e-07    -5.942228e-07    -8.071128e-07    7.880829e-07    3.329942e-07
-4.005137e-07    3.793033e-07    1.657109e-06    3.438411e-09    -1.080412e-06    9.372356e-07    -7.641838e-07    -2.218679e-06    1.344658e-06    5.407585e-07
7.244122e-07    -1.450308e-07    3.438411e-09    1.413583e-06    -1.065945e-06    -3.970807e-07    6.380437e-07    1.719713e-06    -6.25438e-07    -1.077817e-06
-1.687462e-06    -6.205036e-07    -1.080412e-06    -1.065945e-06    2.704583e-06    1.737114e-07    2.302854e-08    -1.364178e-06    -2.596751e-07    1.48775e-06
-1.342848e-06    1.480072e-07    9.372356e-07    -3.970807e-07    1.737114e-07    4.849772e-06    -3.047043e-06    -7.490563e-06    1.542418e-06    1.861612e-06
1.212171e-06    -5.942228e-07    -7.641838e-07    6.380437e-07    2.302854e-08    -3.047043e-06    7.856725e-06    1.943641e-06    -1.931082e-06    -1.853322e-06
3.665916e-06    -8.071128e-07    -2.218679e-06    1.719713e-06    -1.364178e-06    -7.490563e-06    1.943641e-06    2.079375e-05    -5.712522e-06    -7.156094e-06
-1.250688e-06    7.880829e-07    1.344658e-06    -6.25438e-07    -2.596751e-07    1.542418e-06    -1.931082e-06    -5.712522e-06    3.202605e-06    2.5928e-06
-2.137421e-06    3.329942e-07    5.407585e-07    -1.077817e-06    1.48775e-06    1.861612e-06    -1.853322e-06    -7.156094e-06    2.5928e-06    3.888566e-06
