2.610806e-06    -6.932331e-07    -1.302551e-06    1.299365e-06    -8.407168e-07    7.446001e-07    -1.277899e-07    -1.598183e-07    1.174748e-06    -9.324214e-07    2.801438e-07    2.037341e-06    1.19444e-06    -1.698067e-07    -1.432613e-06
-6.932331e-07    1.820546e-06    1.15889e-06    -1.507002e-06    -4.918427e-07    -7.061887e-07    5.171593e-07    1.037227e-06    -3.361927e-08    -4.635477e-07    2.867651e-07    -6.192307e-07    -8.52724e-07    5.066531e-07    1.243057e-07
-1.302551e-06    1.15889e-06    4.416799e-06    1.066789e-09    -2.817883e-06    8.080977e-07    1.091779e-06    4.181974e-07    4.021554e-07    -1.64345e-06    -5.686829e-07    1.254787e-06    7.263848e-07    -8.563317e-07    2.494322e-07
1.299365e-06    -1.507002e-06    1.066789e-09    3.692722e-06    -1.906334e-06    2.378771e-06    2.21069e-07    -3.756597e-07    8.690063e-07    -1.514962e-06    -1.481344e-06    2.894143e-06    3.846966e-06    -1.358998e-06    -1.621876e-06
-8.407168e-07    -4.918427e-07    -2.817883e-06    -1.906334e-06    4.014613e-06    -2.199168e-06    -7.371589e-07    -6.26077e-07    -1.527494e-06    2.893342e-06    6.581517e-07    -2.707742e-06    -2.586425e-06    6.828133e-07    1.57916e-06
7.446001e-07    -7.061887e-07    8.080977e-07    2.378771e-06    -2.199168e-06    2.824795e-06    2.32684e-08    -4.005137e-07    7.244122e-07    -1.687462e-06    -7.894283e-07    2.587623e-06    2.838606e-06    -8.401316e-07    -1.638008e-06
-1.277899e-07    5.171593e-07    1.091779e-06    2.21069e-07    -7.371589e-07    2.32684e-08    9.764566e-07    3.793033e-07    -1.450308e-07    -6.205036e-07    -3.13774e-07    3.563213e-07    3.217838e-07    -3.340724e-07    1.31282e-07
-1.598183e-07    1.037227e-06    4.181974e-07    -3.756597e-07    -6.26077e-07    -4.005137e-07    3.793033e-07    1.657109e-06    3.438411e-09    -1.080412e-06    -1.471291e-07    -4.824205e-07    3.607956e-07    4.116403e-07    -3.315424e-07
1.174748e-06    -3.361927e-08    4.021554e-07    8.690063e-07    -1.527494e-06    7.244122e-07    -1.450308e-07    3.438411e-09    1.413583e-06    -1.065945e-06    -3.966315e-08    1.6834e-06    1.206219e-06    -2.690225e-07    -1.204324e-06
-9.324214e-07    -4.635477e-07    -1.64345e-06    -1.514962e-06    2.893342e-06    -1.687462e-06    -6.205036e-07    -1.080412e-06    -1.065945e-06    2.704583e-06    5.572209e-07    -2.087023e-06    -2.453902e-06    4.630599e-07    1.621567e-06
2.801438e-07    2.867651e-07    -5.686829e-07    -1.481344e-06    6.581517e-07    -7.894283e-07    -3.13774e-07    -1.471291e-07    -3.966315e-08    5.572209e-07    1.596467e-06    -1.429157e-06    -2.774452e-06    9.084157e-07    8.853961e-07
2.037341e-06    -6.192307e-07    1.254787e-06    2.894143e-06    -2.707742e-06    2.587623e-06    3.563213e-07    -4.824205e-07    1.6834e-06    -2.087023e-06    -1.429157e-06    6.479871e-06    4.988231e-06    -2.458281e-06    -2.908665e-06
1.19444e-06    -8.52724e-07    7.263848e-07    3.846966e-06    -2.586425e-06    2.838606e-06    3.217838e-07    3.607956e-07    1.206219e-06    -2.453902e-06    -2.774452e-06    4.988231e-06    6.890727e-06    -1.949096e-06    -3.549198e-06
-1.698067e-07    5.066531e-07    -8.563317e-07    -1.358998e-06    6.828133e-07    -8.401316e-07    -3.340724e-07    4.116403e-07    -2.690225e-07    4.630599e-07    9.084157e-07    -2.458281e-06    -1.949096e-06    1.660576e-06    3.2462e-07
-1.432613e-06    1.243057e-07    2.494322e-07    -1.621876e-06    1.57916e-06    -1.638008e-06    1.31282e-07    -3.315424e-07    -1.204324e-06    1.621567e-06    8.853961e-07    -2.908665e-06    -3.549198e-06    3.2462e-07    2.98175e-06
