1    0.04906791    -0.5733122    -0.04768158    0.0270085    0.07781664    -0.04284902    -0.07947179    0.102442    0.05510565
0.04906791    1    -0.08481752    -0.5860951    0.1151126    0.01258077    0.01512674    -0.06832775    -0.02300841    0.08463806
-0.5733122    -0.08481752    1    0.06538671    -0.4271286    0.008098096    -0.03886081    -0.01233158    0.006647082    0.007960953
-0.04768158    -0.5860951    0.06538671    1    -0.4462675    0.1463713    -0.07975583    -0.05652723    0.08768928    -0.0004899629
0.0270085    0.1151126    -0.4271286    -0.4462675    1    -0.1101295    0.06565455    0.1023053    -0.07006441    -0.09459569
0.07781664    0.01258077    0.008098096    0.1463713    -0.1101295    1    -0.3425514    -0.24755    0.1688995    0.007790085
-0.04284902    0.01512674    -0.03886081    -0.07975583    0.06565455    -0.3425514    1    -0.6241456    -0.2792986    0.1218277
-0.07947179    -0.06832775    -0.01233158    -0.05652723    0.1023053    -0.24755    -0.6241456    1    -0.2963397    -0.2330515
0.102442    -0.02300841    0.006647082    0.08768928    -0.07006441    0.1688995    -0.2792986    -0.2963397    1    -0.3314129
0.05510565    0.08463806    0.007960953    -0.0004899629    -0.09459569    0.007790085    0.1218277    -0.2330515    -0.3314129    1
