1    -0.3425514    -0.24755    0.1688995    0.007790085    -0.01251458    -0.080766    -0.06596692    0.04967429    0.0640891
-0.3425514    1    -0.6241456    -0.2792986    0.1218277    0.01520168    -0.03746331    -0.03806988    0.05184973    0.0354204
-0.24755    -0.6241456    1    -0.2963397    -0.2330515    -0.02600393    0.08441865    0.05878353    -0.06242653    -0.04563529
0.1688995    -0.2792986    -0.2963397    1    -0.3314129    0.01363707    -0.05008549    0.003147971    -0.01834    0.02804843
0.007790085    0.1218277    -0.2330515    -0.3314129    1    0.01284197    0.004797738    0.01335947    0.02652386    -0.07437579
-0.01251458    0.01520168    -0.02600393    0.01363707    0.01284197    1    0.08307113    -0.7420018    -0.008477842    0.04639755
-0.080766    -0.03746331    0.08441865    -0.05008549    0.004797738    0.08307113    1    -0.2725877    -0.7281742    0.2765941
-0.06596692    -0.03806988    0.05878353    0.003147971    0.01335947    -0.7420018    -0.2725877    1    0.04992343    -0.4475786
0.04967429    0.05184973    -0.06242653    -0.01834    0.02652386    -0.008477842    -0.7281742    0.04992343    1    -0.415051
0.0640891    0.0354204    -0.04563529    0.02804843    -0.07437579    0.04639755    0.2765941    -0.4475786    -0.415051    1
