1    -0.07097652    -0.6286305    -0.03675972    0.02730792    0.1542303    -0.02729109    -0.08499181    0.08955012    -0.008501484
-0.07097652    1    -0.0791724    -0.5835572    0.1192374    -0.006522141    -0.0156419    -0.03070145    -0.00761652    0.05827384
-0.6286305    -0.0791724    1    -0.02143606    -0.3763256    -0.01294212    0.01936323    -0.04985623    -0.03461651    0.04513755
-0.03675972    -0.5835572    -0.02143606    1    -0.4130093    0.1083171    -0.08387857    -0.002272007    0.07020876    -0.001825924
0.02730792    0.1192374    -0.3763256    -0.4130093    1    -0.1379491    0.07961261    0.0781259    -0.06960334    -0.02316791
0.1542303    -0.006522141    -0.01294212    0.1083171    -0.1379491    1    -0.3425514    -0.24755    0.1688995    0.007790085
-0.02729109    -0.0156419    0.01936323    -0.08387857    0.07961261    -0.3425514    1    -0.6241456    -0.2792986    0.1218277
-0.08499181    -0.03070145    -0.04985623    -0.002272007    0.0781259    -0.24755    -0.6241456    1    -0.2963397    -0.2330515
0.08955012    -0.00761652    -0.03461651    0.07020876    -0.06960334    0.1688995    -0.2792986    -0.2963397    1    -0.3314129
-0.008501484    0.05827384    0.04513755    -0.001825924    -0.02316791    0.007790085    0.1218277    -0.2330515    -0.3314129    1
