1    -0.05330177    -0.7076816    -0.05428078    -0.0042453    0.08878861    -0.01884682    -0.0562046    0.0542777    -0.02178732
-0.05330177    1    -0.07540401    -0.5736487    0.1523894    -0.01361854    0.005656384    -0.04410005    0.01842059    0.0200206
-0.7076816    -0.07540401    1    0.02279707    -0.3127617    0.0109562    -0.02203385    -0.04005337    0.01756891    0.05742907
-0.05428078    -0.5736487    0.02279707    1    -0.3869901    0.1181875    -0.05167475    -0.0246916    0.01408683    0.05936459
-0.0042453    0.1523894    -0.3127617    -0.3869901    1    -0.104417    0.09152064    0.03042259    -0.04195618    -0.06146077
0.08878861    -0.01361854    0.0109562    0.1181875    -0.104417    1    -0.3425514    -0.24755    0.1688995    0.007790085
-0.01884682    0.005656384    -0.02203385    -0.05167475    0.09152064    -0.3425514    1    -0.6241456    -0.2792986    0.1218277
-0.0562046    -0.04410005    -0.04005337    -0.0246916    0.03042259    -0.24755    -0.6241456    1    -0.2963397    -0.2330515
0.0542777    0.01842059    0.01756891    0.01408683    -0.04195618    0.1688995    -0.2792986    -0.2963397    1    -0.3314129
-0.02178732    0.0200206    0.05742907    0.05936459    -0.06146077    0.007790085    0.1218277    -0.2330515    -0.3314129    1
