1    -0.0653515    -0.7025817    -0.07246449    -0.03990777    0.1239674    -0.07089753    -0.02619431    0.07643802    0.01880399
-0.0653515    1    -0.05452125    -0.5470611    0.1192943    0.006670565    -0.02209787    -0.03278482    -0.01332771    0.05799486
-0.7025817    -0.05452125    1    0.01906412    -0.3010253    -0.02040162    0.03300264    -0.05692963    -0.0295625    0.04139035
-0.07246449    -0.5470611    0.01906412    1    -0.3474456    0.1331762    -0.04061764    -0.05768512    0.08323573    -0.03061974
-0.03990777    0.1192943    -0.3010253    -0.3474456    1    -0.07219191    0.04413709    0.05102562    -0.04480811    -0.005025426
0.1239674    0.006670565    -0.02040162    0.1331762    -0.07219191    1    -0.3425514    -0.24755    0.1688995    0.007790085
-0.07089753    -0.02209787    0.03300264    -0.04061764    0.04413709    -0.3425514    1    -0.6241456    -0.2792986    0.1218277
-0.02619431    -0.03278482    -0.05692963    -0.05768512    0.05102562    -0.24755    -0.6241456    1    -0.2963397    -0.2330515
0.07643802    -0.01332771    -0.0295625    0.08323573    -0.04480811    0.1688995    -0.2792986    -0.2963397    1    -0.3314129
0.01880399    0.05799486    0.04139035    -0.03061974    -0.005025426    0.007790085    0.1218277    -0.2330515    -0.3314129    1
