1    -0.06409369    -0.6033327    -0.117936    0.005767962    0.1701355    -0.0574486    -0.06066094    0.2054905    -0.1118043
-0.06409369    1    -0.09900662    -0.5676348    0.03544622    -0.2874626    0.1057192    0.2013681    -0.2530253    0.01527344
-0.6033327    -0.09900662    1    -0.06336199    -0.3576137    -0.3127558    0.138836    0.1699537    -0.2257022    0.001491449
-0.117936    -0.5676348    -0.06336199    1    -0.2964738    0.1320717    -0.03375441    -0.03376081    0.1219943    -0.1167485
0.005767962    0.03544622    -0.3576137    -0.2964738    1    0.1840341    -0.1126703    -0.1572063    0.08632179    0.1325958
0.1701355    -0.2874626    -0.3127558    0.1320717    0.1840341    1    -0.3425514    -0.24755    0.1688995    0.007790085
-0.0574486    0.1057192    0.138836    -0.03375441    -0.1126703    -0.3425514    1    -0.6241456    -0.2792986    0.1218277
-0.06066094    0.2013681    0.1699537    -0.03376081    -0.1572063    -0.24755    -0.6241456    1    -0.2963397    -0.2330515
0.2054905    -0.2530253    -0.2257022    0.1219943    0.08632179    0.1688995    -0.2792986    -0.2963397    1    -0.3314129
-0.1118043    0.01527344    0.001491449    -0.1167485    0.1325958    0.007790085    0.1218277    -0.2330515    -0.3314129    1
