3.147431e-06    -2.270696e-06    -2.616707e-06    5.260565e-07    1.832993e-07    -1.066723e-06    5.024332e-07    9.158383e-07    3.161236e-07    -3.160329e-07    -1.131448e-06    -4.301079e-07    8.361947e-08    5.972722e-07    1.464961e-06
-2.270696e-06    8.999813e-06    -1.52951e-06    -2.158703e-06    7.417984e-08    3.044749e-06    -3.506902e-06    -2.393346e-06    2.348638e-07    1.536131e-06    -2.033496e-07    1.366504e-06    2.215715e-06    -4.497084e-07    -3.054949e-06
-2.616707e-06    -1.52951e-06    6.475147e-06    -1.035103e-06    -8.321831e-07    1.935947e-07    1.503273e-06    5.292627e-07    -1.073738e-06    -6.617886e-07    1.180325e-06    -2.302314e-07    -4.45687e-07    8.534755e-08    -9.110639e-07
5.260565e-07    -2.158703e-06    -1.035103e-06    3.602277e-06    -7.012462e-08    8.209918e-07    -2.777278e-06    -2.957665e-06    2.70394e-07    2.500211e-06    8.208397e-07    1.055915e-06    4.606324e-07    -6.463205e-07    -1.764431e-06
1.832993e-07    7.417984e-08    -8.321831e-07    -7.012462e-08    5.490899e-07    -2.941284e-08    -3.126115e-07    -3.729447e-07    2.176923e-07    2.530984e-07    -6.801364e-08    -8.368661e-08    4.643949e-10    -1.814252e-07    -4.2345e-08
-1.066723e-06    3.044749e-06    1.935947e-07    8.209918e-07    -2.941284e-08    1.861523e-05    -7.574978e-06    -1.61217e-05    2.088944e-06    3.150723e-06    -2.804825e-07    1.450418e-06    2.343641e-06    -1.861826e-07    -3.859844e-06
5.024332e-07    -3.506902e-06    1.503273e-06    -2.777278e-06    -3.126115e-07    -7.574978e-06    2.85244e-05    8.369271e-06    -1.430804e-05    -5.794113e-06    3.881206e-07    -4.200787e-06    -4.59736e-06    2.657e-06    7.175451e-06
9.158383e-07    -2.393346e-06    5.292627e-07    -2.957665e-06    -3.729447e-07    -1.61217e-05    8.369271e-06    2.706447e-05    -3.085033e-06    -1.045444e-05    -3.865109e-07    -3.647636e-06    -3.301328e-06    2.4732e-06    6.325793e-06
3.161236e-07    2.348638e-07    -1.073738e-06    2.70394e-07    2.176923e-07    2.088944e-06    -1.430804e-05    -3.085033e-06    1.553907e-05    -1.672362e-06    -1.461134e-06    1.446688e-06    1.132778e-06    -9.468695e-07    -8.546958e-07
-3.160329e-07    1.536131e-06    -6.617886e-07    2.500211e-06    2.530984e-07    3.150723e-06    -5.794113e-06    -1.045444e-05    -1.672362e-06    1.000909e-05    1.188418e-06    2.277583e-06    2.617975e-06    -1.691493e-06    -5.175832e-06
-1.131448e-06    -2.033496e-07    1.180325e-06    8.208397e-07    -6.801364e-08    -2.804825e-07    3.881206e-07    -3.865109e-07    -1.461134e-06    1.188418e-06    5.372935e-06    -1.048605e-06    -3.038114e-06    1.074588e-07    -8.356004e-07
-4.301079e-07    1.366504e-06    -2.302314e-07    1.055915e-06    -8.368661e-08    1.450418e-06    -4.200787e-06    -3.647636e-06    1.446688e-06    2.277583e-06    -1.048605e-06    6.412761e-06    2.074921e-06    -4.802022e-06    -1.870294e-06
8.361947e-08    2.215715e-06    -4.45687e-07    4.606324e-07    4.643949e-10    2.343641e-06    -4.59736e-06    -3.301328e-06    1.132778e-06    2.617975e-06    -3.038114e-06    2.074921e-06    6.704207e-06    -6.723546e-07    -5.456442e-06
5.972722e-07    -4.497084e-07    8.534755e-08    -6.463205e-07    -1.814252e-07    -1.861826e-07    2.657e-06    2.4732e-06    -9.468695e-07    -1.691493e-06    1.074588e-07    -4.802022e-06    -6.723546e-07    7.346948e-06    -1.715072e-06
1.464961e-06    -3.054949e-06    -9.110639e-07    -1.764431e-06    -4.2345e-08    -3.859844e-06    7.175451e-06    6.325793e-06    -8.546958e-07    -5.175832e-06    -8.356004e-07    -1.870294e-06    -5.456442e-06    -1.715072e-06    1.090784e-05
