8.042005e-06    -4.810785e-06    -8.391052e-06    1.675909e-06    1.544941e-06    -1.584675e-06    -1.781617e-06    -6.321215e-07    2.457271e-06    2.787715e-06
-4.810785e-06    1.91187e-05    -4.663881e-06    -3.463173e-06    -7.922267e-07    -3.685812e-07    2.643078e-06    1.190894e-06    -2.368185e-06    -7.346208e-07
-8.391052e-06    -4.663881e-06    3.147253e-05    -7.028738e-06    -9.613422e-06    1.340956e-06    3.389165e-06    4.677276e-06    -2.355926e-06    -8.565458e-06
1.675909e-06    -3.463173e-06    -7.028738e-06    7.032057e-06    2.004882e-06    1.067932e-06    -7.073638e-07    -1.604515e-06    2.870819e-08    9.374238e-07
1.544941e-06    -7.922267e-07    -9.613422e-06    2.004882e-06    6.251922e-06    -1.836587e-07    -2.056933e-06    -2.753645e-06    6.938187e-07    3.897065e-06
-1.584675e-06    -3.685812e-07    1.340956e-06    1.067932e-06    -1.836587e-07    5.372935e-06    -1.048605e-06    -3.038114e-06    1.074588e-07    -8.356004e-07
-1.781617e-06    2.643078e-06    3.389165e-06    -7.073638e-07    -2.056933e-06    -1.048605e-06    6.412761e-06    2.074921e-06    -4.802022e-06    -1.870294e-06
-6.321215e-07    1.190894e-06    4.677276e-06    -1.604515e-06    -2.753645e-06    -3.038114e-06    2.074921e-06    6.704207e-06    -6.723546e-07    -5.456442e-06
2.457271e-06    -2.368185e-06    -2.355926e-06    2.870819e-08    6.938187e-07    1.074588e-07    -4.802022e-06    -6.723546e-07    7.346948e-06    -1.715072e-06
2.787715e-06    -7.346208e-07    -8.565458e-06    9.374238e-07    3.897065e-06    -8.356004e-07    -1.870294e-06    -5.456442e-06    -1.715072e-06    1.090784e-05
