6.582398e-06    1.037564e-06    -2.446976e-06    -3.224219e-07    -8.358538e-07    -8.535279e-08    1.019997e-06    -3.567718e-07    1.33239e-07    7.493415e-08    -4.194073e-08    1.042243e-07    3.941521e-07    -3.310779e-08    -6.925684e-07
1.037564e-06    7.037613e-06    1.691766e-06    -2.041662e-06    -2.820863e-06    2.481087e-07    7.324402e-08    -6.877827e-07    1.40315e-06    3.536604e-07    5.208159e-07    1.273954e-06    1.364337e-06    -9.111702e-07    -2.654648e-06
-2.446976e-06    1.691766e-06    6.470306e-06    1.44606e-06    -4.993714e-06    4.839747e-07    -4.755863e-07    -8.076503e-07    1.150788e-06    4.00371e-07    2.251774e-07    1.514257e-06    1.160144e-06    -1.477891e-06    -1.936522e-06
-3.224219e-07    -2.041662e-06    1.44606e-06    6.593983e-06    -4.096146e-06    2.45434e-07    2.43231e-07    -3.442232e-07    6.344871e-07    9.599355e-08    2.402016e-07    1.214994e-06    6.828013e-07    -1.261516e-06    -1.087171e-06
-8.358538e-07    -2.820863e-06    -4.993714e-06    -4.096146e-06    1.26802e-05    -5.978723e-07    3.945709e-07    1.758988e-06    -2.799644e-06    -5.683653e-07    2.792027e-07    -3.030956e-06    -2.128458e-06    2.238492e-06    3.362007e-06
-8.535279e-08    2.481087e-07    4.839747e-07    2.45434e-07    -5.978723e-07    3.147431e-06    -2.270696e-06    -2.616707e-06    5.260565e-07    1.832993e-07    -1.131448e-06    -4.301079e-07    8.361947e-08    5.972722e-07    1.464961e-06
1.019997e-06    7.324402e-08    -4.755863e-07    2.43231e-07    3.945709e-07    -2.270696e-06    8.999813e-06    -1.52951e-06    -2.158703e-06    7.417984e-08    -2.033496e-07    1.366504e-06    2.215715e-06    -4.497084e-07    -3.054949e-06
-3.567718e-07    -6.877827e-07    -8.076503e-07    -3.442232e-07    1.758988e-06    -2.616707e-06    -1.52951e-06    6.475147e-06    -1.035103e-06    -8.321831e-07    1.180325e-06    -2.302314e-07    -4.45687e-07    8.534755e-08    -9.110639e-07
1.33239e-07    1.40315e-06    1.150788e-06    6.344871e-07    -2.799644e-06    5.260565e-07    -2.158703e-06    -1.035103e-06    3.602277e-06    -7.012462e-08    8.208397e-07    1.055915e-06    4.606324e-07    -6.463205e-07    -1.764431e-06
7.493415e-08    3.536604e-07    4.00371e-07    9.599355e-08    -5.683653e-07    1.832993e-07    7.417984e-08    -8.321831e-07    -7.012462e-08    5.490899e-07    -6.801364e-08    -8.368661e-08    4.643949e-10    -1.814252e-07    -4.2345e-08
-4.194073e-08    5.208159e-07    2.251774e-07    2.402016e-07    2.792027e-07    -1.131448e-06    -2.033496e-07    1.180325e-06    8.208397e-07    -6.801364e-08    5.372935e-06    -1.048605e-06    -3.038114e-06    1.074588e-07    -8.356004e-07
1.042243e-07    1.273954e-06    1.514257e-06    1.214994e-06    -3.030956e-06    -4.301079e-07    1.366504e-06    -2.302314e-07    1.055915e-06    -8.368661e-08    -1.048605e-06    6.412761e-06    2.074921e-06    -4.802022e-06    -1.870294e-06
3.941521e-07    1.364337e-06    1.160144e-06    6.828013e-07    -2.128458e-06    8.361947e-08    2.215715e-06    -4.45687e-07    4.606324e-07    4.643949e-10    -3.038114e-06    2.074921e-06    6.704207e-06    -6.723546e-07    -5.456442e-06
-3.310779e-08    -9.111702e-07    -1.477891e-06    -1.261516e-06    2.238492e-06    5.972722e-07    -4.497084e-07    8.534755e-08    -6.463205e-07    -1.814252e-07    1.074588e-07    -4.802022e-06    -6.723546e-07    7.346948e-06    -1.715072e-06
-6.925684e-07    -2.654648e-06    -1.936522e-06    -1.087171e-06    3.362007e-06    1.464961e-06    -3.054949e-06    -9.110639e-07    -1.764431e-06    -4.2345e-08    -8.356004e-07    -1.870294e-06    -5.456442e-06    -1.715072e-06    1.090784e-05
