3.595145e-06    2.824355e-06    5.255563e-07    -1.665826e-06    -4.25713e-06    -1.464146e-06    -5.003546e-06    -2.895222e-06    -6.273105e-07    3.506659e-06    2.139937e-06    -1.583117e-07    -3.741847e-07    1.258761e-06    -1.510005e-06    -2.583983e-06    3.824927e-06    4.27892e-06    -1.410351e-06    -2.413055e-06
2.824355e-06    4.016311e-06    1.786867e-06    -2.101503e-06    -4.336606e-06    -1.822916e-06    -5.618109e-06    -2.219235e-06    3.781074e-07    2.920852e-06    1.946037e-06    -3.483069e-07    -1.030897e-06    5.860509e-07    -5.702778e-07    -3.871275e-06    3.446014e-06    7.195429e-06    -2.29179e-06    -2.750233e-06
5.255563e-07    1.786867e-06    2.326633e-06    -1.254505e-07    -2.34425e-06    -1.116098e-06    -2.147092e-06    -2.781464e-07    9.915653e-07    7.541266e-07    2.810178e-07    -2.926309e-07    -3.260072e-07    -3.112914e-07    2.147391e-07    -2.126729e-06    5.433818e-07    5.189175e-06    -1.069848e-06    -1.556542e-06
-1.665826e-06    -2.101503e-06    -1.254505e-07    2.642525e-06    3.374383e-06    9.794511e-07    4.040596e-06    2.37486e-06    8.481361e-08    -2.633487e-06    -1.709759e-06    -1.745109e-07    7.235848e-07    -9.968303e-07    1.088163e-06    1.534966e-06    -1.05026e-06    -4.014628e-06    1.708414e-06    1.840999e-06
-4.25713e-06    -4.336606e-06    -2.34425e-06    3.374383e-06    1.06694e-05    3.16562e-06    8.337544e-06    4.26871e-06    -1.46027e-06    -4.929568e-06    -3.343515e-06    1.613388e-07    3.787674e-07    -1.746687e-06    2.65892e-06    3.28997e-06    -3.717561e-06    -9.223354e-06    3.290627e-06    5.253151e-06
-1.464146e-06    -1.822916e-06    -1.116098e-06    9.794511e-07    3.16562e-06    1.895892e-06    2.157595e-06    4.194005e-07    -4.144055e-07    -1.334651e-06    -1.153855e-06    3.592539e-07    3.573073e-07    -4.015303e-07    6.569013e-07    1.571381e-06    -1.125152e-06    -3.402784e-06    7.993063e-07    1.610111e-06
-5.003546e-06    -5.618109e-06    -2.147092e-06    4.040596e-06    8.337544e-06    2.157595e-06    1.204235e-05    6.41291e-06    -7.662621e-07    -6.450913e-06    -3.81077e-06    -3.183905e-07    7.994876e-07    -2.068014e-06    2.934337e-06    4.934384e-06    -5.06178e-06    -1.190711e-05    3.876e-06    5.783704e-06
-2.895222e-06    -2.219235e-06    -2.781464e-07    2.37486e-06    4.26871e-06    4.194005e-07    6.41291e-06    6.045488e-06    9.926894e-07    -4.932386e-06    -1.730962e-06    -5.680174e-07    -3.361093e-07    -2.297855e-06    2.481947e-06    2.469324e-06    -1.837743e-06    -5.773476e-06    1.315818e-06    2.499989e-06
-6.273105e-07    3.781074e-07    9.915653e-07    8.481361e-08    -1.46027e-06    -4.144055e-07    -7.662621e-07    9.926894e-07    3.37897e-06    -1.880869e-06    -3.388829e-07    -5.302545e-07    2.630307e-07    -5.407221e-07    4.878402e-07    3.926596e-07    1.065504e-06    3.741754e-07    -9.67533e-07    -8.705387e-07
3.506659e-06    2.920852e-06    7.541266e-07    -2.633487e-06    -4.929568e-06    -1.334651e-06    -6.450913e-06    -4.932386e-06    -1.880869e-06    7.032047e-06    2.522637e-06    1.137698e-06    9.679257e-08    1.431405e-06    -2.818977e-06    -3.41315e-06    1.506411e-06    6.368884e-06    -5.84156e-07    -2.435245e-06
2.139937e-06    1.946037e-06    2.810178e-07    -1.709759e-06    -3.343515e-06    -1.153855e-06    -3.81077e-06    -1.730962e-06    -3.388829e-07    2.522637e-06    2.824795e-06    2.32684e-08    -4.005137e-07    7.244122e-07    -1.687462e-06    -1.342848e-06    1.212171e-06    3.665916e-06    -1.250688e-06    -2.137421e-06
-1.583117e-07    -3.483069e-07    -2.926309e-07    -1.745109e-07    1.613388e-07    3.592539e-07    -3.183905e-07    -5.680174e-07    -5.302545e-07    1.137698e-06    2.32684e-08    9.764566e-07    3.793033e-07    -1.450308e-07    -6.205036e-07    1.480072e-07    -5.942228e-07    -8.071128e-07    7.880829e-07    3.329942e-07
-3.741847e-07    -1.030897e-06    -3.260072e-07    7.235848e-07    3.787674e-07    3.573073e-07    7.994876e-07    -3.361093e-07    2.630307e-07    9.679257e-08    -4.005137e-07    3.793033e-07    1.657109e-06    3.438411e-09    -1.080412e-06    9.372356e-07    -7.641838e-07    -2.218679e-06    1.344658e-06    5.407585e-07
1.258761e-06    5.860509e-07    -3.112914e-07    -9.968303e-07    -1.746687e-06    -4.015303e-07    -2.068014e-06    -2.297855e-06    -5.407221e-07    1.431405e-06    7.244122e-07    -1.450308e-07    3.438411e-09    1.413583e-06    -1.065945e-06    -3.970807e-07    6.380437e-07    1.719713e-06    -6.25438e-07    -1.077817e-06
-1.510005e-06    -5.702778e-07    2.147391e-07    1.088163e-06    2.65892e-06    6.569013e-07    2.934337e-06    2.481947e-06    4.878402e-07    -2.818977e-06    -1.687462e-06    -6.205036e-07    -1.080412e-06    -1.065945e-06    2.704583e-06    1.737114e-07    2.302854e-08    -1.364178e-06    -2.596751e-07    1.48775e-06
-2.583983e-06    -3.871275e-06    -2.126729e-06    1.534966e-06    3.28997e-06    1.571381e-06    4.934384e-06    2.469324e-06    3.926596e-07    -3.41315e-06    -1.342848e-06    1.480072e-07    9.372356e-07    -3.970807e-07    1.737114e-07    4.849772e-06    -3.047043e-06    -7.490563e-06    1.542418e-06    1.861612e-06
3.824927e-06    3.446014e-06    5.433818e-07    -1.05026e-06    -3.717561e-06    -1.125152e-06    -5.06178e-06    -1.837743e-06    1.065504e-06    1.506411e-06    1.212171e-06    -5.942228e-07    -7.641838e-07    6.380437e-07    2.302854e-08    -3.047043e-06    7.856725e-06    1.943641e-06    -1.931082e-06    -1.853322e-06
4.27892e-06    7.195429e-06    5.189175e-06    -4.014628e-06    -9.223354e-06    -3.402784e-06    -1.190711e-05    -5.773476e-06    3.741754e-07    6.368884e-06    3.665916e-06    -8.071128e-07    -2.218679e-06    1.719713e-06    -1.364178e-06    -7.490563e-06    1.943641e-06    2.079375e-05    -5.712522e-06    -7.156094e-06
-1.410351e-06    -2.29179e-06    -1.069848e-06    1.708414e-06    3.290627e-06    7.993063e-07    3.876e-06    1.315818e-06    -9.67533e-07    -5.84156e-07    -1.250688e-06    7.880829e-07    1.344658e-06    -6.25438e-07    -2.596751e-07    1.542418e-06    -1.931082e-06    -5.712522e-06    3.202605e-06    2.5928e-06
-2.413055e-06    -2.750233e-06    -1.556542e-06    1.840999e-06    5.253151e-06    1.610111e-06    5.783704e-06    2.499989e-06    -8.705387e-07    -2.435245e-06    -2.137421e-06    3.329942e-07    5.407585e-07    -1.077817e-06    1.48775e-06    1.861612e-06    -1.853322e-06    -7.156094e-06    2.5928e-06    3.888566e-06
