3.595145e-06    2.824355e-06    5.255563e-07    -1.665826e-06    -4.25713e-06    -1.464146e-06    -5.003546e-06    -2.895222e-06    -6.273105e-07    3.506659e-06    -1.29666e-06    -4.54592e-06    -3.962137e-06    -7.177446e-08    5.770168e-06    -2.583983e-06    3.824927e-06    4.27892e-06    -1.410351e-06    -2.413055e-06
2.824355e-06    4.016311e-06    1.786867e-06    -2.101503e-06    -4.336606e-06    -1.822916e-06    -5.618109e-06    -2.219235e-06    3.781074e-07    2.920852e-06    -8.692005e-07    -4.366776e-06    -3.906632e-06    1.799526e-07    5.666714e-06    -3.871275e-06    3.446014e-06    7.195429e-06    -2.29179e-06    -2.750233e-06
5.255563e-07    1.786867e-06    2.326633e-06    -1.254505e-07    -2.34425e-06    -1.116098e-06    -2.147092e-06    -2.781464e-07    9.915653e-07    7.541266e-07    -7.619794e-07    -1.377195e-06    -8.984854e-07    -2.397206e-07    2.159376e-06    -2.126729e-06    5.433818e-07    5.189175e-06    -1.069848e-06    -1.556542e-06
-1.665826e-06    -2.101503e-06    -1.254505e-07    2.642525e-06    3.374383e-06    9.794511e-07    4.040596e-06    2.37486e-06    8.481361e-08    -2.633487e-06    2.666171e-07    3.202742e-06    2.793117e-06    -5.087719e-07    -3.502776e-06    1.534966e-06    -1.05026e-06    -4.014628e-06    1.708414e-06    1.840999e-06
-4.25713e-06    -4.336606e-06    -2.34425e-06    3.374383e-06    1.06694e-05    3.16562e-06    8.337544e-06    4.26871e-06    -1.46027e-06    -4.929568e-06    1.890465e-06    7.753236e-06    6.447626e-06    -8.072701e-07    -8.839712e-06    3.28997e-06    -3.717561e-06    -9.223354e-06    3.290627e-06    5.253151e-06
-1.464146e-06    -1.822916e-06    -1.116098e-06    9.794511e-07    3.16562e-06    1.895892e-06    2.157595e-06    4.194005e-07    -4.144055e-07    -1.334651e-06    6.1059e-07    2.18832e-06    1.890596e-06    2.281166e-07    -2.873547e-06    1.571381e-06    -1.125152e-06    -3.402784e-06    7.993063e-07    1.610111e-06
-5.003546e-06    -5.618109e-06    -2.147092e-06    4.040596e-06    8.337544e-06    2.157595e-06    1.204235e-05    6.41291e-06    -7.662621e-07    -6.450913e-06    1.799997e-06    8.984619e-06    7.38762e-06    -6.306418e-07    -1.031064e-05    4.934384e-06    -5.06178e-06    -1.190711e-05    3.876e-06    5.783704e-06
-2.895222e-06    -2.219235e-06    -2.781464e-07    2.37486e-06    4.26871e-06    4.194005e-07    6.41291e-06    6.045488e-06    9.926894e-07    -4.932386e-06    1.818584e-06    5.497339e-06    3.982106e-06    -3.681141e-07    -5.915418e-06    2.469324e-06    -1.837743e-06    -5.773476e-06    1.315818e-06    2.499989e-06
-6.273105e-07    3.781074e-07    9.915653e-07    8.481361e-08    -1.46027e-06    -4.144055e-07    -7.662621e-07    9.926894e-07    3.37897e-06    -1.880869e-06    1.176049e-06    3.445641e-08    -6.833599e-07    7.508028e-07    -8.775712e-07    3.926596e-07    1.065504e-06    3.741754e-07    -9.67533e-07    -8.705387e-07
3.506659e-06    2.920852e-06    7.541266e-07    -2.633487e-06    -4.929568e-06    -1.334651e-06    -6.450913e-06    -4.932386e-06    -1.880869e-06    7.032047e-06    -2.073109e-06    -6.498536e-06    -4.382771e-06    -3.359995e-07    7.056881e-06    -3.41315e-06    1.506411e-06    6.368884e-06    -5.84156e-07    -2.435245e-06
-1.29666e-06    -8.692005e-07    -7.619794e-07    2.666171e-07    1.890465e-06    6.1059e-07    1.799997e-06    1.818584e-06    1.176049e-06    -2.073109e-06    2.001764e-06    1.686116e-06    5.904205e-07    8.1742e-07    -3.160535e-06    1.319525e-06    1.768882e-07    -3.723407e-06    4.060333e-07    1.292609e-06
-4.54592e-06    -4.366776e-06    -1.377195e-06    3.202742e-06    7.753236e-06    2.18832e-06    8.984619e-06    5.497339e-06    3.445641e-08    -6.498536e-06    1.686116e-06    8.997597e-06    7.171972e-06    -6.955095e-07    -9.452042e-06    3.956167e-06    -3.973859e-06    -7.78975e-06    1.745271e-06    4.14507e-06
-3.962137e-06    -3.906632e-06    -8.984854e-07    2.793117e-06    6.447626e-06    1.890596e-06    7.38762e-06    3.982106e-06    -6.833599e-07    -4.382771e-06    5.904205e-07    7.171972e-06    6.910058e-06    -1.004171e-06    -7.518411e-06    3.276422e-06    -4.879929e-06    -5.049513e-06    1.717563e-06    3.154756e-06
-7.177446e-08    1.799526e-07    -2.397206e-07    -5.087719e-07    -8.072701e-07    2.281166e-07    -6.306418e-07    -3.681141e-07    7.508028e-07    -3.359995e-07    8.1742e-07    -6.955095e-07    -1.004171e-06    1.524391e-06    -5.479888e-07    1.740079e-07    9.843784e-07    -4.601283e-07    -5.872237e-07    -1.843659e-07
5.770168e-06    5.666714e-06    2.159376e-06    -3.502776e-06    -8.839712e-06    -2.873547e-06    -1.031064e-05    -5.915418e-06    -8.775712e-07    7.056881e-06    -3.160535e-06    -9.452042e-06    -7.518411e-06    -5.479888e-07    1.26785e-05    -5.368707e-06    4.403333e-06    1.147027e-05    -2.854164e-06    -5.322842e-06
-2.583983e-06    -3.871275e-06    -2.126729e-06    1.534966e-06    3.28997e-06    1.571381e-06    4.934384e-06    2.469324e-06    3.926596e-07    -3.41315e-06    1.319525e-06    3.956167e-06    3.276422e-06    1.740079e-07    -5.368707e-06    4.849772e-06    -3.047043e-06    -7.490563e-06    1.542418e-06    1.861612e-06
3.824927e-06    3.446014e-06    5.433818e-07    -1.05026e-06    -3.717561e-06    -1.125152e-06    -5.06178e-06    -1.837743e-06    1.065504e-06    1.506411e-06    1.768882e-07    -3.973859e-06    -4.879929e-06    9.843784e-07    4.403333e-06    -3.047043e-06    7.856725e-06    1.943641e-06    -1.931082e-06    -1.853322e-06
4.27892e-06    7.195429e-06    5.189175e-06    -4.014628e-06    -9.223354e-06    -3.402784e-06    -1.190711e-05    -5.773476e-06    3.741754e-07    6.368884e-06    -3.723407e-06    -7.78975e-06    -5.049513e-06    -4.601283e-07    1.147027e-05    -7.490563e-06    1.943641e-06    2.079375e-05    -5.712522e-06    -7.156094e-06
-1.410351e-06    -2.29179e-06    -1.069848e-06    1.708414e-06    3.290627e-06    7.993063e-07    3.876e-06    1.315818e-06    -9.67533e-07    -5.84156e-07    4.060333e-07    1.745271e-06    1.717563e-06    -5.872237e-07    -2.854164e-06    1.542418e-06    -1.931082e-06    -5.712522e-06    3.202605e-06    2.5928e-06
-2.413055e-06    -2.750233e-06    -1.556542e-06    1.840999e-06    5.253151e-06    1.610111e-06    5.783704e-06    2.499989e-06    -8.705387e-07    -2.435245e-06    1.292609e-06    4.14507e-06    3.154756e-06    -1.843659e-07    -5.322842e-06    1.861612e-06    -1.853322e-06    -7.156094e-06    2.5928e-06    3.888566e-06
