7.481787e-06    2.106806e-06    -3.077257e-06    -1.156732e-06    -1.265952e-06    -5.289132e-07    -2.079011e-06    -9.687378e-07    2.149873e-07    1.585661e-06    1.975221e-06    -1.338736e-06    -3.741022e-06    1.091287e-06    1.694568e-06    2.464487e-07    -2.935308e-07    -7.338631e-08    -7.495988e-07    -1.249462e-07    -2.79458e-07    -6.226356e-07    -5.772586e-07    2.030248e-07    1.584096e-06
2.106806e-06    1.494939e-05    6.508715e-06    -2.827156e-06    -5.976005e-06    -3.651274e-06    -5.493802e-06    -3.707872e-06    -1.338588e-06    5.68513e-06    4.833698e-06    -5.091686e-06    -1.169407e-05    3.584717e-06    5.825425e-06    9.568703e-07    -2.518098e-06    -3.461307e-07    -2.769606e-06    -7.295953e-08    -1.390945e-06    -3.683762e-06    -3.93056e-06    2.407905e-06    7.243588e-06
-3.077257e-06    6.508715e-06    1.065716e-05    1.27674e-06    -6.33017e-06    -1.964622e-06    -2.327992e-06    -2.568407e-06    -1.495405e-06    3.412963e-06    2.561179e-06    -2.191134e-06    -6.186009e-06    1.240668e-06    2.857781e-06    1.733882e-06    -2.982903e-06    -1.071408e-06    -1.217516e-06    8.958705e-08    -1.071047e-06    -2.581779e-06    -2.497797e-06    1.988813e-06    4.993355e-06
-1.156732e-06    -2.827156e-06    1.27674e-06    7.010674e-06    -2.997433e-06    1.120702e-06    5.075288e-08    -7.489271e-07    7.379993e-07    -1.507383e-06    5.794173e-07    8.093126e-07    3.979584e-07    -8.730004e-07    -9.268243e-07    1.416097e-06    -1.586535e-06    -1.137006e-06    9.234452e-07    -5.126885e-08    -7.402617e-07    5.525694e-07    3.21334e-07    1.974359e-08    2.586588e-07
-1.265952e-06    -5.976005e-06    -6.33017e-06    -2.997433e-06    1.015424e-05    1.410798e-06    3.111674e-06    2.572477e-06    2.682734e-07    -2.118659e-06    -3.651903e-06    1.915062e-06    6.675126e-06    -5.661919e-07    -2.685341e-06    -2.288136e-06    3.522542e-06    1.899704e-06    2.408188e-07    3.603099e-08    1.829711e-06    1.828359e-06    1.825239e-06    -1.823053e-06    -4.77093e-06
-5.289132e-07    -3.651274e-06    -1.964622e-06    1.120702e-06    1.410798e-06    8.56438e-06    1.656935e-06    -3.73977e-06    5.371598e-07    -1.851676e-06    -5.42003e-07    1.560847e-06    3.721475e-06    -3.128032e-07    -2.826734e-06    5.101085e-07    9.951598e-07    -1.203334e-06    1.186232e-06    6.677359e-08    -7.355973e-07    1.617401e-06    2.257883e-06    -4.605523e-07    -2.833919e-06
-2.079011e-06    -5.493802e-06    -2.327992e-06    5.075288e-08    3.111674e-06    1.656935e-06    7.710914e-06    1.915862e-06    -2.814275e-06    -1.363248e-06    -4.275669e-06    2.517398e-06    9.470404e-06    -3.670194e-06    -3.109499e-06    1.622979e-07    1.238174e-08    -9.630994e-07    1.894418e-06    4.464524e-07    1.080695e-06    1.482334e-06    1.548501e-06    -1.188522e-06    -3.182629e-06
-9.687378e-07    -3.707872e-06    -2.568407e-06    -7.489271e-07    2.572477e-06    -3.73977e-06    1.915862e-06    8.080443e-06    6.411805e-07    -4.812911e-06    -4.098274e-06    3.036307e-06    6.288637e-06    -2.76066e-06    -1.075729e-06    1.452291e-07    -7.947452e-07    -2.354594e-07    9.286419e-07    4.524747e-07    1.230689e-06    7.80759e-07    2.269184e-07    -1.591052e-06    -1.228718e-06
2.149873e-07    -1.338588e-06    -1.495405e-06    7.379993e-07    2.682734e-07    5.371598e-07    -2.814275e-06    6.411805e-07    7.31455e-06    -5.379579e-06    1.860808e-07    2.269814e-06    1.052852e-07    2.931806e-07    -9.562977e-07    3.841983e-07    -5.409234e-07    -7.220262e-07    8.685375e-07    1.057219e-07    -9.285491e-07    1.048785e-06    4.052787e-07    -7.908764e-07    -1.799957e-07
1.585661e-06    5.68513e-06    3.412963e-06    -1.507383e-06    -2.118659e-06    -1.851676e-06    -1.363248e-06    -4.812911e-06    -5.379579e-06    1.304621e-05    3.987853e-06    -5.315942e-06    -7.866729e-06    2.798463e-06    3.084592e-06    -1.1023e-06    6.237812e-07    1.798592e-06    -1.729553e-06    -5.501137e-07    1.001114e-06    -2.715132e-06    -2.01367e-06    2.301545e-06    2.384326e-06
1.975221e-06    4.833698e-06    2.561179e-06    5.794173e-07    -3.651903e-06    -5.42003e-07    -4.275669e-06    -4.098274e-06    1.860808e-07    3.987853e-06    8.042005e-06    -4.810785e-06    -8.391052e-06    1.675909e-06    1.544941e-06    -2.555085e-07    -2.692611e-07    8.581062e-07    -9.925896e-07    -5.946494e-07    -1.584675e-06    -1.781617e-06    -6.321215e-07    2.457271e-06    2.787715e-06
-1.338736e-06    -5.091686e-06    -2.191134e-06    8.093126e-07    1.915062e-06    1.560847e-06    2.517398e-06    3.036307e-06    2.269814e-06    -5.315942e-06    -4.810785e-06    1.91187e-05    -4.663881e-06    -3.463173e-06    -7.922267e-07    1.46239e-06    -6.061301e-07    -1.644916e-06    1.822573e-06    2.958864e-07    -3.685812e-07    2.643078e-06    1.190894e-06    -2.368185e-06    -7.346208e-07
-3.741022e-06    -1.169407e-05    -6.186009e-06    3.979584e-07    6.675126e-06    3.721475e-06    9.470404e-06    6.288637e-06    1.052852e-07    -7.866729e-06    -8.391052e-06    -4.663881e-06    3.147253e-05    -7.028738e-06    -9.613422e-06    4.980032e-07    8.448003e-08    -2.308588e-06    3.801437e-06    1.131152e-06    1.340956e-06    3.389165e-06    4.677276e-06    -2.355926e-06    -8.565458e-06
1.091287e-06    3.584717e-06    1.240668e-06    -8.730004e-07    -5.661919e-07    -3.128032e-07    -3.670194e-06    -2.76066e-06    2.931806e-07    2.798463e-06    1.675909e-06    -3.463173e-06    -7.028738e-06    7.032057e-06    2.004882e-06    -1.136388e-06    1.227513e-06    1.702744e-06    -1.766066e-06    -4.442341e-07    1.067932e-06    -7.073638e-07    -1.604515e-06    2.870819e-08    9.374238e-07
1.694568e-06    5.825425e-06    2.857781e-06    -9.268243e-07    -2.685341e-06    -2.826734e-06    -3.109499e-06    -1.075729e-06    -9.562977e-07    3.084592e-06    1.544941e-06    -7.922267e-07    -9.613422e-06    2.004882e-06    6.251922e-06    -2.12463e-07    -7.585649e-07    8.597008e-07    -2.124743e-06    -1.822441e-07    -1.836587e-07    -2.056933e-06    -2.753645e-06    6.938187e-07    3.897065e-06
2.464487e-07    9.568703e-07    1.733882e-06    1.416097e-06    -2.288136e-06    5.101085e-07    1.622979e-07    1.452291e-07    3.841983e-07    -1.1023e-06    -2.555085e-07    1.46239e-06    4.980032e-07    -1.136388e-06    -2.12463e-07    3.147431e-06    -2.270696e-06    -2.616707e-06    5.260565e-07    1.832993e-07    -1.131448e-06    -4.301079e-07    8.361947e-08    5.972722e-07    1.464961e-06
-2.935308e-07    -2.518098e-06    -2.982903e-06    -1.586535e-06    3.522542e-06    9.951598e-07    1.238174e-08    -7.947452e-07    -5.409234e-07    6.237812e-07    -2.692611e-07    -6.061301e-07    8.448003e-08    1.227513e-06    -7.585649e-07    -2.270696e-06    8.999813e-06    -1.52951e-06    -2.158703e-06    7.417984e-08    -2.033496e-07    1.366504e-06    2.215715e-06    -4.497084e-07    -3.054949e-06
-7.338631e-08    -3.461307e-07    -1.071408e-06    -1.137006e-06    1.899704e-06    -1.203334e-06    -9.630994e-07    -2.354594e-07    -7.220262e-07    1.798592e-06    8.581062e-07    -1.644916e-06    -2.308588e-06    1.702744e-06    8.597008e-07    -2.616707e-06    -1.52951e-06    6.475147e-06    -1.035103e-06    -8.321831e-07    1.180325e-06    -2.302314e-07    -4.45687e-07    8.534755e-08    -9.110639e-07
-7.495988e-07    -2.769606e-06    -1.217516e-06    9.234452e-07    2.408188e-07    1.186232e-06    1.894418e-06    9.286419e-07    8.685375e-07    -1.729553e-06    -9.925896e-07    1.822573e-06    3.801437e-06    -1.766066e-06    -2.124743e-06    5.260565e-07    -2.158703e-06    -1.035103e-06    3.602277e-06    -7.012462e-08    8.208397e-07    1.055915e-06    4.606324e-07    -6.463205e-07    -1.764431e-06
-1.249462e-07    -7.295953e-08    8.958705e-08    -5.126885e-08    3.603099e-08    6.677359e-08    4.464524e-07    4.524747e-07    1.057219e-07    -5.501137e-07    -5.946494e-07    2.958864e-07    1.131152e-06    -4.442341e-07    -1.822441e-07    1.832993e-07    7.417984e-08    -8.321831e-07    -7.012462e-08    5.490899e-07    -6.801364e-08    -8.368661e-08    4.643949e-10    -1.814252e-07    -4.2345e-08
-2.79458e-07    -1.390945e-06    -1.071047e-06    -7.402617e-07    1.829711e-06    -7.355973e-07    1.080695e-06    1.230689e-06    -9.285491e-07    1.001114e-06    -1.584675e-06    -3.685812e-07    1.340956e-06    1.067932e-06    -1.836587e-07    -1.131448e-06    -2.033496e-07    1.180325e-06    8.208397e-07    -6.801364e-08    5.372935e-06    -1.048605e-06    -3.038114e-06    1.074588e-07    -8.356004e-07
-6.226356e-07    -3.683762e-06    -2.581779e-06    5.525694e-07    1.828359e-06    1.617401e-06    1.482334e-06    7.80759e-07    1.048785e-06    -2.715132e-06    -1.781617e-06    2.643078e-06    3.389165e-06    -7.073638e-07    -2.056933e-06    -4.301079e-07    1.366504e-06    -2.302314e-07    1.055915e-06    -8.368661e-08    -1.048605e-06    6.412761e-06    2.074921e-06    -4.802022e-06    -1.870294e-06
-5.772586e-07    -3.93056e-06    -2.497797e-06    3.21334e-07    1.825239e-06    2.257883e-06    1.548501e-06    2.269184e-07    4.052787e-07    -2.01367e-06    -6.321215e-07    1.190894e-06    4.677276e-06    -1.604515e-06    -2.753645e-06    8.361947e-08    2.215715e-06    -4.45687e-07    4.606324e-07    4.643949e-10    -3.038114e-06    2.074921e-06    6.704207e-06    -6.723546e-07    -5.456442e-06
2.030248e-07    2.407905e-06    1.988813e-06    1.974359e-08    -1.823053e-06    -4.605523e-07    -1.188522e-06    -1.591052e-06    -7.908764e-07    2.301545e-06    2.457271e-06    -2.368185e-06    -2.355926e-06    2.870819e-08    6.938187e-07    5.972722e-07    -4.497084e-07    8.534755e-08    -6.463205e-07    -1.814252e-07    1.074588e-07    -4.802022e-06    -6.723546e-07    7.346948e-06    -1.715072e-06
1.584096e-06    7.243588e-06    4.993355e-06    2.586588e-07    -4.77093e-06    -2.833919e-06    -3.182629e-06    -1.228718e-06    -1.799957e-07    2.384326e-06    2.787715e-06    -7.346208e-07    -8.565458e-06    9.374238e-07    3.897065e-06    1.464961e-06    -3.054949e-06    -9.110639e-07    -1.764431e-06    -4.2345e-08    -8.356004e-07    -1.870294e-06    -5.456442e-06    -1.715072e-06    1.090784e-05
