5.822814e-06    1.144062e-06    -3.347841e-07    5.3992e-07    -4.367985e-06    -1.988696e-07    1.217381e-06    -5.376649e-07    1.253218e-06    1.985815e-07    -4.668993e-07    1.83322e-06    2.069394e-06    -1.177078e-06    -2.933617e-06
1.144062e-06    6.940317e-06    2.053654e-06    -4.019397e-06    -2.213134e-06    -6.118209e-08    -3.575457e-07    -2.871209e-07    1.3351e-06    4.374203e-07    1.232961e-06    1.118725e-06    6.100088e-07    -1.616778e-06    -1.926899e-06
-3.347841e-07    2.053654e-06    6.090265e-06    2.954975e-07    -5.512376e-06    8.025421e-07    -9.170014e-07    -1.537005e-06    1.601306e-06    4.303922e-07    4.11088e-07    1.492643e-06    1.156638e-06    -1.292632e-06    -1.936726e-06
5.3992e-07    -4.019397e-06    2.954975e-07    7.617706e-06    -1.904709e-06    1.285857e-06    -1.408583e-06    -1.177437e-06    4.033921e-07    -1.525822e-08    -7.097075e-07    3.229972e-08    -1.950957e-07    2.765126e-07    7.846128e-07
-4.367985e-06    -2.213134e-06    -5.512376e-06    -1.904709e-06    1.682544e-05    -3.934667e-07    -1.850288e-06    2.075912e-06    -3.110673e-06    -4.739776e-07    3.783606e-07    -3.430921e-06    -4.356023e-06    1.666386e-06    6.210474e-06
-1.988696e-07    -6.118209e-08    8.025421e-07    1.285857e-06    -3.934667e-07    3.147431e-06    -2.270696e-06    -2.616707e-06    5.260565e-07    1.832993e-07    -1.131448e-06    -4.301079e-07    8.361947e-08    5.972722e-07    1.464961e-06
1.217381e-06    -3.575457e-07    -9.170014e-07    -1.408583e-06    -1.850288e-06    -2.270696e-06    8.999813e-06    -1.52951e-06    -2.158703e-06    7.417984e-08    -2.033496e-07    1.366504e-06    2.215715e-06    -4.497084e-07    -3.054949e-06
-5.376649e-07    -2.871209e-07    -1.537005e-06    -1.177437e-06    2.075912e-06    -2.616707e-06    -1.52951e-06    6.475147e-06    -1.035103e-06    -8.321831e-07    1.180325e-06    -2.302314e-07    -4.45687e-07    8.534755e-08    -9.110639e-07
1.253218e-06    1.3351e-06    1.601306e-06    4.033921e-07    -3.110673e-06    5.260565e-07    -2.158703e-06    -1.035103e-06    3.602277e-06    -7.012462e-08    8.208397e-07    1.055915e-06    4.606324e-07    -6.463205e-07    -1.764431e-06
1.985815e-07    4.374203e-07    4.303922e-07    -1.525822e-08    -4.739776e-07    1.832993e-07    7.417984e-08    -8.321831e-07    -7.012462e-08    5.490899e-07    -6.801364e-08    -8.368661e-08    4.643949e-10    -1.814252e-07    -4.2345e-08
-4.668993e-07    1.232961e-06    4.11088e-07    -7.097075e-07    3.783606e-07    -1.131448e-06    -2.033496e-07    1.180325e-06    8.208397e-07    -6.801364e-08    5.372935e-06    -1.048605e-06    -3.038114e-06    1.074588e-07    -8.356004e-07
1.83322e-06    1.118725e-06    1.492643e-06    3.229972e-08    -3.430921e-06    -4.301079e-07    1.366504e-06    -2.302314e-07    1.055915e-06    -8.368661e-08    -1.048605e-06    6.412761e-06    2.074921e-06    -4.802022e-06    -1.870294e-06
2.069394e-06    6.100088e-07    1.156638e-06    -1.950957e-07    -4.356023e-06    8.361947e-08    2.215715e-06    -4.45687e-07    4.606324e-07    4.643949e-10    -3.038114e-06    2.074921e-06    6.704207e-06    -6.723546e-07    -5.456442e-06
-1.177078e-06    -1.616778e-06    -1.292632e-06    2.765126e-07    1.666386e-06    5.972722e-07    -4.497084e-07    8.534755e-08    -6.463205e-07    -1.814252e-07    1.074588e-07    -4.802022e-06    -6.723546e-07    7.346948e-06    -1.715072e-06
-2.933617e-06    -1.926899e-06    -1.936726e-06    7.846128e-07    6.210474e-06    1.464961e-06    -3.054949e-06    -9.110639e-07    -1.764431e-06    -4.2345e-08    -8.356004e-07    -1.870294e-06    -5.456442e-06    -1.715072e-06    1.090784e-05
