3.147431e-06    -2.270696e-06    -2.616707e-06    5.260565e-07    1.832993e-07    -5.704305e-07    3.122603e-06    2.128601e-06    -1.014761e-06    -1.690008e-06    -1.131448e-06    -4.301079e-07    8.361947e-08    5.972722e-07    1.464961e-06
-2.270696e-06    8.999813e-06    -1.52951e-06    -2.158703e-06    7.417984e-08    2.760607e-06    -5.032327e-06    -4.7865e-06    2.357415e-06    2.041151e-06    -2.033496e-07    1.366504e-06    2.215715e-06    -4.497084e-07    -3.054949e-06
-2.616707e-06    -1.52951e-06    6.475147e-06    -1.035103e-06    -8.321831e-07    -1.491767e-07    -2.702914e-06    -1.386266e-06    5.777995e-07    1.702394e-06    1.180325e-06    -2.302314e-07    -4.45687e-07    8.534755e-08    -9.110639e-07
5.260565e-07    -2.158703e-06    -1.035103e-06    3.602277e-06    -7.012462e-08    4.953872e-07    -8.363175e-07    7.388032e-08    7.313124e-07    -4.759328e-07    8.208397e-07    1.055915e-06    4.606324e-07    -6.463205e-07    -1.764431e-06
1.832993e-07    7.417984e-08    -8.321831e-07    -7.012462e-08    5.490899e-07    -1.840117e-07    3.913839e-07    2.544369e-07    -1.856823e-07    -1.072499e-07    -6.801364e-08    -8.368661e-08    4.643949e-10    -1.814252e-07    -4.2345e-08
-5.704305e-07    2.760607e-06    -1.491767e-07    4.953872e-07    -1.840117e-07    7.847485e-06    -2.629038e-06    -6.800047e-06    1.485388e-06    6.371722e-07    -1.609116e-07    1.303457e-06    2.123269e-06    -3.804113e-09    -3.431315e-06
3.122603e-06    -5.032327e-06    -2.702914e-06    -8.363175e-07    3.913839e-07    -2.629038e-06    1.568834e-05    3.959506e-06    -7.645079e-06    -1.579401e-06    -2.414616e-06    -2.221667e-06    -2.991584e-06    6.096326e-07    7.37237e-06
2.128601e-06    -4.7865e-06    -1.386266e-06    7.388032e-08    2.544369e-07    -6.800047e-06    3.959506e-06    1.179055e-05    -2.385329e-06    -4.950616e-06    -3.221867e-07    -2.973651e-06    -3.506857e-06    1.240775e-06    5.862707e-06
-1.014761e-06    2.357415e-06    5.777995e-07    7.313124e-07    -1.856823e-07    1.485388e-06    -7.645079e-06    -2.385329e-06    7.302858e-06    -6.247371e-07    9.159907e-07    6.229453e-07    1.432576e-06    3.337197e-07    -3.593974e-06
-1.690008e-06    2.041151e-06    1.702394e-06    -4.759328e-07    -1.072499e-07    6.371722e-07    -1.579401e-06    -4.950616e-06    -6.247371e-07    6.513323e-06    3.279829e-07    1.886051e-06    1.309507e-06    -1.448367e-06    -2.312358e-06
-1.131448e-06    -2.033496e-07    1.180325e-06    8.208397e-07    -6.801364e-08    -1.609116e-07    -2.414616e-06    -3.221867e-07    9.159907e-07    3.279829e-07    5.372935e-06    -1.048605e-06    -3.038114e-06    1.074588e-07    -8.356004e-07
-4.301079e-07    1.366504e-06    -2.302314e-07    1.055915e-06    -8.368661e-08    1.303457e-06    -2.221667e-06    -2.973651e-06    6.229453e-07    1.886051e-06    -1.048605e-06    6.412761e-06    2.074921e-06    -4.802022e-06    -1.870294e-06
8.361947e-08    2.215715e-06    -4.45687e-07    4.606324e-07    4.643949e-10    2.123269e-06    -2.991584e-06    -3.506857e-06    1.432576e-06    1.309507e-06    -3.038114e-06    2.074921e-06    6.704207e-06    -6.723546e-07    -5.456442e-06
5.972722e-07    -4.497084e-07    8.534755e-08    -6.463205e-07    -1.814252e-07    -3.804113e-09    6.096326e-07    1.240775e-06    3.337197e-07    -1.448367e-06    1.074588e-07    -4.802022e-06    -6.723546e-07    7.346948e-06    -1.715072e-06
1.464961e-06    -3.054949e-06    -9.110639e-07    -1.764431e-06    -4.2345e-08    -3.431315e-06    7.37237e-06    5.862707e-06    -3.593974e-06    -2.312358e-06    -8.356004e-07    -1.870294e-06    -5.456442e-06    -1.715072e-06    1.090784e-05
