1    -0.07341763    -0.6190925    0.001420208    0.1189501    0.1313729    -0.1132636    -0.00961849    0.1804771    -0.1885578
-0.07341763    1    0.3500543    -0.6650351    -0.5111754    -0.1846394    -0.2828115    -0.1105559    0.05829038    0.4056069
-0.6190925    0.3500543    1    -0.160647    -0.7130452    -0.2319262    -0.1363982    -0.1042755    -0.051934    0.4791824
0.001420208    -0.6650351    -0.160647    1    0.02807084    0.08331525    0.1131159    0.02218676    0.005345217    -0.09815492
0.1189501    -0.5111754    -0.7130452    0.02807084    1    0.1809867    0.2716591    0.1531985    -0.06064294    -0.5080275
0.1313729    -0.1846394    -0.2319262    0.08331525    0.1809867    1    0.1953323    -0.695648    -0.2326318    -0.02677642
-0.1132636    -0.2828115    -0.1363982    0.1131159    0.2716591    0.1953323    1    0.1100815    -0.7822726    -0.02175584
-0.00961849    -0.1105559    -0.1042755    0.02218676    0.1531985    -0.695648    0.1100815    1    0.1165681    -0.4982167
0.1804771    0.05829038    -0.051934    0.005345217    -0.06064294    -0.2326318    -0.7822726    0.1165681    1    -0.3246457
-0.1885578    0.4056069    0.4791824    -0.09815492    -0.5080275    -0.02677642    -0.02175584    -0.4982167    -0.3246457    1
