1    -0.07341763    -0.6190925    0.001420208    0.1189501    0.07851957    -0.05764444    0.01468579    0.2037688    -0.1848522
-0.07341763    1    0.3500543    -0.6650351    -0.5111754    0.1987493    -0.486395    -0.518381    0.1762721    0.5065175
-0.6190925    0.3500543    1    -0.160647    -0.7130452    0.07844155    -0.3394932    -0.3757642    0.02953477    0.4884455
0.001420208    -0.6650351    -0.160647    1    0.02807084    -0.1509705    0.1164892    0.2547966    -0.01259306    -0.2477716
0.1189501    -0.5111754    -0.7130452    0.02807084    1    -0.1485725    0.5309089    0.5092836    -0.206855    -0.5247973
0.07851957    0.1987493    0.07844155    -0.1509705    -0.1485725    1    -0.2099838    -0.639589    0.2021948    0.148635
-0.05764444    -0.486395    -0.3394932    0.1164892    0.5309089    -0.2099838    1    0.2976746    -0.6280262    -0.2447407
0.01468579    -0.518381    -0.3757642    0.2547966    0.5092836    -0.639589    0.2976746    1    -0.2405214    -0.6202122
0.2037688    0.1762721    0.02953477    -0.01259306    -0.206855    0.2021948    -0.6280262    -0.2405214    1    -0.2275061
-0.1848522    0.5065175    0.4884455    -0.2477716    -0.5247973    0.148635    -0.2447407    -0.6202122    -0.2275061    1
