1    0.3622799    -0.1455975    -0.1322459    -0.4410096    0.1932609    -0.1159093    0.0544415    0.3801045    -0.3095674    0.1057217    -0.5628514    -0.4106459    0.2880422    0.4857357    -0.2067294    0.4477373    0.4820972    -0.1632323    -0.4360479    0.1339019    -0.1047308    -0.2997162    -0.07304407    0.2412359
0.3622799    1    0.2804532    -0.6129492    -0.3164429    0.2012122    -0.1923368    -0.05424556    0.2952076    -0.1118493    -0.03986073    -0.5172847    -0.3559651    0.1459933    0.5677417    -0.2031756    0.4915044    0.4180462    -0.2673764    -0.3281402    0.02252932    -0.02310615    -0.1192429    -0.114947    0.07605507
-0.1455975    0.2804532    1    0.04304514    -0.4762449    0.05789371    -0.08267096    -0.1208177    -0.02127754    0.1739846    0.06808274    -0.2281166    -0.3273903    0.0568648    0.3703342    -0.07222699    0.2149054    0.1813432    -0.1152906    -0.1879885    -0.008075849    -0.08985743    0.01843748    -0.03155097    -0.03978421
-0.1322459    -0.6129492    0.04304514    1    0.00847779    -0.1788958    0.102494    -0.07447266    -0.260209    0.2300918    0.1619484    0.2343306    0.03721677    0.02165854    -0.2538131    0.08142235    -0.3424515    -0.1910443    0.2085417    0.1313667    0.05499403    -0.01249103    0.07069396    0.08549491    -0.1564732
-0.4410096    -0.3164429    -0.4762449    0.00847779    1    -0.2770842    0.1366351    0.03199842    -0.3422117    0.206999    -0.1516991    0.5613566    0.5034098    -0.2451812    -0.5876943    0.1612381    -0.4394843    -0.4691434    0.1503894    0.4453246    -0.068788    0.2052095    0.254949    0.02293323    -0.2981639
0.1932609    0.2012122    0.05789371    -0.1788958    -0.2770842    1    -0.1056302    -0.5090539    0.06912975    -0.1068795    0.1165652    -0.2141002    -0.2810521    0.00935696    0.3137347    0.08607833    0.2163381    0.1218876    -0.02367345    -0.2741143    -0.06805383    -0.1686223    -0.09054451    0.07374238    0.1758487
-0.1159093    -0.1923368    -0.08267096    0.102494    0.1366351    -0.1056302    1    0.1359468    -0.5457157    -0.1184161    0.03116147    0.2083824    0.08790326    -0.1725037    -0.1477273    0.03113645    0.01643177    -0.06550866    0.01640593    0.0205305    -0.126907    -0.05115733    0.09728221    0.05891227    -0.07846294
0.0544415    -0.05424556    -0.1208177    -0.07447266    0.03199842    -0.5090539    0.1359468    1    0.005684328    -0.5467107    -0.1951584    -0.02124972    0.1793627    0.0204499    -0.06814039    -0.05825859    0.1342722    0.1026209    -0.1251595    0.008623392    0.02661653    0.07260451    -0.05458978    -0.1090716    -0.02811653
0.3801045    0.2952076    -0.02127754    -0.260209    -0.3422117    0.06912975    -0.5457157    0.005684328    1    -0.3967013    -0.03707413    -0.4006847    -0.1985797    0.2370174    0.3145381    -0.2312693    0.2963393    0.3801397    -0.1595258    -0.2389631    0.1760463    0.002779663    -0.3057654    -0.1283517    0.2967099
-0.3095674    -0.1118493    0.1739846    0.2300918    0.206999    -0.1068795    -0.1184161    -0.5467107    -0.3967013    1    0.04500665    0.2548651    0.1140047    -0.07313813    -0.2189341    0.08066686    -0.3489121    -0.3068449    0.1452705    0.3203642    -0.01671694    0.09835285    0.2541931    0.05914684    -0.2635157
0.1057217    -0.03986073    0.06808274    0.1619484    -0.1516991    0.1165652    0.03116147    -0.1951584    -0.03707413    0.04500665    1    -0.07341763    -0.6190925    0.001420208    0.1189501    0.07851957    -0.05764444    0.01468579    0.2037688    -0.1848522    -0.09198204    -0.4450619    0.006705049    0.4491943    0.02921157
-0.5628514    -0.5172847    -0.2281166    0.2343306    0.5613566    -0.2141002    0.2083824    -0.02124972    -0.4006847    0.2548651    -0.07341763    1    0.3500543    -0.6650351    -0.5111754    0.1987493    -0.486395    -0.518381    0.1762721    0.5065175    -0.2901219    0.103968    0.4851121    0.1749878    -0.3152649
-0.4106459    -0.3559651    -0.3273903    0.03721677    0.5034098    -0.2810521    0.08790326    0.1793627    -0.1985797    0.1140047    -0.6190925    0.3500543    1    -0.160647    -0.7130452    0.07844155    -0.3394932    -0.3757642    0.02953477    0.4884455    0.02695869    0.4571214    0.2200809    -0.1896705    -0.2544902
0.2880422    0.1459933    0.0568648    0.02165854    -0.2451812    0.00935696    -0.1725037    0.0204499    0.2370174    -0.07313813    0.001420208    -0.6650351    -0.160647    1    0.02807084    -0.1509705    0.1164892    0.2547966    -0.01259306    -0.2477716    0.5636649    0.05373493    -0.4624091    -0.1836405    0.06846749
0.4857357    0.5677417    0.3703342    -0.2538131    -0.5876943    0.3137347    -0.1477273    -0.06814039    0.3145381    -0.2189341    0.1189501    -0.5111754    -0.7130452    0.02807084    1    -0.1485725    0.5309089    0.5092836    -0.206855    -0.5247973    -0.07094268    -0.3043198    -0.2281497    -0.04432928    0.2255198
-0.2067294    -0.2031756    -0.07222699    0.08142235    0.1612381    0.08607833    0.03113645    -0.05825859    -0.2312693    0.08066686    0.07851957    0.1987493    0.07844155    -0.1509705    -0.1485725    1    -0.2099838    -0.639589    0.2021948    0.148635    -0.2167421    -0.1035039    0.2048165    0.1765974    -0.09151874
0.4477373    0.4915044    0.2149054    -0.3424515    -0.4394843    0.2163381    0.01643177    0.1342722    0.2963393    -0.3489121    -0.05764444    -0.486395    -0.3394932    0.1164892    0.5309089    -0.2099838    1    0.2976746    -0.6280262    -0.2447407    -0.01056181    -0.04802585    -0.1786087    -0.1470716    0.1669401
0.4820972    0.4180462    0.1813432    -0.1910443    -0.4691434    0.1218876    -0.06550866    0.1026209    0.3801397    -0.3068449    0.01468579    -0.518381    -0.3757642    0.2547966    0.5092836    -0.639589    0.2976746    1    -0.2405214    -0.6202122    0.1884154    -0.06824953    -0.3508172    -0.146355    0.2527366
-0.1632323    -0.2673764    -0.1152906    0.2085417    0.1503894    -0.02367345    0.01640593    -0.1251595    -0.1595258    0.1452705    0.2037688    0.1762721    0.02953477    -0.01259306    -0.206855    0.2021948    -0.6280262    -0.2405214    1    -0.2275061    -0.03989291    -0.1061572    0.05944573    0.1378178    -0.01318587
-0.4360479    -0.3281402    -0.1879885    0.1313667    0.4453246    -0.2741143    0.0205305    0.008623392    -0.2389631    0.3203642    -0.1848522    0.5065175    0.4884455    -0.2477716    -0.5247973    0.148635    -0.2447407    -0.6202122    -0.2275061    1    -0.07409013    0.2390942    0.27267    0.01828826    -0.2459556
0.1339019    0.02252932    -0.008075849    0.05499403    -0.068788    -0.06805383    -0.126907    0.02661653    0.1760463    -0.01671694    -0.09198204    -0.2901219    0.02695869    0.5636649    -0.07094268    -0.2167421    -0.01056181    0.1884154    -0.03989291    -0.07409013    1    0.07115773    -0.753966    -0.2154147    0.2245231
-0.1047308    -0.02310615    -0.08985743    -0.01249103    0.2052095    -0.1686223    -0.05115733    0.07260451    0.002779663    0.09835285    -0.4450619    0.103968    0.4571214    0.05373493    -0.3043198    -0.1035039    -0.04802585    -0.06824953    -0.1061572    0.2390942    0.07115773    1    0.1314665    -0.7719863    -0.03932459
-0.2997162    -0.1192429    0.01843748    0.07069396    0.254949    -0.09054451    0.09728221    -0.05458978    -0.3057654    0.2541931    0.006705049    0.4851121    0.2200809    -0.4624091    -0.2281497    0.2048165    -0.1786087    -0.3508172    0.05944573    0.27267    -0.753966    0.1314665    1    0.1821551    -0.6517384
-0.07304407    -0.114947    -0.03155097    0.08549491    0.02293323    0.07374238    0.05891227    -0.1090716    -0.1283517    0.05914684    0.4491943    0.1749878    -0.1896705    -0.1836405    -0.04432928    0.1765974    -0.1470716    -0.146355    0.1378178    0.01828826    -0.2154147    -0.7719863    0.1821551    1    -0.3665983
0.2412359    0.07605507    -0.03978421    -0.1564732    -0.2981639    0.1758487    -0.07846294    -0.02811653    0.2967099    -0.2635157    0.02921157    -0.3152649    -0.2544902    0.06846749    0.2255198    -0.09151874    0.1669401    0.2527366    -0.01318587    -0.2459556    0.2245231    -0.03932459    -0.6517384    -0.3665983    1
