1    -0.07341763    -0.6190925    0.001420208    0.1189501    0.07002398    -0.04734737    -0.1454578    0.1238565    0.0005148918
-0.07341763    1    0.3500543    -0.6650351    -0.5111754    -0.0855382    -0.08242103    -0.14206    -0.1310598    0.1158406
-0.6190925    0.3500543    1    -0.160647    -0.7130452    -0.07102406    0.02602567    -0.006297669    -0.2317118    0.09651033
0.001420208    -0.6650351    -0.160647    1    0.02807084    0.1240147    0.1117397    0.002578665    -0.01143905    -0.08040694
0.1189501    -0.5111754    -0.7130452    0.02807084    1    0.00663081    0.005027642    0.1719646    0.209143    -0.1239759
0.07002398    -0.0855382    -0.07102406    0.1240147    0.00663081    1    -0.1725068    -0.7027936    0.116493    0.08094118
-0.04734737    -0.08242103    0.02602567    0.1117397    0.005027642    -0.1725068    1    0.1574847    -0.7513166    0.1351055
-0.1454578    -0.14206    -0.006297669    0.002578665    0.1719646    -0.7027936    0.1574847    1    -0.1113507    -0.3998048
0.1238565    -0.1310598    -0.2317118    -0.01143905    0.209143    0.116493    -0.7513166    -0.1113507    1    -0.4600299
0.0005148918    0.1158406    0.09651033    -0.08040694    -0.1239759    0.08094118    0.1351055    -0.3998048    -0.4600299    1
