1    0.198067    -0.4225725    0.07146314    -0.186491    0.2068762    -0.3302214    -0.4073341    0.212977    0.3682442
0.198067    1    0.2538809    -0.3854224    -0.1678645    -0.03085347    -0.3865439    -0.3310571    -0.002365203    0.5134462
-0.4225725    0.2538809    1    0.0678435    -0.472596    -0.1263303    -0.2483424    -0.1359049    0.007292508    0.3043207
0.07146314    -0.3854224    0.0678435    1    -0.5213228    0.2545846    -0.1696128    -0.2652682    0.1403264    0.1595474
-0.186491    -0.1678645    -0.472596    -0.5213228    1    -0.1556062    0.4250642    0.4373965    -0.2135667    -0.4694145
0.2068762    -0.03085347    -0.1263303    0.2545846    -0.1556062    1    -0.07341763    -0.6190925    0.001420208    0.1189501
-0.3302214    -0.3865439    -0.2483424    -0.1696128    0.4250642    -0.07341763    1    0.3500543    -0.6650351    -0.5111754
-0.4073341    -0.3310571    -0.1359049    -0.2652682    0.4373965    -0.6190925    0.3500543    1    -0.160647    -0.7130452
0.212977    -0.002365203    0.007292508    0.1403264    -0.2135667    0.001420208    -0.6650351    -0.160647    1    0.02807084
0.3682442    0.5134462    0.3043207    0.1595474    -0.4694145    0.1189501    -0.5111754    -0.7130452    0.02807084    1
