1    -0.2528617    -0.7115452    0.22127    0.1058309    0.1449601    -0.3183235    -0.3035769    0.2006593    0.2738216
-0.2528617    1    0.2967899    -0.7120302    -0.1420761    -0.00190094    0.4061756    0.2748646    -0.1291601    -0.4126923
-0.7115452    0.2967899    1    -0.2621357    -0.5743639    -0.07567297    0.3515747    0.2892866    -0.1703059    -0.3147912
0.22127    -0.7120302    -0.2621357    1    -0.1114128    0.05439445    -0.2932106    -0.2371438    0.1007291    0.3046718
0.1058309    -0.1420761    -0.5743639    -0.1114128    1    -0.0385637    -0.1530316    -0.07003965    0.04386805    0.1238333
0.1449601    -0.00190094    -0.07567297    0.05439445    -0.0385637    1    -0.07341763    -0.6190925    0.001420208    0.1189501
-0.3183235    0.4061756    0.3515747    -0.2932106    -0.1530316    -0.07341763    1    0.3500543    -0.6650351    -0.5111754
-0.3035769    0.2748646    0.2892866    -0.2371438    -0.07003965    -0.6190925    0.3500543    1    -0.160647    -0.7130452
0.2006593    -0.1291601    -0.1703059    0.1007291    0.04386805    0.001420208    -0.6650351    -0.160647    1    0.02807084
0.2738216    -0.4126923    -0.3147912    0.3046718    0.1238333    0.1189501    -0.5111754    -0.7130452    0.02807084    1
