1    -0.5889263    -0.6905772    0.5508281    0.360491    -0.01382648    -0.5848612    -0.365514    0.2348404    0.5436516    -0.1645904    0.5531451    0.5248707    -0.2029295    -0.5040317    0.08001901    -0.07277761    -0.3192379    -0.1156336    0.2915029
-0.5889263    1    0.1292851    -0.7202416    -0.3259849    -0.01358928    0.5731197    0.4144108    -0.2062015    -0.5867083    0.2303093    -0.5953343    -0.5368531    0.2950694    0.4650727    -0.04716051    0.09822558    0.2732813    0.1276799    -0.2663785
-0.6905772    0.1292851    1    -0.5300982    -0.5326174    0.01879818    0.4202303    0.2791325    -0.1121049    -0.4305386    0.1292578    -0.4942514    -0.3910799    0.2045716    0.3690156    -0.008091193    0.02293618    0.1373941    0.1199365    -0.1063077
0.5508281    -0.7202416    -0.5300982    1    0.3449104    -0.01864018    -0.5556303    -0.4466508    0.1040614    0.6542897    -0.1326109    0.636344    0.4567056    -0.3061928    -0.4317732    -0.09280862    -0.07856886    -0.1487244    -0.1403971    0.1920673
0.360491    -0.3259849    -0.5326174    0.3449104    1    0.07446764    -0.4324702    -0.3583207    0.203765    0.442989    -0.3203356    0.4123334    0.5289911    -0.2348385    -0.3913375    0.1855044    -0.09891198    -0.2103424    -0.08103574    0.09863748
-0.01382648    -0.01358928    0.01879818    -0.01864018    0.07446764    1    -0.07341763    -0.6190925    0.001420208    0.1189501    0.07851957    -0.05764444    0.01468579    0.2037688    -0.1848522    -0.09198204    -0.4450619    0.006705049    0.4491943    0.02921157
-0.5848612    0.5731197    0.4202303    -0.5556303    -0.4324702    -0.07341763    1    0.3500543    -0.6650351    -0.5111754    0.1987493    -0.486395    -0.518381    0.1762721    0.5065175    -0.2901219    0.103968    0.4851121    0.1749878    -0.3152649
-0.365514    0.4144108    0.2791325    -0.4466508    -0.3583207    -0.6190925    0.3500543    1    -0.160647    -0.7130452    0.07844155    -0.3394932    -0.3757642    0.02953477    0.4884455    0.02695869    0.4571214    0.2200809    -0.1896705    -0.2544902
0.2348404    -0.2062015    -0.1121049    0.1040614    0.203765    0.001420208    -0.6650351    -0.160647    1    0.02807084    -0.1509705    0.1164892    0.2547966    -0.01259306    -0.2477716    0.5636649    0.05373493    -0.4624091    -0.1836405    0.06846749
0.5436516    -0.5867083    -0.4305386    0.6542897    0.442989    0.1189501    -0.5111754    -0.7130452    0.02807084    1    -0.1485725    0.5309089    0.5092836    -0.206855    -0.5247973    -0.07094268    -0.3043198    -0.2281497    -0.04432928    0.2255198
-0.1645904    0.2303093    0.1292578    -0.1326109    -0.3203356    0.07851957    0.1987493    0.07844155    -0.1509705    -0.1485725    1    -0.2099838    -0.639589    0.2021948    0.148635    -0.2167421    -0.1035039    0.2048165    0.1765974    -0.09151874
0.5531451    -0.5953343    -0.4942514    0.636344    0.4123334    -0.05764444    -0.486395    -0.3394932    0.1164892    0.5309089    -0.2099838    1    0.2976746    -0.6280262    -0.2447407    -0.01056181    -0.04802585    -0.1786087    -0.1470716    0.1669401
0.5248707    -0.5368531    -0.3910799    0.4567056    0.5289911    0.01468579    -0.518381    -0.3757642    0.2547966    0.5092836    -0.639589    0.2976746    1    -0.2405214    -0.6202122    0.1884154    -0.06824953    -0.3508172    -0.146355    0.2527366
-0.2029295    0.2950694    0.2045716    -0.3061928    -0.2348385    0.2037688    0.1762721    0.02953477    -0.01259306    -0.206855    0.2021948    -0.6280262    -0.2405214    1    -0.2275061    -0.03989291    -0.1061572    0.05944573    0.1378178    -0.01318587
-0.5040317    0.4650727    0.3690156    -0.4317732    -0.3913375    -0.1848522    0.5065175    0.4884455    -0.2477716    -0.5247973    0.148635    -0.2447407    -0.6202122    -0.2275061    1    -0.07409013    0.2390942    0.27267    0.01828826    -0.2459556
0.08001901    -0.04716051    -0.008091193    -0.09280862    0.1855044    -0.09198204    -0.2901219    0.02695869    0.5636649    -0.07094268    -0.2167421    -0.01056181    0.1884154    -0.03989291    -0.07409013    1    0.07115773    -0.753966    -0.2154147    0.2245231
-0.07277761    0.09822558    0.02293618    -0.07856886    -0.09891198    -0.4450619    0.103968    0.4571214    0.05373493    -0.3043198    -0.1035039    -0.04802585    -0.06824953    -0.1061572    0.2390942    0.07115773    1    0.1314665    -0.7719863    -0.03932459
-0.3192379    0.2732813    0.1373941    -0.1487244    -0.2103424    0.006705049    0.4851121    0.2200809    -0.4624091    -0.2281497    0.2048165    -0.1786087    -0.3508172    0.05944573    0.27267    -0.753966    0.1314665    1    0.1821551    -0.6517384
-0.1156336    0.1276799    0.1199365    -0.1403971    -0.08103574    0.4491943    0.1749878    -0.1896705    -0.1836405    -0.04432928    0.1765974    -0.1470716    -0.146355    0.1378178    0.01828826    -0.2154147    -0.7719863    0.1821551    1    -0.3665983
0.2915029    -0.2663785    -0.1063077    0.1920673    0.09863748    0.02921157    -0.3152649    -0.2544902    0.06846749    0.2255198    -0.09151874    0.1669401    0.2527366    -0.01318587    -0.2459556    0.2245231    -0.03932459    -0.6517384    -0.3665983    1
