1    0.1513493    -0.04186283    0.1138702    -0.4404941    0.2601049    -0.142538    -0.09529444    0.2718962    -0.1854453    0.2363588    -0.5202229    -0.5325619    0.2792943    0.5466503    -0.1250048    0.3346184    0.4258399    -0.02772634    -0.5281547    0.08574205    -0.2308902    -0.2471149    -0.01569425    0.2104528
0.1513493    1    0.3110405    -0.5531649    -0.1947917    0.1426845    -0.09776062    -0.02712205    0.0989684    -0.02137483    -0.1212411    -0.3748359    -0.2167843    0.04932302    0.4344177    -0.1453244    0.4656111    0.3009495    -0.2547298    -0.2476685    -0.02231803    0.05890786    -0.04999503    -0.147254    0.001258584
-0.04186283    0.3110405    1    0.02341418    -0.5469089    0.07695875    -0.1712365    -0.2055103    0.03158367    0.2040098    0.01326171    -0.2353403    -0.3065591    -0.03936138    0.3823618    0.004329544    0.2808048    0.1346034    -0.178977    -0.1436472    -0.1132208    0.005763795    0.02327553    -0.0653014    0.04842387
0.1138702    -0.5531649    0.02341418    1    -0.1764102    0.0494167    -0.191855    -0.2849906    -0.0182489    0.2323075    0.2134343    0.04218581    -0.09886633    0.058144    -0.04613222    0.08404829    -0.2005385    -0.1173335    0.1302944    0.04544528    0.05036288    -0.1008303    0.03448778    0.111834    -0.07296873
-0.4404941    -0.1947917    -0.5469089    -0.1764102    1    -0.3152065    0.2170623    0.181667    -0.3234918    0.1295836    -0.1834422    0.5258971    0.550341    -0.1459675    -0.6225399    0.07410789    -0.4551689    -0.386305    0.1687628    0.447782    0.02696653    0.2255082    0.1994215    0.005863453    -0.3245583
0.2601049    0.1426845    0.07695875    0.0494167    -0.3152065    1    -0.1056302    -0.5090539    0.06912975    -0.1068795    0.1165652    -0.2141002    -0.2810521    0.00935696    0.3137347    0.08607833    0.2163381    0.1218876    -0.02367345    -0.2741143    -0.06805383    -0.1686223    -0.09054451    0.07374238    0.1758487
-0.142538    -0.09776062    -0.1712365    -0.191855    0.2170623    -0.1056302    1    0.1359468    -0.5457157    -0.1184161    0.03116147    0.2083824    0.08790326    -0.1725037    -0.1477273    0.03113645    0.01643177    -0.06550866    0.01640593    0.0205305    -0.126907    -0.05115733    0.09728221    0.05891227    -0.07846294
-0.09529444    -0.02712205    -0.2055103    -0.2849906    0.181667    -0.5090539    0.1359468    1    0.005684328    -0.5467107    -0.1951584    -0.02124972    0.1793627    0.0204499    -0.06814039    -0.05825859    0.1342722    0.1026209    -0.1251595    0.008623392    0.02661653    0.07260451    -0.05458978    -0.1090716    -0.02811653
0.2718962    0.0989684    0.03158367    -0.0182489    -0.3234918    0.06912975    -0.5457157    0.005684328    1    -0.3967013    -0.03707413    -0.4006847    -0.1985797    0.2370174    0.3145381    -0.2312693    0.2963393    0.3801397    -0.1595258    -0.2389631    0.1760463    0.002779663    -0.3057654    -0.1283517    0.2967099
-0.1854453    -0.02137483    0.2040098    0.2323075    0.1295836    -0.1068795    -0.1184161    -0.5467107    -0.3967013    1    0.04500665    0.2548651    0.1140047    -0.07313813    -0.2189341    0.08066686    -0.3489121    -0.3068449    0.1452705    0.3203642    -0.01671694    0.09835285    0.2541931    0.05914684    -0.2635157
0.2363588    -0.1212411    0.01326171    0.2134343    -0.1834422    0.1165652    0.03116147    -0.1951584    -0.03707413    0.04500665    1    -0.07341763    -0.6190925    0.001420208    0.1189501    0.07851957    -0.05764444    0.01468579    0.2037688    -0.1848522    -0.09198204    -0.4450619    0.006705049    0.4491943    0.02921157
-0.5202229    -0.3748359    -0.2353403    0.04218581    0.5258971    -0.2141002    0.2083824    -0.02124972    -0.4006847    0.2548651    -0.07341763    1    0.3500543    -0.6650351    -0.5111754    0.1987493    -0.486395    -0.518381    0.1762721    0.5065175    -0.2901219    0.103968    0.4851121    0.1749878    -0.3152649
-0.5325619    -0.2167843    -0.3065591    -0.09886633    0.550341    -0.2810521    0.08790326    0.1793627    -0.1985797    0.1140047    -0.6190925    0.3500543    1    -0.160647    -0.7130452    0.07844155    -0.3394932    -0.3757642    0.02953477    0.4884455    0.02695869    0.4571214    0.2200809    -0.1896705    -0.2544902
0.2792943    0.04932302    -0.03936138    0.058144    -0.1459675    0.00935696    -0.1725037    0.0204499    0.2370174    -0.07313813    0.001420208    -0.6650351    -0.160647    1    0.02807084    -0.1509705    0.1164892    0.2547966    -0.01259306    -0.2477716    0.5636649    0.05373493    -0.4624091    -0.1836405    0.06846749
0.5466503    0.4344177    0.3823618    -0.04613222    -0.6225399    0.3137347    -0.1477273    -0.06814039    0.3145381    -0.2189341    0.1189501    -0.5111754    -0.7130452    0.02807084    1    -0.1485725    0.5309089    0.5092836    -0.206855    -0.5247973    -0.07094268    -0.3043198    -0.2281497    -0.04432928    0.2255198
-0.1250048    -0.1453244    0.004329544    0.08404829    0.07410789    0.08607833    0.03113645    -0.05825859    -0.2312693    0.08066686    0.07851957    0.1987493    0.07844155    -0.1509705    -0.1485725    1    -0.2099838    -0.639589    0.2021948    0.148635    -0.2167421    -0.1035039    0.2048165    0.1765974    -0.09151874
0.3346184    0.4656111    0.2808048    -0.2005385    -0.4551689    0.2163381    0.01643177    0.1342722    0.2963393    -0.3489121    -0.05764444    -0.486395    -0.3394932    0.1164892    0.5309089    -0.2099838    1    0.2976746    -0.6280262    -0.2447407    -0.01056181    -0.04802585    -0.1786087    -0.1470716    0.1669401
0.4258399    0.3009495    0.1346034    -0.1173335    -0.386305    0.1218876    -0.06550866    0.1026209    0.3801397    -0.3068449    0.01468579    -0.518381    -0.3757642    0.2547966    0.5092836    -0.639589    0.2976746    1    -0.2405214    -0.6202122    0.1884154    -0.06824953    -0.3508172    -0.146355    0.2527366
-0.02772634    -0.2547298    -0.178977    0.1302944    0.1687628    -0.02367345    0.01640593    -0.1251595    -0.1595258    0.1452705    0.2037688    0.1762721    0.02953477    -0.01259306    -0.206855    0.2021948    -0.6280262    -0.2405214    1    -0.2275061    -0.03989291    -0.1061572    0.05944573    0.1378178    -0.01318587
-0.5281547    -0.2476685    -0.1436472    0.04544528    0.447782    -0.2741143    0.0205305    0.008623392    -0.2389631    0.3203642    -0.1848522    0.5065175    0.4884455    -0.2477716    -0.5247973    0.148635    -0.2447407    -0.6202122    -0.2275061    1    -0.07409013    0.2390942    0.27267    0.01828826    -0.2459556
0.08574205    -0.02231803    -0.1132208    0.05036288    0.02696653    -0.06805383    -0.126907    0.02661653    0.1760463    -0.01671694    -0.09198204    -0.2901219    0.02695869    0.5636649    -0.07094268    -0.2167421    -0.01056181    0.1884154    -0.03989291    -0.07409013    1    0.07115773    -0.753966    -0.2154147    0.2245231
-0.2308902    0.05890786    0.005763795    -0.1008303    0.2255082    -0.1686223    -0.05115733    0.07260451    0.002779663    0.09835285    -0.4450619    0.103968    0.4571214    0.05373493    -0.3043198    -0.1035039    -0.04802585    -0.06824953    -0.1061572    0.2390942    0.07115773    1    0.1314665    -0.7719863    -0.03932459
-0.2471149    -0.04999503    0.02327553    0.03448778    0.1994215    -0.09054451    0.09728221    -0.05458978    -0.3057654    0.2541931    0.006705049    0.4851121    0.2200809    -0.4624091    -0.2281497    0.2048165    -0.1786087    -0.3508172    0.05944573    0.27267    -0.753966    0.1314665    1    0.1821551    -0.6517384
-0.01569425    -0.147254    -0.0653014    0.111834    0.005863453    0.07374238    0.05891227    -0.1090716    -0.1283517    0.05914684    0.4491943    0.1749878    -0.1896705    -0.1836405    -0.04432928    0.1765974    -0.1470716    -0.146355    0.1378178    0.01828826    -0.2154147    -0.7719863    0.1821551    1    -0.3665983
0.2104528    0.001258584    0.04842387    -0.07296873    -0.3245583    0.1758487    -0.07846294    -0.02811653    0.2967099    -0.2635157    0.02921157    -0.3152649    -0.2544902    0.06846749    0.2255198    -0.09151874    0.1669401    0.2527366    -0.01318587    -0.2459556    0.2245231    -0.03932459    -0.6517384    -0.3665983    1
