1    -0.07341763    -0.6190925    0.001420208    0.1189501    0.07851957    -0.05764444    0.01468579    0.2037688    -0.1848522    0.1313729    -0.1132636    -0.00961849    0.1804771    -0.1885578    -0.09198204    -0.4450619    0.006705049    0.4491943    0.02921157
-0.07341763    1    0.3500543    -0.6650351    -0.5111754    0.1987493    -0.486395    -0.518381    0.1762721    0.5065175    -0.1846394    -0.2828115    -0.1105559    0.05829038    0.4056069    -0.2901219    0.103968    0.4851121    0.1749878    -0.3152649
-0.6190925    0.3500543    1    -0.160647    -0.7130452    0.07844155    -0.3394932    -0.3757642    0.02953477    0.4884455    -0.2319262    -0.1363982    -0.1042755    -0.051934    0.4791824    0.02695869    0.4571214    0.2200809    -0.1896705    -0.2544902
0.001420208    -0.6650351    -0.160647    1    0.02807084    -0.1509705    0.1164892    0.2547966    -0.01259306    -0.2477716    0.08331525    0.1131159    0.02218676    0.005345217    -0.09815492    0.5636649    0.05373493    -0.4624091    -0.1836405    0.06846749
0.1189501    -0.5111754    -0.7130452    0.02807084    1    -0.1485725    0.5309089    0.5092836    -0.206855    -0.5247973    0.1809867    0.2716591    0.1531985    -0.06064294    -0.5080275    -0.07094268    -0.3043198    -0.2281497    -0.04432928    0.2255198
0.07851957    0.1987493    0.07844155    -0.1509705    -0.1485725    1    -0.2099838    -0.639589    0.2021948    0.148635    -0.02623671    -0.07907175    0.009842076    0.03843185    0.0220707    -0.2167421    -0.1035039    0.2048165    0.1765974    -0.09151874
-0.05764444    -0.486395    -0.3394932    0.1164892    0.5309089    -0.2099838    1    0.2976746    -0.6280262    -0.2447407    0.1029487    0.2357306    0.04115098    -0.1043795    -0.2786902    -0.01056181    -0.04802585    -0.1786087    -0.1470716    0.1669401
0.01468579    -0.518381    -0.3757642    0.2547966    0.5092836    -0.639589    0.2976746    1    -0.2405214    -0.6202122    0.1167651    0.2468499    0.0738798    -0.1097982    -0.2872495    0.1884154    -0.06824953    -0.3508172    -0.146355    0.2527366
0.2037688    0.1762721    0.02953477    -0.01259306    -0.206855    0.2021948    -0.6280262    -0.2405214    1    -0.2275061    -0.04873622    -0.1232761    0.03286406    0.1391369    0.03097832    -0.03989291    -0.1061572    0.05944573    0.1378178    -0.01318587
-0.1848522    0.5065175    0.4884455    -0.2477716    -0.5247973    0.148635    -0.2447407    -0.6202122    -0.2275061    1    -0.07341545    -0.2086214    -0.1746594    0.01582299    0.3970347    -0.07409013    0.2390942    0.27267    0.01828826    -0.2459556
0.1313729    -0.1846394    -0.2319262    0.08331525    0.1809867    -0.02623671    0.1029487    0.1167651    -0.04873622    -0.07341545    1    0.1953323    -0.695648    -0.2326318    -0.02677642    0.03186079    -0.09443884    -0.1197329    0.002473392    0.1938291
-0.1132636    -0.2828115    -0.1363982    0.1131159    0.2716591    -0.07907175    0.2357306    0.2468499    -0.1232761    -0.2086214    0.1953323    1    0.1100815    -0.7822726    -0.02175584    0.0846075    0.06445645    -0.2149034    -0.1863972    0.1888211
-0.00961849    -0.1105559    -0.1042755    0.02218676    0.1531985    0.009842076    0.04115098    0.0738798    0.03286406    -0.1746594    -0.695648    0.1100815    1    0.1165681    -0.4982167    -0.0376311    -0.0779283    -0.04752568    0.01312263    0.0589622
0.1804771    0.05829038    -0.051934    0.005345217    -0.06064294    0.03843185    -0.1043795    -0.1097982    0.1391369    0.01582299    -0.2326318    -0.7822726    0.1165681    1    -0.3246457    -0.06137828    -0.1693068    0.07832944    0.1957545    -0.09258606
-0.1885578    0.4056069    0.4791824    -0.09815492    -0.5080275    0.0220707    -0.2786902    -0.2872495    0.03097832    0.3970347    -0.02677642    -0.02175584    -0.4982167    -0.3246457    1    0.08915702    0.3661359    0.2279265    -0.1545486    -0.3826392
-0.09198204    -0.2901219    0.02695869    0.5636649    -0.07094268    -0.2167421    -0.01056181    0.1884154    -0.03989291    -0.07409013    0.03186079    0.0846075    -0.0376311    -0.06137828    0.08915702    1    0.07115773    -0.753966    -0.2154147    0.2245231
-0.4450619    0.103968    0.4571214    0.05373493    -0.3043198    -0.1035039    -0.04802585    -0.06824953    -0.1061572    0.2390942    -0.09443884    0.06445645    -0.0779283    -0.1693068    0.3661359    0.07115773    1    0.1314665    -0.7719863    -0.03932459
0.006705049    0.4851121    0.2200809    -0.4624091    -0.2281497    0.2048165    -0.1786087    -0.3508172    0.05944573    0.27267    -0.1197329    -0.2149034    -0.04752568    0.07832944    0.2279265    -0.753966    0.1314665    1    0.1821551    -0.6517384
0.4491943    0.1749878    -0.1896705    -0.1836405    -0.04432928    0.1765974    -0.1470716    -0.146355    0.1378178    0.01828826    0.002473392    -0.1863972    0.01312263    0.1957545    -0.1545486    -0.2154147    -0.7719863    0.1821551    1    -0.3665983
0.02921157    -0.3152649    -0.2544902    0.06846749    0.2255198    -0.09151874    0.1669401    0.2527366    -0.01318587    -0.2459556    0.1938291    0.1888211    0.0589622    -0.09258606    -0.3826392    0.2245231    -0.03932459    -0.6517384    -0.3665983    1
