1    0.3622799    -0.1455975    -0.1322459    -0.4410096    0.1057217    -0.5628514    -0.4106459    0.2880422    0.4857357    -0.2067294    0.4477373    0.4820972    -0.1632323    -0.4360479
0.3622799    1    0.2804532    -0.6129492    -0.3164429    -0.03986073    -0.5172847    -0.3559651    0.1459933    0.5677417    -0.2031756    0.4915044    0.4180462    -0.2673764    -0.3281402
-0.1455975    0.2804532    1    0.04304514    -0.4762449    0.06808274    -0.2281166    -0.3273903    0.0568648    0.3703342    -0.07222699    0.2149054    0.1813432    -0.1152906    -0.1879885
-0.1322459    -0.6129492    0.04304514    1    0.00847779    0.1619484    0.2343306    0.03721677    0.02165854    -0.2538131    0.08142235    -0.3424515    -0.1910443    0.2085417    0.1313667
-0.4410096    -0.3164429    -0.4762449    0.00847779    1    -0.1516991    0.5613566    0.5034098    -0.2451812    -0.5876943    0.1612381    -0.4394843    -0.4691434    0.1503894    0.4453246
0.1057217    -0.03986073    0.06808274    0.1619484    -0.1516991    1    -0.07341763    -0.6190925    0.001420208    0.1189501    0.07851957    -0.05764444    0.01468579    0.2037688    -0.1848522
-0.5628514    -0.5172847    -0.2281166    0.2343306    0.5613566    -0.07341763    1    0.3500543    -0.6650351    -0.5111754    0.1987493    -0.486395    -0.518381    0.1762721    0.5065175
-0.4106459    -0.3559651    -0.3273903    0.03721677    0.5034098    -0.6190925    0.3500543    1    -0.160647    -0.7130452    0.07844155    -0.3394932    -0.3757642    0.02953477    0.4884455
0.2880422    0.1459933    0.0568648    0.02165854    -0.2451812    0.001420208    -0.6650351    -0.160647    1    0.02807084    -0.1509705    0.1164892    0.2547966    -0.01259306    -0.2477716
0.4857357    0.5677417    0.3703342    -0.2538131    -0.5876943    0.1189501    -0.5111754    -0.7130452    0.02807084    1    -0.1485725    0.5309089    0.5092836    -0.206855    -0.5247973
-0.2067294    -0.2031756    -0.07222699    0.08142235    0.1612381    0.07851957    0.1987493    0.07844155    -0.1509705    -0.1485725    1    -0.2099838    -0.639589    0.2021948    0.148635
0.4477373    0.4915044    0.2149054    -0.3424515    -0.4394843    -0.05764444    -0.486395    -0.3394932    0.1164892    0.5309089    -0.2099838    1    0.2976746    -0.6280262    -0.2447407
0.4820972    0.4180462    0.1813432    -0.1910443    -0.4691434    0.01468579    -0.518381    -0.3757642    0.2547966    0.5092836    -0.639589    0.2976746    1    -0.2405214    -0.6202122
-0.1632323    -0.2673764    -0.1152906    0.2085417    0.1503894    0.2037688    0.1762721    0.02953477    -0.01259306    -0.206855    0.2021948    -0.6280262    -0.2405214    1    -0.2275061
-0.4360479    -0.3281402    -0.1879885    0.1313667    0.4453246    -0.1848522    0.5065175    0.4884455    -0.2477716    -0.5247973    0.148635    -0.2447407    -0.6202122    -0.2275061    1
