1    -0.1056302    -0.5090539    0.06912975    -0.1068795    0.1165652    -0.2141002    -0.2810521    0.00935696    0.3137347    0.08607833    0.2163381    0.1218876    -0.02367345    -0.2741143    0.04488806    0.1028123    0.08542801    -0.04538484    -0.1690861    -0.06805383    -0.1686223    -0.09054451    0.07374238    0.1758487
-0.1056302    1    0.1359468    -0.5457157    -0.1184161    0.03116147    0.2083824    0.08790326    -0.1725037    -0.1477273    0.03113645    0.01643177    -0.06550866    0.01640593    0.0205305    0.1278011    -0.06361798    -0.1275233    0.08272487    -0.07311492    -0.126907    -0.05115733    0.09728221    0.05891227    -0.07846294
-0.5090539    0.1359468    1    0.005684328    -0.5467107    -0.1951584    -0.02124972    0.1793627    0.0204499    -0.06814039    -0.05825859    0.1342722    0.1026209    -0.1251595    0.008623392    0.1784486    0.07650515    -0.1626355    -0.01260299    -0.146981    0.02661653    0.07260451    -0.05458978    -0.1090716    -0.02811653
0.06912975    -0.5457157    0.005684328    1    -0.3967013    -0.03707413    -0.4006847    -0.1985797    0.2370174    0.3145381    -0.2312693    0.2963393    0.3801397    -0.1595258    -0.2389631    -0.0239103    0.2143064    0.08078482    -0.1945049    -0.08002874    0.1760463    0.002779663    -0.3057654    -0.1283517    0.2967099
-0.1068795    -0.1184161    -0.5467107    -0.3967013    1    0.04500665    0.2548651    0.1140047    -0.07313813    -0.2189341    0.08066686    -0.3489121    -0.3068449    0.1452705    0.3203642    -0.3027126    -0.1555755    0.1157707    0.06347388    0.2993988    -0.01671694    0.09835285    0.2541931    0.05914684    -0.2635157
0.1165652    0.03116147    -0.1951584    -0.03707413    0.04500665    1    -0.07341763    -0.6190925    0.001420208    0.1189501    0.07851957    -0.05764444    0.01468579    0.2037688    -0.1848522    0.06356618    -0.08907782    0.07621817    0.1059097    -0.1298353    -0.09198204    -0.4450619    0.006705049    0.4491943    0.02921157
-0.2141002    0.2083824    -0.02124972    -0.4006847    0.2548651    -0.07341763    1    0.3500543    -0.6650351    -0.5111754    0.1987493    -0.486395    -0.518381    0.1762721    0.5065175    -0.1311668    -0.231193    0.01206885    0.1899689    0.2247664    -0.2901219    0.103968    0.4851121    0.1749878    -0.3152649
-0.2810521    0.08790326    0.1793627    -0.1985797    0.1140047    -0.6190925    0.3500543    1    -0.160647    -0.7130452    0.07844155    -0.3394932    -0.3757642    0.02953477    0.4884455    -0.06583633    -0.06044397    -0.1354081    0.01434408    0.3167159    0.02695869    0.4571214    0.2200809    -0.1896705    -0.2544902
0.00935696    -0.1725037    0.0204499    0.2370174    -0.07313813    0.001420208    -0.6650351    -0.160647    1    0.02807084    -0.1509705    0.1164892    0.2547966    -0.01259306    -0.2477716    0.05405905    0.1471595    -0.02635623    -0.1475737    -0.009385373    0.5636649    0.05373493    -0.4624091    -0.1836405    0.06846749
0.3137347    -0.1477273    -0.06814039    0.3145381    -0.2189341    0.1189501    -0.5111754    -0.7130452    0.02807084    1    -0.1485725    0.5309089    0.5092836    -0.206855    -0.5247973    0.07947875    0.1455493    0.08268867    -0.09101001    -0.33276    -0.07094268    -0.3043198    -0.2281497    -0.04432928    0.2255198
0.08607833    0.03113645    -0.05825859    -0.2312693    0.08066686    0.07851957    0.1987493    0.07844155    -0.1509705    -0.1485725    1    -0.2099838    -0.639589    0.2021948    0.148635    -0.005411848    -0.1808065    0.04850935    0.2435762    -0.07938448    -0.2167421    -0.1035039    0.2048165    0.1765974    -0.09151874
0.2163381    0.01643177    0.1342722    0.2963393    -0.3489121    -0.05764444    -0.486395    -0.3394932    0.1164892    0.5309089    -0.2099838    1    0.2976746    -0.6280262    -0.2447407    0.01626234    0.2812576    0.0155833    -0.2764792    -0.1999805    -0.01056181    -0.04802585    -0.1786087    -0.1470716    0.1669401
0.1218876    -0.06550866    0.1026209    0.3801397    -0.3068449    0.01468579    -0.518381    -0.3757642    0.2547966    0.5092836    -0.639589    0.2976746    1    -0.2405214    -0.6202122    0.1173663    0.1385006    -0.1184172    -0.2032262    -0.05610362    0.1884154    -0.06824953    -0.3508172    -0.146355    0.2527366
-0.02367345    0.01640593    -0.1251595    -0.1595258    0.1452705    0.2037688    0.1762721    0.02953477    -0.01259306    -0.206855    0.2021948    -0.6280262    -0.2405214    1    -0.2275061    0.1295151    -0.2764748    -0.07166925    0.2709526    0.04651345    -0.03989291    -0.1061572    0.05944573    0.1378178    -0.01318587
-0.2741143    0.0205305    0.008623392    -0.2389631    0.3203642    -0.1848522    0.5065175    0.4884455    -0.2477716    -0.5247973    0.148635    -0.2447407    -0.6202122    -0.2275061    1    -0.1877172    0.01859176    0.07609228    0.03461547    0.1754152    -0.07409013    0.2390942    0.27267    0.01828826    -0.2459556
0.04488806    0.1278011    0.1784486    -0.0239103    -0.3027126    0.06356618    -0.1311668    -0.06583633    0.05405905    0.07947875    -0.005411848    0.01626234    0.1173663    0.1295151    -0.1877172    1    -0.02924275    -0.7679929    -0.06677109    0.04839401    0.1359641    -0.133965    -0.2357113    0.008519248    0.1024409
0.1028123    -0.06361798    0.07650515    0.2143064    -0.1555755    -0.08907782    -0.231193    -0.06044397    0.1471595    0.1455493    -0.1808065    0.2812576    0.1385006    -0.2764748    0.01859176    -0.02924275    1    0.1079617    -0.7953458    -0.00102924    0.08440995    0.1791152    -0.1302238    -0.2143533    0.08086897
0.08542801    -0.1275233    -0.1626355    0.08078482    0.1157707    0.07621817    0.01206885    -0.1354081    -0.02635623    0.08268867    0.04850935    0.0155833    -0.1184172    -0.07166925    0.07609228    -0.7679929    0.1079617    1    0.1316883    -0.5109379    -0.1516996    -0.008803366    0.1607767    0.05028385    -0.01365352
-0.04538484    0.08272487    -0.01260299    -0.1945049    0.06347388    0.1059097    0.1899689    0.01434408    -0.1475737    -0.09101001    0.2435762    -0.2764792    -0.2032262    0.2709526    0.03461547    -0.06677109    -0.7953458    0.1316883    1    -0.4126565    -0.1816932    -0.198408    0.1929307    0.2623063    -0.1127611
-0.1690861    -0.07311492    -0.146981    -0.08002874    0.2993988    -0.1298353    0.2247664    0.3167159    -0.009385373    -0.33276    -0.07938448    -0.1999805    -0.05610362    0.04651345    0.1754152    0.04839401    -0.00102924    -0.5109379    -0.4126565    1    0.1858581    0.1729675    -0.03907111    -0.06706841    0.01530503
-0.06805383    -0.126907    0.02661653    0.1760463    -0.01671694    -0.09198204    -0.2901219    0.02695869    0.5636649    -0.07094268    -0.2167421    -0.01056181    0.1884154    -0.03989291    -0.07409013    0.1359641    0.08440995    -0.1516996    -0.1816932    0.1858581    1    0.07115773    -0.753966    -0.2154147    0.2245231
-0.1686223    -0.05115733    0.07260451    0.002779663    0.09835285    -0.4450619    0.103968    0.4571214    0.05373493    -0.3043198    -0.1035039    -0.04802585    -0.06824953    -0.1061572    0.2390942    -0.133965    0.1791152    -0.008803366    -0.198408    0.1729675    0.07115773    1    0.1314665    -0.7719863    -0.03932459
-0.09054451    0.09728221    -0.05458978    -0.3057654    0.2541931    0.006705049    0.4851121    0.2200809    -0.4624091    -0.2281497    0.2048165    -0.1786087    -0.3508172    0.05944573    0.27267    -0.2357113    -0.1302238    0.1607767    0.1929307    -0.03907111    -0.753966    0.1314665    1    0.1821551    -0.6517384
0.07374238    0.05891227    -0.1090716    -0.1283517    0.05914684    0.4491943    0.1749878    -0.1896705    -0.1836405    -0.04432928    0.1765974    -0.1470716    -0.146355    0.1378178    0.01828826    0.008519248    -0.2143533    0.05028385    0.2623063    -0.06706841    -0.2154147    -0.7719863    0.1821551    1    -0.3665983
0.1758487    -0.07846294    -0.02811653    0.2967099    -0.2635157    0.02921157    -0.3152649    -0.2544902    0.06846749    0.2255198    -0.09151874    0.1669401    0.2527366    -0.01318587    -0.2459556    0.1024409    0.08086897    -0.01365352    -0.1127611    0.01530503    0.2245231    -0.03932459    -0.6517384    -0.3665983    1
