6.5356e-06    6.433282e-08    -2.624365e-06    -5.492661e-08    -1.609206e-06    1.230654e-06    1.15437e-06    3.629823e-07    7.937933e-07    -2.053839e-06
6.433282e-08    4.854421e-06    8.861192e-08    -2.565194e-06    -5.845262e-07    -6.40139e-07    -3.077661e-07    -4.17959e-07    -6.181852e-07    1.742567e-06
-2.624365e-06    8.861192e-08    5.30825e-06    1.616607e-08    -2.257114e-06    -4.617029e-07    -9.978088e-07    -3.762615e-07    -5.349291e-07    1.700427e-06
-5.492661e-08    -2.565194e-06    1.616607e-08    5.347355e-06    -1.947457e-06    6.071761e-07    6.24778e-08    -2.088171e-07    9.178775e-07    -1.208792e-06
-1.609206e-06    -5.845262e-07    -2.257114e-06    -1.947457e-06    5.212614e-06    -6.041886e-07    -3.157548e-08    3.564162e-07    -1.566566e-07    -2.487297e-07
1.230654e-06    -6.40139e-07    -4.617029e-07    6.071761e-07    -6.041886e-07    6.582398e-06    1.037564e-06    -2.446976e-06    -3.224219e-07    -8.358538e-07
1.15437e-06    -3.077661e-07    -9.978088e-07    6.24778e-08    -3.157548e-08    1.037564e-06    7.037613e-06    1.691766e-06    -2.041662e-06    -2.820863e-06
3.629823e-07    -4.17959e-07    -3.762615e-07    -2.088171e-07    3.564162e-07    -2.446976e-06    1.691766e-06    6.470306e-06    1.44606e-06    -4.993714e-06
7.937933e-07    -6.181852e-07    -5.349291e-07    9.178775e-07    -1.566566e-07    -3.224219e-07    -2.041662e-06    1.44606e-06    6.593983e-06    -4.096146e-06
-2.053839e-06    1.742567e-06    1.700427e-06    -1.208792e-06    -2.487297e-07    -8.358538e-07    -2.820863e-06    -4.993714e-06    -4.096146e-06    1.26802e-05
