5.986784e-06    -5.296229e-07    -3.377952e-06    3.889622e-07    -6.078117e-07    6.942115e-07    -1.14653e-07    -6.181023e-08    9.853771e-07    -7.360996e-07    1.048095e-06    9.863032e-07    5.267138e-07    1.499003e-06    -1.783383e-06
-5.296229e-07    5.636718e-06    8.171368e-07    -3.663831e-06    -6.033849e-07    -5.25311e-07    5.229209e-07    8.752776e-07    2.090645e-07    -5.735021e-07    -1.39565e-06    -9.475828e-07    -3.903422e-07    -7.120927e-07    1.833349e-06
-3.377952e-06    8.171368e-07    7.445097e-06    1.276807e-07    -3.790918e-06    7.347228e-07    9.916516e-07    7.278458e-07    4.342678e-07    -1.755287e-06    -9.310621e-07    -4.405078e-07    -3.944774e-07    -2.00977e-06    2.882353e-06
3.889622e-07    -3.663831e-06    1.276807e-07    7.232965e-06    -2.657269e-06    2.147333e-06    2.960369e-07    -2.110987e-07    6.919699e-07    -1.570323e-06    1.696494e-06    1.092779e-06    4.058644e-07    3.049276e-07    -1.402172e-06
-6.078117e-07    -6.033849e-07    -3.790918e-06    -2.657269e-06    6.276715e-06    -1.87461e-06    -7.281537e-07    -9.56287e-07    -1.593184e-06    2.774147e-06    -6.005543e-07    -1.690003e-07    6.060719e-07    4.276494e-07    -1.317253e-06
6.942115e-07    -5.25311e-07    7.347228e-07    2.147333e-06    -1.87461e-06    6.5356e-06    6.433282e-08    -2.624365e-06    -5.492661e-08    -1.609206e-06    1.640232e-06    1.935954e-06    -2.998215e-09    -3.051735e-07    -6.695663e-07
-1.14653e-07    5.229209e-07    9.916516e-07    2.960369e-07    -7.281537e-07    6.433282e-08    4.854421e-06    8.861192e-08    -2.565194e-06    -5.845262e-07    -2.622669e-07    -2.58479e-07    -1.65913e-07    -5.816367e-07    9.644951e-07
-6.181023e-08    8.752776e-07    7.278458e-07    -2.110987e-07    -9.56287e-07    -2.624365e-06    8.861192e-08    5.30825e-06    1.616607e-08    -2.257114e-06    4.416281e-08    -1.110771e-06    -9.314008e-07    3.026409e-07    4.748145e-07
9.853771e-07    2.090645e-07    4.342678e-07    6.919699e-07    -1.593184e-06    -5.492661e-08    -2.565194e-06    1.616607e-08    5.347355e-06    -1.947457e-06    4.021528e-07    4.54369e-07    7.960231e-07    7.746209e-07    -1.095794e-06
-7.360996e-07    -5.735021e-07    -1.755287e-06    -1.570323e-06    2.774147e-06    -1.609206e-06    -5.845262e-07    -2.257114e-06    -1.947457e-06    5.212614e-06    -1.251778e-06    -5.801809e-07    5.641984e-07    -5.479206e-08    -1.493771e-07
1.048095e-06    -1.39565e-06    -9.310621e-07    1.696494e-06    -6.005543e-07    1.640232e-06    -2.622669e-07    4.416281e-08    4.021528e-07    -1.251778e-06    8.56438e-06    1.656935e-06    -3.73977e-06    5.371598e-07    -1.851676e-06
9.863032e-07    -9.475828e-07    -4.405078e-07    1.092779e-06    -1.690003e-07    1.935954e-06    -2.58479e-07    -1.110771e-06    4.54369e-07    -5.801809e-07    1.656935e-06    7.710914e-06    1.915862e-06    -2.814275e-06    -1.363248e-06
5.267138e-07    -3.903422e-07    -3.944774e-07    4.058644e-07    6.060719e-07    -2.998215e-09    -1.65913e-07    -9.314008e-07    7.960231e-07    5.641984e-07    -3.73977e-06    1.915862e-06    8.080443e-06    6.411805e-07    -4.812911e-06
1.499003e-06    -7.120927e-07    -2.00977e-06    3.049276e-07    4.276494e-07    -3.051735e-07    -5.816367e-07    3.026409e-07    7.746209e-07    -5.479206e-08    5.371598e-07    -2.814275e-06    6.411805e-07    7.31455e-06    -5.379579e-06
-1.783383e-06    1.833349e-06    2.882353e-06    -1.402172e-06    -1.317253e-06    -6.695663e-07    9.644951e-07    4.748145e-07    -1.095794e-06    -1.493771e-07    -1.851676e-06    -1.363248e-06    -4.812911e-06    -5.379579e-06    1.304621e-05
