6.002168e-06    2.499985e-06    -7.291535e-07    -1.204992e-06    -4.233417e-06    1.457378e-06    -6.926476e-07    2.907722e-07    2.373275e-06    -1.912256e-06    2.280397e-06    -4.486791e-07    -6.580339e-07    1.335203e-06    -1.342939e-06
2.499985e-06    7.134593e-06    1.792764e-06    -4.538308e-06    -3.642903e-06    1.226838e-06    -1.137399e-06    -3.94568e-07    2.062425e-06    -6.044142e-07    1.371313e-06    -2.045446e-07    -7.267383e-07    -5.280283e-08    -1.912264e-07
-7.291535e-07    1.792764e-06    5.383775e-06    3.909532e-07    -4.562798e-06    1.43286e-07    -5.299053e-07    -6.806392e-07    1.432653e-07    9.212383e-07    -1.381934e-07    -5.042906e-07    -6.066792e-07    -5.957909e-07    8.618696e-07
-1.204992e-06    -4.538308e-06    3.909532e-07    7.847648e-06    2.826005e-07    -1.229061e-06    4.42208e-07    -6.070105e-07    -1.814644e-06    1.657926e-06    -1.059515e-06    -1.048498e-06    -3.633803e-07    -2.061521e-07    1.33726e-06
-4.233417e-06    -3.642903e-06    -4.562798e-06    2.826005e-07    1.605163e-05    -2.704868e-06    1.301685e-06    2.383117e-07    -3.763996e-06    2.187963e-06    -3.303382e-06    1.046185e-06    1.246746e-06    -1.781803e-06    1.758173e-06
1.457378e-06    1.226838e-06    1.43286e-07    -1.229061e-06    -2.704868e-06    5.986784e-06    -5.296229e-07    -3.377952e-06    3.889622e-07    -6.078117e-07    6.942115e-07    -1.14653e-07    -6.181023e-08    9.853771e-07    -7.360996e-07
-6.926476e-07    -1.137399e-06    -5.299053e-07    4.42208e-07    1.301685e-06    -5.296229e-07    5.636718e-06    8.171368e-07    -3.663831e-06    -6.033849e-07    -5.25311e-07    5.229209e-07    8.752776e-07    2.090645e-07    -5.735021e-07
2.907722e-07    -3.94568e-07    -6.806392e-07    -6.070105e-07    2.383117e-07    -3.377952e-06    8.171368e-07    7.445097e-06    1.276807e-07    -3.790918e-06    7.347228e-07    9.916516e-07    7.278458e-07    4.342678e-07    -1.755287e-06
2.373275e-06    2.062425e-06    1.432653e-07    -1.814644e-06    -3.763996e-06    3.889622e-07    -3.663831e-06    1.276807e-07    7.232965e-06    -2.657269e-06    2.147333e-06    2.960369e-07    -2.110987e-07    6.919699e-07    -1.570323e-06
-1.912256e-06    -6.044142e-07    9.212383e-07    1.657926e-06    2.187963e-06    -6.078117e-07    -6.033849e-07    -3.790918e-06    -2.657269e-06    6.276715e-06    -1.87461e-06    -7.281537e-07    -9.56287e-07    -1.593184e-06    2.774147e-06
2.280397e-06    1.371313e-06    -1.381934e-07    -1.059515e-06    -3.303382e-06    6.942115e-07    -5.25311e-07    7.347228e-07    2.147333e-06    -1.87461e-06    6.5356e-06    6.433282e-08    -2.624365e-06    -5.492661e-08    -1.609206e-06
-4.486791e-07    -2.045446e-07    -5.042906e-07    -1.048498e-06    1.046185e-06    -1.14653e-07    5.229209e-07    9.916516e-07    2.960369e-07    -7.281537e-07    6.433282e-08    4.854421e-06    8.861192e-08    -2.565194e-06    -5.845262e-07
-6.580339e-07    -7.267383e-07    -6.066792e-07    -3.633803e-07    1.246746e-06    -6.181023e-08    8.752776e-07    7.278458e-07    -2.110987e-07    -9.56287e-07    -2.624365e-06    8.861192e-08    5.30825e-06    1.616607e-08    -2.257114e-06
1.335203e-06    -5.280283e-08    -5.957909e-07    -2.061521e-07    -1.781803e-06    9.853771e-07    2.090645e-07    4.342678e-07    6.919699e-07    -1.593184e-06    -5.492661e-08    -2.565194e-06    1.616607e-08    5.347355e-06    -1.947457e-06
-1.342939e-06    -1.912264e-07    8.618696e-07    1.33726e-06    1.758173e-06    -7.360996e-07    -5.735021e-07    -1.755287e-06    -1.570323e-06    2.774147e-06    -1.609206e-06    -5.845262e-07    -2.257114e-06    -1.947457e-06    5.212614e-06
