5.986784e-06    -5.296229e-07    -3.377952e-06    3.889622e-07    -6.078117e-07    6.942115e-07    -1.14653e-07    -6.181023e-08    9.853771e-07    -7.360996e-07    1.048095e-06    9.863032e-07    5.267138e-07    1.499003e-06    -1.783383e-06    5.152124e-07    1.916562e-06    1.026122e-06    -2.670852e-07    -1.458114e-06
-5.296229e-07    5.636718e-06    8.171368e-07    -3.663831e-06    -6.033849e-07    -5.25311e-07    5.229209e-07    8.752776e-07    2.090645e-07    -5.735021e-07    -1.39565e-06    -9.475828e-07    -3.903422e-07    -7.120927e-07    1.833349e-06    2.37926e-07    1.563902e-07    -5.581362e-07    2.118783e-08    9.427421e-09
-3.377952e-06    8.171368e-07    7.445097e-06    1.276807e-07    -3.790918e-06    7.347228e-07    9.916516e-07    7.278458e-07    4.342678e-07    -1.755287e-06    -9.310621e-07    -4.405078e-07    -3.944774e-07    -2.00977e-06    2.882353e-06    -7.555296e-07    1.205152e-06    1.166701e-06    -7.002792e-07    -6.868607e-08
3.889622e-07    -3.663831e-06    1.276807e-07    7.232965e-06    -2.657269e-06    2.147333e-06    2.960369e-07    -2.110987e-07    6.919699e-07    -1.570323e-06    1.696494e-06    1.092779e-06    4.058644e-07    3.049276e-07    -1.402172e-06    -1.377892e-06    2.500405e-06    3.470733e-06    -8.525479e-07    -1.536193e-06
-6.078117e-07    -6.033849e-07    -3.790918e-06    -2.657269e-06    6.276715e-06    -1.87461e-06    -7.281537e-07    -9.56287e-07    -1.593184e-06    2.774147e-06    -6.005543e-07    -1.690003e-07    6.060719e-07    4.276494e-07    -1.317253e-06    5.943755e-07    -2.77351e-06    -2.713641e-06    7.348714e-07    1.885592e-06
6.942115e-07    -5.25311e-07    7.347228e-07    2.147333e-06    -1.87461e-06    6.5356e-06    6.433282e-08    -2.624365e-06    -5.492661e-08    -1.609206e-06    1.640232e-06    1.935954e-06    -2.998215e-09    -3.051735e-07    -6.695663e-07    -6.839286e-07    2.206408e-06    2.669127e-06    -4.931795e-07    -1.609485e-06
-1.14653e-07    5.229209e-07    9.916516e-07    2.960369e-07    -7.281537e-07    6.433282e-08    4.854421e-06    8.861192e-08    -2.565194e-06    -5.845262e-07    -2.622669e-07    -2.58479e-07    -1.65913e-07    -5.816367e-07    9.644951e-07    -5.524637e-07    5.136557e-07    7.015722e-07    -3.663604e-07    -5.02799e-08
-6.181023e-08    8.752776e-07    7.278458e-07    -2.110987e-07    -9.56287e-07    -2.624365e-06    8.861192e-08    5.30825e-06    1.616607e-08    -2.257114e-06    4.416281e-08    -1.110771e-06    -9.314008e-07    3.026409e-07    4.748145e-07    -3.187754e-07    1.633079e-07    6.242665e-07    9.816953e-08    -4.605035e-07
9.853771e-07    2.090645e-07    4.342678e-07    6.919699e-07    -1.593184e-06    -5.492661e-08    -2.565194e-06    1.616607e-08    5.347355e-06    -1.947457e-06    4.021528e-07    4.54369e-07    7.960231e-07    7.746209e-07    -1.095794e-06    2.163337e-07    1.5167e-06    9.950157e-07    -1.969722e-07    -1.219903e-06
-7.360996e-07    -5.735021e-07    -1.755287e-06    -1.570323e-06    2.774147e-06    -1.609206e-06    -5.845262e-07    -2.257114e-06    -1.947457e-06    5.212614e-06    -1.251778e-06    -5.801809e-07    5.641984e-07    -5.479206e-08    -1.493771e-07    6.396694e-07    -2.251685e-06    -2.5733e-06    3.429405e-07    1.624408e-06
1.048095e-06    -1.39565e-06    -9.310621e-07    1.696494e-06    -6.005543e-07    1.640232e-06    -2.622669e-07    4.416281e-08    4.021528e-07    -1.251778e-06    8.56438e-06    1.656935e-06    -3.73977e-06    5.371598e-07    -1.851676e-06    -3.028617e-07    1.315423e-06    2.253193e-06    -1.226449e-08    -2.114849e-06
9.863032e-07    -9.475828e-07    -4.405078e-07    1.092779e-06    -1.690003e-07    1.935954e-06    -2.58479e-07    -1.110771e-06    4.54369e-07    -5.801809e-07    1.656935e-06    7.710914e-06    1.915862e-06    -2.814275e-06    -1.363248e-06    -5.04233e-07    4.146086e-06    2.501139e-06    -1.667501e-06    -1.472599e-06
5.267138e-07    -3.903422e-07    -3.944774e-07    4.058644e-07    6.060719e-07    -2.998215e-09    -1.65913e-07    -9.314008e-07    7.960231e-07    5.641984e-07    -3.73977e-06    1.915862e-06    8.080443e-06    6.411805e-07    -4.812911e-06    -6.443165e-07    3.572003e-06    1.95162e-06    -1.600296e-06    -9.815231e-07
1.499003e-06    -7.120927e-07    -2.00977e-06    3.049276e-07    4.276494e-07    -3.051735e-07    -5.816367e-07    3.026409e-07    7.746209e-07    -5.479206e-08    5.371598e-07    -2.814275e-06    6.411805e-07    7.31455e-06    -5.379579e-06    2.213492e-07    2.36617e-07    9.127593e-07    7.087432e-07    -1.585564e-06
-1.783383e-06    1.833349e-06    2.882353e-06    -1.402172e-06    -1.317253e-06    -6.695663e-07    9.644951e-07    4.748145e-07    -1.095794e-06    -1.493771e-07    -1.851676e-06    -1.363248e-06    -4.812911e-06    -5.379579e-06    1.304621e-05    8.999559e-07    -3.642727e-06    -3.941057e-06    6.20602e-07    3.376258e-06
5.152124e-07    2.37926e-07    -7.555296e-07    -1.377892e-06    5.943755e-07    -6.839286e-07    -5.524637e-07    -3.187754e-07    2.163337e-07    6.396694e-07    -3.028617e-07    -5.04233e-07    -6.443165e-07    2.213492e-07    8.999559e-07    5.810362e-06    -1.468422e-06    -5.550408e-06    9.777093e-07    9.237669e-07
1.916562e-06    1.563902e-07    1.205152e-06    2.500405e-06    -2.77351e-06    2.206408e-06    5.136557e-07    1.633079e-07    1.5167e-06    -2.251685e-06    1.315423e-06    4.146086e-06    3.572003e-06    2.36617e-07    -3.642727e-06    -1.468422e-06    1.138956e-05    3.532921e-06    -5.284722e-06    -2.000408e-06
1.026122e-06    -5.581362e-07    1.166701e-06    3.470733e-06    -2.713641e-06    2.669127e-06    7.015722e-07    6.242665e-07    9.950157e-07    -2.5733e-06    2.253193e-06    2.501139e-06    1.95162e-06    9.127593e-07    -3.941057e-06    -5.550408e-06    3.532921e-06    1.166372e-05    -1.632237e-06    -5.319604e-06
-2.670852e-07    2.118783e-08    -7.002792e-07    -8.525479e-07    7.348714e-07    -4.931795e-07    -3.663604e-07    9.816953e-08    -1.969722e-07    3.429405e-07    -1.226449e-08    -1.667501e-06    -1.600296e-06    7.087432e-07    6.20602e-07    9.777093e-07    -5.284722e-06    -1.632237e-06    5.708089e-06    -1.156352e-06
-1.458114e-06    9.427421e-09    -6.868607e-08    -1.536193e-06    1.885592e-06    -1.609485e-06    -5.02799e-08    -4.605035e-07    -1.219903e-06    1.624408e-06    -2.114849e-06    -1.472599e-06    -9.815231e-07    -1.585564e-06    3.376258e-06    9.237669e-07    -2.000408e-06    -5.319604e-06    -1.156352e-06    5.848153e-06
