5.986784e-06    -5.296229e-07    -3.377952e-06    3.889622e-07    -6.078117e-07    6.942115e-07    -1.14653e-07    -6.181023e-08    9.853771e-07    -7.360996e-07    -3.441333e-07    1.746857e-06    2.319799e-06    -1.199349e-06    -1.887141e-06
-5.296229e-07    5.636718e-06    8.171368e-07    -3.663831e-06    -6.033849e-07    -5.25311e-07    5.229209e-07    8.752776e-07    2.090645e-07    -5.735021e-07    6.935143e-07    -2.678825e-06    -1.324661e-06    1.411444e-06    1.213819e-06
-3.377952e-06    8.171368e-07    7.445097e-06    1.276807e-07    -3.790918e-06    7.347228e-07    9.916516e-07    7.278458e-07    4.342678e-07    -1.755287e-06    -4.06503e-09    -2.46373e-06    -9.321339e-07    1.832906e-06    7.353185e-07
3.889622e-07    -3.663831e-06    1.276807e-07    7.232965e-06    -2.657269e-06    2.147333e-06    2.960369e-07    -2.110987e-07    6.919699e-07    -1.570323e-06    -1.149388e-06    3.057262e-06    1.890913e-06    -9.173135e-07    -2.243802e-06
-6.078117e-07    -6.033849e-07    -3.790918e-06    -2.657269e-06    6.276715e-06    -1.87461e-06    -7.281537e-07    -9.56287e-07    -1.593184e-06    2.774147e-06    2.882749e-08    4.048751e-07    -2.248754e-07    -9.113749e-07    1.041881e-06
6.942115e-07    -5.25311e-07    7.347228e-07    2.147333e-06    -1.87461e-06    6.5356e-06    6.433282e-08    -2.624365e-06    -5.492661e-08    -1.609206e-06    -1.052699e-06    1.072414e-06    3.188242e-06    -7.757353e-07    -2.235072e-06
-1.14653e-07    5.229209e-07    9.916516e-07    2.960369e-07    -7.281537e-07    6.433282e-08    4.854421e-06    8.861192e-08    -2.565194e-06    -5.845262e-07    2.167407e-07    -7.590816e-07    -1.081032e-06    7.488094e-07    4.321274e-07
-6.181023e-08    8.752776e-07    7.278458e-07    -2.110987e-07    -9.56287e-07    -2.624365e-06    8.861192e-08    5.30825e-06    1.616607e-08    -2.257114e-06    8.376834e-07    -7.447446e-07    -2.613274e-06    1.376371e-06    7.483767e-07
9.853771e-07    2.090645e-07    4.342678e-07    6.919699e-07    -1.593184e-06    -5.492661e-08    -2.565194e-06    1.616607e-08    5.347355e-06    -1.947457e-06    -7.297951e-08    3.207967e-07    1.303818e-06    -1.75702e-07    -1.032259e-06
-7.360996e-07    -5.735021e-07    -1.755287e-06    -1.570323e-06    2.774147e-06    -1.609206e-06    -5.845262e-07    -2.257114e-06    -1.947457e-06    5.212614e-06    -1.283586e-07    2.94674e-07    -4.68139e-07    -7.857275e-07    1.343e-06
-3.441333e-07    6.935143e-07    -4.06503e-09    -1.149388e-06    2.882749e-08    -1.052699e-06    2.167407e-07    8.376834e-07    -7.297951e-08    -1.283586e-07    8.042005e-06    -4.810785e-06    -8.391052e-06    1.675909e-06    1.544941e-06
1.746857e-06    -2.678825e-06    -2.46373e-06    3.057262e-06    4.048751e-07    1.072414e-06    -7.590816e-07    -7.447446e-07    3.207967e-07    2.94674e-07    -4.810785e-06    1.91187e-05    -4.663881e-06    -3.463173e-06    -7.922267e-07
2.319799e-06    -1.324661e-06    -9.321339e-07    1.890913e-06    -2.248754e-07    3.188242e-06    -1.081032e-06    -2.613274e-06    1.303818e-06    -4.68139e-07    -8.391052e-06    -4.663881e-06    3.147253e-05    -7.028738e-06    -9.613422e-06
-1.199349e-06    1.411444e-06    1.832906e-06    -9.173135e-07    -9.113749e-07    -7.757353e-07    7.488094e-07    1.376371e-06    -1.75702e-07    -7.857275e-07    1.675909e-06    -3.463173e-06    -7.028738e-06    7.032057e-06    2.004882e-06
-1.887141e-06    1.213819e-06    7.353185e-07    -2.243802e-06    1.041881e-06    -2.235072e-06    4.321274e-07    7.483767e-07    -1.032259e-06    1.343e-06    1.544941e-06    -7.922267e-07    -9.613422e-06    2.004882e-06    6.251922e-06
