6.5356e-06    6.433282e-08    -2.624365e-06    -5.492661e-08    -1.609206e-06    5.268749e-06    -1.708487e-07    -6.556267e-06    5.080588e-07    -6.068917e-07
6.433282e-08    4.854421e-06    8.861192e-08    -2.565194e-06    -5.845262e-07    -5.468417e-07    -6.86369e-07    -1.246635e-06    -6.120005e-07    1.806281e-06
-2.624365e-06    8.861192e-08    5.30825e-06    1.616607e-08    -2.257114e-06    -4.564085e-10    -4.759661e-07    -2.081173e-06    -2.421386e-07    1.639899e-06
-5.492661e-08    -2.565194e-06    1.616607e-08    5.347355e-06    -1.947457e-06    4.658269e-06    -1.555408e-06    -4.804165e-06    3.064483e-07    7.030545e-07
-1.609206e-06    -5.845262e-07    -2.257114e-06    -1.947457e-06    5.212614e-06    -4.965568e-06    1.110156e-06    8.187555e-06    2.041763e-07    -2.221446e-06
5.268749e-06    -5.468417e-07    -4.564085e-10    4.658269e-06    -4.965568e-06    3.447127e-05    -1.75381e-06    -2.926069e-05    -3.41665e-06    1.053693e-06
-1.708487e-07    -6.86369e-07    -4.759661e-07    -1.555408e-06    1.110156e-06    -1.75381e-06    1.633123e-05    -2.068668e-06    -7.985345e-06    1.689296e-06
-6.556267e-06    -1.246635e-06    -2.081173e-06    -4.804165e-06    8.187555e-06    -2.926069e-05    -2.068668e-06    4.014613e-05    2.628551e-06    -8.016042e-06
5.080588e-07    -6.120005e-07    -2.421386e-07    3.064483e-07    2.041763e-07    -3.41665e-06    -7.985345e-06    2.628551e-06    1.515576e-05    -6.47047e-06
-6.068917e-07    1.806281e-06    1.639899e-06    7.030545e-07    -2.221446e-06    1.053693e-06    1.689296e-06    -8.016042e-06    -6.47047e-06    1.560759e-05
