7.481787e-06    2.106806e-06    -3.077257e-06    -1.156732e-06    -1.265952e-06    -1.106764e-07    1.511264e-07    -4.570303e-07    -5.188938e-07    4.916194e-07    -1.106085e-06    2.295636e-07    2.289568e-07    -2.872347e-07    6.592773e-07
2.106806e-06    1.494939e-05    6.508715e-06    -2.827156e-06    -5.976005e-06    -3.550887e-06    1.123906e-06    -1.333328e-07    -4.42485e-06    3.36049e-06    -3.479413e-06    -3.148168e-07    3.597332e-07    -2.065441e-06    3.025933e-06
-3.077257e-06    6.508715e-06    1.065716e-05    1.27674e-06    -6.33017e-06    -2.576548e-06    -4.494292e-07    -1.14388e-06    -2.670304e-06    3.567937e-06    -1.851258e-06    -4.931585e-07    -4.420635e-07    -2.244731e-06    2.555771e-06
-1.156732e-06    -2.827156e-06    1.27674e-06    7.010674e-06    -2.997433e-06    8.091561e-07    -1.492824e-06    -2.582849e-06    4.394808e-07    1.802317e-06    -2.086549e-07    -4.507708e-07    6.693549e-08    -5.040467e-07    4.585639e-07
-1.265952e-06    -5.976005e-06    -6.33017e-06    -2.997433e-06    1.015424e-05    1.398546e-06    1.071563e-06    2.770939e-06    2.3093e-06    -3.948614e-06    2.44649e-06    1.156668e-06    2.949626e-07    1.346746e-06    -2.77898e-06
-1.106764e-07    -3.550887e-06    -2.576548e-06    8.091561e-07    1.398546e-06    5.986784e-06    -5.296229e-07    -3.377952e-06    3.889622e-07    -6.078117e-07    6.942115e-07    -1.14653e-07    -6.181023e-08    9.853771e-07    -7.360996e-07
1.511264e-07    1.123906e-06    -4.494292e-07    -1.492824e-06    1.071563e-06    -5.296229e-07    5.636718e-06    8.171368e-07    -3.663831e-06    -6.033849e-07    -5.25311e-07    5.229209e-07    8.752776e-07    2.090645e-07    -5.735021e-07
-4.570303e-07    -1.333328e-07    -1.14388e-06    -2.582849e-06    2.770939e-06    -3.377952e-06    8.171368e-07    7.445097e-06    1.276807e-07    -3.790918e-06    7.347228e-07    9.916516e-07    7.278458e-07    4.342678e-07    -1.755287e-06
-5.188938e-07    -4.42485e-06    -2.670304e-06    4.394808e-07    2.3093e-06    3.889622e-07    -3.663831e-06    1.276807e-07    7.232965e-06    -2.657269e-06    2.147333e-06    2.960369e-07    -2.110987e-07    6.919699e-07    -1.570323e-06
4.916194e-07    3.36049e-06    3.567937e-06    1.802317e-06    -3.948614e-06    -6.078117e-07    -6.033849e-07    -3.790918e-06    -2.657269e-06    6.276715e-06    -1.87461e-06    -7.281537e-07    -9.56287e-07    -1.593184e-06    2.774147e-06
-1.106085e-06    -3.479413e-06    -1.851258e-06    -2.086549e-07    2.44649e-06    6.942115e-07    -5.25311e-07    7.347228e-07    2.147333e-06    -1.87461e-06    6.5356e-06    6.433282e-08    -2.624365e-06    -5.492661e-08    -1.609206e-06
2.295636e-07    -3.148168e-07    -4.931585e-07    -4.507708e-07    1.156668e-06    -1.14653e-07    5.229209e-07    9.916516e-07    2.960369e-07    -7.281537e-07    6.433282e-08    4.854421e-06    8.861192e-08    -2.565194e-06    -5.845262e-07
2.289568e-07    3.597332e-07    -4.420635e-07    6.693549e-08    2.949626e-07    -6.181023e-08    8.752776e-07    7.278458e-07    -2.110987e-07    -9.56287e-07    -2.624365e-06    8.861192e-08    5.30825e-06    1.616607e-08    -2.257114e-06
-2.872347e-07    -2.065441e-06    -2.244731e-06    -5.040467e-07    1.346746e-06    9.853771e-07    2.090645e-07    4.342678e-07    6.919699e-07    -1.593184e-06    -5.492661e-08    -2.565194e-06    1.616607e-08    5.347355e-06    -1.947457e-06
6.592773e-07    3.025933e-06    2.555771e-06    4.585639e-07    -2.77898e-06    -7.360996e-07    -5.735021e-07    -1.755287e-06    -1.570323e-06    2.774147e-06    -1.609206e-06    -5.845262e-07    -2.257114e-06    -1.947457e-06    5.212614e-06
