5.986784e-06    -5.296229e-07    -3.377952e-06    3.889622e-07    -6.078117e-07    6.942115e-07    -1.14653e-07    -6.181023e-08    9.853771e-07    -7.360996e-07    8.714501e-07    -2.161988e-06    -1.24645e-06    1.175527e-06    6.946128e-07
-5.296229e-07    5.636718e-06    8.171368e-07    -3.663831e-06    -6.033849e-07    -5.25311e-07    5.229209e-07    8.752776e-07    2.090645e-07    -5.735021e-07    -4.387824e-07    -7.281179e-07    -7.357329e-07    -1.17883e-07    1.051383e-06
-3.377952e-06    8.171368e-07    7.445097e-06    1.276807e-07    -3.790918e-06    7.347228e-07    9.916516e-07    7.278458e-07    4.342678e-07    -1.755287e-06    4.135147e-07    -3.601142e-06    -1.858095e-06    1.139145e-06    1.307232e-06
3.889622e-07    -3.663831e-06    1.276807e-07    7.232965e-06    -2.657269e-06    2.147333e-06    2.960369e-07    -2.110987e-07    6.919699e-07    -1.570323e-06    2.33041e-06    -3.927414e-06    -3.041446e-06    2.194088e-06    8.789336e-07
-6.078117e-07    -6.033849e-07    -3.790918e-06    -2.657269e-06    6.276715e-06    -1.87461e-06    -7.281537e-07    -9.56287e-07    -1.593184e-06    2.774147e-06    -2.101011e-06    5.782446e-06    3.919613e-06    -2.522087e-06    -1.939123e-06
6.942115e-07    -5.25311e-07    7.347228e-07    2.147333e-06    -1.87461e-06    6.5356e-06    6.433282e-08    -2.624365e-06    -5.492661e-08    -1.609206e-06    2.29237e-06    -3.85475e-06    -2.977517e-06    2.162701e-06    6.455714e-07
-1.14653e-07    5.229209e-07    9.916516e-07    2.960369e-07    -7.281537e-07    6.433282e-08    4.854421e-06    8.861192e-08    -2.565194e-06    -5.845262e-07    -9.98701e-08    -1.444244e-06    -1.156975e-06    1.306323e-07    1.196463e-06
-6.181023e-08    8.752776e-07    7.278458e-07    -2.110987e-07    -9.56287e-07    -2.624365e-06    8.861192e-08    5.30825e-06    1.616607e-08    -2.257114e-06    4.800936e-07    -6.31875e-07    -1.383408e-06    -3.803827e-07    1.216242e-06
9.853771e-07    2.090645e-07    4.342678e-07    6.919699e-07    -1.593184e-06    -5.492661e-08    -2.565194e-06    1.616607e-08    5.347355e-06    -1.947457e-06    9.508425e-07    -2.577663e-06    -1.459559e-06    1.567906e-06    6.038311e-07
-7.360996e-07    -5.735021e-07    -1.755287e-06    -1.570323e-06    2.774147e-06    -1.609206e-06    -5.845262e-07    -2.257114e-06    -1.947457e-06    5.212614e-06    -2.032108e-06    4.609792e-06    3.583203e-06    -1.774309e-06    -1.702714e-06
8.714501e-07    -4.387824e-07    4.135147e-07    2.33041e-06    -2.101011e-06    2.29237e-06    -9.98701e-08    4.800936e-07    9.508425e-07    -2.032108e-06    7.847485e-06    -2.629038e-06    -6.800047e-06    1.485388e-06    6.371722e-07
-2.161988e-06    -7.281179e-07    -3.601142e-06    -3.927414e-06    5.782446e-06    -3.85475e-06    -1.444244e-06    -6.31875e-07    -2.577663e-06    4.609792e-06    -2.629038e-06    1.568834e-05    3.959506e-06    -7.645079e-06    -1.579401e-06
-1.24645e-06    -7.357329e-07    -1.858095e-06    -3.041446e-06    3.919613e-06    -2.977517e-06    -1.156975e-06    -1.383408e-06    -1.459559e-06    3.583203e-06    -6.800047e-06    3.959506e-06    1.179055e-05    -2.385329e-06    -4.950616e-06
1.175527e-06    -1.17883e-07    1.139145e-06    2.194088e-06    -2.522087e-06    2.162701e-06    1.306323e-07    -3.803827e-07    1.567906e-06    -1.774309e-06    1.485388e-06    -7.645079e-06    -2.385329e-06    7.302858e-06    -6.247371e-07
6.946128e-07    1.051383e-06    1.307232e-06    8.789336e-07    -1.939123e-06    6.455714e-07    1.196463e-06    1.216242e-06    6.038311e-07    -1.702714e-06    6.371722e-07    -1.579401e-06    -4.950616e-06    -6.247371e-07    6.513323e-06
