6.5356e-06    6.433282e-08    -2.624365e-06    -5.492661e-08    -1.609206e-06    3.258972e-07    2.601461e-06    2.95204e-06    -4.382913e-07    -2.135296e-06
6.433282e-08    4.854421e-06    8.861192e-08    -2.565194e-06    -5.845262e-07    -4.94869e-07    1.386634e-06    4.09985e-07    -6.749297e-07    -1.520258e-07
-2.624365e-06    8.861192e-08    5.30825e-06    1.616607e-08    -2.257114e-06    -4.093811e-07    -5.597955e-09    8.647332e-07    -6.446586e-08    -4.776695e-07
-5.492661e-08    -2.565194e-06    1.616607e-08    5.347355e-06    -1.947457e-06    -7.532459e-07    2.259569e-06    2.894362e-06    -5.373401e-07    -1.997578e-06
-1.609206e-06    -5.845262e-07    -2.257114e-06    -1.947457e-06    5.212614e-06    4.884439e-07    -3.356883e-06    -3.928438e-06    1.315664e-06    2.609017e-06
3.258972e-07    -4.94869e-07    -4.093811e-07    -7.532459e-07    4.884439e-07    1.368263e-05    -3.141831e-06    -1.240488e-05    2.116482e-06    1.522131e-06
2.601461e-06    1.386634e-06    -5.597955e-09    2.259569e-06    -3.356883e-06    -3.141831e-06    2.809659e-05    5.667185e-06    -1.568886e-05    -2.889295e-06
2.95204e-06    4.09985e-07    8.647332e-07    2.894362e-06    -3.928438e-06    -1.240488e-05    5.667185e-06    2.575876e-05    -2.687036e-06    -1.071542e-05
-4.382913e-07    -6.749297e-07    -6.446586e-08    -5.373401e-07    1.315664e-06    2.116482e-06    -1.568886e-05    -2.687036e-06    1.603499e-05    -2.890706e-06
-2.135296e-06    -1.520258e-07    -4.776695e-07    -1.997578e-06    2.609017e-06    1.522131e-06    -2.889295e-06    -1.071542e-05    -2.890706e-06    1.124191e-05
