1    -0.1056302    -0.5090539    0.06912975    -0.1068795    0.4317841    -0.1499418    -0.2882687    -0.08383467    0.1508899    0.1165652    -0.2141002    -0.2810521    0.00935696    0.3137347    0.08607833    0.2163381    0.1218876    -0.02367345    -0.2741143
-0.1056302    1    0.1359468    -0.5457157    -0.1184161    -0.1297722    -0.05038905    -0.06093436    -0.07037051    0.2151238    0.03116147    0.2083824    0.08790326    -0.1725037    -0.1477273    0.03113645    0.01643177    -0.06550866    0.01640593    0.0205305
-0.5090539    0.1359468    1    0.005684328    -0.5467107    -0.08104219    9.673263e-05    -0.2125232    -0.02145361    0.1754812    -0.1951584    -0.02124972    0.1793627    0.0204499    -0.06814039    -0.05825859    0.1342722    0.1026209    -0.1251595    0.008623392
0.06912975    -0.5457157    0.005684328    1    -0.3967013    0.4182682    -0.1126791    -0.3637015    0.07883985    -0.06828422    -0.03707413    -0.4006847    -0.1985797    0.2370174    0.3145381    -0.2312693    0.2963393    0.3801397    -0.1595258    -0.2389631
-0.1068795    -0.1184161    -0.5467107    -0.3967013    1    -0.3407278    0.1597495    0.5744967    -0.001973107    -0.2535302    0.04500665    0.2548651    0.1140047    -0.07313813    -0.2189341    0.08066686    -0.3489121    -0.3068449    0.1452705    0.3203642
0.4317841    -0.1297722    -0.08104219    0.4182682    -0.3407278    1    -0.06220697    -0.7892314    -0.1394568    0.06121272    0.1416945    -0.5356103    -0.5102407    0.2053387    0.5925553    -0.1340429    0.4202832    0.4422082    -0.1248784    -0.4647977
-0.1499418    -0.05038905    9.673263e-05    -0.1126791    0.1597495    -0.06220697    1    -0.09514101    -0.517768    0.1249409    -0.02360356    0.01411927    -0.001194597    -0.02411431    0.02553304    -0.0795051    -0.05584671    0.0314717    -0.06895058    0.1021881
-0.2882687    -0.06093436    -0.2125232    -0.3637015    0.5744967    -0.7892314    -0.09514101    1    0.113711    -0.3384456    -0.1524585    0.4732933    0.4538357    -0.1894376    -0.5118369    0.1331181    -0.4325661    -0.4679697    0.1131548    0.5084817
-0.08383467    -0.07037051    -0.02145361    0.07883985    -0.001973107    -0.1394568    -0.517768    0.113711    1    -0.4318813    0.05173442    0.03416759    0.01790451    0.09350005    -0.09369879    0.07095258    -0.1708299    -0.1085038    0.1295106    0.02983932
0.1508899    0.2151238    0.1754812    -0.06828422    -0.2535302    0.06121272    0.1249409    -0.3384456    -0.4318813    1    -0.01379679    0.09326349    0.09723086    -0.1156025    -0.08566865    0.1089552    0.07539931    -0.05418722    0.02755308    -0.03693667
0.1165652    0.03116147    -0.1951584    -0.03707413    0.04500665    0.1416945    -0.02360356    -0.1524585    0.05173442    -0.01379679    1    -0.07341763    -0.6190925    0.001420208    0.1189501    0.07851957    -0.05764444    0.01468579    0.2037688    -0.1848522
-0.2141002    0.2083824    -0.02124972    -0.4006847    0.2548651    -0.5356103    0.01411927    0.4732933    0.03416759    0.09326349    -0.07341763    1    0.3500543    -0.6650351    -0.5111754    0.1987493    -0.486395    -0.518381    0.1762721    0.5065175
-0.2810521    0.08790326    0.1793627    -0.1985797    0.1140047    -0.5102407    -0.001194597    0.4538357    0.01790451    0.09723086    -0.6190925    0.3500543    1    -0.160647    -0.7130452    0.07844155    -0.3394932    -0.3757642    0.02953477    0.4884455
0.00935696    -0.1725037    0.0204499    0.2370174    -0.07313813    0.2053387    -0.02411431    -0.1894376    0.09350005    -0.1156025    0.001420208    -0.6650351    -0.160647    1    0.02807084    -0.1509705    0.1164892    0.2547966    -0.01259306    -0.2477716
0.3137347    -0.1477273    -0.06814039    0.3145381    -0.2189341    0.5925553    0.02553304    -0.5118369    -0.09369879    -0.08566865    0.1189501    -0.5111754    -0.7130452    0.02807084    1    -0.1485725    0.5309089    0.5092836    -0.206855    -0.5247973
0.08607833    0.03113645    -0.05825859    -0.2312693    0.08066686    -0.1340429    -0.0795051    0.1331181    0.07095258    0.1089552    0.07851957    0.1987493    0.07844155    -0.1509705    -0.1485725    1    -0.2099838    -0.639589    0.2021948    0.148635
0.2163381    0.01643177    0.1342722    0.2963393    -0.3489121    0.4202832    -0.05584671    -0.4325661    -0.1708299    0.07539931    -0.05764444    -0.486395    -0.3394932    0.1164892    0.5309089    -0.2099838    1    0.2976746    -0.6280262    -0.2447407
0.1218876    -0.06550866    0.1026209    0.3801397    -0.3068449    0.4422082    0.0314717    -0.4679697    -0.1085038    -0.05418722    0.01468579    -0.518381    -0.3757642    0.2547966    0.5092836    -0.639589    0.2976746    1    -0.2405214    -0.6202122
-0.02367345    0.01640593    -0.1251595    -0.1595258    0.1452705    -0.1248784    -0.06895058    0.1131548    0.1295106    0.02755308    0.2037688    0.1762721    0.02953477    -0.01259306    -0.206855    0.2021948    -0.6280262    -0.2405214    1    -0.2275061
-0.2741143    0.0205305    0.008623392    -0.2389631    0.3203642    -0.4647977    0.1021881    0.5084817    0.02983932    -0.03693667    -0.1848522    0.5065175    0.4884455    -0.2477716    -0.5247973    0.148635    -0.2447407    -0.6202122    -0.2275061    1
