1    -0.1056302    -0.5090539    0.06912975    -0.1068795    -0.06704162    0.1567483    0.177213    -0.1998364    -0.298239    0.1165652    -0.2141002    -0.2810521    0.00935696    0.3137347    0.08607833    0.2163381    0.1218876    -0.02367345    -0.2741143    -0.03890699    0.07488385    0.1299899    -0.06782346    -0.03290798
-0.1056302    1    0.1359468    -0.5457157    -0.1184161    0.137926    -0.2731966    -0.09077962    0.2099248    0.2040438    0.03116147    0.2083824    0.08790326    -0.1725037    -0.1477273    0.03113645    0.01643177    -0.06550866    0.01640593    0.0205305    0.03717639    -0.1192023    -0.07582382    0.1432907    -0.07118369
-0.5090539    0.1359468    1    0.005684328    -0.5467107    -0.005828946    -0.2030382    -0.06507898    0.2691314    0.1062177    -0.1951584    -0.02124972    0.1793627    0.0204499    -0.06814039    -0.05825859    0.1342722    0.1026209    -0.1251595    0.008623392    0.07919671    -0.1598471    -0.1800975    0.1842635    -0.008542975
0.06912975    -0.5457157    0.005684328    1    -0.3967013    -0.1460005    0.2484205    0.1063482    -0.1102741    -0.33113    -0.03707413    -0.4006847    -0.1985797    0.2370174    0.3145381    -0.2312693    0.2963393    0.3801397    -0.1595258    -0.2389631    -0.0953467    0.1792807    0.1588837    -0.2204614    0.03804891
-0.1068795    -0.1184161    -0.5467107    -0.3967013    1    0.004326491    0.06145961    -0.02579005    -0.1460549    0.1874128    0.04500665    0.2548651    0.1140047    -0.07313813    -0.2189341    0.08066686    -0.3489121    -0.3068449    0.1452705    0.3203642    -0.02401192    -0.003154525    0.05668806    -0.04045995    -0.03279113
-0.06704162    0.137926    -0.005828946    -0.1460005    0.004326491    1    -0.3594829    -0.5702683    0.2343407    0.2264468    0.01127638    0.4953123    0.3563401    -0.1713523    -0.5203948    0.196965    -0.4929025    -0.3861715    0.2489393    0.3195374    -0.04144614    -0.01635906    -0.1070501    -0.02361579    0.1939621
0.1567483    -0.2731966    -0.2030382    0.2484205    0.06145961    -0.3594829    1    -0.175771    -0.3437631    -0.05963109    0.03286915    -0.4215552    -0.2477723    0.3026066    0.2970888    -0.1711589    0.2081352    0.3156481    -0.07518721    -0.2568144    -0.09302178    0.2106499    0.2321392    -0.2301049    -0.03050632
0.177213    -0.09077962    -0.06507898    0.1063482    -0.02579005    -0.5702683    -0.175771    1    -0.4582405    -0.7041022    0.1122553    -0.4137304    -0.4884665    0.02200751    0.6037161    -0.04257343    0.4555816    0.2735243    -0.2100433    -0.3243698    0.08253731    -0.02684084    0.04625202    0.02805658    -0.1451585
-0.1998364    0.2099248    0.2691314    -0.1102741    -0.1460549    0.2343407    -0.3437631    -0.4582405    1    0.3417084    -0.03977119    0.2438768    0.3120374    0.03545383    -0.4029335    -0.07783319    -0.2368211    -0.1254074    0.07038444    0.2237554    -0.01416203    -0.08161883    -0.1263849    0.04239556    0.09032324
-0.298239    0.2040438    0.1062177    -0.33113    0.1874128    0.2264468    -0.05963109    -0.7041022    0.3417084    1    -0.1712841    0.5034865    0.5339874    -0.1573144    -0.6068742    0.08982637    -0.3851845    -0.3486374    0.1656117    0.3504512    0.04214031    -0.1344219    -0.1479332    0.2133202    0.006344379
0.1165652    0.03116147    -0.1951584    -0.03707413    0.04500665    0.01127638    0.03286915    0.1122553    -0.03977119    -0.1712841    1    -0.07341763    -0.6190925    0.001420208    0.1189501    0.07851957    -0.05764444    0.01468579    0.2037688    -0.1848522    0.05200964    0.04898701    0.0393561    -0.06340906    -0.02532299
-0.2141002    0.2083824    -0.02124972    -0.4006847    0.2548651    0.4953123    -0.4215552    -0.4137304    0.2438768    0.5034865    -0.07341763    1    0.3500543    -0.6650351    -0.5111754    0.1987493    -0.486395    -0.518381    0.1762721    0.5065175    0.001862114    -0.1446135    -0.1840784    0.1647496    0.06756434
-0.2810521    0.08790326    0.1793627    -0.1985797    0.1140047    0.3563401    -0.2477723    -0.4884665    0.3120374    0.5339874    -0.6190925    0.3500543    1    -0.160647    -0.7130452    0.07844155    -0.3394932    -0.3757642    0.02953477    0.4884455    -0.03581762    -0.1642292    -0.1711828    0.1626961    0.124182
0.00935696    -0.1725037    0.0204499    0.2370174    -0.07313813    -0.1713523    0.3026066    0.02200751    0.03545383    -0.1573144    0.001420208    -0.6650351    -0.160647    1    0.02807084    -0.1509705    0.1164892    0.2547966    -0.01259306    -0.2477716    -0.007040767    0.06035204    0.08954229    -0.1272496    0.06159608
0.3137347    -0.1477273    -0.06814039    0.3145381    -0.2189341    -0.5203948    0.2970888    0.6037161    -0.4029335    -0.6068742    0.1189501    -0.5111754    -0.7130452    0.02807084    1    -0.1485725    0.5309089    0.5092836    -0.206855    -0.5247973    0.0189073    0.1688785    0.1896656    -0.1402554    -0.1674465
0.08607833    0.03113645    -0.05825859    -0.2312693    0.08066686    0.196965    -0.1711589    -0.04257343    -0.07783319    0.08982637    0.07851957    0.1987493    0.07844155    -0.1509705    -0.1485725    1    -0.2099838    -0.639589    0.2021948    0.148635    -0.0451832    -0.299509    -0.05310489    0.4172732    -0.07354996
0.2163381    0.01643177    0.1342722    0.2963393    -0.3489121    -0.4929025    0.2081352    0.4555816    -0.2368211    -0.3851845    -0.05764444    -0.486395    -0.3394932    0.1164892    0.5309089    -0.2099838    1    0.2976746    -0.6280262    -0.2447407    -0.1535634    0.03302344    0.3044058    0.06418904    -0.2810628
0.1218876    -0.06550866    0.1026209    0.3801397    -0.3068449    -0.3861715    0.3156481    0.2735243    -0.1254074    -0.3486374    0.01468579    -0.518381    -0.3757642    0.2547966    0.5092836    -0.639589    0.2976746    1    -0.2405214    -0.6202122    -0.004120368    0.3449057    0.2246246    -0.2779021    -0.1539613
-0.02367345    0.01640593    -0.1251595    -0.1595258    0.1452705    0.2489393    -0.07518721    -0.2100433    0.07038444    0.1656117    0.2037688    0.1762721    0.02953477    -0.01259306    -0.206855    0.2021948    -0.6280262    -0.2405214    1    -0.2275061    0.4508797    0.08108627    -0.3169755    -0.1078223    0.0864733
-0.2741143    0.0205305    0.008623392    -0.2389631    0.3203642    0.3195374    -0.2568144    -0.3243698    0.2237554    0.3504512    -0.1848522    0.5065175    0.4884455    -0.2477716    -0.5247973    0.148635    -0.2447407    -0.6202122    -0.2275061    1    -0.2224524    -0.3157901    -0.09563568    0.1546954    0.03679043
-0.03890699    0.03717639    0.07919671    -0.0953467    -0.02401192    -0.04144614    -0.09302178    0.08253731    -0.01416203    0.04214031    0.05200964    0.001862114    -0.03581762    -0.007040767    0.0189073    -0.0451832    -0.1535634    -0.004120368    0.4508797    -0.2224524    1    0.01044061    -0.785367    -0.05049712    0.2023296
0.07488385    -0.1192023    -0.1598471    0.1792807    -0.003154525    -0.01635906    0.2106499    -0.02684084    -0.08161883    -0.1344219    0.04898701    -0.1446135    -0.1642292    0.06035204    0.1688785    -0.299509    0.03302344    0.3449057    0.08108627    -0.3157901    0.01044061    1    0.1795338    -0.8060869    0.1746387
0.1299899    -0.07582382    -0.1800975    0.1588837    0.05668806    -0.1070501    0.2321392    0.04625202    -0.1263849    -0.1479332    0.0393561    -0.1840784    -0.1711828    0.08954229    0.1896656    -0.05310489    0.3044058    0.2246246    -0.3169755    -0.09563568    -0.785367    0.1795338    1    -0.05741289    -0.518797
-0.06782346    0.1432907    0.1842635    -0.2204614    -0.04045995    -0.02361579    -0.2301049    0.02805658    0.04239556    0.2133202    -0.06340906    0.1647496    0.1626961    -0.1272496    -0.1402554    0.4172732    0.06418904    -0.2779021    -0.1078223    0.1546954    -0.05049712    -0.8060869    -0.05741289    1    -0.4833687
-0.03290798    -0.07118369    -0.008542975    0.03804891    -0.03279113    0.1939621    -0.03050632    -0.1451585    0.09032324    0.006344379    -0.02532299    0.06756434    0.124182    0.06159608    -0.1674465    -0.07354996    -0.2810628    -0.1539613    0.0864733    0.03679043    0.2023296    0.1746387    -0.518797    -0.4833687    1
