1    -0.1056302    -0.5090539    0.06912975    -0.1068795    0.1165652    -0.2141002    -0.2810521    0.00935696    0.3137347    0.08607833    0.2163381    0.1218876    -0.02367345    -0.2741143    0.03806252    0.1790655    0.1255082    -0.09244161    -0.2047413
-0.1056302    1    0.1359468    -0.5457157    -0.1184161    0.03116147    0.2083824    0.08790326    -0.1725037    -0.1477273    0.03113645    0.01643177    -0.06550866    0.01640593    0.0205305    0.09903142    -0.06865236    -0.07707969    -0.005847995    -0.01354381
-0.5090539    0.1359468    1    0.005684328    -0.5467107    -0.1951584    -0.02124972    0.1793627    0.0204499    -0.06814039    -0.05825859    0.1342722    0.1026209    -0.1251595    0.008623392    0.1895215    -0.1150143    0.03993097    0.08578483    -0.1979443
0.06912975    -0.5457157    0.005684328    1    -0.3967013    -0.03707413    -0.4006847    -0.1985797    0.2370174    0.3145381    -0.2312693    0.2963393    0.3801397    -0.1595258    -0.2389631    -0.02418661    0.2484738    0.2765554    -0.09643284    -0.2865166
-0.1068795    -0.1184161    -0.5467107    -0.3967013    1    0.04500665    0.2548651    0.1140047    -0.07313813    -0.2189341    0.08066686    -0.3489121    -0.3068449    0.1452705    0.3203642    -0.1101628    -0.1414747    -0.2507107    0.006513773    0.4376519
0.1165652    0.03116147    -0.1951584    -0.03707413    0.04500665    1    -0.07341763    -0.6190925    0.001420208    0.1189501    0.07851957    -0.05764444    0.01468579    0.2037688    -0.1848522    -0.09722899    0.01450225    0.04811225    0.1093409    -0.09365361
-0.2141002    0.2083824    -0.02124972    -0.4006847    0.2548651    -0.07341763    1    0.3500543    -0.6650351    -0.5111754    0.1987493    -0.486395    -0.518381    0.1762721    0.5065175    -0.07935029    -0.3737672    -0.3487772    0.1791955    0.5110379
-0.2810521    0.08790326    0.1793627    -0.1985797    0.1140047    -0.6190925    0.3500543    1    -0.160647    -0.7130452    0.07844155    -0.3394932    -0.3757642    0.02953477    0.4884455    0.01895662    -0.3248658    -0.3639516    0.1090675    0.4797241
0.00935696    -0.1725037    0.0204499    0.2370174    -0.07313813    0.001420208    -0.6650351    -0.160647    1    0.02807084    -0.1509705    0.1164892    0.2547966    -0.01259306    -0.2477716    -0.0454772    0.1204008    0.1328199    -0.002224857    -0.1715571
0.3137347    -0.1477273    -0.06814039    0.3145381    -0.2189341    0.1189501    -0.5111754    -0.7130452    0.02807084    1    -0.1485725    0.5309089    0.5092836    -0.206855    -0.5247973    0.07509719    0.4179306    0.4241776    -0.2229443    -0.5784414
0.08607833    0.03113645    -0.05825859    -0.2312693    0.08066686    0.07851957    0.1987493    0.07844155    -0.1509705    -0.1485725    1    -0.2099838    -0.639589    0.2021948    0.148635    0.04781474    -0.2088851    -0.1395838    0.2387938    0.06913171
0.2163381    0.01643177    0.1342722    0.2963393    -0.3489121    -0.05764444    -0.486395    -0.3394932    0.1164892    0.5309089    -0.2099838    1    0.2976746    -0.6280262    -0.2447407    0.1617192    0.2802645    0.2271709    -0.2999532    -0.3852976
0.1218876    -0.06550866    0.1026209    0.3801397    -0.3068449    0.01468579    -0.518381    -0.3757642    0.2547966    0.5092836    -0.639589    0.2976746    1    -0.2405214    -0.6202122    -0.02860273    0.3125755    0.288282    -0.284064    -0.3151221
-0.02367345    0.01640593    -0.1251595    -0.1595258    0.1452705    0.2037688    0.1762721    0.02953477    -0.01259306    -0.206855    0.2021948    -0.6280262    -0.2405214    1    -0.2275061    -0.1296728    -0.1860809    -0.09989825    0.237168    0.1588193
-0.2741143    0.0205305    0.008623392    -0.2389631    0.3203642    -0.1848522    0.5065175    0.4884455    -0.2477716    -0.5247973    0.148635    -0.2447407    -0.6202122    -0.2275061    1    0.06738316    -0.2267224    -0.2758775    0.1636665    0.3369682
0.03806252    0.09903142    0.1895215    -0.02418661    -0.1101628    -0.09722899    -0.07935029    0.01895662    -0.0454772    0.07509719    0.04781474    0.1617192    -0.02860273    -0.1296728    0.06738316    1    -0.1695333    -0.5201249    0.02960654    -0.1103101
0.1790655    -0.06865236    -0.1150143    0.2484738    -0.1414747    0.01450225    -0.3737672    -0.3248658    0.1204008    0.4179306    -0.2088851    0.2802645    0.3125755    -0.1860809    -0.2267224    -0.1695333    1    0.31856    -0.6899216    -0.2298555
0.1255082    -0.07707969    0.03993097    0.2765554    -0.2507107    0.04811225    -0.3487772    -0.3639516    0.1328199    0.4241776    -0.1395838    0.2271709    0.288282    -0.09989825    -0.2758775    -0.5201249    0.31856    1    -0.1292416    -0.6212203
-0.09244161    -0.005847995    0.08578483    -0.09643284    0.006513773    0.1093409    0.1791955    0.1090675    -0.002224857    -0.2229443    0.2387938    -0.2999532    -0.284064    0.237168    0.1636665    0.02960654    -0.6899216    -0.1292416    1    -0.1871279
-0.2047413    -0.01354381    -0.1979443    -0.2865166    0.4376519    -0.09365361    0.5110379    0.4797241    -0.1715571    -0.5784414    0.06913171    -0.3852976    -0.3151221    0.1588193    0.3369682    -0.1103101    -0.2298555    -0.6212203    -0.1871279    1
