1    -0.1056302    -0.5090539    0.06912975    -0.1068795    0.1093832    0.1400912    0.08895976    0.2290403    -0.2174891    0.1165652    -0.2141002    -0.2810521    0.00935696    0.3137347    0.08607833    0.2163381    0.1218876    -0.02367345    -0.2741143    -0.03890699    0.07488385    0.1299899    -0.06782346    -0.03290798
-0.1056302    1    0.1359468    -0.5457157    -0.1184161    -0.2029894    -0.1684519    -0.05140932    -0.09998262    0.2215192    0.03116147    0.2083824    0.08790326    -0.1725037    -0.1477273    0.03113645    0.01643177    -0.06550866    0.01640593    0.0205305    0.03717639    -0.1192023    -0.07582382    0.1432907    -0.07118369
-0.5090539    0.1359468    1    0.005684328    -0.5467107    -0.1103572    -0.04300242    -0.05364766    -0.2860138    0.3097684    -0.1951584    -0.02124972    0.1793627    0.0204499    -0.06814039    -0.05825859    0.1342722    0.1026209    -0.1251595    0.008623392    0.07919671    -0.1598471    -0.1800975    0.1842635    -0.008542975
0.06912975    -0.5457157    0.005684328    1    -0.3967013    0.2095261    0.1343714    0.04511953    0.05137055    -0.1358798    -0.03707413    -0.4006847    -0.1985797    0.2370174    0.3145381    -0.2312693    0.2963393    0.3801397    -0.1595258    -0.2389631    -0.0953467    0.1792807    0.1588837    -0.2204614    0.03804891
-0.1068795    -0.1184161    -0.5467107    -0.3967013    1    -0.06850561    -0.03525042    0.09027972    0.07645936    -0.1481682    0.04500665    0.2548651    0.1140047    -0.07313813    -0.2189341    0.08066686    -0.3489121    -0.3068449    0.1452705    0.3203642    -0.02401192    -0.003154525    0.05668806    -0.04045995    -0.03279113
0.1093832    -0.2029894    -0.1103572    0.2095261    -0.06850561    1    0.198067    -0.4225725    0.07146314    -0.186491    0.2068762    -0.3302214    -0.4073341    0.212977    0.3682442    -0.06562418    0.1332762    0.2485323    -0.02476711    -0.2772335    0.01583293    0.1338123    0.0477652    -0.1592029    0.04421949
0.1400912    -0.1684519    -0.04300242    0.1343714    -0.03525042    0.198067    1    0.2538809    -0.3854224    -0.1678645    -0.03085347    -0.3865439    -0.3310571    -0.002365203    0.5134462    -0.07568051    0.4426271    0.2606962    -0.273031    -0.2030704    0.02059278    0.01827175    0.07303536    -0.007256017    -0.1207018
0.08895976    -0.05140932    -0.05364766    0.04511953    0.09027972    -0.4225725    0.2538809    1    0.0678435    -0.472596    -0.1263303    -0.2483424    -0.1359049    0.007292508    0.3043207    -0.08983545    0.3668023    0.2076518    -0.2030094    -0.1878126    0.003289455    -0.02435079    0.118167    0.07717687    -0.2089083
0.2290403    -0.09998262    -0.2860138    0.05137055    0.07645936    0.07146314    -0.3854224    0.0678435    1    -0.5213228    0.2545846    -0.1696128    -0.2652682    0.1403264    0.1595474    0.01969626    0.02936045    0.09048406    0.1440648    -0.26344    0.007044219    0.1202815    0.1252807    -0.107563    -0.05690554
-0.2174891    0.2215192    0.3097684    -0.1358798    -0.1481682    -0.186491    -0.1678645    -0.472596    -0.5213228    1    -0.1556062    0.4250642    0.4373965    -0.2135667    -0.4694145    0.09979201    -0.3025095    -0.3210395    0.06600211    0.4098862    -0.008707845    -0.1018521    -0.2046732    0.06815588    0.1734817
0.1165652    0.03116147    -0.1951584    -0.03707413    0.04500665    0.2068762    -0.03085347    -0.1263303    0.2545846    -0.1556062    1    -0.07341763    -0.6190925    0.001420208    0.1189501    0.07851957    -0.05764444    0.01468579    0.2037688    -0.1848522    0.05200964    0.04898701    0.0393561    -0.06340906    -0.02532299
-0.2141002    0.2083824    -0.02124972    -0.4006847    0.2548651    -0.3302214    -0.3865439    -0.2483424    -0.1696128    0.4250642    -0.07341763    1    0.3500543    -0.6650351    -0.5111754    0.1987493    -0.486395    -0.518381    0.1762721    0.5065175    0.001862114    -0.1446135    -0.1840784    0.1647496    0.06756434
-0.2810521    0.08790326    0.1793627    -0.1985797    0.1140047    -0.4073341    -0.3310571    -0.1359049    -0.2652682    0.4373965    -0.6190925    0.3500543    1    -0.160647    -0.7130452    0.07844155    -0.3394932    -0.3757642    0.02953477    0.4884455    -0.03581762    -0.1642292    -0.1711828    0.1626961    0.124182
0.00935696    -0.1725037    0.0204499    0.2370174    -0.07313813    0.212977    -0.002365203    0.007292508    0.1403264    -0.2135667    0.001420208    -0.6650351    -0.160647    1    0.02807084    -0.1509705    0.1164892    0.2547966    -0.01259306    -0.2477716    -0.007040767    0.06035204    0.08954229    -0.1272496    0.06159608
0.3137347    -0.1477273    -0.06814039    0.3145381    -0.2189341    0.3682442    0.5134462    0.3043207    0.1595474    -0.4694145    0.1189501    -0.5111754    -0.7130452    0.02807084    1    -0.1485725    0.5309089    0.5092836    -0.206855    -0.5247973    0.0189073    0.1688785    0.1896656    -0.1402554    -0.1674465
0.08607833    0.03113645    -0.05825859    -0.2312693    0.08066686    -0.06562418    -0.07568051    -0.08983545    0.01969626    0.09979201    0.07851957    0.1987493    0.07844155    -0.1509705    -0.1485725    1    -0.2099838    -0.639589    0.2021948    0.148635    -0.0451832    -0.299509    -0.05310489    0.4172732    -0.07354996
0.2163381    0.01643177    0.1342722    0.2963393    -0.3489121    0.1332762    0.4426271    0.3668023    0.02936045    -0.3025095    -0.05764444    -0.486395    -0.3394932    0.1164892    0.5309089    -0.2099838    1    0.2976746    -0.6280262    -0.2447407    -0.1535634    0.03302344    0.3044058    0.06418904    -0.2810628
0.1218876    -0.06550866    0.1026209    0.3801397    -0.3068449    0.2485323    0.2606962    0.2076518    0.09048406    -0.3210395    0.01468579    -0.518381    -0.3757642    0.2547966    0.5092836    -0.639589    0.2976746    1    -0.2405214    -0.6202122    -0.004120368    0.3449057    0.2246246    -0.2779021    -0.1539613
-0.02367345    0.01640593    -0.1251595    -0.1595258    0.1452705    -0.02476711    -0.273031    -0.2030094    0.1440648    0.06600211    0.2037688    0.1762721    0.02953477    -0.01259306    -0.206855    0.2021948    -0.6280262    -0.2405214    1    -0.2275061    0.4508797    0.08108627    -0.3169755    -0.1078223    0.0864733
-0.2741143    0.0205305    0.008623392    -0.2389631    0.3203642    -0.2772335    -0.2030704    -0.1878126    -0.26344    0.4098862    -0.1848522    0.5065175    0.4884455    -0.2477716    -0.5247973    0.148635    -0.2447407    -0.6202122    -0.2275061    1    -0.2224524    -0.3157901    -0.09563568    0.1546954    0.03679043
-0.03890699    0.03717639    0.07919671    -0.0953467    -0.02401192    0.01583293    0.02059278    0.003289455    0.007044219    -0.008707845    0.05200964    0.001862114    -0.03581762    -0.007040767    0.0189073    -0.0451832    -0.1535634    -0.004120368    0.4508797    -0.2224524    1    0.01044061    -0.785367    -0.05049712    0.2023296
0.07488385    -0.1192023    -0.1598471    0.1792807    -0.003154525    0.1338123    0.01827175    -0.02435079    0.1202815    -0.1018521    0.04898701    -0.1446135    -0.1642292    0.06035204    0.1688785    -0.299509    0.03302344    0.3449057    0.08108627    -0.3157901    0.01044061    1    0.1795338    -0.8060869    0.1746387
0.1299899    -0.07582382    -0.1800975    0.1588837    0.05668806    0.0477652    0.07303536    0.118167    0.1252807    -0.2046732    0.0393561    -0.1840784    -0.1711828    0.08954229    0.1896656    -0.05310489    0.3044058    0.2246246    -0.3169755    -0.09563568    -0.785367    0.1795338    1    -0.05741289    -0.518797
-0.06782346    0.1432907    0.1842635    -0.2204614    -0.04045995    -0.1592029    -0.007256017    0.07717687    -0.107563    0.06815588    -0.06340906    0.1647496    0.1626961    -0.1272496    -0.1402554    0.4172732    0.06418904    -0.2779021    -0.1078223    0.1546954    -0.05049712    -0.8060869    -0.05741289    1    -0.4833687
-0.03290798    -0.07118369    -0.008542975    0.03804891    -0.03279113    0.04421949    -0.1207018    -0.2089083    -0.05690554    0.1734817    -0.02532299    0.06756434    0.124182    0.06159608    -0.1674465    -0.07354996    -0.2810628    -0.1539613    0.0864733    0.03679043    0.2023296    0.1746387    -0.518797    -0.4833687    1
