1    -0.1056302    -0.5090539    0.06912975    -0.1068795    0.04702455    -0.0267273    -0.04135537    0.4024888    -0.06666113    0.1165652    -0.2141002    -0.2810521    0.00935696    0.3137347    0.08607833    0.2163381    0.1218876    -0.02367345    -0.2741143    -0.03890699    0.07488385    0.1299899    -0.06782346    -0.03290798
-0.1056302    1    0.1359468    -0.5457157    -0.1184161    -0.4615324    0.2043381    0.3163979    -0.3323609    -0.02576824    0.03116147    0.2083824    0.08790326    -0.1725037    -0.1477273    0.03113645    0.01643177    -0.06550866    0.01640593    0.0205305    0.03717639    -0.1192023    -0.07582382    0.1432907    -0.07118369
-0.5090539    0.1359468    1    0.005684328    -0.5467107    -0.5133632    0.3671944    0.3521369    -0.2985041    -0.1250971    -0.1951584    -0.02124972    0.1793627    0.0204499    -0.06814039    -0.05825859    0.1342722    0.1026209    -0.1251595    0.008623392    0.07919671    -0.1598471    -0.1800975    0.1842635    -0.008542975
0.06912975    -0.5457157    0.005684328    1    -0.3967013    0.0526407    0.191348    -0.01909748    0.2057698    -0.1256655    -0.03707413    -0.4006847    -0.1985797    0.2370174    0.3145381    -0.2312693    0.2963393    0.3801397    -0.1595258    -0.2389631    -0.0953467    0.1792807    0.1588837    -0.2204614    0.03804891
-0.1068795    -0.1184161    -0.5467107    -0.3967013    1    0.5220233    -0.4966433    -0.2970017    -0.008828954    0.2216311    0.04500665    0.2548651    0.1140047    -0.07313813    -0.2189341    0.08066686    -0.3489121    -0.3068449    0.1452705    0.3203642    -0.02401192    -0.003154525    0.05668806    -0.04045995    -0.03279113
0.04702455    -0.4615324    -0.5133632    0.0526407    0.5220233    1    -0.4774775    -0.4538181    0.1378426    0.1167466    0.03993015    0.04422627    -0.009080358    0.06097323    -0.04452411    0.03191581    -0.2661103    -0.149844    0.08531917    0.1657282    -0.01108989    0.07437417    0.04005112    -0.117035    0.08714356
-0.0267273    0.2043381    0.3671944    0.191348    -0.4966433    -0.4774775    1    -0.2704573    -0.27668    0.00682912    0.01297142    -0.22029    -0.122959    0.1214114    0.1560092    -0.1593215    0.2310029    0.3075514    -0.0520871    -0.2738797    0.008365048    0.06243084    0.003988292    -0.05535074    0.003591289
-0.04135537    0.3163979    0.3521369    -0.01909748    -0.2970017    -0.4538181    -0.2704573    1    -0.2854063    -0.3209596    -0.08757216    0.05096477    0.1312683    -0.03881902    -0.08496759    -0.02121337    0.1091181    0.0292429    -0.07041392    0.006745371    -0.01082284    -0.1257204    -0.03931332    0.1092917    -0.01905877
0.4024888    -0.3323609    -0.2985041    0.2057698    -0.008828954    0.1378426    -0.27668    -0.2854063    1    -0.1334371    0.04537493    -0.2902057    -0.3251878    -0.004693973    0.4205299    0.05800028    0.203825    0.08554358    -0.1295012    -0.1161527    -0.03304295    0.07360822    0.07335044    -0.08544213    -0.008461804
-0.06666113    -0.02576824    -0.1250971    -0.1256655    0.2216311    0.1167466    0.00682912    -0.3209596    -0.1334371    1    0.0935558    -0.05977897    -0.1423902    -0.01211667    0.1262607    0.006607309    0.08772347    0.05285874    -0.02063207    -0.101752    0.04310318    0.01453946    0.04464821    0.03016238    -0.130028
0.1165652    0.03116147    -0.1951584    -0.03707413    0.04500665    0.03993015    0.01297142    -0.08757216    0.04537493    0.0935558    1    -0.07341763    -0.6190925    0.001420208    0.1189501    0.07851957    -0.05764444    0.01468579    0.2037688    -0.1848522    0.05200964    0.04898701    0.0393561    -0.06340906    -0.02532299
-0.2141002    0.2083824    -0.02124972    -0.4006847    0.2548651    0.04422627    -0.22029    0.05096477    -0.2902057    -0.05977897    -0.07341763    1    0.3500543    -0.6650351    -0.5111754    0.1987493    -0.486395    -0.518381    0.1762721    0.5065175    0.001862114    -0.1446135    -0.1840784    0.1647496    0.06756434
-0.2810521    0.08790326    0.1793627    -0.1985797    0.1140047    -0.009080358    -0.122959    0.1312683    -0.3251878    -0.1423902    -0.6190925    0.3500543    1    -0.160647    -0.7130452    0.07844155    -0.3394932    -0.3757642    0.02953477    0.4884455    -0.03581762    -0.1642292    -0.1711828    0.1626961    0.124182
0.00935696    -0.1725037    0.0204499    0.2370174    -0.07313813    0.06097323    0.1214114    -0.03881902    -0.004693973    -0.01211667    0.001420208    -0.6650351    -0.160647    1    0.02807084    -0.1509705    0.1164892    0.2547966    -0.01259306    -0.2477716    -0.007040767    0.06035204    0.08954229    -0.1272496    0.06159608
0.3137347    -0.1477273    -0.06814039    0.3145381    -0.2189341    -0.04452411    0.1560092    -0.08496759    0.4205299    0.1262607    0.1189501    -0.5111754    -0.7130452    0.02807084    1    -0.1485725    0.5309089    0.5092836    -0.206855    -0.5247973    0.0189073    0.1688785    0.1896656    -0.1402554    -0.1674465
0.08607833    0.03113645    -0.05825859    -0.2312693    0.08066686    0.03191581    -0.1593215    -0.02121337    0.05800028    0.006607309    0.07851957    0.1987493    0.07844155    -0.1509705    -0.1485725    1    -0.2099838    -0.639589    0.2021948    0.148635    -0.0451832    -0.299509    -0.05310489    0.4172732    -0.07354996
0.2163381    0.01643177    0.1342722    0.2963393    -0.3489121    -0.2661103    0.2310029    0.1091181    0.203825    0.08772347    -0.05764444    -0.486395    -0.3394932    0.1164892    0.5309089    -0.2099838    1    0.2976746    -0.6280262    -0.2447407    -0.1535634    0.03302344    0.3044058    0.06418904    -0.2810628
0.1218876    -0.06550866    0.1026209    0.3801397    -0.3068449    -0.149844    0.3075514    0.0292429    0.08554358    0.05285874    0.01468579    -0.518381    -0.3757642    0.2547966    0.5092836    -0.639589    0.2976746    1    -0.2405214    -0.6202122    -0.004120368    0.3449057    0.2246246    -0.2779021    -0.1539613
-0.02367345    0.01640593    -0.1251595    -0.1595258    0.1452705    0.08531917    -0.0520871    -0.07041392    -0.1295012    -0.02063207    0.2037688    0.1762721    0.02953477    -0.01259306    -0.206855    0.2021948    -0.6280262    -0.2405214    1    -0.2275061    0.4508797    0.08108627    -0.3169755    -0.1078223    0.0864733
-0.2741143    0.0205305    0.008623392    -0.2389631    0.3203642    0.1657282    -0.2738797    0.006745371    -0.1161527    -0.101752    -0.1848522    0.5065175    0.4884455    -0.2477716    -0.5247973    0.148635    -0.2447407    -0.6202122    -0.2275061    1    -0.2224524    -0.3157901    -0.09563568    0.1546954    0.03679043
-0.03890699    0.03717639    0.07919671    -0.0953467    -0.02401192    -0.01108989    0.008365048    -0.01082284    -0.03304295    0.04310318    0.05200964    0.001862114    -0.03581762    -0.007040767    0.0189073    -0.0451832    -0.1535634    -0.004120368    0.4508797    -0.2224524    1    0.01044061    -0.785367    -0.05049712    0.2023296
0.07488385    -0.1192023    -0.1598471    0.1792807    -0.003154525    0.07437417    0.06243084    -0.1257204    0.07360822    0.01453946    0.04898701    -0.1446135    -0.1642292    0.06035204    0.1688785    -0.299509    0.03302344    0.3449057    0.08108627    -0.3157901    0.01044061    1    0.1795338    -0.8060869    0.1746387
0.1299899    -0.07582382    -0.1800975    0.1588837    0.05668806    0.04005112    0.003988292    -0.03931332    0.07335044    0.04464821    0.0393561    -0.1840784    -0.1711828    0.08954229    0.1896656    -0.05310489    0.3044058    0.2246246    -0.3169755    -0.09563568    -0.785367    0.1795338    1    -0.05741289    -0.518797
-0.06782346    0.1432907    0.1842635    -0.2204614    -0.04045995    -0.117035    -0.05535074    0.1092917    -0.08544213    0.03016238    -0.06340906    0.1647496    0.1626961    -0.1272496    -0.1402554    0.4172732    0.06418904    -0.2779021    -0.1078223    0.1546954    -0.05049712    -0.8060869    -0.05741289    1    -0.4833687
-0.03290798    -0.07118369    -0.008542975    0.03804891    -0.03279113    0.08714356    0.003591289    -0.01905877    -0.008461804    -0.130028    -0.02532299    0.06756434    0.124182    0.06159608    -0.1674465    -0.07354996    -0.2810628    -0.1539613    0.0864733    0.03679043    0.2023296    0.1746387    -0.518797    -0.4833687    1
