1    0.1120652    -0.3681135    -0.001060997    -0.08082685    0.154507    -0.1844577    -0.1810837    0.179637    0.1173392    -0.1164481    0.06760304    0.1833117    0.03666894    -0.1822893
0.1120652    1    0.2555411    -0.289436    -0.3011503    0.007352441    -0.4372461    -0.3455537    0.1170078    0.52403    -0.1346563    0.449992    0.3052026    -0.2469829    -0.2831416
-0.3681135    0.2555411    1    0.1903292    -0.5369004    0.000966002    -0.3702952    -0.3566308    0.09164661    0.4740318    -0.1396822    0.3325421    0.3297131    -0.165688    -0.2796131
-0.001060997    -0.289436    0.1903292    1    -0.4704953    0.06559241    -0.2798993    -0.2139104    0.1942767    0.1983296    -0.08641328    0.1809338    0.2470722    -0.05973868    -0.2054799
-0.08082685    -0.3011503    -0.5369004    -0.4704953    1    -0.1563362    0.46851    0.4707472    -0.1613674    -0.5280548    0.1026941    -0.3741821    -0.3608759    0.1403042    0.3502171
0.154507    0.007352441    0.000966002    0.06559241    -0.1563362    1    -0.07341763    -0.6190925    0.001420208    0.1189501    0.07851957    -0.05764444    0.01468579    0.2037688    -0.1848522
-0.1844577    -0.4372461    -0.3702952    -0.2798993    0.46851    -0.07341763    1    0.3500543    -0.6650351    -0.5111754    0.1987493    -0.486395    -0.518381    0.1762721    0.5065175
-0.1810837    -0.3455537    -0.3566308    -0.2139104    0.4707472    -0.6190925    0.3500543    1    -0.160647    -0.7130452    0.07844155    -0.3394932    -0.3757642    0.02953477    0.4884455
0.179637    0.1170078    0.09164661    0.1942767    -0.1613674    0.001420208    -0.6650351    -0.160647    1    0.02807084    -0.1509705    0.1164892    0.2547966    -0.01259306    -0.2477716
0.1173392    0.52403    0.4740318    0.1983296    -0.5280548    0.1189501    -0.5111754    -0.7130452    0.02807084    1    -0.1485725    0.5309089    0.5092836    -0.206855    -0.5247973
-0.1164481    -0.1346563    -0.1396822    -0.08641328    0.1026941    0.07851957    0.1987493    0.07844155    -0.1509705    -0.1485725    1    -0.2099838    -0.639589    0.2021948    0.148635
0.06760304    0.449992    0.3325421    0.1809338    -0.3741821    -0.05764444    -0.486395    -0.3394932    0.1164892    0.5309089    -0.2099838    1    0.2976746    -0.6280262    -0.2447407
0.1833117    0.3052026    0.3297131    0.2470722    -0.3608759    0.01468579    -0.518381    -0.3757642    0.2547966    0.5092836    -0.639589    0.2976746    1    -0.2405214    -0.6202122
0.03666894    -0.2469829    -0.165688    -0.05973868    0.1403042    0.2037688    0.1762721    0.02953477    -0.01259306    -0.206855    0.2021948    -0.6280262    -0.2405214    1    -0.2275061
-0.1822893    -0.2831416    -0.2796131    -0.2054799    0.3502171    -0.1848522    0.5065175    0.4884455    -0.2477716    -0.5247973    0.148635    -0.2447407    -0.6202122    -0.2275061    1
