1    0.198067    -0.4225725    0.07146314    -0.186491    -0.06562418    0.1332762    0.2485323    -0.02476711    -0.2772335
0.198067    1    0.2538809    -0.3854224    -0.1678645    -0.07568051    0.4426271    0.2606962    -0.273031    -0.2030704
-0.4225725    0.2538809    1    0.0678435    -0.472596    -0.08983545    0.3668023    0.2076518    -0.2030094    -0.1878126
0.07146314    -0.3854224    0.0678435    1    -0.5213228    0.01969626    0.02936045    0.09048406    0.1440648    -0.26344
-0.186491    -0.1678645    -0.472596    -0.5213228    1    0.09979201    -0.3025095    -0.3210395    0.06600211    0.4098862
-0.06562418    -0.07568051    -0.08983545    0.01969626    0.09979201    1    -0.2099838    -0.639589    0.2021948    0.148635
0.1332762    0.4426271    0.3668023    0.02936045    -0.3025095    -0.2099838    1    0.2976746    -0.6280262    -0.2447407
0.2485323    0.2606962    0.2076518    0.09048406    -0.3210395    -0.639589    0.2976746    1    -0.2405214    -0.6202122
-0.02476711    -0.273031    -0.2030094    0.1440648    0.06600211    0.2021948    -0.6280262    -0.2405214    1    -0.2275061
-0.2772335    -0.2030704    -0.1878126    -0.26344    0.4098862    0.148635    -0.2447407    -0.6202122    -0.2275061    1
