1    -0.1056302    -0.5090539    0.06912975    -0.1068795    0.1165652    -0.2141002    -0.2810521    0.00935696    0.3137347    0.08607833    0.2163381    0.1218876    -0.02367345    -0.2741143    0.07770876    0.1478406    -0.006586924    0.00308538    -0.1135813    -0.03890699    0.07488385    0.1299899    -0.06782346    -0.03290798
-0.1056302    1    0.1359468    -0.5457157    -0.1184161    0.03116147    0.2083824    0.08790326    -0.1725037    -0.1477273    0.03113645    0.01643177    -0.06550866    0.01640593    0.0205305    -0.002557585    0.02508366    0.04996848    -0.009063936    0.03496473    0.03717639    -0.1192023    -0.07582382    0.1432907    -0.07118369
-0.5090539    0.1359468    1    0.005684328    -0.5467107    -0.1951584    -0.02124972    0.1793627    0.0204499    -0.06814039    -0.05825859    0.1342722    0.1026209    -0.1251595    0.008623392    -0.1511512    -0.01544072    0.1927967    0.06154277    -0.09225865    0.07919671    -0.1598471    -0.1800975    0.1842635    -0.008542975
0.06912975    -0.5457157    0.005684328    1    -0.3967013    -0.03707413    -0.4006847    -0.1985797    0.2370174    0.3145381    -0.2312693    0.2963393    0.3801397    -0.1595258    -0.2389631    -0.1458493    -0.001088019    0.1403239    0.1054594    -0.2436429    -0.0953467    0.1792807    0.1588837    -0.2204614    0.03804891
-0.1068795    -0.1184161    -0.5467107    -0.3967013    1    0.04500665    0.2548651    0.1140047    -0.07313813    -0.2189341    0.08066686    -0.3489121    -0.3068449    0.1452705    0.3203642    0.1851096    -0.03542883    -0.2896259    -0.1843296    0.2869346    -0.02401192    -0.003154525    0.05668806    -0.04045995    -0.03279113
0.1165652    0.03116147    -0.1951584    -0.03707413    0.04500665    1    -0.07341763    -0.6190925    0.001420208    0.1189501    0.07851957    -0.05764444    0.01468579    0.2037688    -0.1848522    0.0375545    -0.06128918    0.01893104    0.08828751    -0.04767428    0.05200964    0.04898701    0.0393561    -0.06340906    -0.02532299
-0.2141002    0.2083824    -0.02124972    -0.4006847    0.2548651    -0.07341763    1    0.3500543    -0.6650351    -0.5111754    0.1987493    -0.486395    -0.518381    0.1762721    0.5065175    0.09248743    -0.02188162    -0.1731256    -0.12726    0.3118228    0.001862114    -0.1446135    -0.1840784    0.1647496    0.06756434
-0.2810521    0.08790326    0.1793627    -0.1985797    0.1140047    -0.6190925    0.3500543    1    -0.160647    -0.7130452    0.07844155    -0.3394932    -0.3757642    0.02953477    0.4884455    -0.08633486    -0.1092855    -0.08835329    -0.05632327    0.2732371    -0.03581762    -0.1642292    -0.1711828    0.1626961    0.124182
0.00935696    -0.1725037    0.0204499    0.2370174    -0.07313813    0.001420208    -0.6650351    -0.160647    1    0.02807084    -0.1509705    0.1164892    0.2547966    -0.01259306    -0.2477716    -0.1812214    -0.1339472    0.1283915    0.1376407    -0.1222058    -0.007040767    0.06035204    0.08954229    -0.1272496    0.06159608
0.3137347    -0.1477273    -0.06814039    0.3145381    -0.2189341    0.1189501    -0.5111754    -0.7130452    0.02807084    1    -0.1485725    0.5309089    0.5092836    -0.206855    -0.5247973    0.08175455    0.1857395    0.1151726    0.02283328    -0.3383422    0.0189073    0.1688785    0.1896656    -0.1402554    -0.1674465
0.08607833    0.03113645    -0.05825859    -0.2312693    0.08066686    0.07851957    0.1987493    0.07844155    -0.1509705    -0.1485725    1    -0.2099838    -0.639589    0.2021948    0.148635    0.1891828    0.1283731    -0.1370173    -0.07720406    0.125905    -0.0451832    -0.299509    -0.05310489    0.4172732    -0.07354996
0.2163381    0.01643177    0.1342722    0.2963393    -0.3489121    -0.05764444    -0.486395    -0.3394932    0.1164892    0.5309089    -0.2099838    1    0.2976746    -0.6280262    -0.2447407    -0.01540897    0.1803571    0.1673025    -0.03844483    -0.238497    -0.1535634    0.03302344    0.3044058    0.06418904    -0.2810628
0.1218876    -0.06550866    0.1026209    0.3801397    -0.3068449    0.01468579    -0.518381    -0.3757642    0.2547966    0.5092836    -0.639589    0.2976746    1    -0.2405214    -0.6202122    -0.2057385    -0.05460585    0.2486395    0.1533792    -0.3327541    -0.004120368    0.3449057    0.2246246    -0.2779021    -0.1539613
-0.02367345    0.01640593    -0.1251595    -0.1595258    0.1452705    0.2037688    0.1762721    0.02953477    -0.01259306    -0.206855    0.2021948    -0.6280262    -0.2405214    1    -0.2275061    -0.000838088    -0.1082027    -0.02083479    0.09800407    0.06907782    0.4508797    0.08108627    -0.3169755    -0.1078223    0.0864733
-0.2741143    0.0205305    0.008623392    -0.2389631    0.3203642    -0.1848522    0.5065175    0.4884455    -0.2477716    -0.5247973    0.148635    -0.2447407    -0.6202122    -0.2275061    1    0.0963534    -0.03117837    -0.241061    -0.121006    0.2808477    -0.2224524    -0.3157901    -0.09563568    0.1546954    0.03679043
0.07770876    -0.002557585    -0.1511512    -0.1458493    0.1851096    0.0375545    0.09248743    -0.08633486    -0.1812214    0.08175455    0.1891828    -0.01540897    -0.2057385    -0.000838088    0.0963534    1    0.2671    -0.8075088    -0.3127521    0.2726119    0.04781758    0.02365254    -0.04735024    -0.02259738    -0.01098937
0.1478406    0.02508366    -0.01544072    -0.001088019    -0.03542883    -0.06128918    -0.02188162    -0.1092855    -0.1339472    0.1857395    0.1283731    0.1803571    -0.05460585    -0.1082027    -0.03117837    0.2671    1    0.05249734    -0.7928898    0.1062123    -0.006683224    -0.01455249    0.003698819    0.04809619    -0.0686975
-0.006586924    0.04996848    0.1927967    0.1403239    -0.2896259    0.01893104    -0.1731256    -0.08835329    0.1283915    0.1151726    -0.1370173    0.1673025    0.2486395    -0.02083479    -0.241061    -0.8075088    0.05249734    1    0.1878545    -0.5510975    0.03090421    -0.03045603    0.02814506    0.08157496    -0.08418131
0.00308538    -0.009063936    0.06154277    0.1054594    -0.1843296    0.08828751    -0.12726    -0.05632327    0.1376407    0.02283328    -0.07720406    -0.03844483    0.1533792    0.09800407    -0.121006    -0.3127521    -0.7928898    0.1878545    1    -0.5218773    0.0045391    0.06533765    0.03154944    -0.06253644    0.0246722
-0.1135813    0.03496473    -0.09225865    -0.2436429    0.2869346    -0.04767428    0.3118228    0.2732371    -0.1222058    -0.3383422    0.125905    -0.238497    -0.3327541    0.06907782    0.2808477    0.2726119    0.1062123    -0.5510975    -0.5218773    1    -0.01018031    -0.1035018    -0.108053    0.08821652    0.1495144
-0.03890699    0.03717639    0.07919671    -0.0953467    -0.02401192    0.05200964    0.001862114    -0.03581762    -0.007040767    0.0189073    -0.0451832    -0.1535634    -0.004120368    0.4508797    -0.2224524    0.04781758    -0.006683224    0.03090421    0.0045391    -0.01018031    1    0.01044061    -0.785367    -0.05049712    0.2023296
0.07488385    -0.1192023    -0.1598471    0.1792807    -0.003154525    0.04898701    -0.1446135    -0.1642292    0.06035204    0.1688785    -0.299509    0.03302344    0.3449057    0.08108627    -0.3157901    0.02365254    -0.01455249    -0.03045603    0.06533765    -0.1035018    0.01044061    1    0.1795338    -0.8060869    0.1746387
0.1299899    -0.07582382    -0.1800975    0.1588837    0.05668806    0.0393561    -0.1840784    -0.1711828    0.08954229    0.1896656    -0.05310489    0.3044058    0.2246246    -0.3169755    -0.09563568    -0.04735024    0.003698819    0.02814506    0.03154944    -0.108053    -0.785367    0.1795338    1    -0.05741289    -0.518797
-0.06782346    0.1432907    0.1842635    -0.2204614    -0.04045995    -0.06340906    0.1647496    0.1626961    -0.1272496    -0.1402554    0.4172732    0.06418904    -0.2779021    -0.1078223    0.1546954    -0.02259738    0.04809619    0.08157496    -0.06253644    0.08821652    -0.05049712    -0.8060869    -0.05741289    1    -0.4833687
-0.03290798    -0.07118369    -0.008542975    0.03804891    -0.03279113    -0.02532299    0.06756434    0.124182    0.06159608    -0.1674465    -0.07354996    -0.2810628    -0.1539613    0.0864733    0.03679043    -0.01098937    -0.0686975    -0.08418131    0.0246722    0.1495144    0.2023296    0.1746387    -0.518797    -0.4833687    1
