1    -0.2528617    -0.7115452    0.22127    0.1058309    -0.07131988    0.1588586    0.2532689    -0.03270751    -0.2395613
-0.2528617    1    0.2967899    -0.7120302    -0.1420761    0.1198413    -0.4679959    -0.3965953    0.1889693    0.3529843
-0.7115452    0.2967899    1    -0.2621357    -0.5743639    0.1203507    -0.3478191    -0.375849    0.1206673    0.377578
0.22127    -0.7120302    -0.2621357    1    -0.1114128    -0.04230162    0.2802109    0.2145932    -0.09610877    -0.2274215
0.1058309    -0.1420761    -0.5743639    -0.1114128    1    -0.113179    0.2996817    0.2785045    -0.1155349    -0.2699941
-0.07131988    0.1198413    0.1203507    -0.04230162    -0.113179    1    -0.2099838    -0.639589    0.2021948    0.148635
0.1588586    -0.4679959    -0.3478191    0.2802109    0.2996817    -0.2099838    1    0.2976746    -0.6280262    -0.2447407
0.2532689    -0.3965953    -0.375849    0.2145932    0.2785045    -0.639589    0.2976746    1    -0.2405214    -0.6202122
-0.03270751    0.1889693    0.1206673    -0.09610877    -0.1155349    0.2021948    -0.6280262    -0.2405214    1    -0.2275061
-0.2395613    0.3529843    0.377578    -0.2274215    -0.2699941    0.148635    -0.2447407    -0.6202122    -0.2275061    1
