1    -0.1056302    -0.5090539    0.06912975    -0.1068795    0.1165652    -0.2141002    -0.2810521    0.00935696    0.3137347    0.08607833    0.2163381    0.1218876    -0.02367345    -0.2741143    0.04488806    0.1028123    0.08542801    -0.04538484    -0.1690861    -0.03890699    0.07488385    0.1299899    -0.06782346    -0.03290798
-0.1056302    1    0.1359468    -0.5457157    -0.1184161    0.03116147    0.2083824    0.08790326    -0.1725037    -0.1477273    0.03113645    0.01643177    -0.06550866    0.01640593    0.0205305    0.1278011    -0.06361798    -0.1275233    0.08272487    -0.07311492    0.03717639    -0.1192023    -0.07582382    0.1432907    -0.07118369
-0.5090539    0.1359468    1    0.005684328    -0.5467107    -0.1951584    -0.02124972    0.1793627    0.0204499    -0.06814039    -0.05825859    0.1342722    0.1026209    -0.1251595    0.008623392    0.1784486    0.07650515    -0.1626355    -0.01260299    -0.146981    0.07919671    -0.1598471    -0.1800975    0.1842635    -0.008542975
0.06912975    -0.5457157    0.005684328    1    -0.3967013    -0.03707413    -0.4006847    -0.1985797    0.2370174    0.3145381    -0.2312693    0.2963393    0.3801397    -0.1595258    -0.2389631    -0.0239103    0.2143064    0.08078482    -0.1945049    -0.08002874    -0.0953467    0.1792807    0.1588837    -0.2204614    0.03804891
-0.1068795    -0.1184161    -0.5467107    -0.3967013    1    0.04500665    0.2548651    0.1140047    -0.07313813    -0.2189341    0.08066686    -0.3489121    -0.3068449    0.1452705    0.3203642    -0.3027126    -0.1555755    0.1157707    0.06347388    0.2993988    -0.02401192    -0.003154525    0.05668806    -0.04045995    -0.03279113
0.1165652    0.03116147    -0.1951584    -0.03707413    0.04500665    1    -0.07341763    -0.6190925    0.001420208    0.1189501    0.07851957    -0.05764444    0.01468579    0.2037688    -0.1848522    0.06356618    -0.08907782    0.07621817    0.1059097    -0.1298353    0.05200964    0.04898701    0.0393561    -0.06340906    -0.02532299
-0.2141002    0.2083824    -0.02124972    -0.4006847    0.2548651    -0.07341763    1    0.3500543    -0.6650351    -0.5111754    0.1987493    -0.486395    -0.518381    0.1762721    0.5065175    -0.1311668    -0.231193    0.01206885    0.1899689    0.2247664    0.001862114    -0.1446135    -0.1840784    0.1647496    0.06756434
-0.2810521    0.08790326    0.1793627    -0.1985797    0.1140047    -0.6190925    0.3500543    1    -0.160647    -0.7130452    0.07844155    -0.3394932    -0.3757642    0.02953477    0.4884455    -0.06583633    -0.06044397    -0.1354081    0.01434408    0.3167159    -0.03581762    -0.1642292    -0.1711828    0.1626961    0.124182
0.00935696    -0.1725037    0.0204499    0.2370174    -0.07313813    0.001420208    -0.6650351    -0.160647    1    0.02807084    -0.1509705    0.1164892    0.2547966    -0.01259306    -0.2477716    0.05405905    0.1471595    -0.02635623    -0.1475737    -0.009385373    -0.007040767    0.06035204    0.08954229    -0.1272496    0.06159608
0.3137347    -0.1477273    -0.06814039    0.3145381    -0.2189341    0.1189501    -0.5111754    -0.7130452    0.02807084    1    -0.1485725    0.5309089    0.5092836    -0.206855    -0.5247973    0.07947875    0.1455493    0.08268867    -0.09101001    -0.33276    0.0189073    0.1688785    0.1896656    -0.1402554    -0.1674465
0.08607833    0.03113645    -0.05825859    -0.2312693    0.08066686    0.07851957    0.1987493    0.07844155    -0.1509705    -0.1485725    1    -0.2099838    -0.639589    0.2021948    0.148635    -0.005411848    -0.1808065    0.04850935    0.2435762    -0.07938448    -0.0451832    -0.299509    -0.05310489    0.4172732    -0.07354996
0.2163381    0.01643177    0.1342722    0.2963393    -0.3489121    -0.05764444    -0.486395    -0.3394932    0.1164892    0.5309089    -0.2099838    1    0.2976746    -0.6280262    -0.2447407    0.01626234    0.2812576    0.0155833    -0.2764792    -0.1999805    -0.1535634    0.03302344    0.3044058    0.06418904    -0.2810628
0.1218876    -0.06550866    0.1026209    0.3801397    -0.3068449    0.01468579    -0.518381    -0.3757642    0.2547966    0.5092836    -0.639589    0.2976746    1    -0.2405214    -0.6202122    0.1173663    0.1385006    -0.1184172    -0.2032262    -0.05610362    -0.004120368    0.3449057    0.2246246    -0.2779021    -0.1539613
-0.02367345    0.01640593    -0.1251595    -0.1595258    0.1452705    0.2037688    0.1762721    0.02953477    -0.01259306    -0.206855    0.2021948    -0.6280262    -0.2405214    1    -0.2275061    0.1295151    -0.2764748    -0.07166925    0.2709526    0.04651345    0.4508797    0.08108627    -0.3169755    -0.1078223    0.0864733
-0.2741143    0.0205305    0.008623392    -0.2389631    0.3203642    -0.1848522    0.5065175    0.4884455    -0.2477716    -0.5247973    0.148635    -0.2447407    -0.6202122    -0.2275061    1    -0.1877172    0.01859176    0.07609228    0.03461547    0.1754152    -0.2224524    -0.3157901    -0.09563568    0.1546954    0.03679043
0.04488806    0.1278011    0.1784486    -0.0239103    -0.3027126    0.06356618    -0.1311668    -0.06583633    0.05405905    0.07947875    -0.005411848    0.01626234    0.1173663    0.1295151    -0.1877172    1    -0.02924275    -0.7679929    -0.06677109    0.04839401    0.1254392    0.06314773    -0.1173423    -0.04683637    0.05716474
0.1028123    -0.06361798    0.07650515    0.2143064    -0.1555755    -0.08907782    -0.231193    -0.06044397    0.1471595    0.1455493    -0.1808065    0.2812576    0.1385006    -0.2764748    0.01859176    -0.02924275    1    0.1079617    -0.7953458    -0.00102924    -0.09755599    0.01523476    0.07273422    -0.1043783    0.06613658
0.08542801    -0.1275233    -0.1626355    0.08078482    0.1157707    0.07621817    0.01206885    -0.1354081    -0.02635623    0.08268867    0.04850935    0.0155833    -0.1184172    -0.07166925    0.07609228    -0.7679929    0.1079617    1    0.1316883    -0.5109379    -0.09625    -0.05388811    0.05123926    -0.02030701    0.07957803
-0.04538484    0.08272487    -0.01260299    -0.1945049    0.06347388    0.1059097    0.1899689    0.01434408    -0.1475737    -0.09101001    0.2435762    -0.2764792    -0.2032262    0.2709526    0.03461547    -0.06677109    -0.7953458    0.1316883    1    -0.4126565    0.09517834    -0.130507    -0.1418189    0.1351584    -0.01738999
-0.1690861    -0.07311492    -0.146981    -0.08002874    0.2993988    -0.1298353    0.2247664    0.3167159    -0.009385373    -0.33276    -0.07938448    -0.1999805    -0.05610362    0.04651345    0.1754152    0.04839401    -0.00102924    -0.5109379    -0.4126565    1    -0.03277419    0.1524888    0.09550381    -0.09750031    -0.05906707
-0.03890699    0.03717639    0.07919671    -0.0953467    -0.02401192    0.05200964    0.001862114    -0.03581762    -0.007040767    0.0189073    -0.0451832    -0.1535634    -0.004120368    0.4508797    -0.2224524    0.1254392    -0.09755599    -0.09625    0.09517834    -0.03277419    1    0.01044061    -0.785367    -0.05049712    0.2023296
0.07488385    -0.1192023    -0.1598471    0.1792807    -0.003154525    0.04898701    -0.1446135    -0.1642292    0.06035204    0.1688785    -0.299509    0.03302344    0.3449057    0.08108627    -0.3157901    0.06314773    0.01523476    -0.05388811    -0.130507    0.1524888    0.01044061    1    0.1795338    -0.8060869    0.1746387
0.1299899    -0.07582382    -0.1800975    0.1588837    0.05668806    0.0393561    -0.1840784    -0.1711828    0.08954229    0.1896656    -0.05310489    0.3044058    0.2246246    -0.3169755    -0.09563568    -0.1173423    0.07273422    0.05123926    -0.1418189    0.09550381    -0.785367    0.1795338    1    -0.05741289    -0.518797
-0.06782346    0.1432907    0.1842635    -0.2204614    -0.04045995    -0.06340906    0.1647496    0.1626961    -0.1272496    -0.1402554    0.4172732    0.06418904    -0.2779021    -0.1078223    0.1546954    -0.04683637    -0.1043783    -0.02030701    0.1351584    -0.09750031    -0.05049712    -0.8060869    -0.05741289    1    -0.4833687
-0.03290798    -0.07118369    -0.008542975    0.03804891    -0.03279113    -0.02532299    0.06756434    0.124182    0.06159608    -0.1674465    -0.07354996    -0.2810628    -0.1539613    0.0864733    0.03679043    0.05716474    0.06613658    0.07957803    -0.01738999    -0.05906707    0.2023296    0.1746387    -0.518797    -0.4833687    1
