1    0.1513493    -0.04186283    0.1138702    -0.4404941    0.2601049    -0.142538    -0.09529444    0.2718962    -0.1854453    0.2363588    -0.5202229    -0.5325619    0.2792943    0.5466503    -0.1250048    0.3346184    0.4258399    -0.02772634    -0.5281547    0.05094427    0.1531633    0.1243802    -0.1396639    -0.09017444
0.1513493    1    0.3110405    -0.5531649    -0.1947917    0.1426845    -0.09776062    -0.02712205    0.0989684    -0.02137483    -0.1212411    -0.3748359    -0.2167843    0.04932302    0.4344177    -0.1453244    0.4656111    0.3009495    -0.2547298    -0.2476685    0.01659379    0.009924522    0.1138155    0.03656991    -0.1956398
-0.04186283    0.3110405    1    0.02341418    -0.5469089    0.07695875    -0.1712365    -0.2055103    0.03158367    0.2040098    0.01326171    -0.2353403    -0.3065591    -0.03936138    0.3823618    0.004329544    0.2808048    0.1346034    -0.178977    -0.1436472    0.01634437    0.03421796    0.09324254    -0.01534218    -0.1218591
0.1138702    -0.5531649    0.02341418    1    -0.1764102    0.0494167    -0.191855    -0.2849906    -0.0182489    0.2323075    0.2134343    0.04218581    -0.09886633    0.058144    -0.04613222    0.08404829    -0.2005385    -0.1173335    0.1302944    0.04544528    -0.02183688    0.0684819    0.0110019    -0.1047577    0.09780207
-0.4404941    -0.1947917    -0.5469089    -0.1764102    1    -0.3152065    0.2170623    0.181667    -0.3234918    0.1295836    -0.1834422    0.5258971    0.550341    -0.1459675    -0.6225399    0.07410789    -0.4551689    -0.386305    0.1687628    0.447782    0.04269154    -0.1367767    -0.2026551    0.1195804    0.1039245
0.2601049    0.1426845    0.07695875    0.0494167    -0.3152065    1    -0.1056302    -0.5090539    0.06912975    -0.1068795    0.1165652    -0.2141002    -0.2810521    0.00935696    0.3137347    0.08607833    0.2163381    0.1218876    -0.02367345    -0.2741143    -0.03890699    0.07488385    0.1299899    -0.06782346    -0.03290798
-0.142538    -0.09776062    -0.1712365    -0.191855    0.2170623    -0.1056302    1    0.1359468    -0.5457157    -0.1184161    0.03116147    0.2083824    0.08790326    -0.1725037    -0.1477273    0.03113645    0.01643177    -0.06550866    0.01640593    0.0205305    0.03717639    -0.1192023    -0.07582382    0.1432907    -0.07118369
-0.09529444    -0.02712205    -0.2055103    -0.2849906    0.181667    -0.5090539    0.1359468    1    0.005684328    -0.5467107    -0.1951584    -0.02124972    0.1793627    0.0204499    -0.06814039    -0.05825859    0.1342722    0.1026209    -0.1251595    0.008623392    0.07919671    -0.1598471    -0.1800975    0.1842635    -0.008542975
0.2718962    0.0989684    0.03158367    -0.0182489    -0.3234918    0.06912975    -0.5457157    0.005684328    1    -0.3967013    -0.03707413    -0.4006847    -0.1985797    0.2370174    0.3145381    -0.2312693    0.2963393    0.3801397    -0.1595258    -0.2389631    -0.0953467    0.1792807    0.1588837    -0.2204614    0.03804891
-0.1854453    -0.02137483    0.2040098    0.2323075    0.1295836    -0.1068795    -0.1184161    -0.5467107    -0.3967013    1    0.04500665    0.2548651    0.1140047    -0.07313813    -0.2189341    0.08066686    -0.3489121    -0.3068449    0.1452705    0.3203642    -0.02401192    -0.003154525    0.05668806    -0.04045995    -0.03279113
0.2363588    -0.1212411    0.01326171    0.2134343    -0.1834422    0.1165652    0.03116147    -0.1951584    -0.03707413    0.04500665    1    -0.07341763    -0.6190925    0.001420208    0.1189501    0.07851957    -0.05764444    0.01468579    0.2037688    -0.1848522    0.05200964    0.04898701    0.0393561    -0.06340906    -0.02532299
-0.5202229    -0.3748359    -0.2353403    0.04218581    0.5258971    -0.2141002    0.2083824    -0.02124972    -0.4006847    0.2548651    -0.07341763    1    0.3500543    -0.6650351    -0.5111754    0.1987493    -0.486395    -0.518381    0.1762721    0.5065175    0.001862114    -0.1446135    -0.1840784    0.1647496    0.06756434
-0.5325619    -0.2167843    -0.3065591    -0.09886633    0.550341    -0.2810521    0.08790326    0.1793627    -0.1985797    0.1140047    -0.6190925    0.3500543    1    -0.160647    -0.7130452    0.07844155    -0.3394932    -0.3757642    0.02953477    0.4884455    -0.03581762    -0.1642292    -0.1711828    0.1626961    0.124182
0.2792943    0.04932302    -0.03936138    0.058144    -0.1459675    0.00935696    -0.1725037    0.0204499    0.2370174    -0.07313813    0.001420208    -0.6650351    -0.160647    1    0.02807084    -0.1509705    0.1164892    0.2547966    -0.01259306    -0.2477716    -0.007040767    0.06035204    0.08954229    -0.1272496    0.06159608
0.5466503    0.4344177    0.3823618    -0.04613222    -0.6225399    0.3137347    -0.1477273    -0.06814039    0.3145381    -0.2189341    0.1189501    -0.5111754    -0.7130452    0.02807084    1    -0.1485725    0.5309089    0.5092836    -0.206855    -0.5247973    0.0189073    0.1688785    0.1896656    -0.1402554    -0.1674465
-0.1250048    -0.1453244    0.004329544    0.08404829    0.07410789    0.08607833    0.03113645    -0.05825859    -0.2312693    0.08066686    0.07851957    0.1987493    0.07844155    -0.1509705    -0.1485725    1    -0.2099838    -0.639589    0.2021948    0.148635    -0.0451832    -0.299509    -0.05310489    0.4172732    -0.07354996
0.3346184    0.4656111    0.2808048    -0.2005385    -0.4551689    0.2163381    0.01643177    0.1342722    0.2963393    -0.3489121    -0.05764444    -0.486395    -0.3394932    0.1164892    0.5309089    -0.2099838    1    0.2976746    -0.6280262    -0.2447407    -0.1535634    0.03302344    0.3044058    0.06418904    -0.2810628
0.4258399    0.3009495    0.1346034    -0.1173335    -0.386305    0.1218876    -0.06550866    0.1026209    0.3801397    -0.3068449    0.01468579    -0.518381    -0.3757642    0.2547966    0.5092836    -0.639589    0.2976746    1    -0.2405214    -0.6202122    -0.004120368    0.3449057    0.2246246    -0.2779021    -0.1539613
-0.02772634    -0.2547298    -0.178977    0.1302944    0.1687628    -0.02367345    0.01640593    -0.1251595    -0.1595258    0.1452705    0.2037688    0.1762721    0.02953477    -0.01259306    -0.206855    0.2021948    -0.6280262    -0.2405214    1    -0.2275061    0.4508797    0.08108627    -0.3169755    -0.1078223    0.0864733
-0.5281547    -0.2476685    -0.1436472    0.04544528    0.447782    -0.2741143    0.0205305    0.008623392    -0.2389631    0.3203642    -0.1848522    0.5065175    0.4884455    -0.2477716    -0.5247973    0.148635    -0.2447407    -0.6202122    -0.2275061    1    -0.2224524    -0.3157901    -0.09563568    0.1546954    0.03679043
0.05094427    0.01659379    0.01634437    -0.02183688    0.04269154    -0.03890699    0.03717639    0.07919671    -0.0953467    -0.02401192    0.05200964    0.001862114    -0.03581762    -0.007040767    0.0189073    -0.0451832    -0.1535634    -0.004120368    0.4508797    -0.2224524    1    0.01044061    -0.785367    -0.05049712    0.2023296
0.1531633    0.009924522    0.03421796    0.0684819    -0.1367767    0.07488385    -0.1192023    -0.1598471    0.1792807    -0.003154525    0.04898701    -0.1446135    -0.1642292    0.06035204    0.1688785    -0.299509    0.03302344    0.3449057    0.08108627    -0.3157901    0.01044061    1    0.1795338    -0.8060869    0.1746387
0.1243802    0.1138155    0.09324254    0.0110019    -0.2026551    0.1299899    -0.07582382    -0.1800975    0.1588837    0.05668806    0.0393561    -0.1840784    -0.1711828    0.08954229    0.1896656    -0.05310489    0.3044058    0.2246246    -0.3169755    -0.09563568    -0.785367    0.1795338    1    -0.05741289    -0.518797
-0.1396639    0.03656991    -0.01534218    -0.1047577    0.1195804    -0.06782346    0.1432907    0.1842635    -0.2204614    -0.04045995    -0.06340906    0.1647496    0.1626961    -0.1272496    -0.1402554    0.4172732    0.06418904    -0.2779021    -0.1078223    0.1546954    -0.05049712    -0.8060869    -0.05741289    1    -0.4833687
-0.09017444    -0.1956398    -0.1218591    0.09780207    0.1039245    -0.03290798    -0.07118369    -0.008542975    0.03804891    -0.03279113    -0.02532299    0.06756434    0.124182    0.06159608    -0.1674465    -0.07354996    -0.2810628    -0.1539613    0.0864733    0.03679043    0.2023296    0.1746387    -0.518797    -0.4833687    1
