1    -0.1056302    -0.5090539    0.06912975    -0.1068795    0.1165652    -0.2141002    -0.2810521    0.00935696    0.3137347    0.08607833    0.2163381    0.1218876    -0.02367345    -0.2741143    -0.0806344    -0.04865201    -0.05479723    -0.05740646    0.2136549    -0.03890699    0.07488385    0.1299899    -0.06782346    -0.03290798
-0.1056302    1    0.1359468    -0.5457157    -0.1184161    0.03116147    0.2083824    0.08790326    -0.1725037    -0.1477273    0.03113645    0.01643177    -0.06550866    0.01640593    0.0205305    0.061839    -0.05082549    -0.08381236    0.02185779    0.00460554    0.03717639    -0.1192023    -0.07582382    0.1432907    -0.07118369
-0.5090539    0.1359468    1    0.005684328    -0.5467107    -0.1951584    -0.02124972    0.1793627    0.0204499    -0.06814039    -0.05825859    0.1342722    0.1026209    -0.1251595    0.008623392    0.01945177    -0.196132    -0.1520102    0.1880273    -0.0153431    0.07919671    -0.1598471    -0.1800975    0.1842635    -0.008542975
0.06912975    -0.5457157    0.005684328    1    -0.3967013    -0.03707413    -0.4006847    -0.1985797    0.2370174    0.3145381    -0.2312693    0.2963393    0.3801397    -0.1595258    -0.2389631    -0.1226992    -0.1114527    -0.02790534    0.05111983    0.1179711    -0.0953467    0.1792807    0.1588837    -0.2204614    0.03804891
-0.1068795    -0.1184161    -0.5467107    -0.3967013    1    0.04500665    0.2548651    0.1140047    -0.07313813    -0.2189341    0.08066686    -0.3489121    -0.3068449    0.1452705    0.3203642    0.06707845    0.3121998    0.1877833    -0.2104643    -0.1285379    -0.02401192    -0.003154525    0.05668806    -0.04045995    -0.03279113
0.1165652    0.03116147    -0.1951584    -0.03707413    0.04500665    1    -0.07341763    -0.6190925    0.001420208    0.1189501    0.07851957    -0.05764444    0.01468579    0.2037688    -0.1848522    -0.0111616    -0.06328695    0.05331205    0.07480756    -0.08509665    0.05200964    0.04898701    0.0393561    -0.06340906    -0.02532299
-0.2141002    0.2083824    -0.02124972    -0.4006847    0.2548651    -0.07341763    1    0.3500543    -0.6650351    -0.5111754    0.1987493    -0.486395    -0.518381    0.1762721    0.5065175    0.1459205    0.146751    0.04804668    -0.02937622    -0.05981757    0.001862114    -0.1446135    -0.1840784    0.1647496    0.06756434
-0.2810521    0.08790326    0.1793627    -0.1985797    0.1140047    -0.6190925    0.3500543    1    -0.160647    -0.7130452    0.07844155    -0.3394932    -0.3757642    0.02953477    0.4884455    0.1026789    0.1601171    0.0005269161    -0.04268738    -0.003741058    -0.03581762    -0.1642292    -0.1711828    0.1626961    0.124182
0.00935696    -0.1725037    0.0204499    0.2370174    -0.07313813    0.001420208    -0.6650351    -0.160647    1    0.02807084    -0.1509705    0.1164892    0.2547966    -0.01259306    -0.2477716    -0.08092706    -0.02565406    0.017566    0.04027444    -0.04503083    -0.007040767    0.06035204    0.08954229    -0.1272496    0.06159608
0.3137347    -0.1477273    -0.06814039    0.3145381    -0.2189341    0.1189501    -0.5111754    -0.7130452    0.02807084    1    -0.1485725    0.5309089    0.5092836    -0.206855    -0.5247973    -0.1044094    -0.186729    -0.08308104    0.01219663    0.09491081    0.0189073    0.1688785    0.1896656    -0.1402554    -0.1674465
0.08607833    0.03113645    -0.05825859    -0.2312693    0.08066686    0.07851957    0.1987493    0.07844155    -0.1509705    -0.1485725    1    -0.2099838    -0.639589    0.2021948    0.148635    -0.01291796    0.002490601    0.07256341    0.01383221    -0.01818348    -0.0451832    -0.299509    -0.05310489    0.4172732    -0.07354996
0.2163381    0.01643177    0.1342722    0.2963393    -0.3489121    -0.05764444    -0.486395    -0.3394932    0.1164892    0.5309089    -0.2099838    1    0.2976746    -0.6280262    -0.2447407    -0.07024304    -0.0909767    -0.1596346    -0.08870311    0.1873535    -0.1535634    0.03302344    0.3044058    0.06418904    -0.2810628
0.1218876    -0.06550866    0.1026209    0.3801397    -0.3068449    0.01468579    -0.518381    -0.3757642    0.2547966    0.5092836    -0.639589    0.2976746    1    -0.2405214    -0.6202122    -0.117749    -0.151047    -0.09382922    0.04183007    0.0902305    -0.004120368    0.3449057    0.2246246    -0.2779021    -0.1539613
-0.02367345    0.01640593    -0.1251595    -0.1595258    0.1452705    0.2037688    0.1762721    0.02953477    -0.01259306    -0.206855    0.2021948    -0.6280262    -0.2405214    1    -0.2275061    -0.01645368    -0.06322178    0.07168845    0.1316396    -0.09684477    0.4508797    0.08108627    -0.3169755    -0.1078223    0.0864733
-0.2741143    0.0205305    0.008623392    -0.2389631    0.3203642    -0.1848522    0.5065175    0.4884455    -0.2477716    -0.5247973    0.148635    -0.2447407    -0.6202122    -0.2275061    1    0.1613351    0.2272999    0.07470483    -0.1018698    -0.06365845    -0.2224524    -0.3157901    -0.09563568    0.1546954    0.03679043
-0.0806344    0.061839    0.01945177    -0.1226992    0.06707845    -0.0111616    0.1459205    0.1026789    -0.08092706    -0.1044094    -0.01291796    -0.07024304    -0.117749    -0.01645368    0.1613351    1    0.1464677    -0.6958407    -0.2607963    0.15277    -0.02557052    -0.1476864    -0.06883456    0.1648388    -0.03479359
-0.04865201    -0.05082549    -0.196132    -0.1114527    0.3121998    -0.06328695    0.146751    0.1601171    -0.02565406    -0.186729    0.002490601    -0.0909767    -0.151047    -0.06322178    0.2272999    0.1464677    1    0.1260234    -0.8249301    0.1419023    -0.1405217    -0.1119386    0.08579619    0.1145529    -0.07340064
-0.05479723    -0.08381236    -0.1520102    -0.02790534    0.1877833    0.05331205    0.04804668    0.0005269161    0.017566    -0.08308104    0.07256341    -0.1596346    -0.09382922    0.07168845    0.07470483    -0.6958407    0.1260234    1    0.1799106    -0.6041241    0.0131129    0.1038452    0.005929091    -0.1833365    0.1266215
-0.05740646    0.02185779    0.1880273    0.05111983    -0.2104643    0.07480756    -0.02937622    -0.04268738    0.04027444    0.01219663    0.01383221    -0.08870311    0.04183007    0.1316396    -0.1018698    -0.2607963    -0.8249301    0.1799106    1    -0.4889255    0.1627032    0.09571464    -0.1734128    -0.1423485    0.1889686
0.2136549    0.00460554    -0.0153431    0.1179711    -0.1285379    -0.08509665    -0.05981757    -0.003741058    -0.04503083    0.09491081    -0.01818348    0.1873535    0.0902305    -0.09684477    -0.06365845    0.15277    0.1419023    -0.6041241    -0.4889255    1    -0.162607    -0.01135644    0.2032508    0.08851355    -0.1828075
-0.03890699    0.03717639    0.07919671    -0.0953467    -0.02401192    0.05200964    0.001862114    -0.03581762    -0.007040767    0.0189073    -0.0451832    -0.1535634    -0.004120368    0.4508797    -0.2224524    -0.02557052    -0.1405217    0.0131129    0.1627032    -0.162607    1    0.01044061    -0.785367    -0.05049712    0.2023296
0.07488385    -0.1192023    -0.1598471    0.1792807    -0.003154525    0.04898701    -0.1446135    -0.1642292    0.06035204    0.1688785    -0.299509    0.03302344    0.3449057    0.08108627    -0.3157901    -0.1476864    -0.1119386    0.1038452    0.09571464    -0.01135644    0.01044061    1    0.1795338    -0.8060869    0.1746387
0.1299899    -0.07582382    -0.1800975    0.1588837    0.05668806    0.0393561    -0.1840784    -0.1711828    0.08954229    0.1896656    -0.05310489    0.3044058    0.2246246    -0.3169755    -0.09563568    -0.06883456    0.08579619    0.005929091    -0.1734128    0.2032508    -0.785367    0.1795338    1    -0.05741289    -0.518797
-0.06782346    0.1432907    0.1842635    -0.2204614    -0.04045995    -0.06340906    0.1647496    0.1626961    -0.1272496    -0.1402554    0.4172732    0.06418904    -0.2779021    -0.1078223    0.1546954    0.1648388    0.1145529    -0.1833365    -0.1423485    0.08851355    -0.05049712    -0.8060869    -0.05741289    1    -0.4833687
-0.03290798    -0.07118369    -0.008542975    0.03804891    -0.03279113    -0.02532299    0.06756434    0.124182    0.06159608    -0.1674465    -0.07354996    -0.2810628    -0.1539613    0.0864733    0.03679043    -0.03479359    -0.07340064    0.1266215    0.1889686    -0.1828075    0.2023296    0.1746387    -0.518797    -0.4833687    1
