1    -0.1056302    -0.5090539    0.06912975    -0.1068795    0.1165652    -0.2141002    -0.2810521    0.00935696    0.3137347    0.08607833    0.2163381    0.1218876    -0.02367345    -0.2741143    0.03650202    0.03622913    0.09604486    0.05172066    -0.3486961
-0.1056302    1    0.1359468    -0.5457157    -0.1184161    0.03116147    0.2083824    0.08790326    -0.1725037    -0.1477273    0.03113645    0.01643177    -0.06550866    0.01640593    0.0205305    -0.04465295    -0.018286    0.01715309    -0.02531765    0.02193115
-0.5090539    0.1359468    1    0.005684328    -0.5467107    -0.1951584    -0.02124972    0.1793627    0.0204499    -0.06814039    -0.05825859    0.1342722    0.1026209    -0.1251595    0.008623392    0.04477828    0.09120599    -0.07771573    -0.08742911    0.03938757
0.06912975    -0.5457157    0.005684328    1    -0.3967013    -0.03707413    -0.4006847    -0.1985797    0.2370174    0.3145381    -0.2312693    0.2963393    0.3801397    -0.1595258    -0.2389631    0.1207724    0.1753278    -0.01787552    -0.0841601    -0.2202814
-0.1068795    -0.1184161    -0.5467107    -0.3967013    1    0.04500665    0.2548651    0.1140047    -0.07313813    -0.2189341    0.08066686    -0.3489121    -0.3068449    0.1452705    0.3203642    -0.1369128    -0.1426982    0.01799604    0.05030992    0.323922
0.1165652    0.03116147    -0.1951584    -0.03707413    0.04500665    1    -0.07341763    -0.6190925    0.001420208    0.1189501    0.07851957    -0.05764444    0.01468579    0.2037688    -0.1848522    0.1313729    -0.1132636    -0.00961849    0.1804771    -0.1885578
-0.2141002    0.2083824    -0.02124972    -0.4006847    0.2548651    -0.07341763    1    0.3500543    -0.6650351    -0.5111754    0.1987493    -0.486395    -0.518381    0.1762721    0.5065175    -0.1846394    -0.2828115    -0.1105559    0.05829038    0.4056069
-0.2810521    0.08790326    0.1793627    -0.1985797    0.1140047    -0.6190925    0.3500543    1    -0.160647    -0.7130452    0.07844155    -0.3394932    -0.3757642    0.02953477    0.4884455    -0.2319262    -0.1363982    -0.1042755    -0.051934    0.4791824
0.00935696    -0.1725037    0.0204499    0.2370174    -0.07313813    0.001420208    -0.6650351    -0.160647    1    0.02807084    -0.1509705    0.1164892    0.2547966    -0.01259306    -0.2477716    0.08331525    0.1131159    0.02218676    0.005345217    -0.09815492
0.3137347    -0.1477273    -0.06814039    0.3145381    -0.2189341    0.1189501    -0.5111754    -0.7130452    0.02807084    1    -0.1485725    0.5309089    0.5092836    -0.206855    -0.5247973    0.1809867    0.2716591    0.1531985    -0.06064294    -0.5080275
0.08607833    0.03113645    -0.05825859    -0.2312693    0.08066686    0.07851957    0.1987493    0.07844155    -0.1509705    -0.1485725    1    -0.2099838    -0.639589    0.2021948    0.148635    -0.02623671    -0.07907175    0.009842076    0.03843185    0.0220707
0.2163381    0.01643177    0.1342722    0.2963393    -0.3489121    -0.05764444    -0.486395    -0.3394932    0.1164892    0.5309089    -0.2099838    1    0.2976746    -0.6280262    -0.2447407    0.1029487    0.2357306    0.04115098    -0.1043795    -0.2786902
0.1218876    -0.06550866    0.1026209    0.3801397    -0.3068449    0.01468579    -0.518381    -0.3757642    0.2547966    0.5092836    -0.639589    0.2976746    1    -0.2405214    -0.6202122    0.1167651    0.2468499    0.0738798    -0.1097982    -0.2872495
-0.02367345    0.01640593    -0.1251595    -0.1595258    0.1452705    0.2037688    0.1762721    0.02953477    -0.01259306    -0.206855    0.2021948    -0.6280262    -0.2405214    1    -0.2275061    -0.04873622    -0.1232761    0.03286406    0.1391369    0.03097832
-0.2741143    0.0205305    0.008623392    -0.2389631    0.3203642    -0.1848522    0.5065175    0.4884455    -0.2477716    -0.5247973    0.148635    -0.2447407    -0.6202122    -0.2275061    1    -0.07341545    -0.2086214    -0.1746594    0.01582299    0.3970347
0.03650202    -0.04465295    0.04477828    0.1207724    -0.1369128    0.1313729    -0.1846394    -0.2319262    0.08331525    0.1809867    -0.02623671    0.1029487    0.1167651    -0.04873622    -0.07341545    1    0.1953323    -0.695648    -0.2326318    -0.02677642
0.03622913    -0.018286    0.09120599    0.1753278    -0.1426982    -0.1132636    -0.2828115    -0.1363982    0.1131159    0.2716591    -0.07907175    0.2357306    0.2468499    -0.1232761    -0.2086214    0.1953323    1    0.1100815    -0.7822726    -0.02175584
0.09604486    0.01715309    -0.07771573    -0.01787552    0.01799604    -0.00961849    -0.1105559    -0.1042755    0.02218676    0.1531985    0.009842076    0.04115098    0.0738798    0.03286406    -0.1746594    -0.695648    0.1100815    1    0.1165681    -0.4982167
0.05172066    -0.02531765    -0.08742911    -0.0841601    0.05030992    0.1804771    0.05829038    -0.051934    0.005345217    -0.06064294    0.03843185    -0.1043795    -0.1097982    0.1391369    0.01582299    -0.2326318    -0.7822726    0.1165681    1    -0.3246457
-0.3486961    0.02193115    0.03938757    -0.2202814    0.323922    -0.1885578    0.4056069    0.4791824    -0.09815492    -0.5080275    0.0220707    -0.2786902    -0.2872495    0.03097832    0.3970347    -0.02677642    -0.02175584    -0.4982167    -0.3246457    1
