1    -0.07341763    -0.6190925    0.001420208    0.1189501    0.07851957    -0.05764444    0.01468579    0.2037688    -0.1848522    0.0375545    -0.06128918    0.01893104    0.08828751    -0.04767428
-0.07341763    1    0.3500543    -0.6650351    -0.5111754    0.1987493    -0.486395    -0.518381    0.1762721    0.5065175    0.09248743    -0.02188162    -0.1731256    -0.12726    0.3118228
-0.6190925    0.3500543    1    -0.160647    -0.7130452    0.07844155    -0.3394932    -0.3757642    0.02953477    0.4884455    -0.08633486    -0.1092855    -0.08835329    -0.05632327    0.2732371
0.001420208    -0.6650351    -0.160647    1    0.02807084    -0.1509705    0.1164892    0.2547966    -0.01259306    -0.2477716    -0.1812214    -0.1339472    0.1283915    0.1376407    -0.1222058
0.1189501    -0.5111754    -0.7130452    0.02807084    1    -0.1485725    0.5309089    0.5092836    -0.206855    -0.5247973    0.08175455    0.1857395    0.1151726    0.02283328    -0.3383422
0.07851957    0.1987493    0.07844155    -0.1509705    -0.1485725    1    -0.2099838    -0.639589    0.2021948    0.148635    0.1891828    0.1283731    -0.1370173    -0.07720406    0.125905
-0.05764444    -0.486395    -0.3394932    0.1164892    0.5309089    -0.2099838    1    0.2976746    -0.6280262    -0.2447407    -0.01540897    0.1803571    0.1673025    -0.03844483    -0.238497
0.01468579    -0.518381    -0.3757642    0.2547966    0.5092836    -0.639589    0.2976746    1    -0.2405214    -0.6202122    -0.2057385    -0.05460585    0.2486395    0.1533792    -0.3327541
0.2037688    0.1762721    0.02953477    -0.01259306    -0.206855    0.2021948    -0.6280262    -0.2405214    1    -0.2275061    -0.000838088    -0.1082027    -0.02083479    0.09800407    0.06907782
-0.1848522    0.5065175    0.4884455    -0.2477716    -0.5247973    0.148635    -0.2447407    -0.6202122    -0.2275061    1    0.0963534    -0.03117837    -0.241061    -0.121006    0.2808477
0.0375545    0.09248743    -0.08633486    -0.1812214    0.08175455    0.1891828    -0.01540897    -0.2057385    -0.000838088    0.0963534    1    0.2671    -0.8075088    -0.3127521    0.2726119
-0.06128918    -0.02188162    -0.1092855    -0.1339472    0.1857395    0.1283731    0.1803571    -0.05460585    -0.1082027    -0.03117837    0.2671    1    0.05249734    -0.7928898    0.1062123
0.01893104    -0.1731256    -0.08835329    0.1283915    0.1151726    -0.1370173    0.1673025    0.2486395    -0.02083479    -0.241061    -0.8075088    0.05249734    1    0.1878545    -0.5510975
0.08828751    -0.12726    -0.05632327    0.1376407    0.02283328    -0.07720406    -0.03844483    0.1533792    0.09800407    -0.121006    -0.3127521    -0.7928898    0.1878545    1    -0.5218773
-0.04767428    0.3118228    0.2732371    -0.1222058    -0.3383422    0.125905    -0.238497    -0.3327541    0.06907782    0.2808477    0.2726119    0.1062123    -0.5510975    -0.5218773    1
