1    -0.07341763    -0.6190925    0.001420208    0.1189501    0.07851957    -0.05764444    0.01468579    0.2037688    -0.1848522    -0.09722899    0.01450225    0.04811225    0.1093409    -0.09365361
-0.07341763    1    0.3500543    -0.6650351    -0.5111754    0.1987493    -0.486395    -0.518381    0.1762721    0.5065175    -0.07935029    -0.3737672    -0.3487772    0.1791955    0.5110379
-0.6190925    0.3500543    1    -0.160647    -0.7130452    0.07844155    -0.3394932    -0.3757642    0.02953477    0.4884455    0.01895662    -0.3248658    -0.3639516    0.1090675    0.4797241
0.001420208    -0.6650351    -0.160647    1    0.02807084    -0.1509705    0.1164892    0.2547966    -0.01259306    -0.2477716    -0.0454772    0.1204008    0.1328199    -0.002224857    -0.1715571
0.1189501    -0.5111754    -0.7130452    0.02807084    1    -0.1485725    0.5309089    0.5092836    -0.206855    -0.5247973    0.07509719    0.4179306    0.4241776    -0.2229443    -0.5784414
0.07851957    0.1987493    0.07844155    -0.1509705    -0.1485725    1    -0.2099838    -0.639589    0.2021948    0.148635    0.04781474    -0.2088851    -0.1395838    0.2387938    0.06913171
-0.05764444    -0.486395    -0.3394932    0.1164892    0.5309089    -0.2099838    1    0.2976746    -0.6280262    -0.2447407    0.1617192    0.2802645    0.2271709    -0.2999532    -0.3852976
0.01468579    -0.518381    -0.3757642    0.2547966    0.5092836    -0.639589    0.2976746    1    -0.2405214    -0.6202122    -0.02860273    0.3125755    0.288282    -0.284064    -0.3151221
0.2037688    0.1762721    0.02953477    -0.01259306    -0.206855    0.2021948    -0.6280262    -0.2405214    1    -0.2275061    -0.1296728    -0.1860809    -0.09989825    0.237168    0.1588193
-0.1848522    0.5065175    0.4884455    -0.2477716    -0.5247973    0.148635    -0.2447407    -0.6202122    -0.2275061    1    0.06738316    -0.2267224    -0.2758775    0.1636665    0.3369682
-0.09722899    -0.07935029    0.01895662    -0.0454772    0.07509719    0.04781474    0.1617192    -0.02860273    -0.1296728    0.06738316    1    -0.1695333    -0.5201249    0.02960654    -0.1103101
0.01450225    -0.3737672    -0.3248658    0.1204008    0.4179306    -0.2088851    0.2802645    0.3125755    -0.1860809    -0.2267224    -0.1695333    1    0.31856    -0.6899216    -0.2298555
0.04811225    -0.3487772    -0.3639516    0.1328199    0.4241776    -0.1395838    0.2271709    0.288282    -0.09989825    -0.2758775    -0.5201249    0.31856    1    -0.1292416    -0.6212203
0.1093409    0.1791955    0.1090675    -0.002224857    -0.2229443    0.2387938    -0.2999532    -0.284064    0.237168    0.1636665    0.02960654    -0.6899216    -0.1292416    1    -0.1871279
-0.09365361    0.5110379    0.4797241    -0.1715571    -0.5784414    0.06913171    -0.3852976    -0.3151221    0.1588193    0.3369682    -0.1103101    -0.2298555    -0.6212203    -0.1871279    1
