1    0.05957203    -0.4007196    -0.1074709    -0.1343564    0.02439282    -0.1222834    -0.1230384    0.02022053    0.18429
0.05957203    1    0.563625    -0.2870436    -0.4798465    0.1944807    -0.536794    -0.5483045    0.1760705    0.5287916
-0.4007196    0.563625    1    0.1053805    -0.6316245    0.2286178    -0.483497    -0.5203933    0.2065613    0.4293436
-0.1074709    -0.2870436    0.1053805    1    -0.2962808    0.1974537    -0.1718213    -0.1125989    0.1994975    -0.04107687
-0.1343564    -0.4798465    -0.6316245    -0.2962808    1    -0.2101468    0.5399413    0.5085294    -0.2190911    -0.4680974
0.02439282    0.1944807    0.2286178    0.1974537    -0.2101468    1    -0.2099838    -0.639589    0.2021948    0.148635
-0.1222834    -0.536794    -0.483497    -0.1718213    0.5399413    -0.2099838    1    0.2976746    -0.6280262    -0.2447407
-0.1230384    -0.5483045    -0.5203933    -0.1125989    0.5085294    -0.639589    0.2976746    1    -0.2405214    -0.6202122
0.02022053    0.1760705    0.2065613    0.1994975    -0.2190911    0.2021948    -0.6280262    -0.2405214    1    -0.2275061
0.18429    0.5287916    0.4293436    -0.04107687    -0.4680974    0.148635    -0.2447407    -0.6202122    -0.2275061    1
