1    0.1979651    -0.2026812    0.04494793    -0.3147692    0.2061514    -0.2107049    -0.02363463    -0.03810269    -0.07029017
0.1979651    1    0.5732349    -0.4063721    -0.5893912    0.2278343    -0.3261784    -0.1371011    -0.1746508    0.02088343
-0.2026812    0.5732349    1    -0.126535    -0.6835069    0.162353    -0.2600875    -0.1017877    -0.1911888    0.01347651
0.04494793    -0.4063721    -0.126535    1    -0.2139703    0.1307137    -0.08397591    -0.0004097668    0.03794918    -0.03352972
-0.3147692    -0.5893912    -0.6835069    -0.2139703    1    -0.2237859    0.3935341    0.02226753    0.2004269    0.08251448
0.2061514    0.2278343    0.162353    0.1307137    -0.2237859    1    -0.4774775    -0.4538181    0.1378426    0.1167466
-0.2107049    -0.3261784    -0.2600875    -0.08397591    0.3935341    -0.4774775    1    -0.2704573    -0.27668    0.00682912
-0.02363463    -0.1371011    -0.1017877    -0.0004097668    0.02226753    -0.4538181    -0.2704573    1    -0.2854063    -0.3209596
-0.03810269    -0.1746508    -0.1911888    0.03794918    0.2004269    0.1378426    -0.27668    -0.2854063    1    -0.1334371
-0.07029017    0.02088343    0.01347651    -0.03352972    0.08251448    0.1167466    0.00682912    -0.3209596    -0.1334371    1
