1    -0.01661703    -0.3486004    -0.02664636    -0.09414548    0.03368847    0.03433939    -0.004447382    0.00825243    -0.01400047    0.2102151    -0.2318314    -0.04459904    0.2288823    -0.08097041
-0.01661703    1    0.5772542    -0.1250704    -0.5223465    0.2036332    0.5393134    0.4840847    -0.04483331    -0.5358652    0.152676    -0.4282372    -0.5069267    0.1952576    0.4631203
-0.3486004    0.5772542    1    0.2385394    -0.7075003    0.2273242    0.5994849    0.5315008    -0.04401078    -0.6302838    0.1272516    -0.4073662    -0.5501202    0.1451789    0.5353715
-0.02664636    -0.1250704    0.2385394    1    -0.4755204    0.2167233    0.2347585    0.1831186    0.08773825    -0.3425693    0.0867941    -0.2772292    -0.25737    0.1489641    0.2522748
-0.09414548    -0.5223465    -0.7075003    -0.4755204    1    -0.265943    -0.5592077    -0.4633257    0.01297778    0.5496984    -0.2466365    0.5711148    0.5276615    -0.3200419    -0.4636459
0.03368847    0.2036332    0.2273242    0.2167233    -0.265943    1    0.1979651    -0.2026812    0.04494793    -0.3147692    0.1297494    -0.2892155    -0.2651513    0.1648899    0.2750635
0.03433939    0.5393134    0.5994849    0.2347585    -0.5592077    0.1979651    1    0.5732349    -0.4063721    -0.5893912    0.1475353    -0.4044769    -0.5039789    0.1473595    0.4852763
-0.004447382    0.4840847    0.5315008    0.1831186    -0.4633257    -0.2026812    0.5732349    1    -0.126535    -0.6835069    0.1320713    -0.284913    -0.4382828    0.05718631    0.3893587
0.00825243    -0.04483331    -0.04401078    0.08773825    0.01297778    0.04494793    -0.4063721    -0.126535    1    -0.2139703    -0.003499622    -0.05281806    -0.009989828    0.07181526    -0.03207133
-0.01400047    -0.5358652    -0.6302838    -0.3425693    0.5496984    -0.3147692    -0.5893912    -0.6835069    -0.2139703    1    -0.1571853    0.4459981    0.5510363    -0.1538982    -0.5270905
0.2102151    0.152676    0.1272516    0.0867941    -0.2466365    0.1297494    0.1475353    0.1320713    -0.003499622    -0.1571853    1    -0.1279048    -0.6774055    0.1253901    0.1332067
-0.2318314    -0.4282372    -0.4073662    -0.2772292    0.5711148    -0.2892155    -0.4044769    -0.284913    -0.05281806    0.4459981    -0.1279048    1    0.1886508    -0.7521571    -0.1450584
-0.04459904    -0.5069267    -0.5501202    -0.25737    0.5276615    -0.2651513    -0.5039789    -0.4382828    -0.009989828    0.5510363    -0.6774055    0.1886508    1    -0.1060445    -0.6383874
0.2288823    0.1952576    0.1451789    0.1489641    -0.3200419    0.1648899    0.1473595    0.05718631    0.07181526    -0.1538982    0.1253901    -0.7521571    -0.1060445    1    -0.2244778
-0.08097041    0.4631203    0.5353715    0.2522748    -0.4636459    0.2750635    0.4852763    0.3893587    -0.03207133    -0.5270905    0.1332067    -0.1450584    -0.6383874    -0.2244778    1
