1    -0.01661703    -0.3486004    -0.02664636    -0.09414548    0.03368847    0.03433939    -0.004447382    0.00825243    -0.01400047    0.1485421    0.08289404    -0.07631419    0.04213182    -0.05218429
-0.01661703    1    0.5772542    -0.1250704    -0.5223465    0.2036332    0.5393134    0.4840847    -0.04483331    -0.5358652    -0.2304972    0.5503677    0.3744545    -0.3581915    -0.2811825
-0.3486004    0.5772542    1    0.2385394    -0.7075003    0.2273242    0.5994849    0.5315008    -0.04401078    -0.6302838    -0.2953025    0.5383239    0.4601501    -0.3738885    -0.3045788
-0.02664636    -0.1250704    0.2385394    1    -0.4755204    0.2167233    0.2347585    0.1831186    0.08773825    -0.3425693    -0.1177272    0.2297157    0.2000837    -0.152667    -0.1377983
-0.09414548    -0.5223465    -0.7075003    -0.4755204    1    -0.265943    -0.5592077    -0.4633257    0.01297778    0.5496984    0.1473702    -0.5792922    -0.3686369    0.3418571    0.3479573
0.03368847    0.2036332    0.2273242    0.2167233    -0.265943    1    0.1979651    -0.2026812    0.04494793    -0.3147692    -0.09267443    0.2002674    0.1620255    -0.1312115    -0.1001459
0.03433939    0.5393134    0.5994849    0.2347585    -0.5592077    0.1979651    1    0.5732349    -0.4063721    -0.5893912    -0.3734986    0.5817521    0.4922458    -0.3813723    -0.2768457
-0.004447382    0.4840847    0.5315008    0.1831186    -0.4633257    -0.2026812    0.5732349    1    -0.126535    -0.6835069    -0.3488309    0.472749    0.4546455    -0.2912286    -0.2889383
0.00825243    -0.04483331    -0.04401078    0.08773825    0.01297778    0.04494793    -0.4063721    -0.126535    1    -0.2139703    0.04877808    -0.03323444    -0.03598002    0.06325481    -0.001763722
-0.01400047    -0.5358652    -0.6302838    -0.3425693    0.5496984    -0.3147692    -0.5893912    -0.6835069    -0.2139703    1    0.369825    -0.55489    -0.4953559    0.3746565    0.2811563
0.1485421    -0.2304972    -0.2953025    -0.1177272    0.1473702    -0.09267443    -0.3734986    -0.3488309    0.04877808    0.369825    1    -0.2528617    -0.7115452    0.22127    0.1058309
0.08289404    0.5503677    0.5383239    0.2297157    -0.5792922    0.2002674    0.5817521    0.472749    -0.03323444    -0.55489    -0.2528617    1    0.2967899    -0.7120302    -0.1420761
-0.07631419    0.3744545    0.4601501    0.2000837    -0.3686369    0.1620255    0.4922458    0.4546455    -0.03598002    -0.4953559    -0.7115452    0.2967899    1    -0.2621357    -0.5743639
0.04213182    -0.3581915    -0.3738885    -0.152667    0.3418571    -0.1312115    -0.3813723    -0.2912286    0.06325481    0.3746565    0.22127    -0.7120302    -0.2621357    1    -0.1114128
-0.05218429    -0.2811825    -0.3045788    -0.1377983    0.3479573    -0.1001459    -0.2768457    -0.2889383    -0.001763722    0.2811563    0.1058309    -0.1420761    -0.5743639    -0.1114128    1
