1    0.1120652    -0.3681135    -0.001060997    -0.08082685    -0.01000321    -0.02540894    -0.083802    -0.1759938    0.1117012    -0.07092116    -0.1953801    -0.1483596    -0.03151109    0.1852554    -0.04200438    -0.1655066    -0.03666291    0.17528    -0.06573389
0.1120652    1    0.2555411    -0.289436    -0.3011503    -0.04461469    -0.3857364    -0.3786968    -0.1404111    0.3354899    -0.2133869    -0.3254068    -0.3375196    -0.07825479    0.4841595    -0.03416156    -0.1034724    -0.09327263    0.01027966    0.03911533
-0.3681135    0.2555411    1    0.1903292    -0.5369004    -0.02020203    -0.2715947    -0.3166851    -0.06077643    0.2313087    -0.1711825    -0.3338633    -0.3551277    -0.01308511    0.4241581    -0.08277808    0.02176222    0.0404286    -0.1286564    0.03577273
-0.001060997    -0.289436    0.1903292    1    -0.4704953    -0.01712373    -0.1883169    -0.2366578    -0.05334294    0.1776458    0.054836    -0.3156597    -0.3205359    0.1472139    0.2247771    -0.05601925    0.06619665    -0.002634595    -0.1149855    0.0827948
-0.08082685    -0.3011503    -0.5369004    -0.4704953    1    -0.01398185    0.335476    0.3905641    0.1952465    -0.2996847    0.1477664    0.4127711    0.4201623    -0.02778024    -0.5069246    0.1026225    0.02951412    -0.01429179    0.06164854    -0.02359071
-0.01000321    -0.04461469    -0.02020203    -0.01712373    -0.01398185    1    -0.01661703    -0.3486004    -0.02664636    -0.09414548    0.03368847    0.03433939    -0.004447382    0.00825243    -0.01400047    -0.01332128    0.02653871    0.07950677    -0.04172804    -0.03261415
-0.02540894    -0.3857364    -0.2715947    -0.1883169    0.335476    -0.01661703    1    0.5772542    -0.1250704    -0.5223465    0.2036332    0.5393134    0.4840847    -0.04483331    -0.5358652    0.08127671    0.1346673    0.1375726    0.04080498    -0.1847565
-0.083802    -0.3786968    -0.3166851    -0.2366578    0.3905641    -0.3486004    0.5772542    1    0.2385394    -0.7075003    0.2273242    0.5994849    0.5315008    -0.04401078    -0.6302838    0.1149753    0.1539262    0.124801    0.02575868    -0.1644726
-0.1759938    -0.1404111    -0.06077643    -0.05334294    0.1952465    -0.02664636    -0.1250704    0.2385394    1    -0.4755204    0.2167233    0.2347585    0.1831186    0.08773825    -0.3425693    0.03728674    0.1697804    0.1191345    -0.1080961    -0.003256137
0.1117012    0.3354899    0.2313087    0.1776458    -0.2996847    -0.09414548    -0.5223465    -0.7075003    -0.4755204    1    -0.265943    -0.5592077    -0.4633257    0.01297778    0.5496984    -0.08380563    -0.1886715    -0.221298    0.03248994    0.1820726
-0.07092116    -0.2133869    -0.1711825    0.054836    0.1477664    0.03368847    0.2036332    0.2273242    0.2167233    -0.265943    1    0.1979651    -0.2026812    0.04494793    -0.3147692    0.01285656    0.2171994    0.1006264    -0.1282796    0.02439634
-0.1953801    -0.3254068    -0.3338633    -0.3156597    0.4127711    0.03433939    0.5393134    0.5994849    0.2347585    -0.5592077    0.1979651    1    0.5732349    -0.4063721    -0.5893912    0.1387248    0.2044714    0.09987339    -0.04149154    -0.1562117
-0.1483596    -0.3375196    -0.3551277    -0.3205359    0.4201623    -0.004447382    0.4840847    0.5315008    0.1831186    -0.4633257    -0.2026812    0.5732349    1    -0.126535    -0.6835069    0.1636547    0.1003126    0.04995478    0.02480334    -0.167204
-0.03151109    -0.07825479    -0.01308511    0.1472139    -0.02778024    0.00825243    -0.04483331    -0.04401078    0.08773825    0.01297778    0.04494793    -0.4063721    -0.126535    1    -0.2139703    -0.02120984    0.1040999    -0.007456428    -0.1090877    0.1511797
0.1852554    0.4841595    0.4241581    0.2247771    -0.5069246    -0.01400047    -0.5358652    -0.6302838    -0.3425693    0.5496984    -0.3147692    -0.5893912    -0.6835069    -0.2139703    1    -0.1539521    -0.2694511    -0.08191856    0.1130411    0.0455698
-0.04200438    -0.03416156    -0.08277808    -0.05601925    0.1026225    -0.01332128    0.08127671    0.1149753    0.03728674    -0.08380563    0.01285656    0.1387248    0.1636547    -0.02120984    -0.1539521    1    0.1464677    -0.6958407    -0.2607963    0.15277
-0.1655066    -0.1034724    0.02176222    0.06619665    0.02951412    0.02653871    0.1346673    0.1539262    0.1697804    -0.1886715    0.2171994    0.2044714    0.1003126    0.1040999    -0.2694511    0.1464677    1    0.1260234    -0.8249301    0.1419023
-0.03666291    -0.09327263    0.0404286    -0.002634595    -0.01429179    0.07950677    0.1375726    0.124801    0.1191345    -0.221298    0.1006264    0.09987339    0.04995478    -0.007456428    -0.08191856    -0.6958407    0.1260234    1    0.1799106    -0.6041241
0.17528    0.01027966    -0.1286564    -0.1149855    0.06164854    -0.04172804    0.04080498    0.02575868    -0.1080961    0.03248994    -0.1282796    -0.04149154    0.02480334    -0.1090877    0.1130411    -0.2607963    -0.8249301    0.1799106    1    -0.4889255
-0.06573389    0.03911533    0.03577273    0.0827948    -0.02359071    -0.03261415    -0.1847565    -0.1644726    -0.003256137    0.1820726    0.02439634    -0.1562117    -0.167204    0.1511797    0.0455698    0.15277    0.1419023    -0.6041241    -0.4889255    1
