1    -0.008402032    -0.4408461    0.009183726    -0.2630833    0.0576269    -0.2734105    -0.3476604    -0.2232095    0.2694655    -0.07617194    -0.4148689    -0.3906007    0.04066068    0.4598297
-0.008402032    1    0.01415365    -0.5127982    -0.1166718    -0.1364129    -0.08288039    -0.008484994    0.02432493    0.1244635    -0.1087147    -0.1040625    -0.05268646    -0.07756574    0.06562318
-0.4408461    0.01415365    1    -0.01183016    -0.4399315    0.03078692    -0.01492205    0.01889799    -0.01246891    0.02439597    -0.1279268    -0.05255507    -0.03460252    -0.1089817    0.05040034
0.009183726    -0.5127982    -0.01183016    1    -0.3565121    0.07516949    -0.2328242    -0.3002958    -0.1647094    0.2617845    -0.08904231    -0.2417723    -0.1841301    0.117137    0.1857992
-0.2630833    -0.1166718    -0.4399315    -0.3565121    1    -0.02842024    0.3365216    0.367159    0.2565773    -0.3993865    0.2524831    0.4544822    0.3552271    0.0644556    -0.4455781
0.0576269    -0.1364129    0.03078692    0.07516949    -0.02842024    1    -0.01661703    -0.3486004    -0.02664636    -0.09414548    0.03368847    0.03433939    -0.004447382    0.00825243    -0.01400047
-0.2734105    -0.08288039    -0.01492205    -0.2328242    0.3365216    -0.01661703    1    0.5772542    -0.1250704    -0.5223465    0.2036332    0.5393134    0.4840847    -0.04483331    -0.5358652
-0.3476604    -0.008484994    0.01889799    -0.3002958    0.367159    -0.3486004    0.5772542    1    0.2385394    -0.7075003    0.2273242    0.5994849    0.5315008    -0.04401078    -0.6302838
-0.2232095    0.02432493    -0.01246891    -0.1647094    0.2565773    -0.02664636    -0.1250704    0.2385394    1    -0.4755204    0.2167233    0.2347585    0.1831186    0.08773825    -0.3425693
0.2694655    0.1244635    0.02439597    0.2617845    -0.3993865    -0.09414548    -0.5223465    -0.7075003    -0.4755204    1    -0.265943    -0.5592077    -0.4633257    0.01297778    0.5496984
-0.07617194    -0.1087147    -0.1279268    -0.08904231    0.2524831    0.03368847    0.2036332    0.2273242    0.2167233    -0.265943    1    0.1979651    -0.2026812    0.04494793    -0.3147692
-0.4148689    -0.1040625    -0.05255507    -0.2417723    0.4544822    0.03433939    0.5393134    0.5994849    0.2347585    -0.5592077    0.1979651    1    0.5732349    -0.4063721    -0.5893912
-0.3906007    -0.05268646    -0.03460252    -0.1841301    0.3552271    -0.004447382    0.4840847    0.5315008    0.1831186    -0.4633257    -0.2026812    0.5732349    1    -0.126535    -0.6835069
0.04066068    -0.07756574    -0.1089817    0.117137    0.0644556    0.00825243    -0.04483331    -0.04401078    0.08773825    0.01297778    0.04494793    -0.4063721    -0.126535    1    -0.2139703
0.4598297    0.06562318    0.05040034    0.1857992    -0.4455781    -0.01400047    -0.5358652    -0.6302838    -0.3425693    0.5496984    -0.3147692    -0.5893912    -0.6835069    -0.2139703    1
