1.503816e-06    -3.236597e-08    -1.010917e-06    -1.083135e-07    2.548686e-08    1.816792e-07    -1.70837e-07    -1.717359e-07    1.493236e-07    1.032416e-08    -1.767466e-08    -2.536004e-08    -1.558635e-08    -1.055236e-08    2.757166e-08    4.156883e-08    6.324462e-09    -9.24622e-09    2.541174e-08    -3.592595e-08    1.868765e-07    -1.439083e-07    -1.295979e-07    1.777943e-07    -4.091111e-08
-3.236597e-08    1.440415e-06    -5.792624e-08    -8.496947e-07    1.39388e-07    -1.369238e-07    -5.724333e-08    -3.776354e-08    -1.018532e-07    1.658186e-07    1.074636e-08    -1.172822e-08    -4.113674e-08    -2.803123e-08    4.610066e-08    2.499231e-08    1.824912e-08    1.373666e-08    -8.829965e-09    -4.339619e-08    -1.010154e-07    -6.26298e-08    -7.797639e-08    -1.192057e-07    1.860105e-07
-1.010917e-06    -5.792624e-08    1.476971e-06    3.995668e-08    -4.829537e-07    -1.921051e-07    9.338937e-09    1.171567e-08    -1.783529e-07    1.629557e-07    1.019456e-08    5.60775e-09    1.19537e-08    2.422325e-09    -2.52676e-08    -3.992304e-08    7.993809e-09    1.723034e-08    -1.830784e-08    1.292512e-08    -1.247851e-07    -4.727461e-08    -5.040852e-08    -1.133139e-07    1.509488e-07
-1.083135e-07    -8.496947e-07    3.995668e-08    1.484074e-06    -5.214013e-07    7.758079e-08    -1.542864e-07    -1.561639e-07    9.107857e-08    6.770561e-08    8.744419e-09    1.444056e-08    7.07933e-09    6.71717e-09    -4.153471e-08    -3.094827e-08    4.233404e-09    -2.234563e-08    -7.252246e-09    4.884229e-08    1.459403e-07    -1.147821e-07    -1.086609e-07    1.259786e-07    -3.102564e-08
2.548686e-08    1.39388e-07    -4.829537e-07    -5.214013e-07    1.276237e-06    4.976388e-08    1.220282e-07    1.343036e-07    6.239992e-08    -1.780151e-07    8.005761e-09    4.431528e-09    -1.775191e-08    9.199351e-09    4.207392e-08    8.637686e-09    -3.226668e-08    -4.731779e-09    1.647109e-08    -2.163088e-08    -4.494451e-08    1.505822e-07    1.424676e-07    -3.547454e-08    -9.234714e-08
1.816792e-07    -1.369238e-07    -1.921051e-07    7.758079e-08    4.976388e-08    1.472261e-06    -2.771836e-08    -8.060405e-07    -1.670963e-07    5.869345e-09    1.874511e-08    1.702867e-08    -2.201426e-08    -1.084486e-08    5.947738e-08    1.00581e-08    3.796624e-10    -9.789892e-09    -1.165722e-08    -2.63914e-09    1.18772e-07    4.259118e-08    -5.94661e-08    -1.824484e-08    -4.958132e-08
-1.70837e-07    -5.724333e-08    9.338937e-09    -1.542864e-07    1.220282e-07    -2.771836e-08    1.40532e-06    -1.165064e-07    -8.28338e-07    8.458467e-08    -4.469316e-09    -1.948866e-08    -7.727277e-09    1.031393e-08    3.891361e-08    2.151893e-09    9.248918e-09    1.683281e-08    5.034353e-09    -1.159472e-08    -1.982221e-08    1.283563e-07    3.305485e-08    -8.181469e-08    -3.212982e-08
-1.717359e-07    -3.776354e-08    1.171567e-08    -1.561639e-07    1.343036e-07    -8.060405e-07    -1.165064e-07    1.404402e-06    -2.098517e-08    -5.475253e-07    -2.841821e-08    -1.670987e-09    4.14767e-08    2.134997e-08    -3.255562e-08    -1.667617e-08    1.104225e-08    2.336327e-08    -1.752689e-09    8.054417e-09    -8.06896e-08    2.696268e-08    1.23639e-07    -1.251113e-08    -4.308088e-08
1.493236e-07    -1.018532e-07    -1.783529e-07    9.107857e-08    6.239992e-08    -1.670963e-07    -8.28338e-07    -2.098517e-08    1.487765e-06    -4.545773e-07    -7.402581e-10    9.35678e-09    9.303206e-09    8.214111e-09    -7.499912e-08    -2.06793e-08    -2.064185e-08    5.817574e-09    1.097319e-08    4.679671e-09    -1.52912e-08    -6.377093e-08    2.266387e-08    9.995015e-08    -1.902189e-09
1.032416e-08    1.658186e-07    1.629557e-07    6.770561e-08    -1.780151e-07    5.869345e-09    8.458467e-08    -5.475253e-07    -4.545773e-07    1.395502e-06    8.275076e-08    9.255482e-09    -5.035585e-08    -7.889481e-08    -8.046208e-08    1.100251e-08    5.579831e-09    -1.718432e-08    1.31373e-08    -1.343833e-08    -1.907629e-08    -6.478161e-08    -7.251982e-08    4.039775e-08    1.469731e-07
-1.767466e-08    1.074636e-08    1.019456e-08    8.744419e-09    8.005761e-09    1.874511e-08    -4.469316e-09    -2.841821e-08    -7.402581e-10    8.275076e-08    1.494597e-06    -1.049596e-08    -8.186644e-07    -1.86224e-07    -2.001404e-08    1.459714e-07    -1.703664e-07    -1.8633e-07    1.180259e-07    5.565945e-08    1.775202e-08    -7.449213e-08    9.668411e-09    9.175057e-08    -2.233565e-08
-2.536004e-08    -1.172822e-08    5.60775e-09    1.444056e-08    4.431528e-09    1.702867e-08    -1.948866e-08    -1.670987e-09    9.35678e-09    9.255482e-09    -1.049596e-08    1.411913e-06    -9.452864e-08    -8.109401e-07    5.829558e-08    -2.206012e-07    -4.841247e-09    -1.363652e-08    -1.837003e-07    2.211753e-07    -7.728271e-08    6.008997e-08    9.817511e-08    -3.13116e-08    -3.081311e-08
-1.558635e-08    -4.113674e-08    1.19537e-08    7.07933e-09    -1.775191e-08    -2.201426e-08    -7.727277e-09    4.14767e-08    9.303206e-09    -5.035585e-08    -8.186644e-07    -9.452864e-08    1.406109e-06    -3.27649e-08    -5.292035e-07    -2.272212e-07    -4.672148e-09    2.142353e-09    -1.763161e-07    2.066615e-07    -4.324797e-08    1.296148e-07    6.04606e-08    -6.482557e-08    -3.788656e-08
-1.055236e-08    -2.803123e-08    2.422325e-09    6.71717e-09    9.199351e-09    -1.084486e-08    1.031393e-08    2.134997e-08    8.214111e-09    -7.889481e-08    -1.86224e-07    -8.109401e-07    -3.27649e-08    1.473983e-06    -4.513986e-07    1.449658e-07    -1.703376e-07    -1.618117e-07    1.411534e-07    1.898848e-08    8.198217e-08    -5.125977e-09    -3.92709e-08    1.985849e-08    -3.682061e-08
2.757166e-08    4.610066e-08    -2.52676e-08    -4.153471e-08    4.207392e-08    5.947738e-08    3.891361e-08    -3.255562e-08    -7.499912e-08    -8.046208e-08    -2.001404e-08    5.829558e-08    -5.292035e-07    -4.513986e-07    1.397723e-06    7.766912e-08    1.725948e-07    1.945147e-07    3.384239e-08    -2.564718e-07    3.241856e-08    -5.499853e-08    -6.447926e-08    -5.521705e-08    -1.354611e-08
4.156883e-08    2.499231e-08    -3.992304e-08    -3.094827e-08    8.637686e-09    1.00581e-08    2.151893e-09    -1.667617e-08    -2.06793e-08    1.100251e-08    1.459714e-07    -2.206012e-07    -2.272212e-07    1.449658e-07    7.766912e-08    1.50224e-06    8.840528e-08    -8.956167e-07    -7.148572e-08    1.182897e-09    5.037479e-08    -1.477937e-09    -1.017281e-08    3.607094e-08    -1.802011e-08
6.324462e-09    1.824912e-08    7.993809e-09    4.233404e-09    -3.226668e-08    3.796624e-10    9.248918e-09    1.104225e-08    -2.064185e-08    5.579831e-09    -1.703664e-07    -4.841247e-09    -4.672148e-09    -1.703376e-07    1.725948e-07    8.840528e-08    1.435959e-06    -2.204547e-07    -9.522975e-07    2.322514e-07    -5.194335e-08    6.564843e-08    1.129291e-07    -4.056809e-08    -2.904896e-08
-9.24622e-09    1.373666e-08    1.723034e-08    -2.234563e-08    -4.731779e-09    -9.789892e-09    1.683281e-08    2.336327e-08    5.817574e-09    -1.718432e-08    -1.8633e-07    -1.363652e-08    2.142353e-09    -1.618117e-07    1.945147e-07    -8.956167e-07    -2.204547e-07    1.417768e-06    -1.869782e-09    -5.391077e-07    -5.578538e-08    8.822685e-08    8.400916e-08    -2.357047e-08    -6.122152e-08
2.541174e-08    -8.829965e-09    -1.830784e-08    -7.252246e-09    1.647109e-08    -1.165722e-08    5.034353e-09    -1.752689e-09    1.097319e-08    1.31373e-08    1.180259e-07    -1.837003e-07    -1.763161e-07    1.411534e-07    3.384239e-08    -7.148572e-08    -9.522975e-07    -1.869782e-09    1.52686e-06    -6.059923e-07    6.185578e-08    1.485448e-08    -1.98732e-08    4.24029e-08    -5.299529e-08
-3.592595e-08    -4.339619e-08    1.292512e-08    4.884229e-08    -2.163088e-08    -2.63914e-09    -1.159472e-08    8.054417e-09    4.679671e-09    -1.343833e-08    5.565945e-08    2.211753e-07    2.066615e-07    1.898848e-08    -2.564718e-07    1.182897e-09    2.322514e-07    -5.391077e-07    -6.059923e-07    1.410909e-06    1.462609e-08    -7.885766e-08    -9.695632e-08    -1.514275e-08    1.083586e-07
1.868765e-07    -1.010154e-07    -1.247851e-07    1.459403e-07    -4.494451e-08    1.18772e-07    -1.982221e-08    -8.06896e-08    -1.52912e-08    -1.907629e-08    1.775202e-08    -7.728271e-08    -4.324797e-08    8.198217e-08    3.241856e-08    5.037479e-08    -5.194335e-08    -5.578538e-08    6.185578e-08    1.462609e-08    1.488221e-06    -2.408789e-08    -8.901257e-07    1.222054e-07    -3.036784e-08
-1.439083e-07    -6.26298e-08    -4.727461e-08    -1.147821e-07    1.505822e-07    4.259118e-08    1.283563e-07    2.696268e-08    -6.377093e-08    -6.478161e-08    -7.449213e-08    6.008997e-08    1.296148e-07    -5.125977e-09    -5.499853e-08    -1.477937e-09    6.564843e-08    8.822685e-08    1.485448e-08    -7.885766e-08    -2.408789e-08    1.469001e-06    -2.675869e-07    -8.766441e-07    3.187884e-07
-1.295979e-07    -7.797639e-08    -5.040852e-08    -1.086609e-07    1.424676e-07    -5.94661e-08    3.305485e-08    1.23639e-07    2.266387e-08    -7.251982e-08    9.668411e-09    9.817511e-08    6.04606e-08    -3.92709e-08    -6.447926e-08    -1.017281e-08    1.129291e-07    8.400916e-08    -1.98732e-08    -9.695632e-08    -8.901257e-07    -2.675869e-07    1.48309e-06    1.63897e-08    -6.518244e-07
1.777943e-07    -1.192057e-07    -1.133139e-07    1.259786e-07    -3.547454e-08    -1.824484e-08    -8.181469e-08    -1.251113e-08    9.995015e-08    4.039775e-08    9.175057e-08    -3.13116e-08    -6.482557e-08    1.985849e-08    -5.521705e-08    3.607094e-08    -4.056809e-08    -2.357047e-08    4.24029e-08    -1.514275e-08    1.222054e-07    -8.766441e-07    1.63897e-08    1.491342e-06    -6.821081e-07
-4.091111e-08    1.860105e-07    1.509488e-07    -3.102564e-08    -9.234714e-08    -4.958132e-08    -3.212982e-08    -4.308088e-08    -1.902189e-09    1.469731e-07    -2.233565e-08    -3.081311e-08    -3.788656e-08    -3.682061e-08    -1.354611e-08    -1.802011e-08    -2.904896e-08    -6.122152e-08    -5.299529e-08    1.083586e-07    -3.036784e-08    3.187884e-07    -6.518244e-07    -6.821081e-07    1.407593e-06
