1.472261e-06    -2.771836e-08    -8.060405e-07    -1.670963e-07    5.869345e-09    5.52991e-09    2.42445e-08    -2.229404e-08    3.865822e-10    1.329087e-08
-2.771836e-08    1.40532e-06    -1.165064e-07    -8.28338e-07    8.458467e-08    -4.015021e-09    -1.333639e-08    -1.084435e-09    1.191791e-08    -1.384067e-08
-8.060405e-07    -1.165064e-07    1.404402e-06    -2.098517e-08    -5.475253e-07    6.450438e-09    -3.100086e-08    -1.856541e-08    -1.683291e-08    1.879919e-08
-1.670963e-07    -8.28338e-07    -2.098517e-08    1.487765e-06    -4.545773e-07    -4.985776e-09    2.781738e-08    1.275502e-09    -3.245397e-08    1.914171e-08
5.869345e-09    8.458467e-08    -5.475253e-07    -4.545773e-07    1.395502e-06    9.052503e-09    -5.124015e-09    1.933801e-08    1.259416e-08    -4.08553e-08
5.52991e-09    -4.015021e-09    6.450438e-09    -4.985776e-09    9.052503e-09    1.500574e-06    4.060326e-09    -8.85666e-07    -1.309846e-07    -8.964745e-09
2.42445e-08    -1.333639e-08    -3.100086e-08    2.781738e-08    -5.124015e-09    4.060326e-09    1.464712e-06    -7.617568e-08    -9.30747e-07    1.01137e-07
-2.229404e-08    -1.084435e-09    -1.856541e-08    1.275502e-09    1.933801e-08    -8.85666e-07    -7.617568e-08    1.446102e-06    -1.553817e-08    -5.505019e-07
3.865822e-10    1.191791e-08    -1.683291e-08    -3.245397e-08    1.259416e-08    -1.309846e-07    -9.30747e-07    -1.553817e-08    1.496615e-06    -4.839208e-07
1.329087e-08    -1.384067e-08    1.879919e-08    1.914171e-08    -4.08553e-08    -8.964745e-09    1.01137e-07    -5.505019e-07    -4.839208e-07    1.388061e-06
