1.396117e-06    -2.673813e-07    -7.756888e-07    1.99134e-07    2.714163e-10    1.179776e-07    -1.613273e-07    -1.463332e-07    9.6996e-08    6.102661e-08    -3.369996e-08    2.492124e-08    4.296297e-08    2.002531e-08    -5.129545e-08    5.000971e-08    -2.931392e-09    9.168098e-09    5.76203e-08    -5.507574e-08
-2.673813e-07    1.364518e-06    -7.825551e-08    -9.580399e-07    2.871904e-07    -2.099392e-07    3.136907e-08    4.999654e-08    -2.169716e-07    1.695643e-07    1.568539e-08    8.079944e-09    4.683226e-10    3.479599e-09    1.618123e-09    -5.984537e-08    1.033034e-07    8.439184e-08    -5.257457e-08    -1.744204e-08
-7.756888e-07    -7.825551e-08    1.46125e-06    1.298563e-07    -7.32563e-07    -1.243025e-07    -7.984305e-08    -1.276767e-07    -1.24792e-07    2.115468e-07    3.61976e-08    -1.869091e-09    -3.404901e-08    -2.16732e-08    4.28895e-08    -3.916478e-08    8.370547e-08    9.163783e-08    -2.904177e-08    -5.463815e-08
1.99134e-07    -9.580399e-07    1.298563e-07    1.565009e-06    -8.046493e-07    2.035114e-07    -2.3338e-07    -2.753985e-07    2.001718e-07    5.147374e-08    -1.80011e-08    -8.280084e-09    1.311805e-09    -4.068911e-09    -6.510973e-09    5.290198e-08    -2.526876e-08    -2.2503e-08    5.781541e-08    -4.153038e-08
2.714163e-10    2.871904e-07    -7.32563e-07    -8.046493e-07    1.422658e-06    -3.526586e-08    3.039741e-07    3.391984e-07    -3.915449e-08    -2.780645e-07    -7.522217e-09    -2.520678e-08    -8.691209e-09    5.16745e-09    7.697264e-09    6.40649e-09    -1.065872e-07    -9.45002e-08    -1.976823e-08    9.618432e-08
1.179776e-07    -2.099392e-07    -1.243025e-07    2.035114e-07    -3.526586e-08    1.472261e-06    -2.771836e-08    -8.060405e-07    -1.670963e-07    5.869345e-09    1.874511e-08    1.702867e-08    -2.201426e-08    -1.084486e-08    5.947738e-08    1.18772e-07    4.259118e-08    -5.94661e-08    -1.824484e-08    -4.958132e-08
-1.613273e-07    3.136907e-08    -7.984305e-08    -2.3338e-07    3.039741e-07    -2.771836e-08    1.40532e-06    -1.165064e-07    -8.28338e-07    8.458467e-08    -4.469316e-09    -1.948866e-08    -7.727277e-09    1.031393e-08    3.891361e-08    -1.982221e-08    1.283563e-07    3.305485e-08    -8.181469e-08    -3.212982e-08
-1.463332e-07    4.999654e-08    -1.276767e-07    -2.753985e-07    3.391984e-07    -8.060405e-07    -1.165064e-07    1.404402e-06    -2.098517e-08    -5.475253e-07    -2.841821e-08    -1.670987e-09    4.14767e-08    2.134997e-08    -3.255562e-08    -8.06896e-08    2.696268e-08    1.23639e-07    -1.251113e-08    -4.308088e-08
9.6996e-08    -2.169716e-07    -1.24792e-07    2.001718e-07    -3.915449e-08    -1.670963e-07    -8.28338e-07    -2.098517e-08    1.487765e-06    -4.545773e-07    -7.402581e-10    9.35678e-09    9.303206e-09    8.214111e-09    -7.499912e-08    -1.52912e-08    -6.377093e-08    2.266387e-08    9.995015e-08    -1.902189e-09
6.102661e-08    1.695643e-07    2.115468e-07    5.147374e-08    -2.780645e-07    5.869345e-09    8.458467e-08    -5.475253e-07    -4.545773e-07    1.395502e-06    8.275076e-08    9.255482e-09    -5.035585e-08    -7.889481e-08    -8.046208e-08    -1.907629e-08    -6.478161e-08    -7.251982e-08    4.039775e-08    1.469731e-07
-3.369996e-08    1.568539e-08    3.61976e-08    -1.80011e-08    -7.522217e-09    1.874511e-08    -4.469316e-09    -2.841821e-08    -7.402581e-10    8.275076e-08    1.494597e-06    -1.049596e-08    -8.186644e-07    -1.86224e-07    -2.001404e-08    1.775202e-08    -7.449213e-08    9.668411e-09    9.175057e-08    -2.233565e-08
2.492124e-08    8.079944e-09    -1.869091e-09    -8.280084e-09    -2.520678e-08    1.702867e-08    -1.948866e-08    -1.670987e-09    9.35678e-09    9.255482e-09    -1.049596e-08    1.411913e-06    -9.452864e-08    -8.109401e-07    5.829558e-08    -7.728271e-08    6.008997e-08    9.817511e-08    -3.13116e-08    -3.081311e-08
4.296297e-08    4.683226e-10    -3.404901e-08    1.311805e-09    -8.691209e-09    -2.201426e-08    -7.727277e-09    4.14767e-08    9.303206e-09    -5.035585e-08    -8.186644e-07    -9.452864e-08    1.406109e-06    -3.27649e-08    -5.292035e-07    -4.324797e-08    1.296148e-07    6.04606e-08    -6.482557e-08    -3.788656e-08
2.002531e-08    3.479599e-09    -2.16732e-08    -4.068911e-09    5.16745e-09    -1.084486e-08    1.031393e-08    2.134997e-08    8.214111e-09    -7.889481e-08    -1.86224e-07    -8.109401e-07    -3.27649e-08    1.473983e-06    -4.513986e-07    8.198217e-08    -5.125977e-09    -3.92709e-08    1.985849e-08    -3.682061e-08
-5.129545e-08    1.618123e-09    4.28895e-08    -6.510973e-09    7.697264e-09    5.947738e-08    3.891361e-08    -3.255562e-08    -7.499912e-08    -8.046208e-08    -2.001404e-08    5.829558e-08    -5.292035e-07    -4.513986e-07    1.397723e-06    3.241856e-08    -5.499853e-08    -6.447926e-08    -5.521705e-08    -1.354611e-08
5.000971e-08    -5.984537e-08    -3.916478e-08    5.290198e-08    6.40649e-09    1.18772e-07    -1.982221e-08    -8.06896e-08    -1.52912e-08    -1.907629e-08    1.775202e-08    -7.728271e-08    -4.324797e-08    8.198217e-08    3.241856e-08    1.488221e-06    -2.408789e-08    -8.901257e-07    1.222054e-07    -3.036784e-08
-2.931392e-09    1.033034e-07    8.370547e-08    -2.526876e-08    -1.065872e-07    4.259118e-08    1.283563e-07    2.696268e-08    -6.377093e-08    -6.478161e-08    -7.449213e-08    6.008997e-08    1.296148e-07    -5.125977e-09    -5.499853e-08    -2.408789e-08    1.469001e-06    -2.675869e-07    -8.766441e-07    3.187884e-07
9.168098e-09    8.439184e-08    9.163783e-08    -2.2503e-08    -9.45002e-08    -5.94661e-08    3.305485e-08    1.23639e-07    2.266387e-08    -7.251982e-08    9.668411e-09    9.817511e-08    6.04606e-08    -3.92709e-08    -6.447926e-08    -8.901257e-07    -2.675869e-07    1.48309e-06    1.63897e-08    -6.518244e-07
5.76203e-08    -5.257457e-08    -2.904177e-08    5.781541e-08    -1.976823e-08    -1.824484e-08    -8.181469e-08    -1.251113e-08    9.995015e-08    4.039775e-08    9.175057e-08    -3.13116e-08    -6.482557e-08    1.985849e-08    -5.521705e-08    1.222054e-07    -8.766441e-07    1.63897e-08    1.491342e-06    -6.821081e-07
-5.507574e-08    -1.744204e-08    -5.463815e-08    -4.153038e-08    9.618432e-08    -4.958132e-08    -3.212982e-08    -4.308088e-08    -1.902189e-09    1.469731e-07    -2.233565e-08    -3.081311e-08    -3.788656e-08    -3.682061e-08    -1.354611e-08    -3.036784e-08    3.187884e-07    -6.518244e-07    -6.821081e-07    1.407593e-06
