1.472261e-06    -2.771836e-08    -8.060405e-07    -1.670963e-07    5.869345e-09    1.105395e-07    -9.147291e-08    -1.238757e-07    1.050113e-07    -2.2601e-09
-2.771836e-08    1.40532e-06    -1.165064e-07    -8.28338e-07    8.458467e-08    -7.546077e-08    -9.620477e-08    -6.119929e-08    -6.103017e-08    1.425793e-07
-8.060405e-07    -1.165064e-07    1.404402e-06    -2.098517e-08    -5.475253e-07    -6.822605e-08    -1.160964e-07    -9.256362e-08    -5.72444e-08    1.72404e-07
-1.670963e-07    -8.28338e-07    -2.098517e-08    1.487765e-06    -4.545773e-07    8.329951e-08    -1.288955e-07    -1.136107e-07    1.379895e-07    1.635658e-08
5.869345e-09    8.458467e-08    -5.475253e-07    -4.545773e-07    1.395502e-06    -3.724478e-08    1.92759e-07    1.931197e-07    -4.849332e-08    -1.555638e-07
1.105395e-07    -7.546077e-08    -6.822605e-08    8.329951e-08    -3.724478e-08    1.457257e-06    1.743115e-07    -9.820345e-07    -2.900465e-08    -9.333046e-09
-9.147291e-08    -9.620477e-08    -1.160964e-07    -1.288955e-07    1.92759e-07    1.743115e-07    1.616657e-06    -3.358758e-07    -9.808844e-07    3.401568e-07
-1.238757e-07    -6.119929e-08    -9.256362e-08    -1.136107e-07    1.931197e-07    -9.820345e-07    -3.358758e-07    1.598062e-06    1.488089e-07    -7.693114e-07
1.050113e-07    -6.103017e-08    -5.72444e-08    1.379895e-07    -4.849332e-08    -2.900465e-08    -9.808844e-07    1.488089e-07    1.454786e-06    -6.167025e-07
-2.2601e-09    1.425793e-07    1.72404e-07    1.635658e-08    -1.555638e-07    -9.333046e-09    3.401568e-07    -7.693114e-07    -6.167025e-07    1.398793e-06
