1.472261e-06    -2.771836e-08    -8.060405e-07    -1.670963e-07    5.869345e-09    1.400001e-07    -1.490923e-07    -1.702624e-07    1.153511e-07    4.399559e-08
-2.771836e-08    1.40532e-06    -1.165064e-07    -8.28338e-07    8.458467e-08    -1.575981e-07    -4.36498e-08    -3.354596e-09    -1.647421e-07    1.823721e-07
-8.060405e-07    -1.165064e-07    1.404402e-06    -2.098517e-08    -5.475253e-07    -1.532749e-07    -1.014019e-08    -1.377712e-08    -1.705426e-07    1.455066e-07
-1.670963e-07    -8.28338e-07    -2.098517e-08    1.487765e-06    -4.545773e-07    1.179364e-07    -1.402534e-07    -1.350892e-07    1.188122e-07    1.163941e-09
5.869345e-09    8.458467e-08    -5.475253e-07    -4.545773e-07    1.395502e-06    1.797426e-08    1.573175e-07    1.628099e-07    6.047841e-08    -1.701644e-07
1.400001e-07    -1.575981e-07    -1.532749e-07    1.179364e-07    1.797426e-08    1.500904e-06    -6.792759e-08    -9.316614e-07    -1.044795e-07    6.552873e-08
-1.490923e-07    -4.36498e-08    -1.014019e-08    -1.402534e-07    1.573175e-07    -6.792759e-08    1.449781e-06    -8.824959e-08    -8.700961e-07    1.157145e-07
-1.702624e-07    -3.354596e-09    -1.377712e-08    -1.350892e-07    1.628099e-07    -9.316614e-07    -8.824959e-08    1.473615e-06    1.564405e-08    -5.819284e-07
1.153511e-07    -1.647421e-07    -1.705426e-07    1.188122e-07    6.047841e-08    -1.044795e-07    -8.700961e-07    1.564405e-08    1.490392e-06    -5.003959e-07
4.399559e-08    1.823721e-07    1.455066e-07    1.163941e-09    -1.701644e-07    6.552873e-08    1.157145e-07    -5.819284e-07    -5.003959e-07    1.359764e-06
