1.503816e-06    -3.236597e-08    -1.010917e-06    -1.083135e-07    2.548686e-08    1.816792e-07    -1.70837e-07    -1.717359e-07    1.493236e-07    1.032416e-08    -1.767466e-08    -2.536004e-08    -1.558635e-08    -1.055236e-08    2.757166e-08
-3.236597e-08    1.440415e-06    -5.792624e-08    -8.496947e-07    1.39388e-07    -1.369238e-07    -5.724333e-08    -3.776354e-08    -1.018532e-07    1.658186e-07    1.074636e-08    -1.172822e-08    -4.113674e-08    -2.803123e-08    4.610066e-08
-1.010917e-06    -5.792624e-08    1.476971e-06    3.995668e-08    -4.829537e-07    -1.921051e-07    9.338937e-09    1.171567e-08    -1.783529e-07    1.629557e-07    1.019456e-08    5.60775e-09    1.19537e-08    2.422325e-09    -2.52676e-08
-1.083135e-07    -8.496947e-07    3.995668e-08    1.484074e-06    -5.214013e-07    7.758079e-08    -1.542864e-07    -1.561639e-07    9.107857e-08    6.770561e-08    8.744419e-09    1.444056e-08    7.07933e-09    6.71717e-09    -4.153471e-08
2.548686e-08    1.39388e-07    -4.829537e-07    -5.214013e-07    1.276237e-06    4.976388e-08    1.220282e-07    1.343036e-07    6.239992e-08    -1.780151e-07    8.005761e-09    4.431528e-09    -1.775191e-08    9.199351e-09    4.207392e-08
1.816792e-07    -1.369238e-07    -1.921051e-07    7.758079e-08    4.976388e-08    1.472261e-06    -2.771836e-08    -8.060405e-07    -1.670963e-07    5.869345e-09    1.874511e-08    1.702867e-08    -2.201426e-08    -1.084486e-08    5.947738e-08
-1.70837e-07    -5.724333e-08    9.338937e-09    -1.542864e-07    1.220282e-07    -2.771836e-08    1.40532e-06    -1.165064e-07    -8.28338e-07    8.458467e-08    -4.469316e-09    -1.948866e-08    -7.727277e-09    1.031393e-08    3.891361e-08
-1.717359e-07    -3.776354e-08    1.171567e-08    -1.561639e-07    1.343036e-07    -8.060405e-07    -1.165064e-07    1.404402e-06    -2.098517e-08    -5.475253e-07    -2.841821e-08    -1.670987e-09    4.14767e-08    2.134997e-08    -3.255562e-08
1.493236e-07    -1.018532e-07    -1.783529e-07    9.107857e-08    6.239992e-08    -1.670963e-07    -8.28338e-07    -2.098517e-08    1.487765e-06    -4.545773e-07    -7.402581e-10    9.35678e-09    9.303206e-09    8.214111e-09    -7.499912e-08
1.032416e-08    1.658186e-07    1.629557e-07    6.770561e-08    -1.780151e-07    5.869345e-09    8.458467e-08    -5.475253e-07    -4.545773e-07    1.395502e-06    8.275076e-08    9.255482e-09    -5.035585e-08    -7.889481e-08    -8.046208e-08
-1.767466e-08    1.074636e-08    1.019456e-08    8.744419e-09    8.005761e-09    1.874511e-08    -4.469316e-09    -2.841821e-08    -7.402581e-10    8.275076e-08    1.494597e-06    -1.049596e-08    -8.186644e-07    -1.86224e-07    -2.001404e-08
-2.536004e-08    -1.172822e-08    5.60775e-09    1.444056e-08    4.431528e-09    1.702867e-08    -1.948866e-08    -1.670987e-09    9.35678e-09    9.255482e-09    -1.049596e-08    1.411913e-06    -9.452864e-08    -8.109401e-07    5.829558e-08
-1.558635e-08    -4.113674e-08    1.19537e-08    7.07933e-09    -1.775191e-08    -2.201426e-08    -7.727277e-09    4.14767e-08    9.303206e-09    -5.035585e-08    -8.186644e-07    -9.452864e-08    1.406109e-06    -3.27649e-08    -5.292035e-07
-1.055236e-08    -2.803123e-08    2.422325e-09    6.71717e-09    9.199351e-09    -1.084486e-08    1.031393e-08    2.134997e-08    8.214111e-09    -7.889481e-08    -1.86224e-07    -8.109401e-07    -3.27649e-08    1.473983e-06    -4.513986e-07
2.757166e-08    4.610066e-08    -2.52676e-08    -4.153471e-08    4.207392e-08    5.947738e-08    3.891361e-08    -3.255562e-08    -7.499912e-08    -8.046208e-08    -2.001404e-08    5.829558e-08    -5.292035e-07    -4.513986e-07    1.397723e-06
