1.472261e-06    -2.771836e-08    -8.060405e-07    -1.670963e-07    5.869345e-09    1.181334e-07    -5.141186e-08    -1.141739e-07    7.979897e-08    -1.103642e-08
-2.771836e-08    1.40532e-06    -1.165064e-07    -8.28338e-07    8.458467e-08    -1.563074e-08    -1.275265e-07    -1.057465e-07    8.281026e-09    1.176531e-07
-8.060405e-07    -1.165064e-07    1.404402e-06    -2.098517e-08    -5.475253e-07    1.516758e-08    -1.422467e-07    -8.985617e-08    -2.03367e-09    1.008443e-07
-1.670963e-07    -8.28338e-07    -2.098517e-08    1.487765e-06    -4.545773e-07    1.146874e-07    -6.147304e-08    -1.067057e-07    1.117855e-07    -1.156016e-08
5.869345e-09    8.458467e-08    -5.475253e-07    -4.545773e-07    1.395502e-06    -1.181186e-07    1.854112e-07    2.24713e-07    -9.068725e-08    -1.309144e-07
1.181334e-07    -1.563074e-08    1.516758e-08    1.146874e-07    -1.181186e-07    1.234127e-06    -4.804401e-07    -3.595327e-07    2.420844e-08    -2.228069e-07
-5.141186e-08    -1.275265e-07    -1.422467e-07    -6.147304e-08    1.854112e-07    -4.804401e-07    2.059324e-06    -3.350662e-07    -5.089342e-07    1.258872e-07
-1.141739e-07    -1.057465e-07    -8.985617e-08    -1.067057e-07    2.24713e-07    -3.595327e-07    -3.350662e-07    2.003166e-06    -3.070425e-07    -9.751981e-07
7.979897e-08    8.281026e-09    -2.03367e-09    1.117855e-07    -9.068725e-08    2.420844e-08    -5.089342e-07    -3.070425e-07    1.35192e-06    -3.081432e-07
-1.103642e-08    1.176531e-07    1.008443e-07    -1.156016e-08    -1.309144e-07    -2.228069e-07    1.258872e-07    -9.751981e-07    -3.081432e-07    1.448944e-06
