1.472261e-06    -2.771836e-08    -8.060405e-07    -1.670963e-07    5.869345e-09    2.277149e-07    2.463567e-08    -7.274089e-08    2.284364e-07    -1.6379e-07
-2.771836e-08    1.40532e-06    -1.165064e-07    -8.28338e-07    8.458467e-08    -3.851125e-07    3.184623e-07    4.195932e-07    -3.112969e-07    -4.237352e-08
-8.060405e-07    -1.165064e-07    1.404402e-06    -2.098517e-08    -5.475253e-07    -4.174546e-07    3.553373e-07    4.458711e-07    -3.349608e-07    -1.455987e-08
-1.670963e-07    -8.28338e-07    -2.098517e-08    1.487765e-06    -4.545773e-07    2.190603e-07    2.421523e-08    -6.053385e-08    2.340137e-07    -1.634464e-07
5.869345e-09    8.458467e-08    -5.475253e-07    -4.545773e-07    1.395502e-06    1.830015e-07    -3.828083e-07    -3.709494e-07    1.162611e-07    1.867564e-07
2.277149e-07    -3.851125e-07    -4.174546e-07    2.190603e-07    1.830015e-07    1.367607e-06    -3.399759e-07    -6.355789e-07    1.187194e-07    -1.167139e-07
2.463567e-08    3.184623e-07    3.553373e-07    2.421523e-08    -3.828083e-07    -3.399759e-07    1.754976e-06    8.989151e-08    -7.144456e-07    -6.704824e-08
-7.274089e-08    4.195932e-07    4.458711e-07    -6.053385e-08    -3.709494e-07    -6.355789e-07    8.989151e-08    1.706385e-06    -2.692439e-07    -7.773005e-07
2.284364e-07    -3.112969e-07    -3.349608e-07    2.340137e-07    1.162611e-07    1.187194e-07    -7.144456e-07    -2.692439e-07    1.419714e-06    -4.286468e-07
-1.6379e-07    -4.237352e-08    -1.455987e-08    -1.634464e-07    1.867564e-07    -1.167139e-07    -6.704824e-08    -7.773005e-07    -4.286468e-07    1.454712e-06
