4.725822e-06    -2.000979e-07    -2.906086e-06    -4.483164e-07    1.731308e-07    -4.467649e-08    -2.734826e-08    6.902142e-08    6.857893e-08    -3.009029e-08    2.164011e-07    -4.805724e-08    -1.604681e-07    1.570666e-07    1.865471e-08
-2.000979e-07    3.915343e-06    -1.885232e-07    -2.538816e-06    3.615295e-07    1.010476e-07    6.373484e-08    -8.029741e-08    -1.128079e-07    5.455828e-08    5.273999e-08    -1.805547e-07    -2.44283e-07    4.917346e-09    1.259126e-07
-2.906086e-06    -1.885232e-07    4.379507e-06    3.138876e-09    -1.650605e-06    -6.733583e-10    2.888692e-08    -1.393534e-11    4.564239e-08    -2.596733e-08    6.07289e-08    -3.881256e-07    -2.538717e-07    4.60996e-08    1.296965e-07
-4.483164e-07    -2.538816e-06    3.138876e-09    4.626585e-06    -1.536757e-06    -2.51944e-08    2.580524e-08    1.604798e-08    7.967762e-09    -6.419836e-08    3.135117e-07    -1.490104e-07    -2.811522e-07    2.34601e-07    -3.742425e-08
1.731308e-07    3.615295e-07    -1.650605e-06    -1.536757e-06    3.862514e-06    9.210886e-08    -7.033332e-09    -3.418396e-08    -1.100362e-07    3.505567e-09    -2.892602e-07    3.573724e-07    4.638271e-07    -1.991022e-07    -1.300628e-07
-4.467649e-08    1.010476e-07    -6.733583e-10    -2.51944e-08    9.210886e-08    4.633149e-06    -2.226528e-08    -2.577992e-06    -5.526539e-07    -3.784037e-08    2.565356e-07    -1.746952e-07    -1.95365e-07    2.128077e-07    -1.84851e-08
-2.734826e-08    6.373484e-08    2.888692e-08    2.580524e-08    -7.033332e-09    -2.226528e-08    4.314035e-06    -1.467289e-07    -2.935138e-06    3.404764e-07    1.367306e-07    -3.024938e-07    -4.34101e-07    1.123974e-07    1.942362e-07
6.902142e-08    -8.029741e-08    -1.393534e-11    1.604798e-08    -3.418396e-08    -2.577992e-06    -1.467289e-07    3.894266e-06    -7.059169e-08    -1.365414e-06    1.721524e-08    -3.251307e-07    -1.486673e-07    6.940214e-08    1.320113e-07
6.857893e-08    -1.128079e-07    4.564239e-08    7.967762e-09    -1.100362e-07    -5.526539e-07    -2.935138e-06    -7.059169e-08    4.830318e-06    -1.433847e-06    2.486976e-07    -1.104939e-07    -5.218825e-08    1.435132e-07    -7.690783e-08
-3.009029e-08    5.455828e-08    -2.596733e-08    -6.419836e-08    3.505567e-09    -3.784037e-08    3.404764e-07    -1.365414e-06    -1.433847e-06    3.642288e-06    -3.672536e-07    5.935586e-07    3.713075e-07    -2.837822e-07    -9.664889e-08
2.164011e-07    5.273999e-08    6.07289e-08    3.135117e-07    -2.892602e-07    2.565356e-07    1.367306e-07    1.721524e-08    2.486976e-07    -3.672536e-07    3.195493e-06    -1.639595e-06    -1.169982e-06    2.038072e-07    -2.913092e-07
-4.805724e-08    -1.805547e-07    -3.881256e-07    -1.490104e-07    3.573724e-07    -1.746952e-07    -3.024938e-07    -3.251307e-07    -1.104939e-07    5.935586e-07    -1.639595e-06    1.056232e-05    -5.783004e-06    -1.839862e-06    1.109121e-06
-1.604681e-07    -2.44283e-07    -2.538717e-07    -2.811522e-07    4.638271e-07    -1.95365e-07    -4.34101e-07    -1.486673e-07    -5.218825e-08    3.713075e-07    -1.169982e-06    -5.783004e-06    9.855298e-06    -1.005101e-06    -2.433211e-06
1.570666e-07    4.917346e-09    4.60996e-08    2.34601e-07    -1.991022e-07    2.128077e-07    1.123974e-07    6.940214e-08    1.435132e-07    -2.837822e-07    2.038072e-07    -1.839862e-06    -1.005101e-06    3.603721e-06    -5.028667e-07
1.865471e-08    1.259126e-07    1.296965e-07    -3.742425e-08    -1.300628e-07    -1.84851e-08    1.942362e-07    1.320113e-07    -7.690783e-08    -9.664889e-08    -2.913092e-07    1.109121e-06    -2.433211e-06    -5.028667e-07    2.196402e-06
