4.725822e-06    -2.000979e-07    -2.906086e-06    -4.483164e-07    1.731308e-07    -4.467649e-08    -2.734826e-08    6.902142e-08    6.857893e-08    -3.009029e-08
-2.000979e-07    3.915343e-06    -1.885232e-07    -2.538816e-06    3.615295e-07    1.010476e-07    6.373484e-08    -8.029741e-08    -1.128079e-07    5.455828e-08
-2.906086e-06    -1.885232e-07    4.379507e-06    3.138876e-09    -1.650605e-06    -6.733583e-10    2.888692e-08    -1.393534e-11    4.564239e-08    -2.596733e-08
-4.483164e-07    -2.538816e-06    3.138876e-09    4.626585e-06    -1.536757e-06    -2.51944e-08    2.580524e-08    1.604798e-08    7.967762e-09    -6.419836e-08
1.731308e-07    3.615295e-07    -1.650605e-06    -1.536757e-06    3.862514e-06    9.210886e-08    -7.033332e-09    -3.418396e-08    -1.100362e-07    3.505567e-09
-4.467649e-08    1.010476e-07    -6.733583e-10    -2.51944e-08    9.210886e-08    4.633149e-06    -2.226528e-08    -2.577992e-06    -5.526539e-07    -3.784037e-08
-2.734826e-08    6.373484e-08    2.888692e-08    2.580524e-08    -7.033332e-09    -2.226528e-08    4.314035e-06    -1.467289e-07    -2.935138e-06    3.404764e-07
6.902142e-08    -8.029741e-08    -1.393534e-11    1.604798e-08    -3.418396e-08    -2.577992e-06    -1.467289e-07    3.894266e-06    -7.059169e-08    -1.365414e-06
6.857893e-08    -1.128079e-07    4.564239e-08    7.967762e-09    -1.100362e-07    -5.526539e-07    -2.935138e-06    -7.059169e-08    4.830318e-06    -1.433847e-06
-3.009029e-08    5.455828e-08    -2.596733e-08    -6.419836e-08    3.505567e-09    -3.784037e-08    3.404764e-07    -1.365414e-06    -1.433847e-06    3.642288e-06
