2.600983e-06    -3.286611e-07    -1.342674e-06    6.021406e-07    1.593954e-08    3.228146e-09    -6.518403e-08    -4.987182e-08    -2.781047e-08    2.202135e-07    1.607309e-07    -1.733268e-07    -7.295566e-08    1.166715e-07    -3.298978e-09
-3.286611e-07    3.160636e-06    -1.907102e-08    -2.568925e-06    8.523284e-07    -4.940481e-08    -1.6856e-08    -4.979639e-08    6.254391e-08    6.688295e-08    1.979408e-09    -1.352581e-07    -9.037153e-08    -4.169036e-08    9.899724e-08
-1.342674e-06    -1.907102e-08    3.326219e-06    3.893051e-07    -2.172842e-06    -4.455707e-08    -5.248881e-08    5.656774e-08    1.395079e-07    -1.109157e-07    2.154068e-07    -2.490564e-07    -3.893222e-07    1.225128e-07    1.122982e-07
6.021406e-07    -2.568925e-06    3.893051e-07    5.404785e-06    -3.126419e-06    9.156553e-08    -1.986293e-08    -4.650557e-10    -7.124445e-08    -5.753822e-08    4.402275e-07    -2.731041e-07    -4.302797e-07    3.033748e-07    5.922875e-11
1.593954e-08    8.523284e-07    -2.172842e-06    -3.126419e-06    5.295479e-06    3.787011e-08    1.116206e-07    4.794605e-08    -1.289315e-07    -2.471375e-07    -5.235779e-07    4.538303e-07    6.687217e-07    -3.279464e-07    -1.187475e-07
3.228146e-09    -4.940481e-08    -4.455707e-08    9.156553e-08    3.787011e-08    2.533777e-06    -4.266937e-07    -1.291445e-06    5.937822e-07    -7.863822e-11    1.541916e-07    -6.857981e-08    -2.286364e-07    1.41727e-07    2.948195e-08
-6.518403e-08    -1.6856e-08    -5.248881e-08    -1.986293e-08    1.116206e-07    -4.266937e-07    3.182776e-06    6.380439e-08    -2.655799e-06    8.383507e-07    1.732333e-08    -1.506535e-07    -5.684559e-08    -5.517935e-08    7.806616e-08
-4.987182e-08    -4.979639e-08    5.656774e-08    -4.650557e-10    4.794605e-08    -1.291445e-06    6.380439e-08    3.389444e-06    3.92713e-07    -2.300373e-06    1.904817e-07    -2.875859e-07    -2.992843e-07    1.06121e-07    9.452053e-08
-2.781047e-08    6.254391e-08    1.395079e-07    -7.124445e-08    -1.289315e-07    5.937822e-07    -2.655799e-06    3.92713e-07    5.445952e-06    -3.122491e-06    4.417084e-07    -2.206271e-07    -5.421892e-07    3.381222e-07    3.05786e-09
2.202135e-07    6.688295e-08    -1.109157e-07    -5.753822e-08    -2.471375e-07    -7.863822e-11    8.383507e-07    -2.300373e-06    -3.122491e-06    5.391972e-06    -5.364166e-07    5.192012e-07    7.455379e-07    -4.115606e-07    -1.212329e-07
1.607309e-07    1.979408e-09    2.154068e-07    4.402275e-07    -5.235779e-07    1.541916e-07    1.732333e-08    1.904817e-07    4.417084e-07    -5.364166e-07    1.522817e-06    -6.193391e-07    -1.167208e-06    3.210409e-07    3.583482e-08
-1.733268e-07    -1.352581e-07    -2.490564e-07    -2.731041e-07    4.538303e-07    -6.857981e-08    -1.506535e-07    -2.875859e-07    -2.206271e-07    5.192012e-07    -6.193391e-07    4.544071e-06    -2.302371e-06    -1.320329e-06    2.26815e-07
-7.295566e-08    -9.037153e-08    -3.893222e-07    -4.302797e-07    6.687217e-07    -2.286364e-07    -5.684559e-08    -2.992843e-07    -5.421892e-07    7.455379e-07    -1.167208e-06    -2.302371e-06    4.281386e-06    -4.117152e-07    -5.328397e-07
1.166715e-07    -4.169036e-08    1.225128e-07    3.033748e-07    -3.279464e-07    1.41727e-07    -5.517935e-08    1.06121e-07    3.381222e-07    -4.115606e-07    3.210409e-07    -1.320329e-06    -4.117152e-07    1.53437e-06    -1.456893e-07
-3.298978e-09    9.899724e-08    1.122982e-07    5.922875e-11    -1.187475e-07    2.948195e-08    7.806616e-08    9.452053e-08    3.05786e-09    -1.212329e-07    3.583482e-08    2.26815e-07    -5.328397e-07    -1.456893e-07    4.091927e-07
