2.600983e-06    -3.286611e-07    -1.342674e-06    6.021406e-07    1.593954e-08    3.228146e-09    -6.518403e-08    -4.987182e-08    -2.781047e-08    2.202135e-07    2.538982e-07    -3.887532e-07    -3.574546e-07    2.075149e-07    1.66915e-07    5.133165e-07    -4.875697e-07    -5.534647e-07    4.106472e-07    8.471846e-08
-3.286611e-07    3.160636e-06    -1.907102e-08    -2.568925e-06    8.523284e-07    -4.940481e-08    -1.6856e-08    -4.979639e-08    6.254391e-08    6.688295e-08    -4.900063e-07    7.468038e-08    1.170212e-07    -5.199746e-07    4.026357e-07    -5.015089e-07    -7.018989e-08    3.83307e-08    -2.720019e-07    3.90987e-07
-1.342674e-06    -1.907102e-08    3.326219e-06    3.893051e-07    -2.172842e-06    -4.455707e-08    -5.248881e-08    5.656774e-08    1.395079e-07    -1.109157e-07    -2.716871e-07    -1.948574e-07    -3.160059e-07    -2.825799e-07    5.004945e-07    -1.883287e-08    -5.990057e-07    -4.317586e-07    1.035132e-07    4.524608e-07
6.021406e-07    -2.568925e-06    3.893051e-07    5.404785e-06    -3.126419e-06    9.156553e-08    -1.986293e-08    -4.650557e-10    -7.124445e-08    -5.753822e-08    6.306022e-07    -7.682299e-07    -8.949955e-07    6.237045e-07    2.016926e-07    1.259305e-06    -1.193715e-06    -1.259082e-06    1.064288e-06    1.08476e-07
1.593954e-08    8.523284e-07    -2.172842e-06    -3.126419e-06    5.295479e-06    3.787011e-08    1.116206e-07    4.794605e-08    -1.289315e-07    -2.471375e-07    -2.056946e-07    9.035447e-07    1.011827e-06    -2.254935e-07    -7.257489e-07    -9.592466e-07    1.576248e-06    1.425144e-06    -8.506961e-07    -5.861574e-07
3.228146e-09    -4.940481e-08    -4.455707e-08    9.156553e-08    3.787011e-08    2.533777e-06    -4.266937e-07    -1.291445e-06    5.937822e-07    -7.863822e-11    1.351517e-08    4.34843e-08    7.135347e-09    -1.488053e-08    -5.067052e-09    5.12408e-07    -5.038494e-07    -5.373285e-07    4.079602e-07    8.766542e-08
-6.518403e-08    -1.6856e-08    -5.248881e-08    -1.986293e-08    1.116206e-07    -4.266937e-07    3.182776e-06    6.380439e-08    -2.655799e-06    8.383507e-07    -1.265474e-09    6.203492e-08    3.841545e-08    -4.867754e-08    -1.426604e-08    -3.232898e-07    4.975546e-08    -1.468814e-07    -4.376312e-07    4.477965e-07
-4.987182e-08    -4.979639e-08    5.656774e-08    -4.650557e-10    4.794605e-08    -1.291445e-06    6.380439e-08    3.389444e-06    3.92713e-07    -2.300373e-06    -4.46262e-08    3.361369e-09    4.877538e-08    3.066017e-09    3.632891e-09    -1.101753e-07    -6.066594e-07    -3.904777e-07    1.356669e-07    4.172357e-07
-2.781047e-08    6.254391e-08    1.395079e-07    -7.124445e-08    -1.289315e-07    5.937822e-07    -2.655799e-06    3.92713e-07    5.445952e-06    -3.122491e-06    -3.767559e-08    -2.425063e-08    -4.615381e-08    3.341053e-08    3.734994e-08    1.043673e-06    -1.348225e-06    -9.690289e-07    1.183232e-06    -1.33301e-08
2.202135e-07    6.688295e-08    -1.109157e-07    -5.753822e-08    -2.471375e-07    -7.863822e-11    8.383507e-07    -2.300373e-06    -3.122491e-06    5.391972e-06    1.624887e-08    -6.105218e-08    -4.019799e-08    9.056859e-08    -3.315035e-08    -8.681331e-07    1.521197e-06    1.445563e-06    -9.079914e-07    -5.390543e-07
2.538982e-07    -4.900063e-07    -2.716871e-07    6.306022e-07    -2.056946e-07    1.351517e-08    -1.265474e-09    -4.46262e-08    -3.767559e-08    1.624887e-08    3.924155e-06    -1.684096e-07    -2.334304e-06    -5.472707e-07    7.053083e-08    1.744283e-07    -2.058841e-07    -1.337809e-07    2.416422e-07    -8.388326e-08
-3.887532e-07    7.468038e-08    -1.948574e-07    -7.682299e-07    9.035447e-07    4.34843e-08    6.203492e-08    3.361369e-09    -2.425063e-08    -6.105218e-08    -1.684096e-07    3.96229e-06    -4.396727e-07    -2.460379e-06    2.04513e-07    -3.426961e-07    2.469151e-07    4.369383e-07    -2.439439e-07    -1.544867e-07
-3.574546e-07    1.170212e-07    -3.160059e-07    -8.949955e-07    1.011827e-06    7.135347e-09    3.841545e-08    4.877538e-08    -4.615381e-08    -4.019799e-08    -2.334304e-06    -4.396727e-07    3.884889e-06    -1.64963e-07    -1.149445e-06    -2.596793e-07    4.511114e-07    3.52609e-07    -2.817921e-07    -8.587469e-08
2.075149e-07    -5.199746e-07    -2.825799e-07    6.237045e-07    -2.254935e-07    -1.488053e-08    -4.867754e-08    3.066017e-09    3.341053e-08    9.056859e-08    -5.472707e-07    -2.460379e-06    -1.64963e-07    4.069895e-06    -9.110307e-07    2.581676e-07    -3.372224e-08    -2.343168e-07    1.823679e-07    -1.760715e-08
1.66915e-07    4.026357e-07    5.004945e-07    2.016926e-07    -7.257489e-07    -5.067052e-09    -1.426604e-08    3.632891e-09    3.734994e-08    -3.315035e-08    7.053083e-08    2.04513e-07    -1.149445e-06    -9.110307e-07    2.400727e-06    8.676655e-08    -2.811246e-07    -1.935784e-07    8.315371e-08    9.650085e-08
5.133165e-07    -5.015089e-07    -1.883287e-08    1.259305e-06    -9.592466e-07    5.12408e-07    -3.232898e-07    -1.101753e-07    1.043673e-06    -8.681331e-07    1.744283e-07    -3.426961e-07    -2.596793e-07    2.581676e-07    8.676655e-08    1.133604e-05    -4.830607e-07    -9.574782e-06    1.700488e-07    3.543101e-07
-4.875697e-07    -7.018989e-08    -5.990057e-07    -1.193715e-06    1.576248e-06    -5.038494e-07    4.975546e-08    -6.066594e-07    -1.348225e-06    1.521197e-06    -2.058841e-07    2.469151e-07    4.511114e-07    -3.372224e-08    -2.811246e-07    -4.830607e-07    1.44715e-05    -2.302421e-06    -9.600773e-06    1.007374e-06
-5.534647e-07    3.83307e-08    -4.317586e-07    -1.259082e-06    1.425144e-06    -5.373285e-07    -1.468814e-07    -3.904777e-07    -9.690289e-07    1.445563e-06    -1.337809e-07    4.369383e-07    3.52609e-07    -2.343168e-07    -1.935784e-07    -9.574782e-06    -2.302421e-06    1.432088e-05    -5.137219e-07    -2.89303e-06
4.106472e-07    -2.720019e-07    1.035132e-07    1.064288e-06    -8.506961e-07    4.079602e-07    -4.376312e-07    1.356669e-07    1.183232e-06    -9.079914e-07    2.416422e-07    -2.439439e-07    -2.817921e-07    1.823679e-07    8.315371e-08    1.700488e-07    -9.600773e-06    -5.137219e-07    1.10853e-05    -1.76495e-06
8.471846e-08    3.90987e-07    4.524608e-07    1.08476e-07    -5.861574e-07    8.766542e-08    4.477965e-07    4.172357e-07    -1.33301e-08    -5.390543e-07    -8.388326e-08    -1.544867e-07    -8.587469e-08    -1.760715e-08    9.650085e-08    3.543101e-07    1.007374e-06    -2.89303e-06    -1.76495e-06    3.451853e-06
