2.600983e-06    -3.286611e-07    -1.342674e-06    6.021406e-07    1.593954e-08    -7.653055e-08    5.941772e-08    9.663147e-08    3.736003e-08    -9.945902e-08
-3.286611e-07    3.160636e-06    -1.907102e-08    -2.568925e-06    8.523284e-07    3.600934e-08    2.353316e-08    2.590894e-09    4.743568e-09    -3.331978e-09
-1.342674e-06    -1.907102e-08    3.326219e-06    3.893051e-07    -2.172842e-06    9.027872e-08    2.027802e-09    -8.015087e-08    -5.342214e-08    8.306228e-08
6.021406e-07    -2.568925e-06    3.893051e-07    5.404785e-06    -3.126419e-06    -5.53066e-08    -2.286789e-08    6.674054e-09    -8.952459e-09    -9.145968e-09
1.593954e-08    8.523284e-07    -2.172842e-06    -3.126419e-06    5.295479e-06    -1.95566e-08    -7.525311e-08    -2.228105e-08    2.491048e-08    2.16677e-08
-7.653055e-08    3.600934e-08    9.027872e-08    -5.53066e-08    -1.95566e-08    4.031233e-06    -1.349133e-07    -2.383666e-06    -5.92292e-07    8.958909e-09
5.941772e-08    2.353316e-08    2.027802e-09    -2.286789e-08    -7.525311e-08    -1.349133e-07    3.917273e-06    -3.736174e-07    -2.365704e-06    1.450855e-07
9.663147e-08    2.590894e-09    -8.015087e-08    6.674054e-09    -2.228105e-08    -2.383666e-06    -3.736174e-07    3.896848e-06    -1.752482e-07    -1.137147e-06
3.736003e-08    4.743568e-09    -5.342214e-08    -8.952459e-09    2.491048e-08    -5.92292e-07    -2.365704e-06    -1.752482e-07    3.976115e-06    -9.157032e-07
-9.945902e-08    -3.331978e-09    8.306228e-08    -9.145968e-09    2.16677e-08    8.958909e-09    1.450855e-07    -1.137147e-06    -9.157032e-07    2.505312e-06
