2.600983e-06    -3.286611e-07    -1.342674e-06    6.021406e-07    1.593954e-08    3.228146e-09    -6.518403e-08    -4.987182e-08    -2.781047e-08    2.202135e-07    2.424658e-07    -3.348817e-07    -4.504633e-07    2.44328e-07    2.158938e-07
-3.286611e-07    3.160636e-06    -1.907102e-08    -2.568925e-06    8.523284e-07    -4.940481e-08    -1.6856e-08    -4.979639e-08    6.254391e-08    6.688295e-08    -4.017164e-07    -6.797265e-08    2.790315e-08    -3.811139e-07    3.494687e-07
-1.342674e-06    -1.907102e-08    3.326219e-06    3.893051e-07    -2.172842e-06    -4.455707e-08    -5.248881e-08    5.656774e-08    1.395079e-07    -1.109157e-07    -1.870353e-07    -1.452343e-07    -1.976113e-07    -3.10241e-07    3.782263e-07
6.021406e-07    -2.568925e-06    3.893051e-07    5.404785e-06    -3.126419e-06    9.156553e-08    -1.986293e-08    -4.650557e-10    -7.124445e-08    -5.753822e-08    5.911065e-07    -5.377446e-07    -7.191149e-07    4.375786e-07    1.567791e-07
1.593954e-08    8.523284e-07    -2.172842e-06    -3.126419e-06    5.295479e-06    3.787011e-08    1.116206e-07    4.794605e-08    -1.289315e-07    -2.471375e-07    -2.168884e-07    6.938207e-07    8.490651e-07    -2.869376e-08    -6.857818e-07
3.228146e-09    -4.940481e-08    -4.455707e-08    9.156553e-08    3.787011e-08    2.533777e-06    -4.266937e-07    -1.291445e-06    5.937822e-07    -7.863822e-11    7.62731e-08    -2.699758e-08    -7.614764e-08    3.381385e-08    2.654911e-08
-6.518403e-08    -1.6856e-08    -5.248881e-08    -1.986293e-08    1.116206e-07    -4.266937e-07    3.182776e-06    6.380439e-08    -2.655799e-06    8.383507e-07    2.468838e-08    4.11979e-08    2.017863e-08    -1.926105e-08    -1.677185e-08
-4.987182e-08    -4.979639e-08    5.656774e-08    -4.650557e-10    4.794605e-08    -1.291445e-06    6.380439e-08    3.389444e-06    3.92713e-07    -2.300373e-06    1.426464e-08    1.245929e-07    -9.443286e-09    -1.096093e-07    -1.659644e-08
-2.781047e-08    6.254391e-08    1.395079e-07    -7.124445e-08    -1.289315e-07    5.937822e-07    -2.655799e-06    3.92713e-07    5.445952e-06    -3.122491e-06    -5.803796e-08    2.093786e-10    -2.362032e-08    -1.56505e-09    5.505596e-09
2.202135e-07    6.688295e-08    -1.109157e-07    -5.753822e-08    -2.471375e-07    -7.863822e-11    8.383507e-07    -2.300373e-06    -3.122491e-06    5.391972e-06    9.039357e-08    -1.576461e-07    -9.049177e-08    9.890024e-09    1.052333e-07
2.424658e-07    -4.017164e-07    -1.870353e-07    5.911065e-07    -2.168884e-07    7.62731e-08    2.468838e-08    1.426464e-08    -5.803796e-08    9.039357e-08    4.725822e-06    -2.000979e-07    -2.906086e-06    -4.483164e-07    1.731308e-07
-3.348817e-07    -6.797265e-08    -1.452343e-07    -5.377446e-07    6.938207e-07    -2.699758e-08    4.11979e-08    1.245929e-07    2.093786e-10    -1.576461e-07    -2.000979e-07    3.915343e-06    -1.885232e-07    -2.538816e-06    3.615295e-07
-4.504633e-07    2.790315e-08    -1.976113e-07    -7.191149e-07    8.490651e-07    -7.614764e-08    2.017863e-08    -9.443286e-09    -2.362032e-08    -9.049177e-08    -2.906086e-06    -1.885232e-07    4.379507e-06    3.138876e-09    -1.650605e-06
2.44328e-07    -3.811139e-07    -3.10241e-07    4.375786e-07    -2.869376e-08    3.381385e-08    -1.926105e-08    -1.096093e-07    -1.56505e-09    9.890024e-09    -4.483164e-07    -2.538816e-06    3.138876e-09    4.626585e-06    -1.536757e-06
2.158938e-07    3.494687e-07    3.782263e-07    1.567791e-07    -6.857818e-07    2.654911e-08    -1.677185e-08    -1.659644e-08    5.505596e-09    1.052333e-07    1.731308e-07    3.615295e-07    -1.650605e-06    -1.536757e-06    3.862514e-06
