2.600983e-06    -3.286611e-07    -1.342674e-06    6.021406e-07    1.593954e-08    3.228146e-09    -6.518403e-08    -4.987182e-08    -2.781047e-08    2.202135e-07    1.607309e-07    -1.733268e-07    -7.295566e-08    1.166715e-07    -3.298978e-09    5.133165e-07    -4.875697e-07    -5.534647e-07    4.106472e-07    8.471846e-08    -8.592304e-08    2.930226e-08    2.976535e-08    -1.372647e-08    8.05633e-08
-3.286611e-07    3.160636e-06    -1.907102e-08    -2.568925e-06    8.523284e-07    -4.940481e-08    -1.6856e-08    -4.979639e-08    6.254391e-08    6.688295e-08    1.979408e-09    -1.352581e-07    -9.037153e-08    -4.169036e-08    9.899724e-08    -5.015089e-07    -7.018989e-08    3.83307e-08    -2.720019e-07    3.90987e-07    -6.514163e-08    -4.62901e-08    6.509298e-08    -3.235921e-09    3.843355e-10
-1.342674e-06    -1.907102e-08    3.326219e-06    3.893051e-07    -2.172842e-06    -4.455707e-08    -5.248881e-08    5.656774e-08    1.395079e-07    -1.109157e-07    2.154068e-07    -2.490564e-07    -3.893222e-07    1.225128e-07    1.122982e-07    -1.883287e-08    -5.990057e-07    -4.317586e-07    1.035132e-07    4.524608e-07    3.405016e-08    7.30707e-09    -4.297934e-08    -3.44732e-08    2.788392e-08
6.021406e-07    -2.568925e-06    3.893051e-07    5.404785e-06    -3.126419e-06    9.156553e-08    -1.986293e-08    -4.650557e-10    -7.124445e-08    -5.753822e-08    4.402275e-07    -2.731041e-07    -4.302797e-07    3.033748e-07    5.922875e-11    1.259305e-06    -1.193715e-06    -1.259082e-06    1.064288e-06    1.08476e-07    9.36981e-08    4.641594e-08    -5.439054e-08    -8.591566e-08    -1.741049e-08
1.593954e-08    8.523284e-07    -2.172842e-06    -3.126419e-06    5.295479e-06    3.787011e-08    1.116206e-07    4.794605e-08    -1.289315e-07    -2.471375e-07    -5.235779e-07    4.538303e-07    6.687217e-07    -3.279464e-07    -1.187475e-07    -9.592466e-07    1.576248e-06    1.425144e-06    -8.506961e-07    -5.861574e-07    5.491187e-09    -5.613856e-08    5.412662e-08    8.622935e-08    -1.768048e-07
3.228146e-09    -4.940481e-08    -4.455707e-08    9.156553e-08    3.787011e-08    2.533777e-06    -4.266937e-07    -1.291445e-06    5.937822e-07    -7.863822e-11    1.541916e-07    -6.857981e-08    -2.286364e-07    1.41727e-07    2.948195e-08    5.12408e-07    -5.038494e-07    -5.373285e-07    4.079602e-07    8.766542e-08    9.946985e-09    -2.33261e-08    4.404023e-09    -1.247621e-09    5.278942e-08
-6.518403e-08    -1.6856e-08    -5.248881e-08    -1.986293e-08    1.116206e-07    -4.266937e-07    3.182776e-06    6.380439e-08    -2.655799e-06    8.383507e-07    1.732333e-08    -1.506535e-07    -5.684559e-08    -5.517935e-08    7.806616e-08    -3.232898e-07    4.975546e-08    -1.468814e-07    -4.376312e-07    4.477965e-07    -6.992827e-08    2.349795e-08    4.375085e-09    -4.009138e-08    5.548389e-08
-4.987182e-08    -4.979639e-08    5.656774e-08    -4.650557e-10    4.794605e-08    -1.291445e-06    6.380439e-08    3.389444e-06    3.92713e-07    -2.300373e-06    1.904817e-07    -2.875859e-07    -2.992843e-07    1.06121e-07    9.452053e-08    -1.101753e-07    -6.066594e-07    -3.904777e-07    1.356669e-07    4.172357e-07    -2.960269e-08    -7.22022e-09    -5.601686e-09    -1.542182e-08    8.692396e-09
-2.781047e-08    6.254391e-08    1.395079e-07    -7.124445e-08    -1.289315e-07    5.937822e-07    -2.655799e-06    3.92713e-07    5.445952e-06    -3.122491e-06    4.417084e-07    -2.206271e-07    -5.421892e-07    3.381222e-07    3.05786e-09    1.043673e-06    -1.348225e-06    -9.690289e-07    1.183232e-06    -1.33301e-08    1.635465e-07    2.198463e-08    -7.349054e-08    -8.145401e-08    2.169515e-08
2.202135e-07    6.688295e-08    -1.109157e-07    -5.753822e-08    -2.471375e-07    -7.863822e-11    8.383507e-07    -2.300373e-06    -3.122491e-06    5.391972e-06    -5.364166e-07    5.192012e-07    7.455379e-07    -4.115606e-07    -1.212329e-07    -8.681331e-07    1.521197e-06    1.445563e-06    -9.079914e-07    -5.390543e-07    -2.343726e-08    3.544416e-08    4.167758e-08    8.38073e-08    -1.991271e-07
1.607309e-07    1.979408e-09    2.154068e-07    4.402275e-07    -5.235779e-07    1.541916e-07    1.732333e-08    1.904817e-07    4.417084e-07    -5.364166e-07    1.522817e-06    -6.193391e-07    -1.167208e-06    3.210409e-07    3.583482e-08    1.832572e-07    -3.489884e-07    -3.371578e-07    1.082584e-07    2.272608e-07    -3.146999e-07    -2.012429e-07    2.211555e-07    3.491335e-07    7.976387e-08
-1.733268e-07    -1.352581e-07    -2.490564e-07    -2.731041e-07    4.538303e-07    -6.857981e-08    -1.506535e-07    -2.875859e-07    -2.206271e-07    5.192012e-07    -6.193391e-07    4.544071e-06    -2.302371e-06    -1.320329e-06    2.26815e-07    -6.565282e-08    -3.344761e-08    8.374103e-08    4.858413e-08    -2.787711e-08    5.613745e-09    1.54532e-07    -5.978907e-10    -7.725797e-08    2.242403e-07
-7.295566e-08    -9.037153e-08    -3.893222e-07    -4.302797e-07    6.687217e-07    -2.286364e-07    -5.684559e-08    -2.992843e-07    -5.421892e-07    7.455379e-07    -1.167208e-06    -2.302371e-06    4.281386e-06    -4.117152e-07    -5.328397e-07    -2.071275e-07    5.217181e-07    3.556982e-07    -2.006406e-07    -2.518159e-07    -1.438736e-08    1.340141e-07    2.659921e-07    6.014816e-08    -5.905567e-07
1.166715e-07    -4.169036e-08    1.225128e-07    3.033748e-07    -3.279464e-07    1.41727e-07    -5.517935e-08    1.06121e-07    3.381222e-07    -4.115606e-07    3.210409e-07    -1.320329e-06    -4.117152e-07    1.53437e-06    -1.456893e-07    1.144942e-07    -2.875478e-07    -2.623517e-07    1.051148e-07    1.645534e-07    3.825729e-07    1.226598e-07    -2.178764e-07    -2.228058e-07    -1.474502e-07
-3.298978e-09    9.899724e-08    1.122982e-07    5.922875e-11    -1.187475e-07    2.948195e-08    7.806616e-08    9.452053e-08    3.05786e-09    -1.212329e-07    3.583482e-08    2.26815e-07    -5.328397e-07    -1.456893e-07    4.091927e-07    2.391142e-08    2.900764e-08    1.114241e-08    1.606641e-08    -3.384888e-08    -2.203029e-08    -1.356825e-07    -7.29253e-08    -9.58022e-09    -5.252465e-10
5.133165e-07    -5.015089e-07    -1.883287e-08    1.259305e-06    -9.592466e-07    5.12408e-07    -3.232898e-07    -1.101753e-07    1.043673e-06    -8.681331e-07    1.832572e-07    -6.565282e-08    -2.071275e-07    1.144942e-07    2.391142e-08    1.133604e-05    -4.830607e-07    -9.574782e-06    1.700488e-07    3.543101e-07    2.611825e-08    2.851935e-07    1.830818e-07    -1.799183e-07    -2.136834e-07
-4.875697e-07    -7.018989e-08    -5.990057e-07    -1.193715e-06    1.576248e-06    -5.038494e-07    4.975546e-08    -6.066594e-07    -1.348225e-06    1.521197e-06    -3.489884e-07    -3.344761e-08    5.217181e-07    -2.875478e-07    2.900764e-08    -4.830607e-07    1.44715e-05    -2.302421e-06    -9.600773e-06    1.007374e-06    -1.017341e-07    -5.171456e-08    -6.496103e-09    1.751502e-07    -2.606235e-08
-5.534647e-07    3.83307e-08    -4.317586e-07    -1.259082e-06    1.425144e-06    -5.373285e-07    -1.468814e-07    -3.904777e-07    -9.690289e-07    1.445563e-06    -3.371578e-07    8.374103e-08    3.556982e-07    -2.623517e-07    1.114241e-08    -9.574782e-06    -2.302421e-06    1.432088e-05    -5.137219e-07    -2.89303e-06    3.565121e-08    -1.184092e-07    -6.104011e-08    2.430725e-07    -4.226523e-08
4.106472e-07    -2.720019e-07    1.035132e-07    1.064288e-06    -8.506961e-07    4.079602e-07    -4.376312e-07    1.356669e-07    1.183232e-06    -9.079914e-07    1.082584e-07    4.858413e-08    -2.006406e-07    1.051148e-07    1.606641e-08    1.700488e-07    -9.600773e-06    -5.137219e-07    1.10853e-05    -1.76495e-06    1.229551e-07    1.824434e-07    1.988146e-07    -1.289988e-07    -2.771945e-07
8.471846e-08    3.90987e-07    4.524608e-07    1.08476e-07    -5.861574e-07    8.766542e-08    4.477965e-07    4.172357e-07    -1.33301e-08    -5.390543e-07    2.272608e-07    -2.787711e-08    -2.518159e-07    1.645534e-07    -3.384888e-08    3.543101e-07    1.007374e-06    -2.89303e-06    -1.76495e-06    3.451853e-06    -7.941321e-08    -1.638286e-07    -1.121764e-07    -4.42738e-08    2.623125e-07
-8.592304e-08    -6.514163e-08    3.405016e-08    9.36981e-08    5.491187e-09    9.946985e-09    -6.992827e-08    -2.960269e-08    1.635465e-07    -2.343726e-08    -3.146999e-07    5.613745e-09    -1.438736e-08    3.825729e-07    -2.203029e-08    2.611825e-08    -1.017341e-07    3.565121e-08    1.229551e-07    -7.941321e-08    3.069153e-06    -5.261763e-07    -2.192146e-06    3.374953e-07    8.121976e-08
2.930226e-08    -4.62901e-08    7.30707e-09    4.641594e-08    -5.613856e-08    -2.33261e-08    2.349795e-08    -7.22022e-09    2.198463e-08    3.544416e-08    -2.012429e-07    1.54532e-07    1.340141e-07    1.226598e-07    -1.356825e-07    2.851935e-07    -5.171456e-08    -1.184092e-07    1.824434e-07    -1.638286e-07    -5.261763e-07    3.847413e-06    1.141822e-07    -3.192157e-06    8.326779e-07
2.976535e-08    6.509298e-08    -4.297934e-08    -5.439054e-08    5.412662e-08    4.404023e-09    4.375085e-09    -5.601686e-09    -7.349054e-08    4.167758e-08    2.211555e-07    -5.978907e-10    2.659921e-07    -2.178764e-07    -7.29253e-08    1.830818e-07    -6.496103e-09    -6.104011e-08    1.988146e-07    -1.121764e-07    -2.192146e-06    1.141822e-07    3.763799e-06    3.70122e-09    -1.990408e-06
-1.372647e-08    -3.235921e-09    -3.44732e-08    -8.591566e-08    8.622935e-08    -1.247621e-09    -4.009138e-08    -1.542182e-08    -8.145401e-08    8.38073e-08    3.491335e-07    -7.725797e-08    6.014816e-08    -2.228058e-07    -9.58022e-09    -1.799183e-07    1.751502e-07    2.430725e-07    -1.289988e-07    -4.42738e-08    3.374953e-07    -3.192157e-06    3.70122e-09    5.55885e-06    -2.989057e-06
8.05633e-08    3.843355e-10    2.788392e-08    -1.741049e-08    -1.768048e-07    5.278942e-08    5.548389e-08    8.692396e-09    2.169515e-08    -1.991271e-07    7.976387e-08    2.242403e-07    -5.905567e-07    -1.474502e-07    -5.252465e-10    -2.136834e-07    -2.606235e-08    -4.226523e-08    -2.771945e-07    2.623125e-07    8.121976e-08    8.326779e-07    -1.990408e-06    -2.989057e-06    4.455677e-06
