4.51882e-06    -5.092078e-07    -2.431156e-06    9.867704e-07    1.807092e-07    3.72971e-07    3.354484e-08    -1.918825e-07    -1.894089e-07    -9.534666e-08
-5.092078e-07    5.705701e-06    -3.735691e-08    -4.883672e-06    1.635184e-06    2.364056e-08    -8.146875e-09    2.650627e-08    -5.738093e-08    -3.075502e-08
-2.431156e-06    -3.735691e-08    5.996522e-06    5.377581e-07    -3.6571e-06    -2.529503e-08    7.506498e-08    2.495752e-08    -1.032937e-08    9.874108e-08
9.867704e-07    -4.883672e-06    5.377581e-07    1.035133e-05    -5.556354e-06    1.47269e-07    1.328158e-07    -1.240939e-07    2.101874e-08    7.681418e-08
1.807092e-07    1.635184e-06    -3.6571e-06    -5.556354e-06    8.818069e-06    -3.130788e-07    -2.520873e-07    1.744073e-07    2.511697e-07    4.922244e-08
3.72971e-07    2.364056e-08    -2.529503e-08    1.47269e-07    -3.130788e-07    1.115416e-05    -4.201846e-07    -7.287006e-06    -1.129108e-06    1.300157e-07
3.354484e-08    -8.146875e-09    7.506498e-08    1.328158e-07    -2.520873e-07    -4.201846e-07    8.060099e-06    -4.962635e-07    -4.332971e-06    7.033176e-07
-1.918825e-07    2.650627e-08    2.495752e-08    -1.240939e-07    1.744073e-07    -7.287006e-06    -4.962635e-07    9.075734e-06    3.481599e-07    -2.02595e-06
-1.894089e-07    -5.738093e-08    -1.032937e-08    2.101874e-08    2.511697e-07    -1.129108e-06    -4.332971e-06    3.481599e-07    7.107595e-06    -2.13563e-06
-9.534666e-08    -3.075502e-08    9.874108e-08    7.681418e-08    4.922244e-08    1.300157e-07    7.033176e-07    -2.02595e-06    -2.13563e-06    5.079082e-06
