2.600983e-06    -3.286611e-07    -1.342674e-06    6.021406e-07    1.593954e-08    3.228146e-09    -6.518403e-08    -4.987182e-08    -2.781047e-08    2.202135e-07    2.424658e-07    -3.348817e-07    -4.504633e-07    2.44328e-07    2.158938e-07    1.607309e-07    -1.733268e-07    -7.295566e-08    1.166715e-07    -3.298978e-09    5.133165e-07    -4.875697e-07    -5.534647e-07    4.106472e-07    8.471846e-08
-3.286611e-07    3.160636e-06    -1.907102e-08    -2.568925e-06    8.523284e-07    -4.940481e-08    -1.6856e-08    -4.979639e-08    6.254391e-08    6.688295e-08    -4.017164e-07    -6.797265e-08    2.790315e-08    -3.811139e-07    3.494687e-07    1.979408e-09    -1.352581e-07    -9.037153e-08    -4.169036e-08    9.899724e-08    -5.015089e-07    -7.018989e-08    3.83307e-08    -2.720019e-07    3.90987e-07
-1.342674e-06    -1.907102e-08    3.326219e-06    3.893051e-07    -2.172842e-06    -4.455707e-08    -5.248881e-08    5.656774e-08    1.395079e-07    -1.109157e-07    -1.870353e-07    -1.452343e-07    -1.976113e-07    -3.10241e-07    3.782263e-07    2.154068e-07    -2.490564e-07    -3.893222e-07    1.225128e-07    1.122982e-07    -1.883287e-08    -5.990057e-07    -4.317586e-07    1.035132e-07    4.524608e-07
6.021406e-07    -2.568925e-06    3.893051e-07    5.404785e-06    -3.126419e-06    9.156553e-08    -1.986293e-08    -4.650557e-10    -7.124445e-08    -5.753822e-08    5.911065e-07    -5.377446e-07    -7.191149e-07    4.375786e-07    1.567791e-07    4.402275e-07    -2.731041e-07    -4.302797e-07    3.033748e-07    5.922875e-11    1.259305e-06    -1.193715e-06    -1.259082e-06    1.064288e-06    1.08476e-07
1.593954e-08    8.523284e-07    -2.172842e-06    -3.126419e-06    5.295479e-06    3.787011e-08    1.116206e-07    4.794605e-08    -1.289315e-07    -2.471375e-07    -2.168884e-07    6.938207e-07    8.490651e-07    -2.869376e-08    -6.857818e-07    -5.235779e-07    4.538303e-07    6.687217e-07    -3.279464e-07    -1.187475e-07    -9.592466e-07    1.576248e-06    1.425144e-06    -8.506961e-07    -5.861574e-07
3.228146e-09    -4.940481e-08    -4.455707e-08    9.156553e-08    3.787011e-08    2.533777e-06    -4.266937e-07    -1.291445e-06    5.937822e-07    -7.863822e-11    7.62731e-08    -2.699758e-08    -7.614764e-08    3.381385e-08    2.654911e-08    1.541916e-07    -6.857981e-08    -2.286364e-07    1.41727e-07    2.948195e-08    5.12408e-07    -5.038494e-07    -5.373285e-07    4.079602e-07    8.766542e-08
-6.518403e-08    -1.6856e-08    -5.248881e-08    -1.986293e-08    1.116206e-07    -4.266937e-07    3.182776e-06    6.380439e-08    -2.655799e-06    8.383507e-07    2.468838e-08    4.11979e-08    2.017863e-08    -1.926105e-08    -1.677185e-08    1.732333e-08    -1.506535e-07    -5.684559e-08    -5.517935e-08    7.806616e-08    -3.232898e-07    4.975546e-08    -1.468814e-07    -4.376312e-07    4.477965e-07
-4.987182e-08    -4.979639e-08    5.656774e-08    -4.650557e-10    4.794605e-08    -1.291445e-06    6.380439e-08    3.389444e-06    3.92713e-07    -2.300373e-06    1.426464e-08    1.245929e-07    -9.443286e-09    -1.096093e-07    -1.659644e-08    1.904817e-07    -2.875859e-07    -2.992843e-07    1.06121e-07    9.452053e-08    -1.101753e-07    -6.066594e-07    -3.904777e-07    1.356669e-07    4.172357e-07
-2.781047e-08    6.254391e-08    1.395079e-07    -7.124445e-08    -1.289315e-07    5.937822e-07    -2.655799e-06    3.92713e-07    5.445952e-06    -3.122491e-06    -5.803796e-08    2.093786e-10    -2.362032e-08    -1.56505e-09    5.505596e-09    4.417084e-07    -2.206271e-07    -5.421892e-07    3.381222e-07    3.05786e-09    1.043673e-06    -1.348225e-06    -9.690289e-07    1.183232e-06    -1.33301e-08
2.202135e-07    6.688295e-08    -1.109157e-07    -5.753822e-08    -2.471375e-07    -7.863822e-11    8.383507e-07    -2.300373e-06    -3.122491e-06    5.391972e-06    9.039357e-08    -1.576461e-07    -9.049177e-08    9.890024e-09    1.052333e-07    -5.364166e-07    5.192012e-07    7.455379e-07    -4.115606e-07    -1.212329e-07    -8.681331e-07    1.521197e-06    1.445563e-06    -9.079914e-07    -5.390543e-07
2.424658e-07    -4.017164e-07    -1.870353e-07    5.911065e-07    -2.168884e-07    7.62731e-08    2.468838e-08    1.426464e-08    -5.803796e-08    9.039357e-08    4.725822e-06    -2.000979e-07    -2.906086e-06    -4.483164e-07    1.731308e-07    2.282138e-07    -6.382287e-08    -2.854717e-07    1.489786e-07    -2.48855e-09    4.285266e-07    -4.355593e-07    -2.139747e-07    4.249535e-07    -8.901858e-08
-3.348817e-07    -6.797265e-08    -1.452343e-07    -5.377446e-07    6.938207e-07    -2.699758e-08    4.11979e-08    1.245929e-07    2.093786e-10    -1.576461e-07    -2.000979e-07    3.915343e-06    -1.885232e-07    -2.538816e-06    3.615295e-07    1.181224e-07    -1.920148e-07    -2.277239e-07    7.314203e-08    7.738417e-08    -4.8141e-07    5.214289e-07    6.481888e-07    -2.848472e-07    -1.70795e-07
-4.504633e-07    2.790315e-08    -1.976113e-07    -7.191149e-07    8.490651e-07    -7.614764e-08    2.017863e-08    -9.443286e-09    -2.362032e-08    -9.049177e-08    -2.906086e-06    -1.885232e-07    4.379507e-06    3.138876e-09    -1.650605e-06    5.440519e-08    -1.973868e-07    -1.4596e-07    6.569419e-08    9.097048e-08    -4.699646e-07    9.398431e-07    6.198414e-07    -6.863669e-07    -2.012681e-07
2.44328e-07    -3.811139e-07    -3.10241e-07    4.375786e-07    -2.869376e-08    3.381385e-08    -1.926105e-08    -1.096093e-07    -1.56505e-09    9.890024e-09    -4.483164e-07    -2.538816e-06    3.138876e-09    4.626585e-06    -1.536757e-06    2.158686e-07    -1.679018e-07    -1.431482e-07    1.505123e-07    -2.27152e-08    3.960199e-07    -3.486238e-08    -2.934595e-07    1.443346e-07    -8.961084e-08
2.158938e-07    3.494687e-07    3.782263e-07    1.567791e-07    -6.857818e-07    2.654911e-08    -1.677185e-08    -1.659644e-08    5.505596e-09    1.052333e-07    1.731308e-07    3.615295e-07    -1.650605e-06    -1.536757e-06    3.862514e-06    -2.988365e-07    2.701808e-07    3.992691e-07    -2.035388e-07    -7.249904e-08    4.437054e-08    -5.517646e-07    -3.378379e-07    2.719876e-07    2.75877e-07
1.607309e-07    1.979408e-09    2.154068e-07    4.402275e-07    -5.235779e-07    1.541916e-07    1.732333e-08    1.904817e-07    4.417084e-07    -5.364166e-07    2.282138e-07    1.181224e-07    5.440519e-08    2.158686e-07    -2.988365e-07    1.522817e-06    -6.193391e-07    -1.167208e-06    3.210409e-07    3.583482e-08    1.832572e-07    -3.489884e-07    -3.371578e-07    1.082584e-07    2.272608e-07
-1.733268e-07    -1.352581e-07    -2.490564e-07    -2.731041e-07    4.538303e-07    -6.857981e-08    -1.506535e-07    -2.875859e-07    -2.206271e-07    5.192012e-07    -6.382287e-08    -1.920148e-07    -1.973868e-07    -1.679018e-07    2.701808e-07    -6.193391e-07    4.544071e-06    -2.302371e-06    -1.320329e-06    2.26815e-07    -6.565282e-08    -3.344761e-08    8.374103e-08    4.858413e-08    -2.787711e-08
-7.295566e-08    -9.037153e-08    -3.893222e-07    -4.302797e-07    6.687217e-07    -2.286364e-07    -5.684559e-08    -2.992843e-07    -5.421892e-07    7.455379e-07    -2.854717e-07    -2.277239e-07    -1.4596e-07    -1.431482e-07    3.992691e-07    -1.167208e-06    -2.302371e-06    4.281386e-06    -4.117152e-07    -5.328397e-07    -2.071275e-07    5.217181e-07    3.556982e-07    -2.006406e-07    -2.518159e-07
1.166715e-07    -4.169036e-08    1.225128e-07    3.033748e-07    -3.279464e-07    1.41727e-07    -5.517935e-08    1.06121e-07    3.381222e-07    -4.115606e-07    1.489786e-07    7.314203e-08    6.569419e-08    1.505123e-07    -2.035388e-07    3.210409e-07    -1.320329e-06    -4.117152e-07    1.53437e-06    -1.456893e-07    1.144942e-07    -2.875478e-07    -2.623517e-07    1.051148e-07    1.645534e-07
-3.298978e-09    9.899724e-08    1.122982e-07    5.922875e-11    -1.187475e-07    2.948195e-08    7.806616e-08    9.452053e-08    3.05786e-09    -1.212329e-07    -2.48855e-09    7.738417e-08    9.097048e-08    -2.27152e-08    -7.249904e-08    3.583482e-08    2.26815e-07    -5.328397e-07    -1.456893e-07    4.091927e-07    2.391142e-08    2.900764e-08    1.114241e-08    1.606641e-08    -3.384888e-08
5.133165e-07    -5.015089e-07    -1.883287e-08    1.259305e-06    -9.592466e-07    5.12408e-07    -3.232898e-07    -1.101753e-07    1.043673e-06    -8.681331e-07    4.285266e-07    -4.8141e-07    -4.699646e-07    3.960199e-07    4.437054e-08    1.832572e-07    -6.565282e-08    -2.071275e-07    1.144942e-07    2.391142e-08    1.133604e-05    -4.830607e-07    -9.574782e-06    1.700488e-07    3.543101e-07
-4.875697e-07    -7.018989e-08    -5.990057e-07    -1.193715e-06    1.576248e-06    -5.038494e-07    4.975546e-08    -6.066594e-07    -1.348225e-06    1.521197e-06    -4.355593e-07    5.214289e-07    9.398431e-07    -3.486238e-08    -5.517646e-07    -3.489884e-07    -3.344761e-08    5.217181e-07    -2.875478e-07    2.900764e-08    -4.830607e-07    1.44715e-05    -2.302421e-06    -9.600773e-06    1.007374e-06
-5.534647e-07    3.83307e-08    -4.317586e-07    -1.259082e-06    1.425144e-06    -5.373285e-07    -1.468814e-07    -3.904777e-07    -9.690289e-07    1.445563e-06    -2.139747e-07    6.481888e-07    6.198414e-07    -2.934595e-07    -3.378379e-07    -3.371578e-07    8.374103e-08    3.556982e-07    -2.623517e-07    1.114241e-08    -9.574782e-06    -2.302421e-06    1.432088e-05    -5.137219e-07    -2.89303e-06
4.106472e-07    -2.720019e-07    1.035132e-07    1.064288e-06    -8.506961e-07    4.079602e-07    -4.376312e-07    1.356669e-07    1.183232e-06    -9.079914e-07    4.249535e-07    -2.848472e-07    -6.863669e-07    1.443346e-07    2.719876e-07    1.082584e-07    4.858413e-08    -2.006406e-07    1.051148e-07    1.606641e-08    1.700488e-07    -9.600773e-06    -5.137219e-07    1.10853e-05    -1.76495e-06
8.471846e-08    3.90987e-07    4.524608e-07    1.08476e-07    -5.861574e-07    8.766542e-08    4.477965e-07    4.172357e-07    -1.33301e-08    -5.390543e-07    -8.901858e-08    -1.70795e-07    -2.012681e-07    -8.961084e-08    2.75877e-07    2.272608e-07    -2.787711e-08    -2.518159e-07    1.645534e-07    -3.384888e-08    3.543101e-07    1.007374e-06    -2.89303e-06    -1.76495e-06    3.451853e-06
