2.600983e-06    -3.286611e-07    -1.342674e-06    6.021406e-07    1.593954e-08    3.228146e-09    -6.518403e-08    -4.987182e-08    -2.781047e-08    2.202135e-07    -7.653055e-08    5.941772e-08    9.663147e-08    3.736003e-08    -9.945902e-08    1.607309e-07    -1.733268e-07    -7.295566e-08    1.166715e-07    -3.298978e-09    5.133165e-07    -4.875697e-07    -5.534647e-07    4.106472e-07    8.471846e-08
-3.286611e-07    3.160636e-06    -1.907102e-08    -2.568925e-06    8.523284e-07    -4.940481e-08    -1.6856e-08    -4.979639e-08    6.254391e-08    6.688295e-08    3.600934e-08    2.353316e-08    2.590894e-09    4.743568e-09    -3.331978e-09    1.979408e-09    -1.352581e-07    -9.037153e-08    -4.169036e-08    9.899724e-08    -5.015089e-07    -7.018989e-08    3.83307e-08    -2.720019e-07    3.90987e-07
-1.342674e-06    -1.907102e-08    3.326219e-06    3.893051e-07    -2.172842e-06    -4.455707e-08    -5.248881e-08    5.656774e-08    1.395079e-07    -1.109157e-07    9.027872e-08    2.027802e-09    -8.015087e-08    -5.342214e-08    8.306228e-08    2.154068e-07    -2.490564e-07    -3.893222e-07    1.225128e-07    1.122982e-07    -1.883287e-08    -5.990057e-07    -4.317586e-07    1.035132e-07    4.524608e-07
6.021406e-07    -2.568925e-06    3.893051e-07    5.404785e-06    -3.126419e-06    9.156553e-08    -1.986293e-08    -4.650557e-10    -7.124445e-08    -5.753822e-08    -5.53066e-08    -2.286789e-08    6.674054e-09    -8.952459e-09    -9.145968e-09    4.402275e-07    -2.731041e-07    -4.302797e-07    3.033748e-07    5.922875e-11    1.259305e-06    -1.193715e-06    -1.259082e-06    1.064288e-06    1.08476e-07
1.593954e-08    8.523284e-07    -2.172842e-06    -3.126419e-06    5.295479e-06    3.787011e-08    1.116206e-07    4.794605e-08    -1.289315e-07    -2.471375e-07    -1.95566e-08    -7.525311e-08    -2.228105e-08    2.491048e-08    2.16677e-08    -5.235779e-07    4.538303e-07    6.687217e-07    -3.279464e-07    -1.187475e-07    -9.592466e-07    1.576248e-06    1.425144e-06    -8.506961e-07    -5.861574e-07
3.228146e-09    -4.940481e-08    -4.455707e-08    9.156553e-08    3.787011e-08    2.533777e-06    -4.266937e-07    -1.291445e-06    5.937822e-07    -7.863822e-11    2.835446e-07    -3.474275e-07    -4.339428e-07    1.811911e-07    1.638223e-07    1.541916e-07    -6.857981e-08    -2.286364e-07    1.41727e-07    2.948195e-08    5.12408e-07    -5.038494e-07    -5.373285e-07    4.079602e-07    8.766542e-08
-6.518403e-08    -1.6856e-08    -5.248881e-08    -1.986293e-08    1.116206e-07    -4.266937e-07    3.182776e-06    6.380439e-08    -2.655799e-06    8.383507e-07    -4.852373e-07    1.090418e-07    1.108757e-07    -5.387858e-07    4.232573e-07    1.732333e-08    -1.506535e-07    -5.684559e-08    -5.517935e-08    7.806616e-08    -3.232898e-07    4.975546e-08    -1.468814e-07    -4.376312e-07    4.477965e-07
-4.987182e-08    -4.979639e-08    5.656774e-08    -4.650557e-10    4.794605e-08    -1.291445e-06    6.380439e-08    3.389444e-06    3.92713e-07    -2.300373e-06    -4.310885e-07    -2.684061e-07    -2.003513e-07    -2.459131e-07    5.647887e-07    1.904817e-07    -2.875859e-07    -2.992843e-07    1.06121e-07    9.452053e-08    -1.101753e-07    -6.066594e-07    -3.904777e-07    1.356669e-07    4.172357e-07
-2.781047e-08    6.254391e-08    1.395079e-07    -7.124445e-08    -1.289315e-07    5.937822e-07    -2.655799e-06    3.92713e-07    5.445952e-06    -3.122491e-06    5.416288e-07    -9.242895e-07    -7.978646e-07    7.387606e-07    1.764058e-07    4.417084e-07    -2.206271e-07    -5.421892e-07    3.381222e-07    3.05786e-09    1.043673e-06    -1.348225e-06    -9.690289e-07    1.183232e-06    -1.33301e-08
2.202135e-07    6.688295e-08    -1.109157e-07    -5.753822e-08    -2.471375e-07    -7.863822e-11    8.383507e-07    -2.300373e-06    -3.122491e-06    5.391972e-06    -1.36973e-07    1.061144e-06    9.925343e-07    -2.932715e-07    -7.955765e-07    -5.364166e-07    5.192012e-07    7.455379e-07    -4.115606e-07    -1.212329e-07    -8.681331e-07    1.521197e-06    1.445563e-06    -9.079914e-07    -5.390543e-07
-7.653055e-08    3.600934e-08    9.027872e-08    -5.53066e-08    -1.95566e-08    2.835446e-07    -4.852373e-07    -4.310885e-07    5.416288e-07    -1.36973e-07    4.031233e-06    -1.349133e-07    -2.383666e-06    -5.92292e-07    8.958909e-09    3.806857e-07    -1.405726e-07    -3.790418e-07    4.38475e-07    -9.252479e-08    1.554369e-07    -2.29258e-07    -1.702405e-07    4.031683e-07    -1.386314e-07
5.941772e-08    2.353316e-08    2.027802e-09    -2.286789e-08    -7.525311e-08    -3.474275e-07    1.090418e-07    -2.684061e-07    -9.242895e-07    1.061144e-06    -1.349133e-07    3.917273e-06    -3.736174e-07    -2.365704e-06    1.450855e-07    -7.684052e-07    5.399969e-07    9.389698e-07    -6.18689e-07    -6.116604e-08    -2.964798e-07    3.989328e-07    4.520679e-07    -3.018542e-07    -1.329147e-07
9.663147e-08    2.590894e-09    -8.015087e-08    6.674054e-09    -2.228105e-08    -4.339428e-07    1.108757e-07    -2.003513e-07    -7.978646e-07    9.925343e-07    -2.383666e-06    -3.736174e-07    3.896848e-06    -1.752482e-07    -1.137147e-06    -7.764107e-07    4.68574e-07    1.026448e-06    -6.285484e-07    -6.020138e-08    -3.187665e-07    5.798152e-07    3.025827e-07    -4.430055e-07    -5.666547e-09
3.736003e-08    4.743568e-09    -5.342214e-08    -8.952459e-09    2.491048e-08    1.811911e-07    -5.387858e-07    -2.459131e-07    7.387606e-07    -2.932715e-07    -5.92292e-07    -2.365704e-06    -1.752482e-07    3.976115e-06    -9.157032e-07    3.605359e-07    1.916535e-08    -4.426847e-07    3.943794e-07    -8.619537e-08    2.931895e-07    -3.021516e-07    -2.290884e-07    2.312586e-07    3.148436e-08
-9.945902e-08    -3.331978e-09    8.306228e-08    -9.145968e-09    2.16677e-08    1.638223e-07    4.232573e-07    5.647887e-07    1.764058e-07    -7.955765e-07    8.958909e-09    1.450855e-07    -1.137147e-06    -9.157032e-07    2.505312e-06    3.980481e-07    -3.920922e-07    -5.935208e-07    1.957435e-07    1.426249e-07    4.074204e-08    -2.840544e-07    -1.149665e-07    7.499588e-08    5.606557e-08
1.607309e-07    1.979408e-09    2.154068e-07    4.402275e-07    -5.235779e-07    1.541916e-07    1.732333e-08    1.904817e-07    4.417084e-07    -5.364166e-07    3.806857e-07    -7.684052e-07    -7.764107e-07    3.605359e-07    3.980481e-07    1.522817e-06    -6.193391e-07    -1.167208e-06    3.210409e-07    3.583482e-08    1.832572e-07    -3.489884e-07    -3.371578e-07    1.082584e-07    2.272608e-07
-1.733268e-07    -1.352581e-07    -2.490564e-07    -2.731041e-07    4.538303e-07    -6.857981e-08    -1.506535e-07    -2.875859e-07    -2.206271e-07    5.192012e-07    -1.405726e-07    5.399969e-07    4.68574e-07    1.916535e-08    -3.920922e-07    -6.193391e-07    4.544071e-06    -2.302371e-06    -1.320329e-06    2.26815e-07    -6.565282e-08    -3.344761e-08    8.374103e-08    4.858413e-08    -2.787711e-08
-7.295566e-08    -9.037153e-08    -3.893222e-07    -4.302797e-07    6.687217e-07    -2.286364e-07    -5.684559e-08    -2.992843e-07    -5.421892e-07    7.455379e-07    -3.790418e-07    9.389698e-07    1.026448e-06    -4.426847e-07    -5.935208e-07    -1.167208e-06    -2.302371e-06    4.281386e-06    -4.117152e-07    -5.328397e-07    -2.071275e-07    5.217181e-07    3.556982e-07    -2.006406e-07    -2.518159e-07
1.166715e-07    -4.169036e-08    1.225128e-07    3.033748e-07    -3.279464e-07    1.41727e-07    -5.517935e-08    1.06121e-07    3.381222e-07    -4.115606e-07    4.38475e-07    -6.18689e-07    -6.285484e-07    3.943794e-07    1.957435e-07    3.210409e-07    -1.320329e-06    -4.117152e-07    1.53437e-06    -1.456893e-07    1.144942e-07    -2.875478e-07    -2.623517e-07    1.051148e-07    1.645534e-07
-3.298978e-09    9.899724e-08    1.122982e-07    5.922875e-11    -1.187475e-07    2.948195e-08    7.806616e-08    9.452053e-08    3.05786e-09    -1.212329e-07    -9.252479e-08    -6.116604e-08    -6.020138e-08    -8.619537e-08    1.426249e-07    3.583482e-08    2.26815e-07    -5.328397e-07    -1.456893e-07    4.091927e-07    2.391142e-08    2.900764e-08    1.114241e-08    1.606641e-08    -3.384888e-08
5.133165e-07    -5.015089e-07    -1.883287e-08    1.259305e-06    -9.592466e-07    5.12408e-07    -3.232898e-07    -1.101753e-07    1.043673e-06    -8.681331e-07    1.554369e-07    -2.964798e-07    -3.187665e-07    2.931895e-07    4.074204e-08    1.832572e-07    -6.565282e-08    -2.071275e-07    1.144942e-07    2.391142e-08    1.133604e-05    -4.830607e-07    -9.574782e-06    1.700488e-07    3.543101e-07
-4.875697e-07    -7.018989e-08    -5.990057e-07    -1.193715e-06    1.576248e-06    -5.038494e-07    4.975546e-08    -6.066594e-07    -1.348225e-06    1.521197e-06    -2.29258e-07    3.989328e-07    5.798152e-07    -3.021516e-07    -2.840544e-07    -3.489884e-07    -3.344761e-08    5.217181e-07    -2.875478e-07    2.900764e-08    -4.830607e-07    1.44715e-05    -2.302421e-06    -9.600773e-06    1.007374e-06
-5.534647e-07    3.83307e-08    -4.317586e-07    -1.259082e-06    1.425144e-06    -5.373285e-07    -1.468814e-07    -3.904777e-07    -9.690289e-07    1.445563e-06    -1.702405e-07    4.520679e-07    3.025827e-07    -2.290884e-07    -1.149665e-07    -3.371578e-07    8.374103e-08    3.556982e-07    -2.623517e-07    1.114241e-08    -9.574782e-06    -2.302421e-06    1.432088e-05    -5.137219e-07    -2.89303e-06
4.106472e-07    -2.720019e-07    1.035132e-07    1.064288e-06    -8.506961e-07    4.079602e-07    -4.376312e-07    1.356669e-07    1.183232e-06    -9.079914e-07    4.031683e-07    -3.018542e-07    -4.430055e-07    2.312586e-07    7.499588e-08    1.082584e-07    4.858413e-08    -2.006406e-07    1.051148e-07    1.606641e-08    1.700488e-07    -9.600773e-06    -5.137219e-07    1.10853e-05    -1.76495e-06
8.471846e-08    3.90987e-07    4.524608e-07    1.08476e-07    -5.861574e-07    8.766542e-08    4.477965e-07    4.172357e-07    -1.33301e-08    -5.390543e-07    -1.386314e-07    -1.329147e-07    -5.666547e-09    3.148436e-08    5.606557e-08    2.272608e-07    -2.787711e-08    -2.518159e-07    1.645534e-07    -3.384888e-08    3.543101e-07    1.007374e-06    -2.89303e-06    -1.76495e-06    3.451853e-06
