2.600983e-06    -3.286611e-07    -1.342674e-06    6.021406e-07    1.593954e-08    3.228146e-09    -6.518403e-08    -4.987182e-08    -2.781047e-08    2.202135e-07    5.133165e-07    -4.875697e-07    -5.534647e-07    4.106472e-07    8.471846e-08    8.990216e-08    -4.214702e-08    6.214422e-08    1.727834e-07    -1.227896e-07
-3.286611e-07    3.160636e-06    -1.907102e-08    -2.568925e-06    8.523284e-07    -4.940481e-08    -1.6856e-08    -4.979639e-08    6.254391e-08    6.688295e-08    -5.015089e-07    -7.018989e-08    3.83307e-08    -2.720019e-07    3.90987e-07    -3.061655e-07    3.45679e-07    3.95171e-07    -3.510957e-07    -5.359166e-08
-1.342674e-06    -1.907102e-08    3.326219e-06    3.893051e-07    -2.172842e-06    -4.455707e-08    -5.248881e-08    5.656774e-08    1.395079e-07    -1.109157e-07    -1.883287e-08    -5.990057e-07    -4.317586e-07    1.035132e-07    4.524608e-07    -5.795323e-08    3.86521e-07    2.105811e-07    -1.082971e-07    -2.388728e-07
6.021406e-07    -2.568925e-06    3.893051e-07    5.404785e-06    -3.126419e-06    9.156553e-08    -1.986293e-08    -4.650557e-10    -7.124445e-08    -5.753822e-08    1.259305e-06    -1.193715e-06    -1.259082e-06    1.064288e-06    1.08476e-07    5.325328e-07    6.308152e-08    -2.102322e-07    2.807917e-07    -2.909943e-07
1.593954e-08    8.523284e-07    -2.172842e-06    -3.126419e-06    5.295479e-06    3.787011e-08    1.116206e-07    4.794605e-08    -1.289315e-07    -2.471375e-07    -9.592466e-07    1.576248e-06    1.425144e-06    -8.506961e-07    -5.861574e-07    -1.664846e-07    -5.420953e-07    -2.6215e-07    -3.123019e-08    5.295525e-07
3.228146e-09    -4.940481e-08    -4.455707e-08    9.156553e-08    3.787011e-08    2.533777e-06    -4.266937e-07    -1.291445e-06    5.937822e-07    -7.863822e-11    5.12408e-07    -5.038494e-07    -5.373285e-07    4.079602e-07    8.766542e-08    7.543145e-08    -2.369056e-08    -7.439333e-09    1.047065e-07    -8.769205e-08
-6.518403e-08    -1.6856e-08    -5.248881e-08    -1.986293e-08    1.116206e-07    -4.266937e-07    3.182776e-06    6.380439e-08    -2.655799e-06    8.383507e-07    -3.232898e-07    4.975546e-08    -1.468814e-07    -4.376312e-07    4.477965e-07    -2.923235e-07    4.202844e-07    3.08458e-07    -3.039662e-07    -5.320909e-08
-4.987182e-08    -4.979639e-08    5.656774e-08    -4.650557e-10    4.794605e-08    -1.291445e-06    6.380439e-08    3.389444e-06    3.92713e-07    -2.300373e-06    -1.101753e-07    -6.066594e-07    -3.904777e-07    1.356669e-07    4.172357e-07    -2.66956e-07    4.397799e-07    3.807796e-07    -1.146499e-07    -2.338358e-07
-2.781047e-08    6.254391e-08    1.395079e-07    -7.124445e-08    -1.289315e-07    5.937822e-07    -2.655799e-06    3.92713e-07    5.445952e-06    -3.122491e-06    1.043673e-06    -1.348225e-06    -9.690289e-07    1.183232e-06    -1.33301e-08    2.162668e-07    -1.352965e-07    1.259684e-07    4.871919e-07    -3.638288e-07
2.202135e-07    6.688295e-08    -1.109157e-07    -5.753822e-08    -2.471375e-07    -7.863822e-11    8.383507e-07    -2.300373e-06    -3.122491e-06    5.391972e-06    -8.681331e-07    1.521197e-06    1.445563e-06    -9.079914e-07    -5.390543e-07    1.071811e-07    -4.884057e-07    -5.297229e-07    2.967345e-08    4.572319e-07
5.133165e-07    -5.015089e-07    -1.883287e-08    1.259305e-06    -9.592466e-07    5.12408e-07    -3.232898e-07    -1.101753e-07    1.043673e-06    -8.681331e-07    1.133604e-05    -4.830607e-07    -9.574782e-06    1.700488e-07    3.543101e-07    7.946869e-07    -6.143415e-07    -6.610868e-07    9.896226e-07    -4.771944e-08
-4.875697e-07    -7.018989e-08    -5.990057e-07    -1.193715e-06    1.576248e-06    -5.038494e-07    4.975546e-08    -6.066594e-07    -1.348225e-06    1.521197e-06    -4.830607e-07    1.44715e-05    -2.302421e-06    -9.600773e-06    1.007374e-06    -9.015895e-07    -1.027532e-07    1.137717e-07    -4.84689e-07    9.575638e-07
-5.534647e-07    3.83307e-08    -4.317586e-07    -1.259082e-06    1.425144e-06    -5.373285e-07    -1.468814e-07    -3.904777e-07    -9.690289e-07    1.445563e-06    -9.574782e-06    -2.302421e-06    1.432088e-05    -5.137219e-07    -2.89303e-06    -6.163159e-07    3.16609e-07    1.665376e-08    -1.111642e-06    5.518368e-07
4.106472e-07    -2.720019e-07    1.035132e-07    1.064288e-06    -8.506961e-07    4.079602e-07    -4.376312e-07    1.356669e-07    1.183232e-06    -9.079914e-07    1.700488e-07    -9.600773e-06    -5.137219e-07    1.10853e-05    -1.76495e-06    9.832152e-07    -6.010452e-07    -6.057244e-07    7.553512e-07    -5.018184e-07
8.471846e-08    3.90987e-07    4.524608e-07    1.08476e-07    -5.861574e-07    8.766542e-08    4.477965e-07    4.172357e-07    -1.33301e-08    -5.390543e-07    3.543101e-07    1.007374e-06    -2.89303e-06    -1.76495e-06    3.451853e-06    -1.676112e-07    4.307415e-07    6.01231e-07    -7.293858e-08    -4.035328e-07
8.990216e-08    -3.061655e-07    -5.795323e-08    5.325328e-07    -1.664846e-07    7.543145e-08    -2.923235e-07    -2.66956e-07    2.162668e-07    1.071811e-07    7.946869e-07    -9.015895e-07    -6.163159e-07    9.832152e-07    -1.676112e-07    1.081016e-05    3.549973e-07    -8.377573e-06    1.736126e-07    2.270764e-07
-4.214702e-08    3.45679e-07    3.86521e-07    6.308152e-08    -5.420953e-07    -2.369056e-08    4.202844e-07    4.397799e-07    -1.352965e-07    -4.884057e-07    -6.143415e-07    -1.027532e-07    3.16609e-07    -6.010452e-07    4.307415e-07    3.549973e-07    1.249359e-05    -2.934063e-06    -8.304608e-06    2.022522e-06
6.214422e-08    3.95171e-07    2.105811e-07    -2.102322e-07    -2.6215e-07    -7.439333e-09    3.08458e-07    3.807796e-07    1.259684e-07    -5.297229e-07    -6.610868e-07    1.137717e-07    1.665376e-08    -6.057244e-07    6.01231e-07    -8.377573e-06    -2.934063e-06    1.264536e-05    5.710938e-08    -3.571724e-06
1.727834e-07    -3.510957e-07    -1.082971e-07    2.807917e-07    -3.123019e-08    1.047065e-07    -3.039662e-07    -1.146499e-07    4.871919e-07    2.967345e-08    9.896226e-07    -4.84689e-07    -1.111642e-06    7.553512e-07    -7.293858e-08    1.736126e-07    -8.304608e-06    5.710938e-08    1.104064e-05    -3.105478e-06
-1.227896e-07    -5.359166e-08    -2.388728e-07    -2.909943e-07    5.295525e-07    -8.769205e-08    -5.320909e-08    -2.338358e-07    -3.638288e-07    4.572319e-07    -4.771944e-08    9.575638e-07    5.518368e-07    -5.018184e-07    -4.035328e-07    2.270764e-07    2.022522e-06    -3.571724e-06    -3.105478e-06    5.495815e-06
