2.600983e-06    -3.286611e-07    -1.342674e-06    6.021406e-07    1.593954e-08    3.228146e-09    -6.518403e-08    -4.987182e-08    -2.781047e-08    2.202135e-07    8.990216e-08    -4.214702e-08    6.214422e-08    1.727834e-07    -1.227896e-07
-3.286611e-07    3.160636e-06    -1.907102e-08    -2.568925e-06    8.523284e-07    -4.940481e-08    -1.6856e-08    -4.979639e-08    6.254391e-08    6.688295e-08    -3.061655e-07    3.45679e-07    3.95171e-07    -3.510957e-07    -5.359166e-08
-1.342674e-06    -1.907102e-08    3.326219e-06    3.893051e-07    -2.172842e-06    -4.455707e-08    -5.248881e-08    5.656774e-08    1.395079e-07    -1.109157e-07    -5.795323e-08    3.86521e-07    2.105811e-07    -1.082971e-07    -2.388728e-07
6.021406e-07    -2.568925e-06    3.893051e-07    5.404785e-06    -3.126419e-06    9.156553e-08    -1.986293e-08    -4.650557e-10    -7.124445e-08    -5.753822e-08    5.325328e-07    6.308152e-08    -2.102322e-07    2.807917e-07    -2.909943e-07
1.593954e-08    8.523284e-07    -2.172842e-06    -3.126419e-06    5.295479e-06    3.787011e-08    1.116206e-07    4.794605e-08    -1.289315e-07    -2.471375e-07    -1.664846e-07    -5.420953e-07    -2.6215e-07    -3.123019e-08    5.295525e-07
3.228146e-09    -4.940481e-08    -4.455707e-08    9.156553e-08    3.787011e-08    2.533777e-06    -4.266937e-07    -1.291445e-06    5.937822e-07    -7.863822e-11    7.543145e-08    -2.369056e-08    -7.439333e-09    1.047065e-07    -8.769205e-08
-6.518403e-08    -1.6856e-08    -5.248881e-08    -1.986293e-08    1.116206e-07    -4.266937e-07    3.182776e-06    6.380439e-08    -2.655799e-06    8.383507e-07    -2.923235e-07    4.202844e-07    3.08458e-07    -3.039662e-07    -5.320909e-08
-4.987182e-08    -4.979639e-08    5.656774e-08    -4.650557e-10    4.794605e-08    -1.291445e-06    6.380439e-08    3.389444e-06    3.92713e-07    -2.300373e-06    -2.66956e-07    4.397799e-07    3.807796e-07    -1.146499e-07    -2.338358e-07
-2.781047e-08    6.254391e-08    1.395079e-07    -7.124445e-08    -1.289315e-07    5.937822e-07    -2.655799e-06    3.92713e-07    5.445952e-06    -3.122491e-06    2.162668e-07    -1.352965e-07    1.259684e-07    4.871919e-07    -3.638288e-07
2.202135e-07    6.688295e-08    -1.109157e-07    -5.753822e-08    -2.471375e-07    -7.863822e-11    8.383507e-07    -2.300373e-06    -3.122491e-06    5.391972e-06    1.071811e-07    -4.884057e-07    -5.297229e-07    2.967345e-08    4.572319e-07
8.990216e-08    -3.061655e-07    -5.795323e-08    5.325328e-07    -1.664846e-07    7.543145e-08    -2.923235e-07    -2.66956e-07    2.162668e-07    1.071811e-07    1.081016e-05    3.549973e-07    -8.377573e-06    1.736126e-07    2.270764e-07
-4.214702e-08    3.45679e-07    3.86521e-07    6.308152e-08    -5.420953e-07    -2.369056e-08    4.202844e-07    4.397799e-07    -1.352965e-07    -4.884057e-07    3.549973e-07    1.249359e-05    -2.934063e-06    -8.304608e-06    2.022522e-06
6.214422e-08    3.95171e-07    2.105811e-07    -2.102322e-07    -2.6215e-07    -7.439333e-09    3.08458e-07    3.807796e-07    1.259684e-07    -5.297229e-07    -8.377573e-06    -2.934063e-06    1.264536e-05    5.710938e-08    -3.571724e-06
1.727834e-07    -3.510957e-07    -1.082971e-07    2.807917e-07    -3.123019e-08    1.047065e-07    -3.039662e-07    -1.146499e-07    4.871919e-07    2.967345e-08    1.736126e-07    -8.304608e-06    5.710938e-08    1.104064e-05    -3.105478e-06
-1.227896e-07    -5.359166e-08    -2.388728e-07    -2.909943e-07    5.295525e-07    -8.769205e-08    -5.320909e-08    -2.338358e-07    -3.638288e-07    4.572319e-07    2.270764e-07    2.022522e-06    -3.571724e-06    -3.105478e-06    5.495815e-06
