2.600983e-06    -3.286611e-07    -1.342674e-06    6.021406e-07    1.593954e-08    9.374908e-08    3.270844e-09    -2.807009e-08    5.834329e-08    -4.599071e-08
-3.286611e-07    3.160636e-06    -1.907102e-08    -2.568925e-06    8.523284e-07    -3.247301e-07    2.740387e-07    3.112613e-07    -2.292059e-07    -9.153071e-09
-1.342674e-06    -1.907102e-08    3.326219e-06    3.893051e-07    -2.172842e-06    -2.441429e-07    2.180169e-07    3.981324e-07    -9.126344e-08    -1.82284e-07
6.021406e-07    -2.568925e-06    3.893051e-07    5.404785e-06    -3.126419e-06    2.525584e-07    -5.652009e-09    -9.434805e-09    2.929974e-07    -2.1823e-07
1.593954e-08    8.523284e-07    -2.172842e-06    -3.126419e-06    5.295479e-06    1.701414e-07    -1.572063e-07    -4.616511e-07    -1.705929e-07    3.25115e-07
9.374908e-08    -3.247301e-07    -2.441429e-07    2.525584e-07    1.701414e-07    5.089656e-06    1.888015e-07    -3.277961e-06    8.594094e-08    -2.952586e-07
3.270844e-09    2.740387e-07    2.180169e-07    -5.652009e-09    -1.572063e-07    1.888015e-07    6.066389e-06    -1.616651e-06    -3.337731e-06    1.28354e-06
-2.807009e-08    3.112613e-07    3.981324e-07    -9.434805e-09    -4.616511e-07    -3.277961e-06    -1.616651e-06    5.880102e-06    2.169844e-07    -2.446277e-06
5.834329e-08    -2.292059e-07    -9.126344e-08    2.929974e-07    -1.705929e-07    8.594094e-08    -3.337731e-06    2.169844e-07    5.069693e-06    -1.798967e-06
-4.599071e-08    -9.153071e-09    -1.82284e-07    -2.1823e-07    3.25115e-07    -2.952586e-07    1.28354e-06    -2.446277e-06    -1.798967e-06    4.716638e-06
