2.600983e-06    -3.286611e-07    -1.342674e-06    6.021406e-07    1.593954e-08    2.424658e-07    -3.348817e-07    -4.504633e-07    2.44328e-07    2.158938e-07
-3.286611e-07    3.160636e-06    -1.907102e-08    -2.568925e-06    8.523284e-07    -4.017164e-07    -6.797265e-08    2.790315e-08    -3.811139e-07    3.494687e-07
-1.342674e-06    -1.907102e-08    3.326219e-06    3.893051e-07    -2.172842e-06    -1.870353e-07    -1.452343e-07    -1.976113e-07    -3.10241e-07    3.782263e-07
6.021406e-07    -2.568925e-06    3.893051e-07    5.404785e-06    -3.126419e-06    5.911065e-07    -5.377446e-07    -7.191149e-07    4.375786e-07    1.567791e-07
1.593954e-08    8.523284e-07    -2.172842e-06    -3.126419e-06    5.295479e-06    -2.168884e-07    6.938207e-07    8.490651e-07    -2.869376e-08    -6.857818e-07
2.424658e-07    -4.017164e-07    -1.870353e-07    5.911065e-07    -2.168884e-07    4.725822e-06    -2.000979e-07    -2.906086e-06    -4.483164e-07    1.731308e-07
-3.348817e-07    -6.797265e-08    -1.452343e-07    -5.377446e-07    6.938207e-07    -2.000979e-07    3.915343e-06    -1.885232e-07    -2.538816e-06    3.615295e-07
-4.504633e-07    2.790315e-08    -1.976113e-07    -7.191149e-07    8.490651e-07    -2.906086e-06    -1.885232e-07    4.379507e-06    3.138876e-09    -1.650605e-06
2.44328e-07    -3.811139e-07    -3.10241e-07    4.375786e-07    -2.869376e-08    -4.483164e-07    -2.538816e-06    3.138876e-09    4.626585e-06    -1.536757e-06
2.158938e-07    3.494687e-07    3.782263e-07    1.567791e-07    -6.857818e-07    1.731308e-07    3.615295e-07    -1.650605e-06    -1.536757e-06    3.862514e-06
