2.600983e-06    -3.286611e-07    -1.342674e-06    6.021406e-07    1.593954e-08    3.228146e-09    -6.518403e-08    -4.987182e-08    -2.781047e-08    2.202135e-07    1.607309e-07    -1.733268e-07    -7.295566e-08    1.166715e-07    -3.298978e-09    5.498353e-08    -1.920195e-07    -2.213754e-08    1.957773e-07    -3.328305e-08    5.133165e-07    -4.875697e-07    -5.534647e-07    4.106472e-07    8.471846e-08
-3.286611e-07    3.160636e-06    -1.907102e-08    -2.568925e-06    8.523284e-07    -4.940481e-08    -1.6856e-08    -4.979639e-08    6.254391e-08    6.688295e-08    1.979408e-09    -1.352581e-07    -9.037153e-08    -4.169036e-08    9.899724e-08    -3.44589e-07    2.729919e-07    4.943608e-07    -3.030862e-07    -1.222045e-07    -5.015089e-07    -7.018989e-08    3.83307e-08    -2.720019e-07    3.90987e-07
-1.342674e-06    -1.907102e-08    3.326219e-06    3.893051e-07    -2.172842e-06    -4.455707e-08    -5.248881e-08    5.656774e-08    1.395079e-07    -1.109157e-07    2.154068e-07    -2.490564e-07    -3.893222e-07    1.225128e-07    1.122982e-07    -3.293292e-08    6.912719e-07    2.967077e-07    -3.239982e-07    -2.95622e-07    -1.883287e-08    -5.990057e-07    -4.317586e-07    1.035132e-07    4.524608e-07
6.021406e-07    -2.568925e-06    3.893051e-07    5.404785e-06    -3.126419e-06    9.156553e-08    -1.986293e-08    -4.650557e-10    -7.124445e-08    -5.753822e-08    4.402275e-07    -2.731041e-07    -4.302797e-07    3.033748e-07    5.922875e-11    5.236726e-07    7.303563e-08    -1.043296e-07    2.179196e-07    -2.877384e-07    1.259305e-06    -1.193715e-06    -1.259082e-06    1.064288e-06    1.08476e-07
1.593954e-08    8.523284e-07    -2.172842e-06    -3.126419e-06    5.295479e-06    3.787011e-08    1.116206e-07    4.794605e-08    -1.289315e-07    -2.471375e-07    -5.235779e-07    4.538303e-07    6.687217e-07    -3.279464e-07    -1.187475e-07    -2.654312e-07    -7.377017e-07    -1.892343e-07    1.948482e-07    3.624017e-07    -9.592466e-07    1.576248e-06    1.425144e-06    -8.506961e-07    -5.861574e-07
3.228146e-09    -4.940481e-08    -4.455707e-08    9.156553e-08    3.787011e-08    2.533777e-06    -4.266937e-07    -1.291445e-06    5.937822e-07    -7.863822e-11    1.541916e-07    -6.857981e-08    -2.286364e-07    1.41727e-07    2.948195e-08    2.32856e-07    7.96028e-09    -2.616352e-07    1.588194e-07    -2.013527e-08    5.12408e-07    -5.038494e-07    -5.373285e-07    4.079602e-07    8.766542e-08
-6.518403e-08    -1.6856e-08    -5.248881e-08    -1.986293e-08    1.116206e-07    -4.266937e-07    3.182776e-06    6.380439e-08    -2.655799e-06    8.383507e-07    1.732333e-08    -1.506535e-07    -5.684559e-08    -5.517935e-08    7.806616e-08    -4.70112e-07    4.401276e-07    5.585573e-07    -3.19329e-07    -1.241291e-07    -3.232898e-07    4.975546e-08    -1.468814e-07    -4.376312e-07    4.477965e-07
-4.987182e-08    -4.979639e-08    5.656774e-08    -4.650557e-10    4.794605e-08    -1.291445e-06    6.380439e-08    3.389444e-06    3.92713e-07    -2.300373e-06    1.904817e-07    -2.875859e-07    -2.992843e-07    1.06121e-07    9.452053e-08    -2.142867e-07    4.60114e-07    5.73715e-07    -3.660283e-07    -3.170512e-07    -1.101753e-07    -6.066594e-07    -3.904777e-07    1.356669e-07    4.172357e-07
-2.781047e-08    6.254391e-08    1.395079e-07    -7.124445e-08    -1.289315e-07    5.937822e-07    -2.655799e-06    3.92713e-07    5.445952e-06    -3.122491e-06    4.417084e-07    -2.206271e-07    -5.421892e-07    3.381222e-07    3.05786e-09    4.799197e-07    -1.152516e-07    -9.884578e-08    2.812793e-07    -3.065482e-07    1.043673e-06    -1.348225e-06    -9.690289e-07    1.183232e-06    -1.33301e-08
2.202135e-07    6.688295e-08    -1.109157e-07    -5.753822e-08    -2.471375e-07    -7.863822e-11    8.383507e-07    -2.300373e-06    -3.122491e-06    5.391972e-06    -5.364166e-07    5.192012e-07    7.455379e-07    -4.115606e-07    -1.212329e-07    -1.916573e-07    -6.275756e-07    -4.261244e-07    1.850005e-07    4.589628e-07    -8.681331e-07    1.521197e-06    1.445563e-06    -9.079914e-07    -5.390543e-07
1.607309e-07    1.979408e-09    2.154068e-07    4.402275e-07    -5.235779e-07    1.541916e-07    1.732333e-08    1.904817e-07    4.417084e-07    -5.364166e-07    1.522817e-06    -6.193391e-07    -1.167208e-06    3.210409e-07    3.583482e-08    8.834719e-08    7.951367e-07    6.03584e-07    -1.508458e-07    -6.534329e-07    1.832572e-07    -3.489884e-07    -3.371578e-07    1.082584e-07    2.272608e-07
-1.733268e-07    -1.352581e-07    -2.490564e-07    -2.731041e-07    4.538303e-07    -6.857981e-08    -1.506535e-07    -2.875859e-07    -2.206271e-07    5.192012e-07    -6.193391e-07    4.544071e-06    -2.302371e-06    -1.320329e-06    2.26815e-07    2.244384e-07    -8.20717e-07    -7.751758e-07    3.913982e-07    5.070807e-07    -6.565282e-08    -3.344761e-08    8.374103e-08    4.858413e-08    -2.787711e-08
-7.295566e-08    -9.037153e-08    -3.893222e-07    -4.302797e-07    6.687217e-07    -2.286364e-07    -5.684559e-08    -2.992843e-07    -5.421892e-07    7.455379e-07    -1.167208e-06    -2.302371e-06    4.281386e-06    -4.117152e-07    -5.328397e-07    2.56195e-08    -1.052947e-06    -8.837874e-07    1.98103e-07    8.514583e-07    -2.071275e-07    5.217181e-07    3.556982e-07    -2.006406e-07    -2.518159e-07
1.166715e-07    -4.169036e-08    1.225128e-07    3.033748e-07    -3.279464e-07    1.41727e-07    -5.517935e-08    1.06121e-07    3.381222e-07    -4.115606e-07    3.210409e-07    -1.320329e-06    -4.117152e-07    1.53437e-06    -1.456893e-07    2.070294e-07    3.152504e-07    3.455126e-07    1.678107e-07    -5.457836e-07    1.144942e-07    -2.875478e-07    -2.623517e-07    1.051148e-07    1.645534e-07
-3.298978e-09    9.899724e-08    1.122982e-07    5.922875e-11    -1.187475e-07    2.948195e-08    7.806616e-08    9.452053e-08    3.05786e-09    -1.212329e-07    3.583482e-08    2.26815e-07    -5.328397e-07    -1.456893e-07    4.091927e-07    -2.304573e-07    2.800822e-07    2.859184e-07    -2.300274e-07    -4.774343e-08    2.391142e-08    2.900764e-08    1.114241e-08    1.606641e-08    -3.384888e-08
5.498353e-08    -3.44589e-07    -3.293292e-08    5.236726e-07    -2.654312e-07    2.32856e-07    -4.70112e-07    -2.142867e-07    4.799197e-07    -1.916573e-07    8.834719e-08    2.244384e-07    2.56195e-08    2.070294e-07    -2.304573e-07    1.097541e-05    1.100321e-06    -8.138657e-06    -3.203094e-07    6.647987e-08    7.793937e-07    -8.447585e-07    -8.440828e-07    7.563962e-07    8.538398e-08
-1.920195e-07    2.729919e-07    6.912719e-07    7.303563e-08    -7.377017e-07    7.96028e-09    4.401276e-07    4.60114e-07    -1.152516e-07    -6.275756e-07    7.951367e-07    -8.20717e-07    -1.052947e-06    3.152504e-07    2.800822e-07    1.100321e-06    1.30728e-05    -3.444884e-06    -8.142735e-06    2.563034e-06    -5.795702e-07    3.719198e-07    2.484226e-07    -7.683842e-07    3.92412e-07
-2.213754e-08    4.943608e-07    2.967077e-07    -1.043296e-07    -1.892343e-07    -2.616352e-07    5.585573e-07    5.73715e-07    -9.884578e-08    -4.261244e-07    6.03584e-07    -7.751758e-07    -8.837874e-07    3.455126e-07    2.859184e-07    -8.138657e-06    -3.444884e-06    1.306918e-05    9.975466e-07    -5.104382e-06    -6.724948e-07    3.16442e-07    3.911399e-07    -6.050969e-07    3.316782e-07
1.957773e-07    -3.030862e-07    -3.239982e-07    2.179196e-07    1.948482e-07    1.588194e-07    -3.19329e-07    -3.660283e-07    2.812793e-07    1.850005e-07    -1.508458e-07    3.913982e-07    1.98103e-07    1.678107e-07    -2.300274e-07    -3.203094e-07    -8.142735e-06    9.975466e-07    1.096325e-05    -3.878048e-06    7.161941e-07    -8.594861e-07    -8.07662e-07    9.662979e-07    -1.680648e-08
-3.328305e-08    -1.222045e-07    -2.95622e-07    -2.877384e-07    3.624017e-07    -2.013527e-08    -1.241291e-07    -3.170512e-07    -3.065482e-07    4.589628e-07    -6.534329e-07    5.070807e-07    8.514583e-07    -5.457836e-07    -4.774343e-08    6.647987e-08    2.563034e-06    -5.104382e-06    -3.878048e-06    8.086519e-06    -9.726792e-08    5.150257e-07    5.089501e-07    -3.006973e-07    -3.544383e-07
5.133165e-07    -5.015089e-07    -1.883287e-08    1.259305e-06    -9.592466e-07    5.12408e-07    -3.232898e-07    -1.101753e-07    1.043673e-06    -8.681331e-07    1.832572e-07    -6.565282e-08    -2.071275e-07    1.144942e-07    2.391142e-08    7.793937e-07    -5.795702e-07    -6.724948e-07    7.161941e-07    -9.726792e-08    1.133604e-05    -4.830607e-07    -9.574782e-06    1.700488e-07    3.543101e-07
-4.875697e-07    -7.018989e-08    -5.990057e-07    -1.193715e-06    1.576248e-06    -5.038494e-07    4.975546e-08    -6.066594e-07    -1.348225e-06    1.521197e-06    -3.489884e-07    -3.344761e-08    5.217181e-07    -2.875478e-07    2.900764e-08    -8.447585e-07    3.719198e-07    3.16442e-07    -8.594861e-07    5.150257e-07    -4.830607e-07    1.44715e-05    -2.302421e-06    -9.600773e-06    1.007374e-06
-5.534647e-07    3.83307e-08    -4.317586e-07    -1.259082e-06    1.425144e-06    -5.373285e-07    -1.468814e-07    -3.904777e-07    -9.690289e-07    1.445563e-06    -3.371578e-07    8.374103e-08    3.556982e-07    -2.623517e-07    1.114241e-08    -8.440828e-07    2.484226e-07    3.911399e-07    -8.07662e-07    5.089501e-07    -9.574782e-06    -2.302421e-06    1.432088e-05    -5.137219e-07    -2.89303e-06
4.106472e-07    -2.720019e-07    1.035132e-07    1.064288e-06    -8.506961e-07    4.079602e-07    -4.376312e-07    1.356669e-07    1.183232e-06    -9.079914e-07    1.082584e-07    4.858413e-08    -2.006406e-07    1.051148e-07    1.606641e-08    7.563962e-07    -7.683842e-07    -6.050969e-07    9.662979e-07    -3.006973e-07    1.700488e-07    -9.600773e-06    -5.137219e-07    1.10853e-05    -1.76495e-06
8.471846e-08    3.90987e-07    4.524608e-07    1.08476e-07    -5.861574e-07    8.766542e-08    4.477965e-07    4.172357e-07    -1.33301e-08    -5.390543e-07    2.272608e-07    -2.787711e-08    -2.518159e-07    1.645534e-07    -3.384888e-08    8.538398e-08    3.92412e-07    3.316782e-07    -1.680648e-08    -3.544383e-07    3.543101e-07    1.007374e-06    -2.89303e-06    -1.76495e-06    3.451853e-06
