1    0.1979651    -0.2026812    0.04494793    -0.3147692    -0.01538482    -0.07815868    -0.1635557    0.05518994    0.2428602
0.1979651    1    0.5732349    -0.4063721    -0.5893912    -0.120654    -0.3574428    -0.347758    0.2257327    0.5105827
-0.2026812    0.5732349    1    -0.126535    -0.6835069    -0.07421367    -0.3785675    -0.3129181    0.2420963    0.4375451
0.04494793    -0.4063721    -0.126535    1    -0.2139703    -0.01559102    0.04938437    -0.007467177    -0.04098368    0.05619671
-0.3147692    -0.5893912    -0.6835069    -0.2139703    1    0.03764703    0.3937102    0.4523227    -0.2221688    -0.5866963
-0.01538482    -0.120654    -0.07421367    -0.01559102    0.03764703    1    -0.1695333    -0.5201249    0.02960654    -0.1103101
-0.07815868    -0.3574428    -0.3785675    0.04938437    0.3937102    -0.1695333    1    0.31856    -0.6899216    -0.2298555
-0.1635557    -0.347758    -0.3129181    -0.007467177    0.4523227    -0.5201249    0.31856    1    -0.1292416    -0.6212203
0.05518994    0.2257327    0.2420963    -0.04098368    -0.2221688    0.02960654    -0.6899216    -0.1292416    1    -0.1871279
0.2428602    0.5105827    0.4375451    0.05619671    -0.5866963    -0.1103101    -0.2298555    -0.6212203    -0.1871279    1
