1    0.198067    -0.4225725    0.07146314    -0.186491    0.1065335    0.2257595    0.1698506    0.009550798    -0.191466    0.1812945    -0.2163152    -0.3234943    -0.1421711    0.1276337    -0.1707447    -0.1816498    -0.1787046    -0.1329737    0.3296745    -0.06562418    0.1332762    0.2485323    -0.02476711    -0.2772335
0.198067    1    0.2538809    -0.3854224    -0.1678645    -0.02652326    0.3917668    0.3513654    0.1176469    -0.3577865    -0.05986089    -0.4006306    -0.4270984    -0.1945501    0.3665131    -0.1725062    -0.3316323    -0.3007465    -0.02313803    0.4414418    -0.07568051    0.4426271    0.2606962    -0.273031    -0.2030704
-0.4225725    0.2538809    1    0.0678435    -0.472596    -0.05770314    0.2303995    0.2387623    0.2304923    -0.2600784    -0.178747    -0.3409887    -0.3146898    -0.05609599    0.3754309    -0.07628408    -0.2744757    -0.2014151    0.1687738    0.1996552    -0.08983545    0.3668023    0.2076518    -0.2030094    -0.1878126
0.07146314    -0.3854224    0.0678435    1    -0.5213228    0.07489067    0.0547225    0.0856854    0.07755775    -0.2258779    0.1391284    -0.1376494    -0.1399596    -0.02474935    0.0774684    -0.07869685    -0.06561924    -0.06850767    0.02139405    0.06979553    0.01969626    0.02936045    0.09048406    0.1440648    -0.26344
-0.186491    -0.1678645    -0.472596    -0.5213228    1    0.001308774    -0.2842952    -0.3625662    -0.2182    0.376897    -0.08268409    0.3679333    0.3753721    0.08584891    -0.2301092    0.1388847    0.2766363    0.2787895    -0.05475639    -0.3240347    0.09979201    -0.3025095    -0.3210395    0.06600211    0.4098862
0.1065335    -0.02652326    -0.05770314    0.07489067    0.001308774    1    0.1120652    -0.3681135    -0.001060997    -0.08082685    -0.01000321    -0.02540894    -0.083802    -0.1759938    0.1117012    -0.07092116    -0.1953801    -0.1483596    -0.03151109    0.1852554    -0.1164481    0.06760304    0.1833117    0.03666894    -0.1822893
0.2257595    0.3917668    0.2303995    0.0547225    -0.2842952    0.1120652    1    0.2555411    -0.289436    -0.3011503    -0.04461469    -0.3857364    -0.3786968    -0.1404111    0.3354899    -0.2133869    -0.3254068    -0.3375196    -0.07825479    0.4841595    -0.1346563    0.449992    0.3052026    -0.2469829    -0.2831416
0.1698506    0.3513654    0.2387623    0.0856854    -0.3625662    -0.3681135    0.2555411    1    0.1903292    -0.5369004    -0.02020203    -0.2715947    -0.3166851    -0.06077643    0.2313087    -0.1711825    -0.3338633    -0.3551277    -0.01308511    0.4241581    -0.1396822    0.3325421    0.3297131    -0.165688    -0.2796131
0.009550798    0.1176469    0.2304923    0.07755775    -0.2182    -0.001060997    -0.289436    0.1903292    1    -0.4704953    -0.01712373    -0.1883169    -0.2366578    -0.05334294    0.1776458    0.054836    -0.3156597    -0.3205359    0.1472139    0.2247771    -0.08641328    0.1809338    0.2470722    -0.05973868    -0.2054799
-0.191466    -0.3577865    -0.2600784    -0.2258779    0.376897    -0.08082685    -0.3011503    -0.5369004    -0.4704953    1    -0.01398185    0.335476    0.3905641    0.1952465    -0.2996847    0.1477664    0.4127711    0.4201623    -0.02778024    -0.5069246    0.1026941    -0.3741821    -0.3608759    0.1403042    0.3502171
0.1812945    -0.05986089    -0.178747    0.1391284    -0.08268409    -0.01000321    -0.04461469    -0.02020203    -0.01712373    -0.01398185    1    -0.01661703    -0.3486004    -0.02664636    -0.09414548    0.03368847    0.03433939    -0.004447382    0.00825243    -0.01400047    0.1095117    -0.08764499    -0.06622452    0.115997    -0.05134581
-0.2163152    -0.4006306    -0.3409887    -0.1376494    0.3679333    -0.02540894    -0.3857364    -0.2715947    -0.1883169    0.335476    -0.01661703    1    0.5772542    -0.1250704    -0.5223465    0.2036332    0.5393134    0.4840847    -0.04483331    -0.5358652    0.06901641    -0.5784791    -0.3873991    0.2119885    0.4384672
-0.3234943    -0.4270984    -0.3146898    -0.1399596    0.3753721    -0.083802    -0.3786968    -0.3166851    -0.2366578    0.3905641    -0.3486004    0.5772542    1    0.2385394    -0.7075003    0.2273242    0.5994849    0.5315008    -0.04401078    -0.6302838    0.1132383    -0.5688688    -0.4804407    0.2356199    0.5128536
-0.1421711    -0.1945501    -0.05609599    -0.02474935    0.08584891    -0.1759938    -0.1404111    -0.06077643    -0.05334294    0.1952465    -0.02664636    -0.1250704    0.2385394    1    -0.4755204    0.2167233    0.2347585    0.1831186    0.08773825    -0.3425693    0.1424777    -0.2353954    -0.2974414    0.1226512    0.2554382
0.1276337    0.3665131    0.3754309    0.0774684    -0.2301092    0.1117012    0.3354899    0.2313087    0.1776458    -0.2996847    -0.09414548    -0.5223465    -0.7075003    -0.4755204    1    -0.265943    -0.5592077    -0.4633257    0.01297778    0.5496984    -0.1580855    0.5826364    0.4757946    -0.2689727    -0.4526799
-0.1707447    -0.1725062    -0.07628408    -0.07869685    0.1388847    -0.07092116    -0.2133869    -0.1711825    0.054836    0.1477664    0.03368847    0.2036332    0.2273242    0.2167233    -0.265943    1    0.1979651    -0.2026812    0.04494793    -0.3147692    0.1842988    -0.2518912    -0.2836294    0.1126003    0.2618815
-0.1816498    -0.3316323    -0.2744757    -0.06561924    0.2766363    -0.1953801    -0.3254068    -0.3338633    -0.3156597    0.4127711    0.03433939    0.5393134    0.5994849    0.2347585    -0.5592077    0.1979651    1    0.5732349    -0.4063721    -0.5893912    0.1988833    -0.5280713    -0.5543703    0.1814733    0.5235386
-0.1787046    -0.3007465    -0.2014151    -0.06850767    0.2787895    -0.1483596    -0.3375196    -0.3551277    -0.3205359    0.4201623    -0.004447382    0.4840847    0.5315008    0.1831186    -0.4633257    -0.2026812    0.5732349    1    -0.126535    -0.6835069    0.195567    -0.5091258    -0.5074179    0.2012824    0.4468897
-0.1329737    -0.02313803    0.1687738    0.02139405    -0.05475639    -0.03151109    -0.07825479    -0.01308511    0.1472139    -0.02778024    0.00825243    -0.04483331    -0.04401078    0.08773825    0.01297778    0.04494793    -0.4063721    -0.126535    1    -0.2139703    0.06285844    -0.04066086    -0.0002292707    0.08275477    -0.05432959
0.3296745    0.4414418    0.1996552    0.06979553    -0.3240347    0.1852554    0.4841595    0.4241581    0.2247771    -0.5069246    -0.01400047    -0.5358652    -0.6302838    -0.3425693    0.5496984    -0.3147692    -0.5893912    -0.6835069    -0.2139703    1    -0.2657418    0.609985    0.6018368    -0.275064    -0.5147914
-0.06562418    -0.07568051    -0.08983545    0.01969626    0.09979201    -0.1164481    -0.1346563    -0.1396822    -0.08641328    0.1026941    0.1095117    0.06901641    0.1132383    0.1424777    -0.1580855    0.1842988    0.1988833    0.195567    0.06285844    -0.2657418    1    -0.2099838    -0.639589    0.2021948    0.148635
0.1332762    0.4426271    0.3668023    0.02936045    -0.3025095    0.06760304    0.449992    0.3325421    0.1809338    -0.3741821    -0.08764499    -0.5784791    -0.5688688    -0.2353954    0.5826364    -0.2518912    -0.5280713    -0.5091258    -0.04066086    0.609985    -0.2099838    1    0.2976746    -0.6280262    -0.2447407
0.2485323    0.2606962    0.2076518    0.09048406    -0.3210395    0.1833117    0.3052026    0.3297131    0.2470722    -0.3608759    -0.06622452    -0.3873991    -0.4804407    -0.2974414    0.4757946    -0.2836294    -0.5543703    -0.5074179    -0.0002292707    0.6018368    -0.639589    0.2976746    1    -0.2405214    -0.6202122
-0.02476711    -0.273031    -0.2030094    0.1440648    0.06600211    0.03666894    -0.2469829    -0.165688    -0.05973868    0.1403042    0.115997    0.2119885    0.2356199    0.1226512    -0.2689727    0.1126003    0.1814733    0.2012824    0.08275477    -0.275064    0.2021948    -0.6280262    -0.2405214    1    -0.2275061
-0.2772335    -0.2030704    -0.1878126    -0.26344    0.4098862    -0.1822893    -0.2831416    -0.2796131    -0.2054799    0.3502171    -0.05134581    0.4384672    0.5128536    0.2554382    -0.4526799    0.2618815    0.5235386    0.4468897    -0.05432959    -0.5147914    0.148635    -0.2447407    -0.6202122    -0.2275061    1
