1    -0.01661703    -0.3486004    -0.02664636    -0.09414548    0.03368847    0.03433939    -0.004447382    0.00825243    -0.01400047    0.1095117    -0.08764499    -0.06622452    0.115997    -0.05134581
-0.01661703    1    0.5772542    -0.1250704    -0.5223465    0.2036332    0.5393134    0.4840847    -0.04483331    -0.5358652    0.06901641    -0.5784791    -0.3873991    0.2119885    0.4384672
-0.3486004    0.5772542    1    0.2385394    -0.7075003    0.2273242    0.5994849    0.5315008    -0.04401078    -0.6302838    0.1132383    -0.5688688    -0.4804407    0.2356199    0.5128536
-0.02664636    -0.1250704    0.2385394    1    -0.4755204    0.2167233    0.2347585    0.1831186    0.08773825    -0.3425693    0.1424777    -0.2353954    -0.2974414    0.1226512    0.2554382
-0.09414548    -0.5223465    -0.7075003    -0.4755204    1    -0.265943    -0.5592077    -0.4633257    0.01297778    0.5496984    -0.1580855    0.5826364    0.4757946    -0.2689727    -0.4526799
0.03368847    0.2036332    0.2273242    0.2167233    -0.265943    1    0.1979651    -0.2026812    0.04494793    -0.3147692    0.1842988    -0.2518912    -0.2836294    0.1126003    0.2618815
0.03433939    0.5393134    0.5994849    0.2347585    -0.5592077    0.1979651    1    0.5732349    -0.4063721    -0.5893912    0.1988833    -0.5280713    -0.5543703    0.1814733    0.5235386
-0.004447382    0.4840847    0.5315008    0.1831186    -0.4633257    -0.2026812    0.5732349    1    -0.126535    -0.6835069    0.195567    -0.5091258    -0.5074179    0.2012824    0.4468897
0.00825243    -0.04483331    -0.04401078    0.08773825    0.01297778    0.04494793    -0.4063721    -0.126535    1    -0.2139703    0.06285844    -0.04066086    -0.0002292707    0.08275477    -0.05432959
-0.01400047    -0.5358652    -0.6302838    -0.3425693    0.5496984    -0.3147692    -0.5893912    -0.6835069    -0.2139703    1    -0.2657418    0.609985    0.6018368    -0.275064    -0.5147914
0.1095117    0.06901641    0.1132383    0.1424777    -0.1580855    0.1842988    0.1988833    0.195567    0.06285844    -0.2657418    1    -0.2099838    -0.639589    0.2021948    0.148635
-0.08764499    -0.5784791    -0.5688688    -0.2353954    0.5826364    -0.2518912    -0.5280713    -0.5091258    -0.04066086    0.609985    -0.2099838    1    0.2976746    -0.6280262    -0.2447407
-0.06622452    -0.3873991    -0.4804407    -0.2974414    0.4757946    -0.2836294    -0.5543703    -0.5074179    -0.0002292707    0.6018368    -0.639589    0.2976746    1    -0.2405214    -0.6202122
0.115997    0.2119885    0.2356199    0.1226512    -0.2689727    0.1126003    0.1814733    0.2012824    0.08275477    -0.275064    0.2021948    -0.6280262    -0.2405214    1    -0.2275061
-0.05134581    0.4384672    0.5128536    0.2554382    -0.4526799    0.2618815    0.5235386    0.4468897    -0.05432959    -0.5147914    0.148635    -0.2447407    -0.6202122    -0.2275061    1
