1    0.1979651    -0.2026812    0.04494793    -0.3147692    0.01492216    -0.04843304    -0.1426587    -0.01997285    0.140295
0.1979651    1    0.5732349    -0.4063721    -0.5893912    0.09684223    -0.09503279    -0.1873559    -0.1171938    0.3377424
-0.2026812    0.5732349    1    -0.126535    -0.6835069    0.1241885    -0.003161933    -0.1566022    -0.1393741    0.318676
0.04494793    -0.4063721    -0.126535    1    -0.2139703    -0.01666453    0.08665564    -0.03952366    -0.1033577    0.1022646
-0.3147692    -0.5893912    -0.6835069    -0.2139703    1    -0.09272518    0.04728562    0.2284569    0.1399942    -0.3731317
0.01492216    0.09684223    0.1241885    -0.01666453    -0.09272518    1    0.2671    -0.8075088    -0.3127521    0.2726119
-0.04843304    -0.09503279    -0.003161933    0.08665564    0.04728562    0.2671    1    0.05249734    -0.7928898    0.1062123
-0.1426587    -0.1873559    -0.1566022    -0.03952366    0.2284569    -0.8075088    0.05249734    1    0.1878545    -0.5510975
-0.01997285    -0.1171938    -0.1393741    -0.1033577    0.1399942    -0.3127521    -0.7928898    0.1878545    1    -0.5218773
0.140295    0.3377424    0.318676    0.1022646    -0.3731317    0.2726119    0.1062123    -0.5510975    -0.5218773    1
