1    0.1120652    -0.3681135    -0.001060997    -0.08082685    -0.01000321    -0.02540894    -0.083802    -0.1759938    0.1117012    -0.07092116    -0.1953801    -0.1483596    -0.03151109    0.1852554    0.09554661    0.01143942    -0.07315753    0.01385111    0.006636018
0.1120652    1    0.2555411    -0.289436    -0.3011503    -0.04461469    -0.3857364    -0.3786968    -0.1404111    0.3354899    -0.2133869    -0.3254068    -0.3375196    -0.07825479    0.4841595    -0.002150481    0.07754195    0.145474    0.1051326    -0.1701968
-0.3681135    0.2555411    1    0.1903292    -0.5369004    -0.02020203    -0.2715947    -0.3166851    -0.06077643    0.2313087    -0.1711825    -0.3338633    -0.3551277    -0.01308511    0.4241581    -0.0180685    0.1433839    0.1598295    0.007150667    -0.1377369
-0.001060997    -0.289436    0.1903292    1    -0.4704953    -0.01712373    -0.1883169    -0.2366578    -0.05334294    0.1776458    0.054836    -0.3156597    -0.3205359    0.1472139    0.2247771    0.01868196    0.08643449    0.1016919    -0.02437349    -0.05693727
-0.08082685    -0.3011503    -0.5369004    -0.4704953    1    -0.01398185    0.335476    0.3905641    0.1952465    -0.2996847    0.1477664    0.4127711    0.4201623    -0.02778024    -0.5069246    -0.0245022    -0.06493765    -0.129549    -0.1176261    0.1337537
-0.01000321    -0.04461469    -0.02020203    -0.01712373    -0.01398185    1    -0.01661703    -0.3486004    -0.02664636    -0.09414548    0.03368847    0.03433939    -0.004447382    0.00825243    -0.01400047    0.02631884    -0.01041583    -0.1144948    0.07373694    0.01534784
-0.02540894    -0.3857364    -0.2715947    -0.1883169    0.335476    -0.01661703    1    0.5772542    -0.1250704    -0.5223465    0.2036332    0.5393134    0.4840847    -0.04483331    -0.5358652    0.02793555    0.003493678    -0.220881    -0.1990221    0.08924078
-0.083802    -0.3786968    -0.3166851    -0.2366578    0.3905641    -0.3486004    0.5772542    1    0.2385394    -0.7075003    0.2273242    0.5994849    0.5315008    -0.04401078    -0.6302838    0.02382164    -0.02996559    -0.211056    -0.19576    0.07685804
-0.1759938    -0.1404111    -0.06077643    -0.05334294    0.1952465    -0.02664636    -0.1250704    0.2385394    1    -0.4755204    0.2167233    0.2347585    0.1831186    0.08773825    -0.3425693    -0.09012864    0.06445977    0.008089077    -0.09675703    -0.0429398
0.1117012    0.3354899    0.2313087    0.1776458    -0.2996847    -0.09414548    -0.5223465    -0.7075003    -0.4755204    1    -0.265943    -0.5592077    -0.4633257    0.01297778    0.5496984    -0.01176821    -0.009425498    0.2296045    0.1217691    -0.007539781
-0.07092116    -0.2133869    -0.1711825    0.054836    0.1477664    0.03368847    0.2036332    0.2273242    0.2167233    -0.265943    1    0.1979651    -0.2026812    0.04494793    -0.3147692    -0.04461601    0.02833543    0.02645342    -0.09902022    -0.003675891
-0.1953801    -0.3254068    -0.3338633    -0.3156597    0.4127711    0.03433939    0.5393134    0.5994849    0.2347585    -0.5592077    0.1979651    1    0.5732349    -0.4063721    -0.5893912    -0.06290452    -0.09118955    -0.1805577    -0.09885795    0.01672329
-0.1483596    -0.3375196    -0.3551277    -0.3205359    0.4201623    -0.004447382    0.4840847    0.5315008    0.1831186    -0.4633257    -0.2026812    0.5732349    1    -0.126535    -0.6835069    -0.01446971    -0.1448761    -0.2183452    -0.06188741    0.04555196
-0.03151109    -0.07825479    -0.01308511    0.1472139    -0.02778024    0.00825243    -0.04483331    -0.04401078    0.08773825    0.01297778    0.04494793    -0.4063721    -0.126535    1    -0.2139703    -0.05694858    0.1011075    0.04558539    -0.09511226    0.1045656
0.1852554    0.4841595    0.4241581    0.2247771    -0.5069246    -0.01400047    -0.5358652    -0.6302838    -0.3425693    0.5496984    -0.3147692    -0.5893912    -0.6835069    -0.2139703    1    0.06937916    0.08292073    0.1595679    0.1441283    -0.07007314
0.09554661    -0.002150481    -0.0180685    0.01868196    -0.0245022    0.02631884    0.02793555    0.02382164    -0.09012864    -0.01176821    -0.04461601    -0.06290452    -0.01446971    -0.05694858    0.06937916    1    -0.1725068    -0.7027936    0.116493    0.08094118
0.01143942    0.07754195    0.1433839    0.08643449    -0.06493765    -0.01041583    0.003493678    -0.02996559    0.06445977    -0.009425498    0.02833543    -0.09118955    -0.1448761    0.1011075    0.08292073    -0.1725068    1    0.1574847    -0.7513166    0.1351055
-0.07315753    0.145474    0.1598295    0.1016919    -0.129549    -0.1144948    -0.220881    -0.211056    0.008089077    0.2296045    0.02645342    -0.1805577    -0.2183452    0.04558539    0.1595679    -0.7027936    0.1574847    1    -0.1113507    -0.3998048
0.01385111    0.1051326    0.007150667    -0.02437349    -0.1176261    0.07373694    -0.1990221    -0.19576    -0.09675703    0.1217691    -0.09902022    -0.09885795    -0.06188741    -0.09511226    0.1441283    0.116493    -0.7513166    -0.1113507    1    -0.4600299
0.006636018    -0.1701968    -0.1377369    -0.05693727    0.1337537    0.01534784    0.08924078    0.07685804    -0.0429398    -0.007539781    -0.003675891    0.01672329    0.04555196    0.1045656    -0.07007314    0.08094118    0.1351055    -0.3998048    -0.4600299    1
