1    0.1979651    -0.2026812    0.04494793    -0.3147692    0.01285656    0.2171994    0.1006264    -0.1282796    0.02439634
0.1979651    1    0.5732349    -0.4063721    -0.5893912    0.1387248    0.2044714    0.09987339    -0.04149154    -0.1562117
-0.2026812    0.5732349    1    -0.126535    -0.6835069    0.1636547    0.1003126    0.04995478    0.02480334    -0.167204
0.04494793    -0.4063721    -0.126535    1    -0.2139703    -0.02120984    0.1040999    -0.007456428    -0.1090877    0.1511797
-0.3147692    -0.5893912    -0.6835069    -0.2139703    1    -0.1539521    -0.2694511    -0.08191856    0.1130411    0.0455698
0.01285656    0.1387248    0.1636547    -0.02120984    -0.1539521    1    0.1464677    -0.6958407    -0.2607963    0.15277
0.2171994    0.2044714    0.1003126    0.1040999    -0.2694511    0.1464677    1    0.1260234    -0.8249301    0.1419023
0.1006264    0.09987339    0.04995478    -0.007456428    -0.08191856    -0.6958407    0.1260234    1    0.1799106    -0.6041241
-0.1282796    -0.04149154    0.02480334    -0.1090877    0.1130411    -0.2607963    -0.8249301    0.1799106    1    -0.4889255
0.02439634    -0.1562117    -0.167204    0.1511797    0.0455698    0.15277    0.1419023    -0.6041241    -0.4889255    1
