1    0.198067    -0.4225725    0.07146314    -0.186491    0.1065335    0.2257595    0.1698506    0.009550798    -0.191466    0.1812945    -0.2163152    -0.3234943    -0.1421711    0.1276337    -0.1707447    -0.1816498    -0.1787046    -0.1329737    0.3296745    0.1941579    0.09776589    0.0340545    -0.03949966    -0.2501691
0.198067    1    0.2538809    -0.3854224    -0.1678645    -0.02652326    0.3917668    0.3513654    0.1176469    -0.3577865    -0.05986089    -0.4006306    -0.4270984    -0.1945501    0.3665131    -0.1725062    -0.3316323    -0.3007465    -0.02313803    0.4414418    0.1944446    0.1430055    -0.05696272    -0.07571195    -0.1870034
-0.4225725    0.2538809    1    0.0678435    -0.472596    -0.05770314    0.2303995    0.2387623    0.2304923    -0.2600784    -0.178747    -0.3409887    -0.3146898    -0.05609599    0.3754309    -0.07628408    -0.2744757    -0.2014151    0.1687738    0.1996552    -0.06116693    0.1257601    0.02112003    -0.05634769    0.002029347
0.07146314    -0.3854224    0.0678435    1    -0.5213228    0.07489067    0.0547225    0.0856854    0.07755775    -0.2258779    0.1391284    -0.1376494    -0.1399596    -0.02474935    0.0774684    -0.07869685    -0.06561924    -0.06850767    0.02139405    0.06979553    -0.08024395    -0.0392538    0.1696664    0.1325164    -0.2015543
-0.186491    -0.1678645    -0.472596    -0.5213228    1    0.001308774    -0.2842952    -0.3625662    -0.2182    0.376897    -0.08268409    0.3679333    0.3753721    0.08584891    -0.2301092    0.1388847    0.2766363    0.2787895    -0.05475639    -0.3240347    0.03973243    -0.1053238    -0.1704874    -0.03058311    0.2175986
0.1065335    -0.02652326    -0.05770314    0.07489067    0.001308774    1    0.1120652    -0.3681135    -0.001060997    -0.08082685    -0.01000321    -0.02540894    -0.083802    -0.1759938    0.1117012    -0.07092116    -0.1953801    -0.1483596    -0.03151109    0.1852554    0.08512049    0.06950298    -0.01713871    -0.06334726    -0.05494469
0.2257595    0.3917668    0.2303995    0.0547225    -0.2842952    0.1120652    1    0.2555411    -0.289436    -0.3011503    -0.04461469    -0.3857364    -0.3786968    -0.1404111    0.3354899    -0.2133869    -0.3254068    -0.3375196    -0.07825479    0.4841595    0.1166362    0.1400562    0.01419447    -0.03542426    -0.1832342
0.1698506    0.3513654    0.2387623    0.0856854    -0.3625662    -0.3681135    0.2555411    1    0.1903292    -0.5369004    -0.02020203    -0.2715947    -0.3166851    -0.06077643    0.2313087    -0.1711825    -0.3338633    -0.3551277    -0.01308511    0.4241581    0.04196104    0.132291    0.1159097    -0.05215022    -0.1949992
0.009550798    0.1176469    0.2304923    0.07755775    -0.2182    -0.001060997    -0.289436    0.1903292    1    -0.4704953    -0.01712373    -0.1883169    -0.2366578    -0.05334294    0.1776458    0.054836    -0.3156597    -0.3205359    0.1472139    0.2247771    0.02634879    0.1129715    0.01718916    -0.06377759    -0.09061075
-0.191466    -0.3577865    -0.2600784    -0.2258779    0.376897    -0.08082685    -0.3011503    -0.5369004    -0.4704953    1    -0.01398185    0.335476    0.3905641    0.1952465    -0.2996847    0.1477664    0.4127711    0.4201623    -0.02778024    -0.5069246    -0.1138294    -0.1244732    -0.00942731    0.0410063    0.2482768
0.1812945    -0.05986089    -0.178747    0.1391284    -0.08268409    -0.01000321    -0.04461469    -0.02020203    -0.01712373    -0.01398185    1    -0.01661703    -0.3486004    -0.02664636    -0.09414548    0.03368847    0.03433939    -0.004447382    0.00825243    -0.01400047    -0.0008000887    -0.05102703    0.05888376    0.07408815    -0.09225213
-0.2163152    -0.4006306    -0.3409887    -0.1376494    0.3679333    -0.02540894    -0.3857364    -0.2715947    -0.1883169    0.335476    -0.01661703    1    0.5772542    -0.1250704    -0.5223465    0.2036332    0.5393134    0.4840847    -0.04483331    -0.5358652    -0.1066717    -0.2225585    -0.09448291    0.05121729    0.3977102
-0.3234943    -0.4270984    -0.3146898    -0.1399596    0.3753721    -0.083802    -0.3786968    -0.3166851    -0.2366578    0.3905641    -0.3486004    0.5772542    1    0.2385394    -0.7075003    0.2273242    0.5994849    0.5315008    -0.04401078    -0.6302838    -0.1585776    -0.2328473    -0.07189935    0.08477211    0.4230104
-0.1421711    -0.1945501    -0.05609599    -0.02474935    0.08584891    -0.1759938    -0.1404111    -0.06077643    -0.05334294    0.1952465    -0.02664636    -0.1250704    0.2385394    1    -0.4755204    0.2167233    0.2347585    0.1831186    0.08773825    -0.3425693    -0.1054273    -0.05064863    0.03026294    0.01850967    0.1607507
0.1276337    0.3665131    0.3754309    0.0774684    -0.2301092    0.1117012    0.3354899    0.2313087    0.1776458    -0.2996847    -0.09414548    -0.5223465    -0.7075003    -0.4755204    1    -0.265943    -0.5592077    -0.4633257    0.01297778    0.5496984    0.1116239    0.1935837    0.01840596    -0.07826223    -0.3202998
-0.1707447    -0.1725062    -0.07628408    -0.07869685    0.1388847    -0.07092116    -0.2133869    -0.1711825    0.054836    0.1477664    0.03368847    0.2036332    0.2273242    0.2167233    -0.265943    1    0.1979651    -0.2026812    0.04494793    -0.3147692    -0.1103996    -0.08466297    -0.01819672    0.05257523    0.1741905
-0.1816498    -0.3316323    -0.2744757    -0.06561924    0.2766363    -0.1953801    -0.3254068    -0.3338633    -0.3156597    0.4127711    0.03433939    0.5393134    0.5994849    0.2347585    -0.5592077    0.1979651    1    0.5732349    -0.4063721    -0.5893912    -0.1818691    -0.2968743    -0.0671591    0.1341554    0.3961087
-0.1787046    -0.3007465    -0.2014151    -0.06850767    0.2787895    -0.1483596    -0.3375196    -0.3551277    -0.3205359    0.4201623    -0.004447382    0.4840847    0.5315008    0.1831186    -0.4633257    -0.2026812    0.5732349    1    -0.126535    -0.6835069    -0.1337689    -0.248995    -0.05766084    0.08529414    0.3508024
-0.1329737    -0.02313803    0.1687738    0.02139405    -0.05475639    -0.03151109    -0.07825479    -0.01308511    0.1472139    -0.02778024    0.00825243    -0.04483331    -0.04401078    0.08773825    0.01297778    0.04494793    -0.4063721    -0.126535    1    -0.2139703    -0.01983832    0.03974125    0.01389667    -0.003390105    -0.01511483
0.3296745    0.4414418    0.1996552    0.06979553    -0.3240347    0.1852554    0.4841595    0.4241581    0.2247771    -0.5069246    -0.01400047    -0.5358652    -0.6302838    -0.3425693    0.5496984    -0.3147692    -0.5893912    -0.6835069    -0.2139703    1    0.2275158    0.2886728    0.0130758    -0.1364136    -0.3809057
0.1941579    0.1944446    -0.06116693    -0.08024395    0.03973243    0.08512049    0.1166362    0.04196104    0.02634879    -0.1138294    -0.0008000887    -0.1066717    -0.1585776    -0.1054273    0.1116239    -0.1103996    -0.1818691    -0.1337689    -0.01983832    0.2275158    1    0.1953323    -0.695648    -0.2326318    -0.02677642
0.09776589    0.1430055    0.1257601    -0.0392538    -0.1053238    0.06950298    0.1400562    0.132291    0.1129715    -0.1244732    -0.05102703    -0.2225585    -0.2328473    -0.05064863    0.1935837    -0.08466297    -0.2968743    -0.248995    0.03974125    0.2886728    0.1953323    1    0.1100815    -0.7822726    -0.02175584
0.0340545    -0.05696272    0.02112003    0.1696664    -0.1704874    -0.01713871    0.01419447    0.1159097    0.01718916    -0.00942731    0.05888376    -0.09448291    -0.07189935    0.03026294    0.01840596    -0.01819672    -0.0671591    -0.05766084    0.01389667    0.0130758    -0.695648    0.1100815    1    0.1165681    -0.4982167
-0.03949966    -0.07571195    -0.05634769    0.1325164    -0.03058311    -0.06334726    -0.03542426    -0.05215022    -0.06377759    0.0410063    0.07408815    0.05121729    0.08477211    0.01850967    -0.07826223    0.05257523    0.1341554    0.08529414    -0.003390105    -0.1364136    -0.2326318    -0.7822726    0.1165681    1    -0.3246457
-0.2501691    -0.1870034    0.002029347    -0.2015543    0.2175986    -0.05494469    -0.1832342    -0.1949992    -0.09061075    0.2482768    -0.09225213    0.3977102    0.4230104    0.1607507    -0.3202998    0.1741905    0.3961087    0.3508024    -0.01511483    -0.3809057    -0.02677642    -0.02175584    -0.4982167    -0.3246457    1
