1    0.198067    -0.4225725    0.07146314    -0.186491    0.1065335    0.2257595    0.1698506    0.009550798    -0.191466    0.1812945    -0.2163152    -0.3234943    -0.1421711    0.1276337    -0.1707447    -0.1816498    -0.1787046    -0.1329737    0.3296745    -0.02215386    0.1928624    0.04012882    -0.2138067    -0.01040179
0.198067    1    0.2538809    -0.3854224    -0.1678645    -0.02652326    0.3917668    0.3513654    0.1176469    -0.3577865    -0.05986089    -0.4006306    -0.4270984    -0.1945501    0.3665131    -0.1725062    -0.3316323    -0.3007465    -0.02313803    0.4414418    -0.06263134    -0.004050865    0.06311078    -0.1289737    -0.09720947
-0.4225725    0.2538809    1    0.0678435    -0.472596    -0.05770314    0.2303995    0.2387623    0.2304923    -0.2600784    -0.178747    -0.3409887    -0.3146898    -0.05609599    0.3754309    -0.07628408    -0.2744757    -0.2014151    0.1687738    0.1996552    -0.05526012    -0.1255169    0.04838247    -0.0475639    -0.07078116
0.07146314    -0.3854224    0.0678435    1    -0.5213228    0.07489067    0.0547225    0.0856854    0.07755775    -0.2258779    0.1391284    -0.1376494    -0.1399596    -0.02474935    0.0774684    -0.07869685    -0.06561924    -0.06850767    0.02139405    0.06979553    -0.05510938    0.04058519    0.01810176    -0.1044401    0.009289587
-0.186491    -0.1678645    -0.472596    -0.5213228    1    0.001308774    -0.2842952    -0.3625662    -0.2182    0.376897    -0.08268409    0.3679333    0.3753721    0.08584891    -0.2301092    0.1388847    0.2766363    0.2787895    -0.05475639    -0.3240347    0.06975508    -0.06371407    -0.03466205    0.1732451    0.01559582
0.1065335    -0.02652326    -0.05770314    0.07489067    0.001308774    1    0.1120652    -0.3681135    -0.001060997    -0.08082685    -0.01000321    -0.02540894    -0.083802    -0.1759938    0.1117012    -0.07092116    -0.1953801    -0.1483596    -0.03151109    0.1852554    0.05645493    0.06798769    -0.03306557    -0.06482296    0.01214589
0.2257595    0.3917668    0.2303995    0.0547225    -0.2842952    0.1120652    1    0.2555411    -0.289436    -0.3011503    -0.04461469    -0.3857364    -0.3786968    -0.1404111    0.3354899    -0.2133869    -0.3254068    -0.3375196    -0.07825479    0.4841595    0.01153636    0.05672242    0.01483524    -0.1336495    -0.07520753
0.1698506    0.3513654    0.2387623    0.0856854    -0.3625662    -0.3681135    0.2555411    1    0.1903292    -0.5369004    -0.02020203    -0.2715947    -0.3166851    -0.06077643    0.2313087    -0.1711825    -0.3338633    -0.3551277    -0.01308511    0.4241581    -0.1588296    0.08701057    0.1623802    -0.1618724    -0.1043805
0.009550798    0.1176469    0.2304923    0.07755775    -0.2182    -0.001060997    -0.289436    0.1903292    1    -0.4704953    -0.01712373    -0.1883169    -0.2366578    -0.05334294    0.1776458    0.054836    -0.3156597    -0.3205359    0.1472139    0.2247771    -0.1450656    -0.01401639    0.1386327    -0.117839    -0.04076572
-0.191466    -0.3577865    -0.2600784    -0.2258779    0.376897    -0.08082685    -0.3011503    -0.5369004    -0.4704953    1    -0.01398185    0.335476    0.3905641    0.1952465    -0.2996847    0.1477664    0.4127711    0.4201623    -0.02778024    -0.5069246    0.05202519    -0.0734835    -0.01118975    0.2150731    0.0459435
0.1812945    -0.05986089    -0.178747    0.1391284    -0.08268409    -0.01000321    -0.04461469    -0.02020203    -0.01712373    -0.01398185    1    -0.01661703    -0.3486004    -0.02664636    -0.09414548    0.03368847    0.03433939    -0.004447382    0.00825243    -0.01400047    -0.04271193    0.111973    0.0441634    -0.0729558    0.02624023
-0.2163152    -0.4006306    -0.3409887    -0.1376494    0.3679333    -0.02540894    -0.3857364    -0.2715947    -0.1883169    0.335476    -0.01661703    1    0.5772542    -0.1250704    -0.5223465    0.2036332    0.5393134    0.4840847    -0.04483331    -0.5358652    0.02138752    -0.02454053    -0.1202887    0.2069895    0.2535879
-0.3234943    -0.4270984    -0.3146898    -0.1399596    0.3753721    -0.083802    -0.3786968    -0.3166851    -0.2366578    0.3905641    -0.3486004    0.5772542    1    0.2385394    -0.7075003    0.2273242    0.5994849    0.5315008    -0.04401078    -0.6302838    0.04368691    -0.09126359    -0.1441981    0.3119136    0.2187916
-0.1421711    -0.1945501    -0.05609599    -0.02474935    0.08584891    -0.1759938    -0.1404111    -0.06077643    -0.05334294    0.1952465    -0.02664636    -0.1250704    0.2385394    1    -0.4755204    0.2167233    0.2347585    0.1831186    0.08773825    -0.3425693    -0.1350629    -0.02573274    0.0911968    0.1306198    0.03601534
0.1276337    0.3665131    0.3754309    0.0774684    -0.2301092    0.1117012    0.3354899    0.2313087    0.1776458    -0.2996847    -0.09414548    -0.5223465    -0.7075003    -0.4755204    1    -0.265943    -0.5592077    -0.4633257    0.01297778    0.5496984    0.08205343    -0.01234394    0.03456719    -0.2068312    -0.2487606
-0.1707447    -0.1725062    -0.07628408    -0.07869685    0.1388847    -0.07092116    -0.2133869    -0.1711825    0.054836    0.1477664    0.03368847    0.2036332    0.2273242    0.2167233    -0.265943    1    0.1979651    -0.2026812    0.04494793    -0.3147692    -0.1222014    -0.02812874    0.07445384    0.1165031    0.04930566
-0.1816498    -0.3316323    -0.2744757    -0.06561924    0.2766363    -0.1953801    -0.3254068    -0.3338633    -0.3156597    0.4127711    0.03433939    0.5393134    0.5994849    0.2347585    -0.5592077    0.1979651    1    0.5732349    -0.4063721    -0.5893912    0.03987111    -0.08161662    -0.1653627    0.2582078    0.2223216
-0.1787046    -0.3007465    -0.2014151    -0.06850767    0.2787895    -0.1483596    -0.3375196    -0.3551277    -0.3205359    0.4201623    -0.004447382    0.4840847    0.5315008    0.1831186    -0.4633257    -0.2026812    0.5732349    1    -0.126535    -0.6835069    0.08393487    -0.1297149    -0.1966909    0.2516685    0.2123507
-0.1329737    -0.02313803    0.1687738    0.02139405    -0.05475639    -0.03151109    -0.07825479    -0.01308511    0.1472139    -0.02778024    0.00825243    -0.04483331    -0.04401078    0.08773825    0.01297778    0.04494793    -0.4063721    -0.126535    1    -0.2139703    -0.08158613    -0.003699558    0.08496276    0.02938633    -0.05630235
0.3296745    0.4414418    0.1996552    0.06979553    -0.3240347    0.1852554    0.4841595    0.4241581    0.2247771    -0.5069246    -0.01400047    -0.5358652    -0.6302838    -0.3425693    0.5496984    -0.3147692    -0.5893912    -0.6835069    -0.2139703    1    0.001840439    0.1397678    0.09795331    -0.3283338    -0.1600124
-0.02215386    -0.06263134    -0.05526012    -0.05510938    0.06975508    0.05645493    0.01153636    -0.1588296    -0.1450656    0.05202519    -0.04271193    0.02138752    0.04368691    -0.1350629    0.08205343    -0.1222014    0.03987111    0.08393487    -0.08158613    0.001840439    1    -0.1228896    -0.795554    0.03622886    0.1535628
0.1928624    -0.004050865    -0.1255169    0.04058519    -0.06371407    0.06798769    0.05672242    0.08701057    -0.01401639    -0.0734835    0.111973    -0.02454053    -0.09126359    -0.02573274    -0.01234394    -0.02812874    -0.08161662    -0.1297149    -0.003699558    0.1397678    -0.1228896    1    0.2461418    -0.7312569    0.0347245
0.04012882    0.06311078    0.04838247    0.01810176    -0.03466205    -0.03306557    0.01483524    0.1623802    0.1386327    -0.01118975    0.0441634    -0.1202887    -0.1441981    0.0911968    0.03456719    0.07445384    -0.1653627    -0.1966909    0.08496276    0.09795331    -0.795554    0.2461418    1    -0.09969109    -0.5163728
-0.2138067    -0.1289737    -0.0475639    -0.1044401    0.1732451    -0.06482296    -0.1336495    -0.1618724    -0.117839    0.2150731    -0.0729558    0.2069895    0.3119136    0.1306198    -0.2068312    0.1165031    0.2582078    0.2516685    0.02938633    -0.3283338    0.03622886    -0.7312569    -0.09969109    1    -0.3282296
-0.01040179    -0.09720947    -0.07078116    0.009289587    0.01559582    0.01214589    -0.07520753    -0.1043805    -0.04076572    0.0459435    0.02624023    0.2535879    0.2187916    0.03601534    -0.2487606    0.04930566    0.2223216    0.2123507    -0.05630235    -0.1600124    0.1535628    0.0347245    -0.5163728    -0.3282296    1
