1    -0.01661703    -0.3486004    -0.02664636    -0.09414548    0.03368847    0.03433939    -0.004447382    0.00825243    -0.01400047    0.1122316    0.01070575    -0.04860245    -0.008335991    -0.03277673
-0.01661703    1    0.5772542    -0.1250704    -0.5223465    0.2036332    0.5393134    0.4840847    -0.04483331    -0.5358652    0.389575    -0.2074697    -0.4550958    0.2498975    0.4730564
-0.3486004    0.5772542    1    0.2385394    -0.7075003    0.2273242    0.5994849    0.5315008    -0.04401078    -0.6302838    0.4083858    -0.2463199    -0.4945485    0.2705654    0.5418044
-0.02664636    -0.1250704    0.2385394    1    -0.4755204    0.2167233    0.2347585    0.1831186    0.08773825    -0.3425693    0.2041892    -0.05913024    -0.181438    0.04119383    0.1710898
-0.09414548    -0.5223465    -0.7075003    -0.4755204    1    -0.265943    -0.5592077    -0.4633257    0.01297778    0.5496984    -0.4197984    0.1833387    0.4077453    -0.1475891    -0.3885301
0.03368847    0.2036332    0.2273242    0.2167233    -0.265943    1    0.1979651    -0.2026812    0.04494793    -0.3147692    0.2174341    0.01714273    -0.2891803    0.1074976    0.2109884
0.03433939    0.5393134    0.5994849    0.2347585    -0.5592077    0.1979651    1    0.5732349    -0.4063721    -0.5893912    0.393337    -0.2753987    -0.3911763    0.1688457    0.5032056
-0.004447382    0.4840847    0.5315008    0.1831186    -0.4633257    -0.2026812    0.5732349    1    -0.126535    -0.6835069    0.3926895    -0.3638646    -0.2929694    0.1691762    0.4241185
0.00825243    -0.04483331    -0.04401078    0.08773825    0.01297778    0.04494793    -0.4063721    -0.126535    1    -0.2139703    0.03388243    0.09091503    -0.03067926    -0.07605569    -0.04778139
-0.01400047    -0.5358652    -0.6302838    -0.3425693    0.5496984    -0.3147692    -0.5893912    -0.6835069    -0.2139703    1    -0.5059425    0.2655052    0.524229    -0.2820102    -0.5409392
0.1122316    0.389575    0.4083858    0.2041892    -0.4197984    0.2174341    0.393337    0.3926895    0.03388243    -0.5059425    1    -0.3594829    -0.5702683    0.2343407    0.2264468
0.01070575    -0.2074697    -0.2463199    -0.05913024    0.1833387    0.01714273    -0.2753987    -0.3638646    0.09091503    0.2655052    -0.3594829    1    -0.175771    -0.3437631    -0.05963109
-0.04860245    -0.4550958    -0.4945485    -0.181438    0.4077453    -0.2891803    -0.3911763    -0.2929694    -0.03067926    0.524229    -0.5702683    -0.175771    1    -0.4582405    -0.7041022
-0.008335991    0.2498975    0.2705654    0.04119383    -0.1475891    0.1074976    0.1688457    0.1691762    -0.07605569    -0.2820102    0.2343407    -0.3437631    -0.4582405    1    0.3417084
-0.03277673    0.4730564    0.5418044    0.1710898    -0.3885301    0.2109884    0.5032056    0.4241185    -0.04778139    -0.5409392    0.2264468    -0.05963109    -0.7041022    0.3417084    1
