1    0.1894219    -0.3429943    -0.1385012    -0.1661251    0.08213772    0.2222532    0.2126532    0.02652523    -0.2700053
0.1894219    1    0.5062199    -0.2663477    -0.4823125    0.2186443    0.6126485    0.5526185    -0.063333    -0.638971
-0.3429943    0.5062199    1    0.1364205    -0.601621    0.2054286    0.4781339    0.4178809    -0.02713232    -0.4699401
-0.1385012    -0.2663477    0.1364205    1    -0.3475727    0.1329913    0.02731875    -0.03434312    0.06467138    -0.06764064
-0.1661251    -0.4823125    -0.601621    -0.3475727    1    -0.2323193    -0.5503192    -0.4635788    -0.04066952    0.5487447
0.08213772    0.2186443    0.2054286    0.1329913    -0.2323193    1    0.1979651    -0.2026812    0.04494793    -0.3147692
0.2222532    0.6126485    0.4781339    0.02731875    -0.5503192    0.1979651    1    0.5732349    -0.4063721    -0.5893912
0.2126532    0.5526185    0.4178809    -0.03434312    -0.4635788    -0.2026812    0.5732349    1    -0.126535    -0.6835069
0.02652523    -0.063333    -0.02713232    0.06467138    -0.04066952    0.04494793    -0.4063721    -0.126535    1    -0.2139703
-0.2700053    -0.638971    -0.4699401    -0.06764064    0.5487447    -0.3147692    -0.5893912    -0.6835069    -0.2139703    1
