1    -0.01661703    -0.3486004    -0.02664636    -0.09414548    0.03368847    0.03433939    -0.004447382    0.00825243    -0.01400047    -0.04886005    -0.08670479    -0.0404243    0.07160965    0.103444
-0.01661703    1    0.5772542    -0.1250704    -0.5223465    0.2036332    0.5393134    0.4840847    -0.04483331    -0.5358652    0.02807436    0.1147322    0.1891051    0.1073841    -0.2273821
-0.3486004    0.5772542    1    0.2385394    -0.7075003    0.2273242    0.5994849    0.5315008    -0.04401078    -0.6302838    -0.004943756    0.1438852    0.2511924    0.08453643    -0.2574831
-0.02664636    -0.1250704    0.2385394    1    -0.4755204    0.2167233    0.2347585    0.1831186    0.08773825    -0.3425693    -0.01716208    0.1136326    0.1575921    0.01542969    -0.1415269
-0.09414548    -0.5223465    -0.7075003    -0.4755204    1    -0.265943    -0.5592077    -0.4633257    0.01297778    0.5496984    0.01366427    -0.08262248    -0.1984255    -0.1143424    0.1661928
0.03368847    0.2036332    0.2273242    0.2167233    -0.265943    1    0.1979651    -0.2026812    0.04494793    -0.3147692    -0.0232452    0.2074755    0.1157718    -0.03321684    -0.1185841
0.03433939    0.5393134    0.5994849    0.2347585    -0.5592077    0.1979651    1    0.5732349    -0.4063721    -0.5893912    -0.06809406    0.1022762    0.3143112    0.1204583    -0.2920132
-0.004447382    0.4840847    0.5315008    0.1831186    -0.4633257    -0.2026812    0.5732349    1    -0.126535    -0.6835069    -0.09405322    0.0214018    0.2996866    0.145351    -0.2556451
0.00825243    -0.04483331    -0.04401078    0.08773825    0.01297778    0.04494793    -0.4063721    -0.126535    1    -0.2139703    0.02925661    0.0718352    -0.03010229    -0.0304878    0.06389315
-0.01400047    -0.5358652    -0.6302838    -0.3425693    0.5496984    -0.3147692    -0.5893912    -0.6835069    -0.2139703    1    0.07039636    -0.172433    -0.3216546    -0.09747317    0.2938452
-0.04886005    0.02807436    -0.004943756    -0.01716208    0.01366427    -0.0232452    -0.06809406    -0.09405322    0.02925661    0.07039636    1    0.07115773    -0.753966    -0.2154147    0.2245231
-0.08670479    0.1147322    0.1438852    0.1136326    -0.08262248    0.2074755    0.1022762    0.0214018    0.0718352    -0.172433    0.07115773    1    0.1314665    -0.7719863    -0.03932459
-0.0404243    0.1891051    0.2511924    0.1575921    -0.1984255    0.1157718    0.3143112    0.2996866    -0.03010229    -0.3216546    -0.753966    0.1314665    1    0.1821551    -0.6517384
0.07160965    0.1073841    0.08453643    0.01542969    -0.1143424    -0.03321684    0.1204583    0.145351    -0.0304878    -0.09747317    -0.2154147    -0.7719863    0.1821551    1    -0.3665983
0.103444    -0.2273821    -0.2574831    -0.1415269    0.1661928    -0.1185841    -0.2920132    -0.2556451    0.06389315    0.2938452    0.2245231    -0.03932459    -0.6517384    -0.3665983    1
