4.083067e-06    -7.209514e-07    -2.108591e-06    1.132269e-06    -8.348474e-07    7.633452e-07    -1.107612e-07    -1.818325e-07    1.163903e-06    -8.72944e-07    1.149138e-06    -2.695503e-06    -3.470297e-06    3.516962e-07    2.111919e-06
-7.209514e-07    3.225865e-06    1.042384e-06    -2.33534e-06    -4.072581e-07    -7.10658e-07    4.976706e-07    1.0295e-06    -2.330534e-08    -4.246341e-07    -4.991481e-07    1.3868e-06    1.383361e-06    4.514623e-09    -1.232407e-06
-2.108591e-06    1.042384e-06    5.821202e-06    -1.991838e-08    -3.365409e-06    7.796795e-07    1.090108e-06    4.596741e-07    4.235054e-07    -1.676006e-06    1.096694e-06    6.419533e-07    -1.339548e-07    -1.117543e-06    2.242403e-07
1.132269e-06    -2.33534e-06    -1.991838e-08    5.180488e-06    -2.360911e-06    2.37803e-06    2.304258e-07    -3.663565e-07    8.772204e-07    -1.589961e-06    2.198857e-06    -3.491431e-06    -3.728724e-06    -1.779689e-07    2.53642e-06
-8.348474e-07    -4.072581e-07    -3.365409e-06    -2.360911e-06    5.410115e-06    -2.116417e-06    -7.279035e-07    -6.764328e-07    -1.606389e-06    2.81288e-06    -2.835884e-06    2.543676e-06    3.50531e-06    3.248362e-07    -1.892647e-06
7.633452e-07    -7.10658e-07    7.796795e-07    2.37803e-06    -2.116417e-06    4.319392e-06    1.277244e-08    -1.219178e-06    5.381882e-07    -1.707476e-06    2.511547e-06    -3.453656e-06    -4.160268e-06    2.90245e-07    2.599416e-06
-1.107612e-07    4.976706e-07    1.090108e-06    2.304258e-07    -7.279035e-07    1.277244e-08    2.38837e-06    2.847747e-07    -9.559709e-07    -5.62208e-07    -6.395638e-08    8.013119e-07    6.24193e-07    -6.325963e-07    -3.475277e-07
-1.818325e-07    1.0295e-06    4.596741e-07    -3.663565e-07    -6.764328e-07    -1.219178e-06    2.847747e-07    3.063218e-06    -2.932648e-08    -1.609615e-06    4.109755e-07    7.088182e-07    3.015057e-07    -2.177846e-07    -5.424702e-07
1.163903e-06    -2.330534e-08    4.235054e-07    8.772204e-07    -1.606389e-06    5.381882e-07    -9.559709e-07    -2.932648e-08    2.887566e-06    -1.517343e-06    1.083182e-06    -2.513607e-06    -2.306868e-06    5.232693e-07    1.540419e-06
-8.72944e-07    -4.246341e-07    -1.676006e-06    -1.589961e-06    2.81288e-06    -1.707476e-06    -5.62208e-07    -1.609615e-06    -1.517343e-06    4.102306e-06    -2.669332e-06    2.360732e-06    3.406769e-06    1.386768e-07    -1.980589e-06
1.149138e-06    -4.991481e-07    1.096694e-06    2.198857e-06    -2.835884e-06    2.511547e-06    -6.395638e-08    4.109755e-07    1.083182e-06    -2.669332e-06    6.867902e-06    -4.759725e-06    -7.350703e-06    1.113934e-06    2.777515e-06
-2.695503e-06    1.3868e-06    6.419533e-07    -3.491431e-06    2.543676e-06    -3.453656e-06    8.013119e-07    7.088182e-07    -2.513607e-06    2.360732e-06    -4.759725e-06    1.306539e-05    1.000034e-05    -4.688718e-06    -6.59452e-06
-3.470297e-06    1.383361e-06    -1.339548e-07    -3.728724e-06    3.50531e-06    -4.160268e-06    6.24193e-07    3.015057e-07    -2.306868e-06    3.406769e-06    -7.350703e-06    1.000034e-05    1.445614e-05    -1.675097e-06    -8.651078e-06
3.516962e-07    4.514623e-09    -1.117543e-06    -1.779689e-07    3.248362e-07    2.90245e-07    -6.325963e-07    -2.177846e-07    5.232693e-07    1.386768e-07    1.113934e-06    -4.688718e-06    -1.675097e-06    4.719441e-06    -2.889734e-07
2.111919e-06    -1.232407e-06    2.242403e-07    2.53642e-06    -1.892647e-06    2.599416e-06    -3.475277e-07    -5.424702e-07    1.540419e-06    -1.980589e-06    2.777515e-06    -6.59452e-06    -8.651078e-06    -2.889734e-07    8.011456e-06
