4.083067e-06    -7.209514e-07    -2.108591e-06    1.132269e-06    -8.348474e-07    7.633452e-07    -1.107612e-07    -1.818325e-07    1.163903e-06    -8.72944e-07    -3.19044e-07    -2.410472e-06    -2.317645e-06    5.918135e-07    2.350307e-06
-7.209514e-07    3.225865e-06    1.042384e-06    -2.33534e-06    -4.072581e-07    -7.10658e-07    4.976706e-07    1.0295e-06    -2.330534e-08    -4.246341e-07    -5.010246e-07    6.951656e-07    1.420322e-06    -3.824648e-07    -1.213617e-06
-2.108591e-06    1.042384e-06    5.821202e-06    -1.991838e-08    -3.365409e-06    7.796795e-07    1.090108e-06    4.596741e-07    4.235054e-07    -1.676006e-06    -7.915323e-07    -1.225972e-06    -2.353324e-08    -1.01561e-06    1.359716e-06
1.132269e-06    -2.33534e-06    -1.991838e-08    5.180488e-06    -2.360911e-06    2.37803e-06    2.304258e-07    -3.663565e-07    8.772204e-07    -1.589961e-06    -2.243845e-07    -4.318969e-06    -4.338428e-06    8.583471e-07    4.842811e-06
-8.348474e-07    -4.072581e-07    -3.365409e-06    -2.360911e-06    5.410115e-06    -2.116417e-06    -7.279035e-07    -6.764328e-07    -1.606389e-06    2.81288e-06    1.245003e-06    3.663915e-06    2.598582e-06    5.001524e-07    -4.229731e-06
7.633452e-07    -7.10658e-07    7.796795e-07    2.37803e-06    -2.116417e-06    4.319392e-06    1.277244e-08    -1.219178e-06    5.381882e-07    -1.707476e-06    -8.371806e-07    -3.639831e-06    -3.056977e-06    -1.955482e-07    5.075539e-06
-1.107612e-07    4.976706e-07    1.090108e-06    2.304258e-07    -7.279035e-07    1.277244e-08    2.38837e-06    2.847747e-07    -9.559709e-07    -5.62208e-07    -5.763988e-08    -8.639426e-07    -4.943854e-07    7.971256e-08    2.599163e-07
-1.818325e-07    1.0295e-06    4.596741e-07    -3.663565e-07    -6.764328e-07    -1.219178e-06    2.847747e-07    3.063218e-06    -2.932648e-08    -1.609615e-06    -2.353773e-07    -3.066802e-07    -2.231878e-07    -3.420995e-07    -1.936292e-07
1.163903e-06    -2.330534e-08    4.235054e-07    8.772204e-07    -1.606389e-06    5.381882e-07    -9.559709e-07    -2.932648e-08    2.887566e-06    -1.517343e-06    -6.807139e-07    -1.826006e-06    -1.413472e-06    1.924341e-07    2.070878e-06
-8.72944e-07    -4.246341e-07    -1.676006e-06    -1.589961e-06    2.81288e-06    -1.707476e-06    -5.62208e-07    -1.609615e-06    -1.517343e-06    4.102306e-06    1.106149e-06    3.507532e-06    2.642206e-06    4.510736e-07    -3.871457e-06
-3.19044e-07    -5.010246e-07    -7.915323e-07    -2.243845e-07    1.245003e-06    -8.371806e-07    -5.763988e-08    -2.353773e-07    -6.807139e-07    1.106149e-06    3.502338e-06    1.690176e-06    -2.952455e-07    6.864354e-07    -3.169499e-06
-2.410472e-06    6.951656e-07    -1.225972e-06    -4.318969e-06    3.663915e-06    -3.639831e-06    -8.639426e-07    -3.066802e-07    -1.826006e-06    3.507532e-06    1.690176e-06    1.046231e-05    7.095796e-06    -1.626257e-06    -9.350905e-06
-2.317645e-06    1.420322e-06    -2.353324e-08    -4.338428e-06    2.598582e-06    -3.056977e-06    -4.943854e-07    -2.231878e-07    -1.413472e-06    2.642206e-06    -2.952455e-07    7.095796e-06    8.35616e-06    -1.019709e-06    -8.068913e-06
5.918135e-07    -3.824648e-07    -1.01561e-06    8.583471e-07    5.001524e-07    -1.955482e-07    7.971256e-08    -3.420995e-07    1.924341e-07    4.510736e-07    6.864354e-07    -1.626257e-06    -1.019709e-06    3.021005e-06    -1.03191e-06
2.350307e-06    -1.213617e-06    1.359716e-06    4.842811e-06    -4.229731e-06    5.075539e-06    2.599163e-07    -1.936292e-07    2.070878e-06    -3.871457e-06    -3.169499e-06    -9.350905e-06    -8.068913e-06    -1.03191e-06    1.406656e-05
