4.319392e-06    1.277244e-08    -1.219178e-06    5.381882e-07    -1.707476e-06    1.728654e-07    -2.053265e-06    -3.527185e-06    -1.609655e-06    2.626324e-06
1.277244e-08    2.38837e-06    2.847747e-07    -9.559709e-07    -5.62208e-07    -3.223433e-07    -5.032794e-07    -3.988265e-07    1.550141e-07    9.639206e-07
-1.219178e-06    2.847747e-07    3.063218e-06    -2.932648e-08    -1.609615e-06    3.52366e-07    2.028492e-07    4.902805e-07    -9.259052e-08    -2.274904e-07
5.381882e-07    -9.559709e-07    -2.932648e-08    2.887566e-06    -1.517343e-06    1.476345e-08    -1.960635e-06    -2.188246e-06    -1.071322e-06    2.12027e-06
-1.707476e-06    -5.62208e-07    -1.609615e-06    -1.517343e-06    4.102306e-06    -1.240543e-07    2.312032e-06    2.878691e-06    1.510594e-06    -2.908953e-06
1.728654e-07    -3.223433e-07    3.52366e-07    1.476345e-08    -1.240543e-07    2.805165e-06    -5.455384e-09    -1.239492e-06    4.724729e-08    -9.601109e-07
-2.053265e-06    -5.032794e-07    2.028492e-07    -1.960635e-06    2.312032e-06    -5.455384e-09    7.250746e-06    7.002445e-06    4.867289e-07    -5.820875e-06
-3.527185e-06    -3.988265e-07    4.902805e-07    -2.188246e-06    2.878691e-06    -1.239492e-06    7.002445e-06    1.13454e-05    2.124082e-06    -8.043069e-06
-1.609655e-06    1.550141e-07    -9.259052e-08    -1.071322e-06    1.510594e-06    4.724729e-08    4.867289e-07    2.124082e-06    3.764095e-06    -3.030688e-06
2.626324e-06    9.639206e-07    -2.274904e-07    2.12027e-06    -2.908953e-06    -9.601109e-07    -5.820875e-06    -8.043069e-06    -3.030688e-06    9.261147e-06
