4.44728e-06    5.482973e-07    -1.398058e-06    -5.09664e-07    -1.443838e-06    -8.999982e-07    -8.828537e-08    7.720373e-07    2.133854e-07    6.125064e-07    -6.171091e-07    7.043709e-07    -4.107446e-07    -5.807251e-07    7.293445e-07
5.482973e-07    1.040182e-05    7.303586e-06    -1.183592e-06    -6.301785e-06    -2.8091e-06    1.184807e-06    -4.376674e-07    -4.41668e-06    3.232419e-06    -3.098483e-06    -5.422456e-07    -4.37323e-07    -1.906873e-06    3.140574e-06
-1.398058e-06    7.303586e-06    9.032977e-06    5.19103e-07    -6.890776e-06    -1.817381e-06    9.158851e-07    -1.235526e-06    -4.288558e-06    3.196431e-06    -3.460204e-06    -9.225284e-07    -2.126033e-07    -1.493483e-06    3.171215e-06
-5.09664e-07    -1.183592e-06    5.19103e-07    3.706006e-06    -1.868423e-06    1.168421e-06    -6.757249e-07    -2.082077e-06    4.377481e-07    6.733199e-07    -4.305331e-07    -6.046801e-07    1.794428e-08    4.219349e-07    4.362247e-07
-1.443838e-06    -6.301785e-06    -6.890776e-06    -1.868423e-06    1.07462e-05    1.516879e-06    -3.046631e-07    2.743746e-06    3.445434e-06    -4.608335e-06    4.0299e-06    1.024261e-06    1.583585e-07    1.485018e-06    -3.738558e-06
-8.999982e-07    -2.8091e-06    -1.817381e-06    1.168421e-06    1.516879e-06    4.083067e-06    -7.209514e-07    -2.108591e-06    1.132269e-06    -8.348474e-07    7.633452e-07    -1.107612e-07    -1.818325e-07    1.163903e-06    -8.72944e-07
-8.828537e-08    1.184807e-06    9.158851e-07    -6.757249e-07    -3.046631e-07    -7.209514e-07    3.225865e-06    1.042384e-06    -2.33534e-06    -4.072581e-07    -7.10658e-07    4.976706e-07    1.0295e-06    -2.330534e-08    -4.246341e-07
7.720373e-07    -4.376674e-07    -1.235526e-06    -2.082077e-06    2.743746e-06    -2.108591e-06    1.042384e-06    5.821202e-06    -1.991838e-08    -3.365409e-06    7.796795e-07    1.090108e-06    4.596741e-07    4.235054e-07    -1.676006e-06
2.133854e-07    -4.41668e-06    -4.288558e-06    4.377481e-07    3.445434e-06    1.132269e-06    -2.33534e-06    -1.991838e-08    5.180488e-06    -2.360911e-06    2.37803e-06    2.304258e-07    -3.663565e-07    8.772204e-07    -1.589961e-06
6.125064e-07    3.232419e-06    3.196431e-06    6.733199e-07    -4.608335e-06    -8.348474e-07    -4.072581e-07    -3.365409e-06    -2.360911e-06    5.410115e-06    -2.116417e-06    -7.279035e-07    -6.764328e-07    -1.606389e-06    2.81288e-06
-6.171091e-07    -3.098483e-06    -3.460204e-06    -4.305331e-07    4.0299e-06    7.633452e-07    -7.10658e-07    7.796795e-07    2.37803e-06    -2.116417e-06    4.319392e-06    1.277244e-08    -1.219178e-06    5.381882e-07    -1.707476e-06
7.043709e-07    -5.422456e-07    -9.225284e-07    -6.046801e-07    1.024261e-06    -1.107612e-07    4.976706e-07    1.090108e-06    2.304258e-07    -7.279035e-07    1.277244e-08    2.38837e-06    2.847747e-07    -9.559709e-07    -5.62208e-07
-4.107446e-07    -4.37323e-07    -2.126033e-07    1.794428e-08    1.583585e-07    -1.818325e-07    1.0295e-06    4.596741e-07    -3.663565e-07    -6.764328e-07    -1.219178e-06    2.847747e-07    3.063218e-06    -2.932648e-08    -1.609615e-06
-5.807251e-07    -1.906873e-06    -1.493483e-06    4.219349e-07    1.485018e-06    1.163903e-06    -2.330534e-08    4.235054e-07    8.772204e-07    -1.606389e-06    5.381882e-07    -9.559709e-07    -2.932648e-08    2.887566e-06    -1.517343e-06
7.293445e-07    3.140574e-06    3.171215e-06    4.362247e-07    -3.738558e-06    -8.72944e-07    -4.246341e-07    -1.676006e-06    -1.589961e-06    2.81288e-06    -1.707476e-06    -5.62208e-07    -1.609615e-06    -1.517343e-06    4.102306e-06
