4.083067e-06    -7.209514e-07    -2.108591e-06    1.132269e-06    -8.348474e-07    7.633452e-07    -1.107612e-07    -1.818325e-07    1.163903e-06    -8.72944e-07    -1.418382e-07    1.044006e-06    9.847626e-07    9.681117e-07    -2.26034e-06
-7.209514e-07    3.225865e-06    1.042384e-06    -2.33534e-06    -4.072581e-07    -7.10658e-07    4.976706e-07    1.0295e-06    -2.330534e-08    -4.246341e-07    8.449257e-08    -1.362934e-06    -8.015767e-07    -5.179052e-07    1.737668e-06
-2.108591e-06    1.042384e-06    5.821202e-06    -1.991838e-08    -3.365409e-06    7.796795e-07    1.090108e-06    4.596741e-07    4.235054e-07    -1.676006e-06    8.884555e-07    1.833087e-07    -1.367315e-06    -5.772435e-07    1.690523e-06
1.132269e-06    -2.33534e-06    -1.991838e-08    5.180488e-06    -2.360911e-06    2.37803e-06    2.304258e-07    -3.663565e-07    8.772204e-07    -1.589961e-06    6.440759e-07    1.844877e-06    9.77715e-07    1.370656e-06    -2.547359e-06
-8.348474e-07    -4.072581e-07    -3.365409e-06    -2.360911e-06    5.410115e-06    -2.116417e-06    -7.279035e-07    -6.764328e-07    -1.606389e-06    2.81288e-06    -1.223839e-06    -7.871309e-07    5.950795e-07    -3.779362e-07    7.103018e-07
7.633452e-07    -7.10658e-07    7.796795e-07    2.37803e-06    -2.116417e-06    4.319392e-06    1.277244e-08    -1.219178e-06    5.381882e-07    -1.707476e-06    1.046549e-06    1.676028e-06    4.754664e-07    6.550847e-07    -2.350696e-06
-1.107612e-07    4.976706e-07    1.090108e-06    2.304258e-07    -7.279035e-07    1.277244e-08    2.38837e-06    2.847747e-07    -9.559709e-07    -5.62208e-07    -2.561308e-07    -3.284449e-07    -4.510972e-07    -1.930793e-07    1.35486e-06
-1.818325e-07    1.0295e-06    4.596741e-07    -3.663565e-07    -6.764328e-07    -1.219178e-06    2.847747e-07    3.063218e-06    -2.932648e-08    -1.609615e-06    1.017832e-07    -1.293156e-06    -1.449349e-07    -2.554875e-07    1.457131e-06
1.163903e-06    -2.330534e-08    4.235054e-07    8.772204e-07    -1.606389e-06    5.381882e-07    -9.559709e-07    -2.932648e-08    2.887566e-06    -1.517343e-06    4.099248e-07    5.520169e-07    -8.002852e-08    7.072064e-07    -1.367961e-06
-8.72944e-07    -4.246341e-07    -1.676006e-06    -1.589961e-06    2.81288e-06    -1.707476e-06    -5.62208e-07    -1.609615e-06    -1.517343e-06    4.102306e-06    -9.284259e-07    -3.33057e-07    2.827194e-08    -2.641286e-07    2.943153e-07
-1.418382e-07    8.449257e-08    8.884555e-07    6.440759e-07    -1.223839e-06    1.046549e-06    -2.561308e-07    1.017832e-07    4.099248e-07    -9.284259e-07    3.230536e-06    6.521993e-07    -8.292902e-07    -4.694414e-08    -8.449585e-07
1.044006e-06    -1.362934e-06    1.833087e-07    1.844877e-06    -7.871309e-07    1.676028e-06    -3.284449e-07    -1.293156e-06    5.520169e-07    -3.33057e-07    6.521993e-07    4.815387e-06    1.475379e-06    -1.762443e-07    -3.655233e-06
9.847626e-07    -8.015767e-07    -1.367315e-06    9.77715e-07    5.950795e-07    4.754664e-07    -4.510972e-07    -1.449349e-07    -8.002852e-08    2.827194e-08    -8.292902e-07    1.475379e-06    4.226065e-06    1.280345e-06    -3.448641e-06
9.681117e-07    -5.179052e-07    -5.772435e-07    1.370656e-06    -3.779362e-07    6.550847e-07    -1.930793e-07    -2.554875e-07    7.072064e-07    -2.641286e-07    -4.694414e-08    -1.762443e-07    1.280345e-06    3.315228e-06    -2.547434e-06
-2.26034e-06    1.737668e-06    1.690523e-06    -2.547359e-06    7.103018e-07    -2.350696e-06    1.35486e-06    1.457131e-06    -1.367961e-06    2.943153e-07    -8.449585e-07    -3.655233e-06    -3.448641e-06    -2.547434e-06    8.46548e-06
