4.083067e-06    -7.209514e-07    -2.108591e-06    1.132269e-06    -8.348474e-07    7.633452e-07    -1.107612e-07    -1.818325e-07    1.163903e-06    -8.72944e-07    3.989158e-07    2.079932e-06    1.134973e-06    -1.880515e-07    -1.482194e-06
-7.209514e-07    3.225865e-06    1.042384e-06    -2.33534e-06    -4.072581e-07    -7.10658e-07    4.976706e-07    1.0295e-06    -2.330534e-08    -4.246341e-07    2.669429e-07    -4.908744e-07    -8.196691e-07    4.248384e-07    9.217587e-08
-2.108591e-06    1.042384e-06    5.821202e-06    -1.991838e-08    -3.365409e-06    7.796795e-07    1.090108e-06    4.596741e-07    4.235054e-07    -1.676006e-06    -6.493725e-07    1.28175e-06    8.500238e-07    -8.688429e-07    2.063513e-07
1.132269e-06    -2.33534e-06    -1.991838e-08    5.180488e-06    -2.360911e-06    2.37803e-06    2.304258e-07    -3.663565e-07    8.772204e-07    -1.589961e-06    -1.496635e-06    2.830372e-06    3.86963e-06    -1.259048e-06    -1.623778e-06
-8.348474e-07    -4.072581e-07    -3.365409e-06    -2.360911e-06    5.410115e-06    -2.116417e-06    -7.279035e-07    -6.764328e-07    -1.606389e-06    2.81288e-06    6.390754e-07    -2.772524e-06    -2.658945e-06    7.232111e-07    1.726133e-06
7.633452e-07    -7.10658e-07    7.796795e-07    2.37803e-06    -2.116417e-06    4.319392e-06    1.277244e-08    -1.219178e-06    5.381882e-07    -1.707476e-06    -7.716763e-07    2.513131e-06    2.848274e-06    -7.483811e-07    -1.660343e-06
-1.107612e-07    4.976706e-07    1.090108e-06    2.304258e-07    -7.279035e-07    1.277244e-08    2.38837e-06    2.847747e-07    -9.559709e-07    -5.62208e-07    -3.910567e-07    4.164113e-07    4.199589e-07    -3.65384e-07    1.004689e-07
-1.818325e-07    1.0295e-06    4.596741e-07    -3.663565e-07    -6.764328e-07    -1.219178e-06    2.847747e-07    3.063218e-06    -2.932648e-08    -1.609615e-06    -1.903771e-07    -3.528056e-07    4.212562e-07    3.468147e-07    -3.69429e-07
1.163903e-06    -2.330534e-08    4.235054e-07    8.772204e-07    -1.606389e-06    5.381882e-07    -9.559709e-07    -2.932648e-08    2.887566e-06    -1.517343e-06    4.231903e-08    1.678274e-06    1.166948e-06    -2.49164e-07    -1.241145e-06
-8.72944e-07    -4.246341e-07    -1.676006e-06    -1.589961e-06    2.81288e-06    -1.707476e-06    -5.62208e-07    -1.609615e-06    -1.517343e-06    4.102306e-06    5.896394e-07    -2.142022e-06    -2.518381e-06    4.078428e-07    1.608021e-06
3.989158e-07    2.669429e-07    -6.493725e-07    -1.496635e-06    6.390754e-07    -7.716763e-07    -3.910567e-07    -1.903771e-07    4.231903e-08    5.896394e-07    3.084688e-06    -1.453245e-06    -3.664578e-06    1.030621e-06    8.550283e-07
2.079932e-06    -4.908744e-07    1.28175e-06    2.830372e-06    -2.772524e-06    2.513131e-06    4.164113e-07    -3.528056e-07    1.678274e-06    -2.142022e-06    -1.453245e-06    7.948872e-06    4.720644e-06    -3.334925e-06    -2.589876e-06
1.134973e-06    -8.196691e-07    8.500238e-07    3.86963e-06    -2.658945e-06    2.848274e-06    4.199589e-07    4.212562e-07    1.166948e-06    -2.518381e-06    -3.664578e-06    4.720644e-06    8.373818e-06    -1.932707e-06    -4.201023e-06
-1.880515e-07    4.248384e-07    -8.688429e-07    -1.259048e-06    7.232111e-07    -7.483811e-07    -3.65384e-07    3.468147e-07    -2.49164e-07    4.078428e-07    1.030621e-06    -3.334925e-06    -1.932707e-06    3.151918e-06    -3.574882e-07
-1.482194e-06    9.217587e-08    2.063513e-07    -1.623778e-06    1.726133e-06    -1.660343e-06    1.004689e-07    -3.69429e-07    -1.241145e-06    1.608021e-06    8.550283e-07    -2.589876e-06    -4.201023e-06    -3.574882e-07    4.389343e-06
