4.886195e-06    9.459127e-07    3.215987e-07    4.051512e-07    -4.583852e-06    1.504272e-06    -7.314425e-07    -5.679556e-07    1.777807e-06    -1.261226e-06    1.666168e-06    -4.688428e-07    -4.705892e-08    1.307272e-06    -1.412631e-06    6.298976e-06    -6.069978e-07    -6.430161e-06    -7.151593e-07    -6.655942e-07
9.459127e-07    5.149284e-06    1.932172e-06    -2.591136e-06    -2.388246e-06    1.125305e-06    -9.11562e-07    -3.515042e-08    1.169833e-06    -2.989796e-07    7.846321e-07    -1.800967e-07    -1.015703e-06    7.792736e-07    -9.193974e-09    3.919017e-06    5.639609e-08    -2.449138e-06    -2.099092e-06    -4.260743e-07
3.215987e-07    1.932172e-06    4.41267e-06    -5.483117e-08    -4.145482e-06    7.554698e-07    -7.506426e-07    -1.423954e-06    3.493356e-07    8.805653e-07    5.632618e-07    -5.186683e-07    -8.542013e-07    3.940879e-07    4.713031e-07    3.326316e-06    -1.053997e-07    -1.293134e-06    -7.431641e-07    -1.607408e-06
4.051512e-07    -2.591136e-06    -5.483117e-08    4.212585e-06    1.396828e-07    1.7799e-07    -6.009912e-07    -1.914543e-06    -5.821123e-07    1.44308e-06    -4.469232e-07    -3.378589e-07    2.329346e-08    -7.164389e-07    6.180821e-07    -1.154047e-06    5.338673e-07    2.02341e-06    7.689652e-07    -7.436497e-07
-4.583852e-06    -2.388246e-06    -4.145482e-06    1.396828e-07    1.312032e-05    -3.438502e-06    1.906855e-06    1.761039e-06    -3.760452e-06    1.88221e-06    -3.583782e-06    6.85008e-07    1.000725e-06    -2.433515e-06    2.307731e-06    -1.189243e-05    6.081124e-07    1.123928e-05    1.221794e-06    -2.465511e-07
1.504272e-06    1.125305e-06    7.554698e-07    1.7799e-07    -3.438502e-06    4.083067e-06    -7.209514e-07    -2.108591e-06    1.132269e-06    -8.348474e-07    7.633452e-07    -1.107612e-07    -1.818325e-07    1.163903e-06    -8.72944e-07    5.23361e-06    -5.427893e-07    -4.425588e-06    -1.419471e-06    1.710863e-06
-7.314425e-07    -9.11562e-07    -7.506426e-07    -6.009912e-07    1.906855e-06    -7.209514e-07    3.225865e-06    1.042384e-06    -2.33534e-06    -4.072581e-07    -7.10658e-07    4.976706e-07    1.0295e-06    -2.330534e-08    -4.246341e-07    -1.816816e-06    -9.326756e-07    -9.479916e-10    9.847562e-08    1.062597e-06
-5.679556e-07    -3.515042e-08    -1.423954e-06    -1.914543e-06    1.761039e-06    -2.108591e-06    1.042384e-06    5.821202e-06    -1.991838e-08    -3.365409e-06    7.796795e-07    1.090108e-06    4.596741e-07    4.235054e-07    -1.676006e-06    -1.079892e-06    -5.975031e-07    -2.853341e-06    -3.35429e-08    1.663661e-06
1.777807e-06    1.169833e-06    3.493356e-07    -5.821123e-07    -3.760452e-06    1.132269e-06    -2.33534e-06    -1.991838e-08    5.180488e-06    -2.360911e-06    2.37803e-06    2.304258e-07    -3.663565e-07    8.772204e-07    -1.589961e-06    6.349011e-06    -2.659301e-07    -6.026785e-06    -7.015769e-07    -8.851137e-08
-1.261226e-06    -2.989796e-07    8.805653e-07    1.44308e-06    1.88221e-06    -8.348474e-07    -4.072581e-07    -3.365409e-06    -2.360911e-06    5.410115e-06    -2.116417e-06    -7.279035e-07    -6.764328e-07    -1.606389e-06    2.81288e-06    -4.72792e-06    1.219974e-06    8.070492e-06    8.997979e-07    -2.420486e-06
1.666168e-06    7.846321e-07    5.632618e-07    -4.469232e-07    -3.583782e-06    7.633452e-07    -7.10658e-07    7.796795e-07    2.37803e-06    -2.116417e-06    4.319392e-06    1.277244e-08    -1.219178e-06    5.381882e-07    -1.707476e-06    4.947501e-06    -2.465439e-07    -5.752449e-06    -4.655544e-07    -3.274629e-07
-4.688428e-07    -1.800967e-07    -5.186683e-07    -3.378589e-07    6.85008e-07    -1.107612e-07    4.976706e-07    1.090108e-06    2.304258e-07    -7.279035e-07    1.277244e-08    2.38837e-06    2.847747e-07    -9.559709e-07    -5.62208e-07    -2.419628e-07    -5.476917e-07    -9.054811e-07    -3.458308e-07    1.393713e-06
-4.705892e-08    -1.015703e-06    -8.542013e-07    2.329346e-08    1.000725e-06    -1.818325e-07    1.0295e-06    4.596741e-07    -3.663565e-07    -6.764328e-07    -1.219178e-06    2.847747e-07    3.063218e-06    -2.932648e-08    -1.609615e-06    -8.128883e-08    -3.047167e-07    -1.441842e-06    1.545361e-07    9.614927e-07
1.307272e-06    7.792736e-07    3.940879e-07    -7.164389e-07    -2.433515e-06    1.163903e-06    -2.330534e-08    4.235054e-07    8.772204e-07    -1.606389e-06    5.381882e-07    -9.559709e-07    -2.932648e-08    2.887566e-06    -1.517343e-06    3.906166e-06    -1.027909e-06    -4.467315e-06    -3.638324e-07    8.688637e-07
-1.412631e-06    -9.193974e-09    4.713031e-07    6.180821e-07    2.307731e-06    -8.72944e-07    -4.246341e-07    -1.676006e-06    -1.589961e-06    2.81288e-06    -1.707476e-06    -5.62208e-07    -1.609615e-06    -1.517343e-06    4.102306e-06    -4.492829e-06    7.393123e-07    7.069686e-06    6.603826e-07    -1.926994e-06
6.298976e-06    3.919017e-06    3.326316e-06    -1.154047e-06    -1.189243e-05    5.23361e-06    -1.816816e-06    -1.079892e-06    6.349011e-06    -4.72792e-06    4.947501e-06    -2.419628e-07    -8.128883e-08    3.906166e-06    -4.492829e-06    2.099947e-05    -1.563036e-06    -1.996824e-05    -3.849787e-06    9.066406e-07
-6.069978e-07    5.639609e-08    -1.053997e-07    5.338673e-07    6.081124e-07    -5.427893e-07    -9.326756e-07    -5.975031e-07    -2.659301e-07    1.219974e-06    -2.465439e-07    -5.476917e-07    -3.047167e-07    -1.027909e-06    7.393123e-07    -1.563036e-06    3.944773e-06    1.726005e-06    -1.224903e-06    -5.151496e-09
-6.430161e-06    -2.449138e-06    -1.293134e-06    2.02341e-06    1.123928e-05    -4.425588e-06    -9.479916e-10    -2.853341e-06    -6.026785e-06    8.070492e-06    -5.752449e-06    -9.054811e-07    -1.441842e-06    -4.467315e-06    7.069686e-06    -1.996824e-05    1.726005e-06    2.530594e-05    3.793932e-06    -5.008966e-06
-7.151593e-07    -2.099092e-06    -7.431641e-07    7.689652e-07    1.221794e-06    -1.419471e-06    9.847562e-08    -3.35429e-08    -7.015769e-07    8.997979e-07    -4.655544e-07    -3.458308e-07    1.545361e-07    -3.638324e-07    6.603826e-07    -3.849787e-06    -1.224903e-06    3.793932e-06    4.580484e-06    -2.293531e-06
-6.655942e-07    -4.260743e-07    -1.607408e-06    -7.436497e-07    -2.465511e-07    1.710863e-06    1.062597e-06    1.663661e-06    -8.851137e-08    -2.420486e-06    -3.274629e-07    1.393713e-06    9.614927e-07    8.688637e-07    -1.926994e-06    9.066406e-07    -5.151496e-09    -5.008966e-06    -2.293531e-06    8.364997e-06
