1    -0.1750601    -0.4248295    0.2174913    0.002515153    -0.03238841    0.04783724    -0.02160848    -0.001132487    0.004781861    0.1079122    -0.1208308    -0.1016283    0.02446583    0.01695501    0.0009747135    0.03327251    -0.05064715    -0.0215638    0.05025186
-0.1750601    1    -0.01491714    -0.6222392    0.2333305    -0.01114538    -0.056802    0.04319913    0.04859191    -0.01306501    -0.1610701    -0.05555202    0.06741579    -0.01584294    0.07706995    0.03858535    -0.04293042    -0.03044503    0.020002    0.0008537819
-0.4248295    -0.01491714    1    0.05952327    -0.5232977    -0.02410398    -0.02140263    0.002887439    -0.02615133    0.04397876    -0.1389593    -0.03479942    -0.02128682    -0.001143197    0.1773051    0.002771592    -0.05800285    0.03287454    0.02958227    -0.02717925
0.2174913    -0.6222392    0.05952327    1    -0.5990358    -0.004350109    0.04695518    0.007053844    -0.04386999    -0.0358891    0.1374584    -0.1120579    -0.1576606    0.03290222    0.0470667    0.009905022    0.03889825    -0.01558606    -0.06794439    0.05679076
0.002515153    0.2333305    -0.5232977    -0.5990358    1    0.02357466    -0.006217423    0.004515984    0.02179571    -0.03559496    0.007183483    0.1960142    0.132439    -0.05088529    -0.1721358    -0.01513226    -0.03677966    0.009636552    0.05131929    -0.06605082
-0.03238841    -0.01114538    -0.02410398    -0.004350109    0.02357466    1    -0.1946423    -0.4709472    0.235111    -0.02529814    0.04999516    0.06208021    -0.01995253    -0.06661765    -0.0323891    -0.09196398    0.007111502    0.01919093    -0.0115296    0.03615598
0.04783724    -0.056802    -0.02140263    0.04695518    -0.006217423    -0.1946423    1    0.005353657    -0.6506694    0.2672641    -0.01674512    -0.01851354    0.03069296    -0.02914187    0.00799477    -0.01949221    -0.04198734    0.02874585    0.03525049    -0.04166531
-0.02160848    0.04319913    0.002887439    0.007053844    0.004515984    -0.4709472    0.005353657    1    0.06514224    -0.5083593    -0.02042022    0.01288188    0.01544832    -0.007161473    0.0140519    0.02641534    -0.02992343    0.002548544    -0.05080884    0.04667453
-0.001132487    0.04859191    -0.02615133    -0.04386999    0.02179571    0.235111    -0.6506694    0.06514224    1    -0.6078586    0.006334508    0.01858058    -0.0336703    0.001419121    0.03690263    0.0144666    0.05111462    -0.03096351    -0.06306929    0.04605624
0.004781861    -0.01306501    0.04397876    -0.0358891    -0.03559496    -0.02529814    0.2672641    -0.5083593    -0.6078586    1    -0.03704632    -0.06396964    0.01999468    0.05012336    0.00133042    0.01933827    -0.02711124    0.02084406    0.05430986    -0.08850135
0.1079122    -0.1610701    -0.1389593    0.1374584    0.007183483    0.04999516    -0.01674512    -0.02042022    0.006334508    -0.03704632    1    -0.0653515    -0.7025817    -0.07246449    -0.03990777    -0.0211035    -0.02844851    0.04425556    0.03614543    -0.04129023
-0.1208308    -0.05555202    -0.03479942    -0.1120579    0.1960142    0.06208021    -0.01851354    0.01288188    0.01858058    -0.06396964    -0.0653515    1    -0.05452125    -0.5470611    0.1192943    -0.05571547    0.03124489    -0.005263358    0.01292093    0.0196505
-0.1016283    0.06741579    -0.02128682    -0.1576606    0.132439    -0.01995253    0.03069296    0.01544832    -0.0336703    0.01999468    -0.7025817    -0.05452125    1    0.01906412    -0.3010253    -0.01354869    0.02381293    -0.0120049    -0.0008737186    0.03446948
0.02446583    -0.01584294    -0.001143197    0.03290222    -0.05088529    -0.06661765    -0.02914187    -0.007161473    0.001419121    0.05012336    -0.07246449    -0.5470611    0.01906412    1    -0.3474456    0.04149865    0.02677067    -0.03036496    -0.04351334    0.04054505
0.01695501    0.07706995    0.1773051    0.0470667    -0.1721358    -0.0323891    0.00799477    0.0140519    0.03690263    0.00133042    -0.03990777    0.1192943    -0.3010253    -0.3474456    1    0.01341937    -0.0240525    0.003897094    -0.01999872    0.009542477
0.0009747135    0.03858535    0.002771592    0.009905022    -0.01513226    -0.09196398    -0.01949221    0.02641534    0.0144666    0.01933827    -0.0211035    -0.05571547    -0.01354869    0.04149865    0.01341937    1    -0.1376514    -0.6676179    0.09997202    0.0203232
0.03327251    -0.04293042    -0.05800285    0.03889825    -0.03677966    0.007111502    -0.04198734    -0.02992343    0.05111462    -0.02711124    -0.02844851    0.03124489    0.02381293    0.02677067    -0.0240525    -0.1376514    1    0.03542279    -0.676552    0.1943159
-0.05064715    -0.03044503    0.03287454    -0.01558606    0.009636552    0.01919093    0.02874585    0.002548544    -0.03096351    0.02084406    0.04425556    -0.005263358    -0.0120049    -0.03036496    0.003897094    -0.6676179    0.03542279    1    -0.05155417    -0.452103
-0.0215638    0.020002    0.02958227    -0.06794439    0.05131929    -0.0115296    0.03525049    -0.05080884    -0.06306929    0.05430986    0.03614543    0.01292093    -0.0008737186    -0.04351334    -0.01999872    0.09997202    -0.676552    -0.05155417    1    -0.5967933
0.05025186    0.0008537819    -0.02717925    0.05679076    -0.06605082    0.03615598    -0.04166531    0.04667453    0.04605624    -0.08850135    -0.04129023    0.0196505    0.03446948    0.04054505    0.009542477    0.0203232    0.1943159    -0.452103    -0.5967933    1
