1    0.1513493    -0.04186283    0.1138702    -0.4404941    0.4543965    0.3748153    0.1802457    -0.1506153    -0.4019955    -0.1206956    -0.4966137    -0.4147527    -0.005682062    0.3687367    0.2263199    -0.2805222    -0.2442907    0.1967834    0.1299459
0.1513493    1    0.3110405    -0.5531649    -0.1947917    0.3638988    0.4235353    0.1832111    -0.2134165    -0.2748737    -0.2498947    -0.4486158    -0.2766947    -0.08340924    0.3575694    -0.007144677    -0.2390453    -0.07447905    0.1459648    0.1257979
-0.04186283    0.3110405    1    0.02341418    -0.5469089    0.1384761    0.2911893    0.205192    -0.1291521    -0.1287854    -0.1476021    -0.3624062    -0.2308682    0.1167298    0.1749629    -0.008870237    -0.06404564    -0.04696665    0.08216806    0.005858494
0.1138702    -0.5531649    0.02341418    1    -0.1764102    -0.1255568    -0.06027282    0.06962043    0.1436783    0.1229412    0.1257045    0.07018602    0.09599848    0.1691704    -0.187886    -0.04679875    0.2293003    0.138975    -0.1558257    -0.1501421
-0.4404941    -0.1947917    -0.5469089    -0.1764102    1    -0.3899508    -0.3869513    -0.1950459    0.3191444    0.5541368    0.1984899    0.6391685    0.4818819    -0.1449595    -0.414675    -0.1987117    0.3490622    0.256551    -0.29458    -0.1077151
0.4543965    0.3638988    0.1384761    -0.1255568    -0.3899508    1    0.3622799    -0.1455975    -0.1322459    -0.4410096    -0.1829526    -0.5000453    -0.3974069    -0.1177079    0.4412974    0.2467531    -0.3896595    -0.3020891    0.276278    0.1738595
0.3748153    0.4235353    0.2911893    -0.06027282    -0.3869513    0.3622799    1    0.2804532    -0.6129492    -0.3164429    -0.2681628    -0.522949    -0.2604739    0.03643385    0.3526975    0.1649738    -0.2650391    -0.2000467    0.1769175    0.09397758
0.1802457    0.1832111    0.205192    0.06962043    -0.1950459    -0.1455975    0.2804532    1    0.04304514    -0.4762449    -0.1833854    -0.2046786    -0.02568814    0.1486959    0.09700775    -0.005734407    0.04936411    0.03839666    -0.06074943    -0.06821721
-0.1506153    -0.2134165    -0.1291521    0.1436783    0.3191444    -0.1322459    -0.6129492    0.04304514    1    0.00847779    0.1301897    0.3526631    0.2427937    0.01482905    -0.264674    -0.0878621    0.3086042    0.1853517    -0.2059283    -0.1597007
-0.4019955    -0.2748737    -0.1287854    0.1229412    0.5541368    -0.4410096    -0.3164429    -0.4762449    0.00847779    1    0.2705142    0.5174912    0.3438892    -0.1203562    -0.3923266    -0.2656093    0.3453764    0.2540232    -0.2507777    -0.08127034
-0.1206956    -0.2498947    -0.1476021    0.1257045    0.1984899    -0.1829526    -0.2681628    -0.1833854    0.1301897    0.2705142    1    0.1894219    -0.3429943    -0.1385012    -0.1661251    -0.009009982    0.1727348    -0.01732507    -0.1122472    0.008657738
-0.4966137    -0.4486158    -0.3624062    0.07018602    0.6391685    -0.5000453    -0.522949    -0.2046786    0.3526631    0.5174912    0.1894219    1    0.5062199    -0.2663477    -0.4823125    -0.2989546    0.5509663    0.3977574    -0.3751138    -0.2312719
-0.4147527    -0.2766947    -0.2308682    0.09599848    0.4818819    -0.3974069    -0.2604739    -0.02568814    0.2427937    0.3438892    -0.3429943    0.5062199    1    0.1364205    -0.601621    -0.2281775    0.4883372    0.4522286    -0.3153993    -0.3686607
-0.005682062    -0.08340924    0.1167298    0.1691704    -0.1449595    -0.1177079    0.03643385    0.1486959    0.01482905    -0.1203562    -0.1385012    -0.2663477    0.1364205    1    -0.3475727    0.07471043    0.1435029    0.08256471    -0.02186722    -0.167263
0.3687367    0.3575694    0.1749629    -0.187886    -0.414675    0.4412974    0.3526975    0.09700775    -0.264674    -0.3923266    -0.1661251    -0.4823125    -0.601621    -0.3475727    1    0.1582666    -0.5616242    -0.3794412    0.3223875    0.3808526
0.2263199    -0.007144677    -0.008870237    -0.04679875    -0.1987117    0.2467531    0.1649738    -0.005734407    -0.0878621    -0.2656093    -0.009009982    -0.2989546    -0.2281775    0.07471043    0.1582666    1    -0.2528617    -0.7115452    0.22127    0.1058309
-0.2805222    -0.2390453    -0.06404564    0.2293003    0.3490622    -0.3896595    -0.2650391    0.04936411    0.3086042    0.3453764    0.1727348    0.5509663    0.4883372    0.1435029    -0.5616242    -0.2528617    1    0.2967899    -0.7120302    -0.1420761
-0.2442907    -0.07447905    -0.04696665    0.138975    0.256551    -0.3020891    -0.2000467    0.03839666    0.1853517    0.2540232    -0.01732507    0.3977574    0.4522286    0.08256471    -0.3794412    -0.7115452    0.2967899    1    -0.2621357    -0.5743639
0.1967834    0.1459648    0.08216806    -0.1558257    -0.29458    0.276278    0.1769175    -0.06074943    -0.2059283    -0.2507777    -0.1122472    -0.3751138    -0.3153993    -0.02186722    0.3223875    0.22127    -0.7120302    -0.2621357    1    -0.1114128
0.1299459    0.1257979    0.005858494    -0.1501421    -0.1077151    0.1738595    0.09397758    -0.06821721    -0.1597007    -0.08127034    0.008657738    -0.2312719    -0.3686607    -0.167263    0.3808526    0.1058309    -0.1420761    -0.5743639    -0.1114128    1
