1    0.1513493    -0.04186283    0.1138702    -0.4404941    0.4543965    0.3748153    0.1802457    -0.1506153    -0.4019955    -0.1206956    -0.4966137    -0.4147527    -0.005682062    0.3687367    0.3899402    -0.4235853    -0.3113774    0.4195494    0.4064551
0.1513493    1    0.3110405    -0.5531649    -0.1947917    0.3638988    0.4235353    0.1832111    -0.2134165    -0.2748737    -0.2498947    -0.4486158    -0.2766947    -0.08340924    0.3575694    0.3452754    -0.3725041    -0.3909255    0.5253618    0.2953617
-0.04186283    0.3110405    1    0.02341418    -0.5469089    0.1384761    0.2911893    0.205192    -0.1291521    -0.1287854    -0.1476021    -0.3624062    -0.2308682    0.1167298    0.1749629    0.1718527    -0.2102784    -0.1998382    0.3704188    0.1109471
0.1138702    -0.5531649    0.02341418    1    -0.1764102    -0.1255568    -0.06027282    0.06962043    0.1436783    0.1229412    0.1257045    0.07018602    0.09599848    0.1691704    -0.187886    -0.1483128    0.1674433    0.1335388    -0.1652394    -0.05264599
-0.4404941    -0.1947917    -0.5469089    -0.1764102    1    -0.3899508    -0.3869513    -0.1950459    0.3191444    0.5541368    0.1984899    0.6391685    0.4818819    -0.1449595    -0.414675    -0.5024853    0.5040439    0.3468077    -0.4923395    -0.2972541
0.4543965    0.3638988    0.1384761    -0.1255568    -0.3899508    1    0.3622799    -0.1455975    -0.1322459    -0.4410096    -0.1829526    -0.5000453    -0.3974069    -0.1177079    0.4412974    0.5063133    -0.5534517    -0.3616014    0.5228442    0.4372357
0.3748153    0.4235353    0.2911893    -0.06027282    -0.3869513    0.3622799    1    0.2804532    -0.6129492    -0.3164429    -0.2681628    -0.522949    -0.2604739    0.03643385    0.3526975    0.4520477    -0.4625392    -0.3980281    0.5126222    0.4007976
0.1802457    0.1832111    0.205192    0.06962043    -0.1950459    -0.1455975    0.2804532    1    0.04304514    -0.4762449    -0.1833854    -0.2046786    -0.02568814    0.1486959    0.09700775    0.1178813    -0.1565433    -0.1600493    0.2015165    0.2832781
-0.1506153    -0.2134165    -0.1291521    0.1436783    0.3191444    -0.1322459    -0.6129492    0.04304514    1    0.00847779    0.1301897    0.3526631    0.2427937    0.01482905    -0.264674    -0.339793    0.3109259    0.2256779    -0.2706705    -0.09113787
-0.4019955    -0.2748737    -0.1287854    0.1229412    0.5541368    -0.4410096    -0.3164429    -0.4762449    0.00847779    1    0.2705142    0.5174912    0.3438892    -0.1203562    -0.3923266    -0.5548652    0.5240634    0.3819007    -0.4540042    -0.4364238
-0.1206956    -0.2498947    -0.1476021    0.1257045    0.1984899    -0.1829526    -0.2681628    -0.1833854    0.1301897    0.2705142    1    0.1894219    -0.3429943    -0.1385012    -0.1661251    -0.1122987    0.1970125    0.1297016    -0.1403622    -0.2967227
-0.4966137    -0.4486158    -0.3624062    0.07018602    0.6391685    -0.5000453    -0.522949    -0.2046786    0.3526631    0.5174912    0.1894219    1    0.5062199    -0.2663477    -0.4823125    -0.7001375    0.6704165    0.5342038    -0.7494351    -0.4119004
-0.4147527    -0.2766947    -0.2308682    0.09599848    0.4818819    -0.3974069    -0.2604739    -0.02568814    0.2427937    0.3438892    -0.3429943    0.5062199    1    0.1364205    -0.601621    -0.5977119    0.5297607    0.4931807    -0.5992525    -0.2891206
-0.005682062    -0.08340924    0.1167298    0.1691704    -0.1449595    -0.1177079    0.03643385    0.1486959    0.01482905    -0.1203562    -0.1385012    -0.2663477    0.1364205    1    -0.3475727    0.06404466    0.09008177    0.02215882    0.001552537    -0.1080863
0.3687367    0.3575694    0.1749629    -0.187886    -0.414675    0.4412974    0.3526975    0.09700775    -0.264674    -0.3923266    -0.1661251    -0.4823125    -0.601621    -0.3475727    1    0.5540191    -0.6151164    -0.4786913    0.5855568    0.4297832
0.3899402    0.3452754    0.1718527    -0.1483128    -0.5024853    0.5063133    0.4520477    0.1178813    -0.339793    -0.5548652    -0.1122987    -0.7001375    -0.5977119    0.06404466    0.5540191    1    -0.5889263    -0.6905772    0.5508281    0.360491
-0.4235853    -0.3725041    -0.2102784    0.1674433    0.5040439    -0.5534517    -0.4625392    -0.1565433    0.3109259    0.5240634    0.1970125    0.6704165    0.5297607    0.09008177    -0.6151164    -0.5889263    1    0.1292851    -0.7202416    -0.3259849
-0.3113774    -0.3909255    -0.1998382    0.1335388    0.3468077    -0.3616014    -0.3980281    -0.1600493    0.2256779    0.3819007    0.1297016    0.5342038    0.4931807    0.02215882    -0.4786913    -0.6905772    0.1292851    1    -0.5300982    -0.5326174
0.4195494    0.5253618    0.3704188    -0.1652394    -0.4923395    0.5228442    0.5126222    0.2015165    -0.2706705    -0.4540042    -0.1403622    -0.7494351    -0.5992525    0.001552537    0.5855568    0.5508281    -0.7202416    -0.5300982    1    0.3449104
0.4064551    0.2953617    0.1109471    -0.05264599    -0.2972541    0.4372357    0.4007976    0.2832781    -0.09113787    -0.4364238    -0.2967227    -0.4119004    -0.2891206    -0.1080863    0.4297832    0.360491    -0.3259849    -0.5326174    0.3449104    1
