1    0.1513493    -0.04186283    0.1138702    -0.4404941    0.00644809    0.1304822    0.03232678    -0.258002    -0.09268827
0.1513493    1    0.3110405    -0.5531649    -0.1947917    -0.0315878    -0.0943837    0.04828822    -0.07812367    -0.1051155
-0.04186283    0.3110405    1    0.02341418    -0.5469089    -0.1498324    0.009905525    0.0678919    -0.1451469    0.01538366
0.1138702    -0.5531649    0.02341418    1    -0.1764102    -0.08073755    0.08041145    0.01788553    -0.01923026    0.1032367
-0.4404941    -0.1947917    -0.5469089    -0.1764102    1    0.04478269    -0.1182533    -0.07814477    0.275694    0.1158753
0.00644809    -0.0315878    -0.1498324    -0.08073755    0.04478269    1    -0.1228896    -0.795554    0.03622886    0.1535628
0.1304822    -0.0943837    0.009905525    0.08041145    -0.1182533    -0.1228896    1    0.2461418    -0.7312569    0.0347245
0.03232678    0.04828822    0.0678919    0.01788553    -0.07814477    -0.795554    0.2461418    1    -0.09969109    -0.5163728
-0.258002    -0.07812367    -0.1451469    -0.01923026    0.275694    0.03622886    -0.7312569    -0.09969109    1    -0.3282296
-0.09268827    -0.1051155    0.01538366    0.1032367    0.1158753    0.1535628    0.0347245    -0.5163728    -0.3282296    1
