1    0.1513493    -0.04186283    0.1138702    -0.4404941    -0.1206956    -0.4966137    -0.4147527    -0.005682062    0.3687367    -0.04196172    0.2185439    0.4005672    -0.009407526    -0.4653593
0.1513493    1    0.3110405    -0.5531649    -0.1947917    -0.2498947    -0.4486158    -0.2766947    -0.08340924    0.3575694    -0.2224218    0.4129821    0.3361234    -0.279038    -0.210254
-0.04186283    0.3110405    1    0.02341418    -0.5469089    -0.1476021    -0.3624062    -0.2308682    0.1167298    0.1749629    -0.1222153    0.1764339    0.2929275    -0.07543709    -0.2406615
0.1138702    -0.5531649    0.02341418    1    -0.1764102    0.1257045    0.07018602    0.09599848    0.1691704    -0.187886    0.1563048    -0.2523861    -0.09629174    0.1676458    0.04479959
-0.4404941    -0.1947917    -0.5469089    -0.1764102    1    0.1984899    0.6391685    0.4818819    -0.1449595    -0.414675    0.06564911    -0.3022809    -0.4637806    0.08706953    0.4814108
-0.1206956    -0.2498947    -0.1476021    0.1257045    0.1984899    1    0.1894219    -0.3429943    -0.1385012    -0.1661251    0.09771167    -0.1836079    -0.1663501    0.1578776    0.07376984
-0.4966137    -0.4486158    -0.3624062    0.07018602    0.6391685    0.1894219    1    0.5062199    -0.2663477    -0.4823125    0.136125    -0.3976971    -0.5527533    0.1751857    0.4860359
-0.4147527    -0.2766947    -0.2308682    0.09599848    0.4818819    -0.3429943    0.5062199    1    0.1364205    -0.601621    0.1515858    -0.4033119    -0.4952991    0.1430015    0.5045433
-0.005682062    -0.08340924    0.1167298    0.1691704    -0.1449595    -0.1385012    -0.2663477    0.1364205    1    -0.3475727    0.1567147    -0.3113515    -0.06880317    0.2193805    0.04723857
0.3687367    0.3575694    0.1749629    -0.187886    -0.414675    -0.1661251    -0.4823125    -0.601621    -0.3475727    1    -0.2023925    0.551771    0.4619721    -0.2850682    -0.4260425
-0.04196172    -0.2224218    -0.1222153    0.1563048    0.06564911    0.09771167    0.136125    0.1515858    0.1567147    -0.2023925    1    -0.1279048    -0.6774055    0.1253901    0.1332067
0.2185439    0.4129821    0.1764339    -0.2523861    -0.3022809    -0.1836079    -0.3976971    -0.4033119    -0.3113515    0.551771    -0.1279048    1    0.1886508    -0.7521571    -0.1450584
0.4005672    0.3361234    0.2929275    -0.09629174    -0.4637806    -0.1663501    -0.5527533    -0.4952991    -0.06880317    0.4619721    -0.6774055    0.1886508    1    -0.1060445    -0.6383874
-0.009407526    -0.279038    -0.07543709    0.1676458    0.08706953    0.1578776    0.1751857    0.1430015    0.2193805    -0.2850682    0.1253901    -0.7521571    -0.1060445    1    -0.2244778
-0.4653593    -0.210254    -0.2406615    0.04479959    0.4814108    0.07376984    0.4860359    0.5045433    0.04723857    -0.4260425    0.1332067    -0.1450584    -0.6383874    -0.2244778    1
