1    0.1513493    -0.04186283    0.1138702    -0.4404941    0.4543965    0.3748153    0.1802457    -0.1506153    -0.4019955    -0.1206956    -0.4966137    -0.4147527    -0.005682062    0.3687367    0.232818    -0.05201413    -0.01738393    0.1966872    -0.2266894    0.2363588    -0.5202229    -0.5325619    0.2792943    0.5466503
0.1513493    1    0.3110405    -0.5531649    -0.1947917    0.3638988    0.4235353    0.1832111    -0.2134165    -0.2748737    -0.2498947    -0.4486158    -0.2766947    -0.08340924    0.3575694    0.09989571    -0.01710379    -0.1305962    0.1145985    -0.01085692    -0.1212411    -0.3748359    -0.2167843    0.04932302    0.4344177
-0.04186283    0.3110405    1    0.02341418    -0.5469089    0.1384761    0.2911893    0.205192    -0.1291521    -0.1287854    -0.1476021    -0.3624062    -0.2308682    0.1167298    0.1749629    0.06691568    -0.1155162    -0.1068004    0.1103208    0.04093239    0.01326171    -0.2353403    -0.3065591    -0.03936138    0.3823618
0.1138702    -0.5531649    0.02341418    1    -0.1764102    -0.1255568    -0.06027282    0.06962043    0.1436783    0.1229412    0.1257045    0.07018602    0.09599848    0.1691704    -0.187886    -0.05579889    -0.07802613    -0.02299142    -0.08184215    0.1151877    0.2134343    0.04218581    -0.09886633    0.058144    -0.04613222
-0.4404941    -0.1947917    -0.5469089    -0.1764102    1    -0.3899508    -0.3869513    -0.1950459    0.3191444    0.5541368    0.1984899    0.6391685    0.4818819    -0.1449595    -0.414675    -0.3123785    0.07639898    0.07203577    -0.2571265    0.260461    -0.1834422    0.5258971    0.550341    -0.1459675    -0.6225399
0.4543965    0.3638988    0.1384761    -0.1255568    -0.3899508    1    0.3622799    -0.1455975    -0.1322459    -0.4410096    -0.1829526    -0.5000453    -0.3974069    -0.1177079    0.4412974    0.3652809    -0.07004677    -0.1089716    0.2197128    -0.2461979    0.1057217    -0.5628514    -0.4106459    0.2880422    0.4857357
0.3748153    0.4235353    0.2911893    -0.06027282    -0.3869513    0.3622799    1    0.2804532    -0.6129492    -0.3164429    -0.2681628    -0.522949    -0.2604739    0.03643385    0.3526975    0.1977717    -0.01956543    -0.09762745    -0.01323537    -0.0496991    -0.03986073    -0.5172847    -0.3559651    0.1459933    0.5677417
0.1802457    0.1832111    0.205192    0.06962043    -0.1950459    -0.1455975    0.2804532    1    0.04304514    -0.4762449    -0.1833854    -0.2046786    -0.02568814    0.1486959    0.09700775    -0.02485078    -0.08802043    -0.1024658    -0.1084869    0.1593556    0.06808274    -0.2281166    -0.3273903    0.0568648    0.3703342
-0.1506153    -0.2134165    -0.1291521    0.1436783    0.3191444    -0.1322459    -0.6129492    0.04304514    1    0.00847779    0.1301897    0.3526631    0.2427937    0.01482905    -0.264674    -0.1444542    -0.1691496    -0.08295791    -0.02861838    0.2370513    0.1619484    0.2343306    0.03721677    0.02165854    -0.2538131
-0.4019955    -0.2748737    -0.1287854    0.1229412    0.5541368    -0.4410096    -0.3164429    -0.4762449    0.00847779    1    0.2705142    0.5174912    0.3438892    -0.1203562    -0.3923266    -0.3306994    0.1043486    0.1543425    -0.1850506    0.1770621    -0.1516991    0.5613566    0.5034098    -0.2451812    -0.5876943
-0.1206956    -0.2498947    -0.1476021    0.1257045    0.1984899    -0.1829526    -0.2681628    -0.1833854    0.1301897    0.2705142    1    0.1894219    -0.3429943    -0.1385012    -0.1661251    -0.1228529    0.0386153    0.02659459    -0.04673226    0.1042673    0.005218382    0.2298645    0.1771436    -0.04301677    -0.2908985
-0.4966137    -0.4486158    -0.3624062    0.07018602    0.6391685    -0.5000453    -0.522949    -0.2046786    0.3526631    0.5174912    0.1894219    1    0.5062199    -0.2663477    -0.4823125    -0.3427423    -0.0008628187    0.03066144    -0.2600093    0.3447391    -0.03716548    0.6251863    0.5029114    -0.1960809    -0.6765158
-0.4147527    -0.2766947    -0.2308682    0.09599848    0.4818819    -0.3974069    -0.2604739    -0.02568814    0.2427937    0.3438892    -0.3429943    0.5062199    1    0.1364205    -0.601621    -0.2443189    -0.08563765    -0.05376926    -0.2900864    0.3614886    -0.04438793    0.4259433    0.362236    -0.1345915    -0.4672457
-0.005682062    -0.08340924    0.1167298    0.1691704    -0.1449595    -0.1177079    0.03643385    0.1486959    0.01482905    -0.1203562    -0.1385012    -0.2663477    0.1364205    1    -0.3475727    -0.03964092    -0.1430612    0.02695604    -0.02006095    0.07510928    0.05177601    -0.04945446    -0.1036846    0.04629841    0.07425614
0.3687367    0.3575694    0.1749629    -0.187886    -0.414675    0.4412974    0.3526975    0.09700775    -0.264674    -0.3923266    -0.1661251    -0.4823125    -0.601621    -0.3475727    1    0.2904611    0.1832927    0.04043216    0.1740731    -0.3844538    0.0060185    -0.4495044    -0.3235607    0.1301072    0.4689798
0.232818    0.09989571    0.06691568    -0.05579889    -0.3123785    0.3652809    0.1977717    -0.02485078    -0.1444542    -0.3306994    -0.1228529    -0.3427423    -0.2443189    -0.03964092    0.2904611    1    -0.008402032    -0.4408461    0.009183726    -0.2630833    0.09637823    -0.3686695    -0.2627188    0.1599242    0.3275751
-0.05201413    -0.01710379    -0.1155162    -0.07802613    0.07639898    -0.07004677    -0.01956543    -0.08802043    -0.1691496    0.1043486    0.0386153    -0.0008628187    -0.08563765    -0.1430612    0.1832927    -0.008402032    1    0.01415365    -0.5127982    -0.1166718    -0.08549089    0.03502184    0.05882245    -0.007003545    -0.02958922
-0.01738393    -0.1305962    -0.1068004    -0.02299142    0.07203577    -0.1089716    -0.09762745    -0.1024658    -0.08295791    0.1543425    0.02659459    0.03066144    -0.05376926    0.02695604    0.04043216    -0.4408461    0.01415365    1    -0.01183016    -0.4399315    -0.02723752    0.05301056    0.05522071    -0.03357128    -0.07875758
0.1966872    0.1145985    0.1103208    -0.08184215    -0.2571265    0.2197128    -0.01323537    -0.1084869    -0.02861838    -0.1850506    -0.04673226    -0.2600093    -0.2900864    -0.02006095    0.1740731    0.009183726    -0.5127982    -0.01183016    1    -0.3565121    0.06555306    -0.1757603    -0.1609299    0.0301221    0.1865997
-0.2266894    -0.01085692    0.04093239    0.1151877    0.260461    -0.2461979    -0.0496991    0.1593556    0.2370513    0.1770621    0.1042673    0.3447391    0.3614886    0.07510928    -0.3844538    -0.2630833    -0.1166718    -0.4399315    -0.3565121    1    -0.04812207    0.2532207    0.2023669    -0.06303755    -0.2425848
0.2363588    -0.1212411    0.01326171    0.2134343    -0.1834422    0.1057217    -0.03986073    0.06808274    0.1619484    -0.1516991    0.005218382    -0.03716548    -0.04438793    0.05177601    0.0060185    0.09637823    -0.08549089    -0.02723752    0.06555306    -0.04812207    1    -0.07341763    -0.6190925    0.001420208    0.1189501
-0.5202229    -0.3748359    -0.2353403    0.04218581    0.5258971    -0.5628514    -0.5172847    -0.2281166    0.2343306    0.5613566    0.2298645    0.6251863    0.4259433    -0.04945446    -0.4495044    -0.3686695    0.03502184    0.05301056    -0.1757603    0.2532207    -0.07341763    1    0.3500543    -0.6650351    -0.5111754
-0.5325619    -0.2167843    -0.3065591    -0.09886633    0.550341    -0.4106459    -0.3559651    -0.3273903    0.03721677    0.5034098    0.1771436    0.5029114    0.362236    -0.1036846    -0.3235607    -0.2627188    0.05882245    0.05522071    -0.1609299    0.2023669    -0.6190925    0.3500543    1    -0.160647    -0.7130452
0.2792943    0.04932302    -0.03936138    0.058144    -0.1459675    0.2880422    0.1459933    0.0568648    0.02165854    -0.2451812    -0.04301677    -0.1960809    -0.1345915    0.04629841    0.1301072    0.1599242    -0.007003545    -0.03357128    0.0301221    -0.06303755    0.001420208    -0.6650351    -0.160647    1    0.02807084
0.5466503    0.4344177    0.3823618    -0.04613222    -0.6225399    0.4857357    0.5677417    0.3703342    -0.2538131    -0.5876943    -0.2908985    -0.6765158    -0.4672457    0.07425614    0.4689798    0.3275751    -0.02958922    -0.07875758    0.1865997    -0.2425848    0.1189501    -0.5111754    -0.7130452    0.02807084    1
