1    0.1513493    -0.04186283    0.1138702    -0.4404941    -0.1206956    -0.4966137    -0.4147527    -0.005682062    0.3687367    0.05094427    0.1531633    0.1243802    -0.1396639    -0.09017444
0.1513493    1    0.3110405    -0.5531649    -0.1947917    -0.2498947    -0.4486158    -0.2766947    -0.08340924    0.3575694    0.01659379    0.009924522    0.1138155    0.03656991    -0.1956398
-0.04186283    0.3110405    1    0.02341418    -0.5469089    -0.1476021    -0.3624062    -0.2308682    0.1167298    0.1749629    0.01634437    0.03421796    0.09324254    -0.01534218    -0.1218591
0.1138702    -0.5531649    0.02341418    1    -0.1764102    0.1257045    0.07018602    0.09599848    0.1691704    -0.187886    -0.02183688    0.0684819    0.0110019    -0.1047577    0.09780207
-0.4404941    -0.1947917    -0.5469089    -0.1764102    1    0.1984899    0.6391685    0.4818819    -0.1449595    -0.414675    0.04269154    -0.1367767    -0.2026551    0.1195804    0.1039245
-0.1206956    -0.2498947    -0.1476021    0.1257045    0.1984899    1    0.1894219    -0.3429943    -0.1385012    -0.1661251    0.0209595    -0.02031286    -0.09876575    0.04322333    0.08483807
-0.4966137    -0.4486158    -0.3624062    0.07018602    0.6391685    0.1894219    1    0.5062199    -0.2663477    -0.4823125    0.06033027    -0.114716    -0.2143097    0.1295546    0.1208208
-0.4147527    -0.2766947    -0.2308682    0.09599848    0.4818819    -0.3429943    0.5062199    1    0.1364205    -0.601621    -0.007850667    -0.05601744    -0.09446026    -0.01019473    0.1316327
-0.005682062    -0.08340924    0.1167298    0.1691704    -0.1449595    -0.1385012    -0.2663477    0.1364205    1    -0.3475727    -0.1565299    0.1161101    0.192808    -0.1549931    0.01431575
0.3687367    0.3575694    0.1749629    -0.187886    -0.414675    -0.1661251    -0.4823125    -0.601621    -0.3475727    1    0.03210217    0.005334011    0.06782771    0.0368175    -0.1575982
0.05094427    0.01659379    0.01634437    -0.02183688    0.04269154    0.0209595    0.06033027    -0.007850667    -0.1565299    0.03210217    1    0.01044061    -0.785367    -0.05049712    0.2023296
0.1531633    0.009924522    0.03421796    0.0684819    -0.1367767    -0.02031286    -0.114716    -0.05601744    0.1161101    0.005334011    0.01044061    1    0.1795338    -0.8060869    0.1746387
0.1243802    0.1138155    0.09324254    0.0110019    -0.2026551    -0.09876575    -0.2143097    -0.09446026    0.192808    0.06782771    -0.785367    0.1795338    1    -0.05741289    -0.518797
-0.1396639    0.03656991    -0.01534218    -0.1047577    0.1195804    0.04322333    0.1295546    -0.01019473    -0.1549931    0.0368175    -0.05049712    -0.8060869    -0.05741289    1    -0.4833687
-0.09017444    -0.1956398    -0.1218591    0.09780207    0.1039245    0.08483807    0.1208208    0.1316327    0.01431575    -0.1575982    0.2023296    0.1746387    -0.518797    -0.4833687    1
