1    0.1513493    -0.04186283    0.1138702    -0.4404941    -0.1206956    -0.4966137    -0.4147527    -0.005682062    0.3687367    0.1510257    0.08857093    0.02743182    -0.04951642    -0.2673298
0.1513493    1    0.3110405    -0.5531649    -0.1947917    -0.2498947    -0.4486158    -0.2766947    -0.08340924    0.3575694    -0.03541412    0.2148022    0.0349874    -0.147942    -0.1475519
-0.04186283    0.3110405    1    0.02341418    -0.5469089    -0.1476021    -0.3624062    -0.2308682    0.1167298    0.1749629    -0.156519    0.09357281    0.237302    -0.05526001    -0.2077004
0.1138702    -0.5531649    0.02341418    1    -0.1764102    0.1257045    0.07018602    0.09599848    0.1691704    -0.187886    0.02363809    -0.1205562    0.01855863    0.04160981    0.05916082
-0.4404941    -0.1947917    -0.5469089    -0.1764102    1    0.1984899    0.6391685    0.4818819    -0.1449595    -0.414675    0.01538548    -0.1106459    -0.1867405    0.03943859    0.3042839
-0.1206956    -0.2498947    -0.1476021    0.1257045    0.1984899    1    0.1894219    -0.3429943    -0.1385012    -0.1661251    -0.1462826    -0.04788216    0.108134    0.03803543    0.05931215
-0.4966137    -0.4486158    -0.3624062    0.07018602    0.6391685    0.1894219    1    0.5062199    -0.2663477    -0.4823125    -0.006712196    -0.2819058    -0.1420062    0.1867875    0.3451847
-0.4147527    -0.2766947    -0.2308682    0.09599848    0.4818819    -0.3429943    0.5062199    1    0.1364205    -0.601621    -0.06646846    -0.207708    -0.101167    0.1183972    0.3756513
-0.005682062    -0.08340924    0.1167298    0.1691704    -0.1449595    -0.1385012    -0.2663477    0.1364205    1    -0.3475727    -0.1160341    -0.0199655    0.09800737    -0.03090964    0.1077546
0.3687367    0.3575694    0.1749629    -0.187886    -0.414675    -0.1661251    -0.4823125    -0.601621    -0.3475727    1    0.1590913    0.2259291    -0.06975331    -0.155098    -0.287112
0.1510257    -0.03541412    -0.156519    0.02363809    0.01538548    -0.1462826    -0.006712196    -0.06646846    -0.1160341    0.1590913    1    -0.02924275    -0.7679929    -0.06677109    0.04839401
0.08857093    0.2148022    0.09357281    -0.1205562    -0.1106459    -0.04788216    -0.2819058    -0.207708    -0.0199655    0.2259291    -0.02924275    1    0.1079617    -0.7953458    -0.00102924
0.02743182    0.0349874    0.237302    0.01855863    -0.1867405    0.108134    -0.1420062    -0.101167    0.09800737    -0.06975331    -0.7679929    0.1079617    1    0.1316883    -0.5109379
-0.04951642    -0.147942    -0.05526001    0.04160981    0.03943859    0.03803543    0.1867875    0.1183972    -0.03090964    -0.155098    -0.06677109    -0.7953458    0.1316883    1    -0.4126565
-0.2673298    -0.1475519    -0.2077004    0.05916082    0.3042839    0.05931215    0.3451847    0.3756513    0.1077546    -0.287112    0.04839401    -0.00102924    -0.5109379    -0.4126565    1
