1    0.1513493    -0.04186283    0.1138702    -0.4404941    0.4543965    0.3748153    0.1802457    -0.1506153    -0.4019955    -0.1206956    -0.4966137    -0.4147527    -0.005682062    0.3687367    0.2363588    -0.5202229    -0.5325619    0.2792943    0.5466503    -0.1051115    -0.1525803    0.05025403    -0.001725515    0.126521
0.1513493    1    0.3110405    -0.5531649    -0.1947917    0.3638988    0.4235353    0.1832111    -0.2134165    -0.2748737    -0.2498947    -0.4486158    -0.2766947    -0.08340924    0.3575694    -0.1212411    -0.3748359    -0.2167843    0.04932302    0.4344177    -0.04121106    -0.0184361    0.05199299    0.08565467    -0.05017176
-0.04186283    0.3110405    1    0.02341418    -0.5469089    0.1384761    0.2911893    0.205192    -0.1291521    -0.1287854    -0.1476021    -0.3624062    -0.2308682    0.1167298    0.1749629    0.01326171    -0.2353403    -0.3065591    -0.03936138    0.3823618    -0.1032366    -0.07756097    -0.01521158    0.1066066    0.04229957
0.1138702    -0.5531649    0.02341418    1    -0.1764102    -0.1255568    -0.06027282    0.06962043    0.1436783    0.1229412    0.1257045    0.07018602    0.09599848    0.1691704    -0.187886    0.2134343    0.04218581    -0.09886633    0.058144    -0.04613222    -0.08551785    -0.1347714    -0.05394703    0.04118493    0.1397079
-0.4404941    -0.1947917    -0.5469089    -0.1764102    1    -0.3899508    -0.3869513    -0.1950459    0.3191444    0.5541368    0.1984899    0.6391685    0.4818819    -0.1449595    -0.414675    -0.1834422    0.5258971    0.550341    -0.1459675    -0.6225399    0.1098202    0.1343419    -0.04958787    -0.06073444    -0.0004513928
0.4543965    0.3638988    0.1384761    -0.1255568    -0.3899508    1    0.3622799    -0.1455975    -0.1322459    -0.4410096    -0.1829526    -0.5000453    -0.3974069    -0.1177079    0.4412974    0.1057217    -0.5628514    -0.4106459    0.2880422    0.4857357    -0.08139381    -0.1700263    0.0566875    0.113416    0.01939376
0.3748153    0.4235353    0.2911893    -0.06027282    -0.3869513    0.3622799    1    0.2804532    -0.6129492    -0.3164429    -0.2681628    -0.522949    -0.2604739    0.03643385    0.3526975    -0.03986073    -0.5172847    -0.3559651    0.1459933    0.5677417    -0.0806019    -0.08342063    0.06493388    0.08456711    0.00411838
0.1802457    0.1832111    0.205192    0.06962043    -0.1950459    -0.1455975    0.2804532    1    0.04304514    -0.4762449    -0.1833854    -0.2046786    -0.02568814    0.1486959    0.09700775    0.06808274    -0.2281166    -0.3273903    0.0568648    0.3703342    -0.009358516    -0.03203451    -0.01800163    -0.02898811    0.1198563
-0.1506153    -0.2134165    -0.1291521    0.1436783    0.3191444    -0.1322459    -0.6129492    0.04304514    1    0.00847779    0.1301897    0.3526631    0.2427937    0.01482905    -0.264674    0.1619484    0.2343306    0.03721677    0.02165854    -0.2538131    -0.0505579    -0.03353876    -0.02474861    -0.0292106    0.135169
-0.4019955    -0.2748737    -0.1287854    0.1229412    0.5541368    -0.4410096    -0.3164429    -0.4762449    0.00847779    1    0.2705142    0.5174912    0.3438892    -0.1203562    -0.3923266    -0.1516991    0.5613566    0.5034098    -0.2451812    -0.5876943    0.09499999    0.09011286    -0.1382826    -0.02038212    0.06035011
-0.1206956    -0.2498947    -0.1476021    0.1257045    0.1984899    -0.1829526    -0.2681628    -0.1833854    0.1301897    0.2705142    1    0.1894219    -0.3429943    -0.1385012    -0.1661251    0.005218382    0.2298645    0.1771436    -0.04301677    -0.2908985    -0.0185615    0.01553488    -0.002830889    -0.01228636    0.01692181
-0.4966137    -0.4486158    -0.3624062    0.07018602    0.6391685    -0.5000453    -0.522949    -0.2046786    0.3526631    0.5174912    0.1894219    1    0.5062199    -0.2663477    -0.4823125    -0.03716548    0.6251863    0.5029114    -0.1960809    -0.6765158    0.07539733    0.08821357    -0.09004391    -0.1050395    0.1148389
-0.4147527    -0.2766947    -0.2308682    0.09599848    0.4818819    -0.3974069    -0.2604739    -0.02568814    0.2427937    0.3438892    -0.3429943    0.5062199    1    0.1364205    -0.601621    -0.04438793    0.4259433    0.362236    -0.1345915    -0.4672457    0.06244476    0.08043447    -0.09253314    -0.03951509    0.1129008
-0.005682062    -0.08340924    0.1167298    0.1691704    -0.1449595    -0.1177079    0.03643385    0.1486959    0.01482905    -0.1203562    -0.1385012    -0.2663477    0.1364205    1    -0.3475727    0.05177601    -0.04945446    -0.1036846    0.04629841    0.07425614    -0.03417484    0.04283079    0.002450313    0.006813429    -0.04092016
0.3687367    0.3575694    0.1749629    -0.187886    -0.414675    0.4412974    0.3526975    0.09700775    -0.264674    -0.3923266    -0.1661251    -0.4823125    -0.601621    -0.3475727    1    0.0060185    -0.4495044    -0.3235607    0.1301072    0.4689798    -0.01401428    -0.08994826    0.07968275    0.02374627    -0.143088
0.2363588    -0.1212411    0.01326171    0.2134343    -0.1834422    0.1057217    -0.03986073    0.06808274    0.1619484    -0.1516991    0.005218382    -0.03716548    -0.04438793    0.05177601    0.0060185    1    -0.07341763    -0.6190925    0.001420208    0.1189501    -0.1012947    -0.1129531    -0.01249707    -0.07824327    0.1626957
-0.5202229    -0.3748359    -0.2353403    0.04218581    0.5258971    -0.5628514    -0.5172847    -0.2281166    0.2343306    0.5613566    0.2298645    0.6251863    0.4259433    -0.04945446    -0.4495044    -0.07341763    1    0.3500543    -0.6650351    -0.5111754    0.05791912    0.123766    -0.06346444    -0.1079224    0.009826652
-0.5325619    -0.2167843    -0.3065591    -0.09886633    0.550341    -0.4106459    -0.3559651    -0.3273903    0.03721677    0.5034098    0.1771436    0.5029114    0.362236    -0.1036846    -0.3235607    -0.6190925    0.3500543    1    -0.160647    -0.7130452    0.1526573    0.1760439    -0.0708979    -0.02457358    -0.08392699
0.2792943    0.04932302    -0.03936138    0.058144    -0.1459675    0.2880422    0.1459933    0.0568648    0.02165854    -0.2451812    -0.04301677    -0.1960809    -0.1345915    0.04629841    0.1301072    0.001420208    -0.6650351    -0.160647    1    0.02807084    -0.02339235    -0.1222382    0.02006416    0.09707782    0.06315305
0.5466503    0.4344177    0.3823618    -0.04613222    -0.6225399    0.4857357    0.5677417    0.3703342    -0.2538131    -0.5876943    -0.2908985    -0.6765158    -0.4672457    0.07425614    0.4689798    0.1189501    -0.5111754    -0.7130452    0.02807084    1    -0.1073486    -0.1175447    0.08138655    0.07772179    -0.01812771
-0.1051115    -0.04121106    -0.1032366    -0.08551785    0.1098202    -0.08139381    -0.0806019    -0.009358516    -0.0505579    0.09499999    -0.0185615    0.07539733    0.06244476    -0.03417484    -0.01401428    -0.1012947    0.05791912    0.1526573    -0.02339235    -0.1073486    1    -0.003613237    -0.7101612    0.05822516    0.0936552
-0.1525803    -0.0184361    -0.07756097    -0.1347714    0.1343419    -0.1700263    -0.08342063    -0.03203451    -0.03353876    0.09011286    0.01553488    0.08821357    0.08043447    0.04283079    -0.08994826    -0.1129531    0.123766    0.1760439    -0.1222382    -0.1175447    -0.003613237    1    0.07505767    -0.6786332    0.0651299
0.05025403    0.05199299    -0.01521158    -0.05394703    -0.04958787    0.0566875    0.06493388    -0.01800163    -0.02474861    -0.1382826    -0.002830889    -0.09004391    -0.09253314    0.002450313    0.07968275    -0.01249707    -0.06346444    -0.0708979    0.02006416    0.08138655    -0.7101612    0.07505767    1    -0.1214911    -0.4575803
-0.001725515    0.08565467    0.1066066    0.04118493    -0.06073444    0.113416    0.08456711    -0.02898811    -0.0292106    -0.02038212    -0.01228636    -0.1050395    -0.03951509    0.006813429    0.02374627    -0.07824327    -0.1079224    -0.02457358    0.09707782    0.07772179    0.05822516    -0.6786332    -0.1214911    1    -0.4317136
0.126521    -0.05017176    0.04229957    0.1397079    -0.0004513928    0.01939376    0.00411838    0.1198563    0.135169    0.06035011    0.01692181    0.1148389    0.1129008    -0.04092016    -0.143088    0.1626957    0.009826652    -0.08392699    0.06315305    -0.01812771    0.0936552    0.0651299    -0.4575803    -0.4317136    1
