1    0.1513493    -0.04186283    0.1138702    -0.4404941    0.452929    -0.05216864    -0.4319497    -0.01860367    -0.09966501
0.1513493    1    0.3110405    -0.5531649    -0.1947917    0.276434    0.01098175    -0.1442746    -0.2303834    -0.03339013
-0.04186283    0.3110405    1    0.02341418    -0.5469089    0.2402838    0.01243062    -0.06892728    -0.1135093    -0.1372827
0.1138702    -0.5531649    0.02341418    1    -0.1764102    -0.06783058    0.01617519    0.1384705    0.06902627    -0.1081709
-0.4404941    -0.1947917    -0.5469089    -0.1764102    1    -0.536902    0.0229298    0.4460363    0.05230251    0.01646043
0.452929    0.276434    0.2402838    -0.06783058    -0.536902    1    -0.06220697    -0.7892314    -0.1394568    0.06121272
-0.05216864    0.01098175    0.01243062    0.01617519    0.0229298    -0.06220697    1    -0.09514101    -0.517768    0.1249409
-0.4319497    -0.1442746    -0.06892728    0.1384705    0.4460363    -0.7892314    -0.09514101    1    0.113711    -0.3384456
-0.01860367    -0.2303834    -0.1135093    0.06902627    0.05230251    -0.1394568    -0.517768    0.113711    1    -0.4318813
-0.09966501    -0.03339013    -0.1372827    -0.1081709    0.01646043    0.06121272    0.1249409    -0.3384456    -0.4318813    1
