1    0.1513493    -0.04186283    0.1138702    -0.4404941    -0.1206956    -0.4966137    -0.4147527    -0.005682062    0.3687367    -0.03328057    0.169754    -0.1104101    0.2776367    0.1312259
0.1513493    1    0.3110405    -0.5531649    -0.1947917    -0.2498947    -0.4486158    -0.2766947    -0.08340924    0.3575694    -0.02232996    -0.01410506    -0.06023842    0.2667122    0.1996719
-0.04186283    0.3110405    1    0.02341418    -0.5469089    -0.1476021    -0.3624062    -0.2308682    0.1167298    0.1749629    0.158759    -0.1234346    -0.19974    0.3206834    0.2160193
0.1138702    -0.5531649    0.02341418    1    -0.1764102    0.1257045    0.07018602    0.09599848    0.1691704    -0.187886    0.2534992    -0.1886406    -0.1632007    0.09268933    0.02090104
-0.4404941    -0.1947917    -0.5469089    -0.1764102    1    0.1984899    0.6391685    0.4818819    -0.1449595    -0.414675    -0.04957311    -0.138793    0.1785734    -0.402833    -0.1361857
-0.1206956    -0.2498947    -0.1476021    0.1257045    0.1984899    1    0.1894219    -0.3429943    -0.1385012    -0.1661251    0.07845103    -0.05693907    0.005057546    -0.1393041    -0.05148319
-0.4966137    -0.4486158    -0.3624062    0.07018602    0.6391685    0.1894219    1    0.5062199    -0.2663477    -0.4823125    0.1218991    -0.2027768    -0.02411097    -0.3938505    -0.03446474
-0.4147527    -0.2766947    -0.2308682    0.09599848    0.4818819    -0.3429943    0.5062199    1    0.1364205    -0.601621    0.2809926    -0.2733051    -0.1412243    -0.213538    0.03401317
-0.005682062    -0.08340924    0.1167298    0.1691704    -0.1449595    -0.1385012    -0.2663477    0.1364205    1    -0.3475727    0.324359    -0.2116561    -0.172332    0.2039716    -0.03184737
0.3687367    0.3575694    0.1749629    -0.187886    -0.414675    -0.1661251    -0.4823125    -0.601621    -0.3475727    1    -0.395273    0.3606981    0.2141608    0.04960886    0.04316657
-0.03328057    -0.02232996    0.158759    0.2534992    -0.04957311    0.07845103    0.1218991    0.2809926    0.324359    -0.395273    1    -0.4774775    -0.4538181    0.1378426    0.1167466
0.169754    -0.01410506    -0.1234346    -0.1886406    -0.138793    -0.05693907    -0.2027768    -0.2733051    -0.2116561    0.3606981    -0.4774775    1    -0.2704573    -0.27668    0.00682912
-0.1104101    -0.06023842    -0.19974    -0.1632007    0.1785734    0.005057546    -0.02411097    -0.1412243    -0.172332    0.2141608    -0.4538181    -0.2704573    1    -0.2854063    -0.3209596
0.2776367    0.2667122    0.3206834    0.09268933    -0.402833    -0.1393041    -0.3938505    -0.213538    0.2039716    0.04960886    0.1378426    -0.27668    -0.2854063    1    -0.1334371
0.1312259    0.1996719    0.2160193    0.02090104    -0.1361857    -0.05148319    -0.03446474    0.03401317    -0.03184737    0.04316657    0.1167466    0.00682912    -0.3209596    -0.1334371    1
