1    0.1513493    -0.04186283    0.1138702    -0.4404941    -0.1206956    -0.4966137    -0.4147527    -0.005682062    0.3687367    -0.1284956    -0.216025    -0.06552987    0.1111652    0.006439942
0.1513493    1    0.3110405    -0.5531649    -0.1947917    -0.2498947    -0.4486158    -0.2766947    -0.08340924    0.3575694    -0.01443102    0.04284341    -0.1400372    -0.1551143    0.1531403
-0.04186283    0.3110405    1    0.02341418    -0.5469089    -0.1476021    -0.3624062    -0.2308682    0.1167298    0.1749629    -0.005022455    0.1384709    0.03967354    -0.2383348    0.02336993
0.1138702    -0.5531649    0.02341418    1    -0.1764102    0.1257045    0.07018602    0.09599848    0.1691704    -0.187886    0.06061282    0.04571449    0.120052    0.01146457    -0.1864423
-0.4404941    -0.1947917    -0.5469089    -0.1764102    1    0.1984899    0.6391685    0.4818819    -0.1449595    -0.414675    0.1538191    0.1313496    0.03479007    0.004731561    -0.1393258
-0.1206956    -0.2498947    -0.1476021    0.1257045    0.1984899    1    0.1894219    -0.3429943    -0.1385012    -0.1661251    0.1059972    0.08202399    -0.01336961    -0.03101594    -0.0302864
-0.4966137    -0.4486158    -0.3624062    0.07018602    0.6391685    0.1894219    1    0.5062199    -0.2663477    -0.4823125    0.1299425    0.14398    0.07629884    0.03373949    -0.1677928
-0.4147527    -0.2766947    -0.2308682    0.09599848    0.4818819    -0.3429943    0.5062199    1    0.1364205    -0.601621    0.04928321    0.1378216    0.2027644    0.03410706    -0.1897567
-0.005682062    -0.08340924    0.1167298    0.1691704    -0.1449595    -0.1385012    -0.2663477    0.1364205    1    -0.3475727    -0.08534288    0.08676167    0.2074965    -0.1103731    0.00312096
0.3687367    0.3575694    0.1749629    -0.187886    -0.414675    -0.1661251    -0.4823125    -0.601621    -0.3475727    1    -0.0802276    -0.2009361    -0.1771445    0.06448628    0.1144073
-0.1284956    -0.01443102    -0.005022455    0.06061282    0.1538191    0.1059972    0.1299425    0.04928321    -0.08534288    -0.0802276    1    0.1464677    -0.6958407    -0.2607963    0.15277
-0.216025    0.04284341    0.1384709    0.04571449    0.1313496    0.08202399    0.14398    0.1378216    0.08676167    -0.2009361    0.1464677    1    0.1260234    -0.8249301    0.1419023
-0.06552987    -0.1400372    0.03967354    0.120052    0.03479007    -0.01336961    0.07629884    0.2027644    0.2074965    -0.1771445    -0.6958407    0.1260234    1    0.1799106    -0.6041241
0.1111652    -0.1551143    -0.2383348    0.01146457    0.004731561    -0.03101594    0.03373949    0.03410706    -0.1103731    0.06448628    -0.2607963    -0.8249301    0.1799106    1    -0.4889255
0.006439942    0.1531403    0.02336993    -0.1864423    -0.1393258    -0.0302864    -0.1677928    -0.1897567    0.00312096    0.1144073    0.15277    0.1419023    -0.6041241    -0.4889255    1
