1    0.1513493    -0.04186283    0.1138702    -0.4404941    -0.1206956    -0.4966137    -0.4147527    -0.005682062    0.3687367    0.00644809    0.1304822    0.03232678    -0.258002    -0.09268827
0.1513493    1    0.3110405    -0.5531649    -0.1947917    -0.2498947    -0.4486158    -0.2766947    -0.08340924    0.3575694    -0.0315878    -0.0943837    0.04828822    -0.07812367    -0.1051155
-0.04186283    0.3110405    1    0.02341418    -0.5469089    -0.1476021    -0.3624062    -0.2308682    0.1167298    0.1749629    -0.1498324    0.009905525    0.0678919    -0.1451469    0.01538366
0.1138702    -0.5531649    0.02341418    1    -0.1764102    0.1257045    0.07018602    0.09599848    0.1691704    -0.187886    -0.08073755    0.08041145    0.01788553    -0.01923026    0.1032367
-0.4404941    -0.1947917    -0.5469089    -0.1764102    1    0.1984899    0.6391685    0.4818819    -0.1449595    -0.414675    0.04478269    -0.1182533    -0.07814477    0.275694    0.1158753
-0.1206956    -0.2498947    -0.1476021    0.1257045    0.1984899    1    0.1894219    -0.3429943    -0.1385012    -0.1661251    -0.003573913    -0.06952858    -0.07172531    0.04770573    0.1677162
-0.4966137    -0.4486158    -0.3624062    0.07018602    0.6391685    0.1894219    1    0.5062199    -0.2663477    -0.4823125    0.09599294    -0.1127806    -0.2170173    0.2906814    0.2802735
-0.4147527    -0.2766947    -0.2308682    0.09599848    0.4818819    -0.3429943    0.5062199    1    0.1364205    -0.601621    -0.03122234    0.005329891    -0.03410319    0.2379747    0.152283
-0.005682062    -0.08340924    0.1167298    0.1691704    -0.1449595    -0.1385012    -0.2663477    0.1364205    1    -0.3475727    -0.2097114    0.1725234    0.2325195    -0.05072808    -0.08224959
0.3687367    0.3575694    0.1749629    -0.187886    -0.414675    -0.1661251    -0.4823125    -0.601621    -0.3475727    1    0.1027878    -0.02128268    0.003842407    -0.1936228    -0.2011924
0.00644809    -0.0315878    -0.1498324    -0.08073755    0.04478269    -0.003573913    0.09599294    -0.03122234    -0.2097114    0.1027878    1    -0.1228896    -0.795554    0.03622886    0.1535628
0.1304822    -0.0943837    0.009905525    0.08041145    -0.1182533    -0.06952858    -0.1127806    0.005329891    0.1725234    -0.02128268    -0.1228896    1    0.2461418    -0.7312569    0.0347245
0.03232678    0.04828822    0.0678919    0.01788553    -0.07814477    -0.07172531    -0.2170173    -0.03410319    0.2325195    0.003842407    -0.795554    0.2461418    1    -0.09969109    -0.5163728
-0.258002    -0.07812367    -0.1451469    -0.01923026    0.275694    0.04770573    0.2906814    0.2379747    -0.05072808    -0.1936228    0.03622886    -0.7312569    -0.09969109    1    -0.3282296
-0.09268827    -0.1051155    0.01538366    0.1032367    0.1158753    0.1677162    0.2802735    0.152283    -0.08224959    -0.2011924    0.1535628    0.0347245    -0.5163728    -0.3282296    1
