1    0.1513493    -0.04186283    0.1138702    -0.4404941    0.4543965    0.3748153    0.1802457    -0.1506153    -0.4019955    -0.1206956    -0.4966137    -0.4147527    -0.005682062    0.3687367    -0.04196172    0.2185439    0.4005672    -0.009407526    -0.4653593
0.1513493    1    0.3110405    -0.5531649    -0.1947917    0.3638988    0.4235353    0.1832111    -0.2134165    -0.2748737    -0.2498947    -0.4486158    -0.2766947    -0.08340924    0.3575694    -0.2224218    0.4129821    0.3361234    -0.279038    -0.210254
-0.04186283    0.3110405    1    0.02341418    -0.5469089    0.1384761    0.2911893    0.205192    -0.1291521    -0.1287854    -0.1476021    -0.3624062    -0.2308682    0.1167298    0.1749629    -0.1222153    0.1764339    0.2929275    -0.07543709    -0.2406615
0.1138702    -0.5531649    0.02341418    1    -0.1764102    -0.1255568    -0.06027282    0.06962043    0.1436783    0.1229412    0.1257045    0.07018602    0.09599848    0.1691704    -0.187886    0.1563048    -0.2523861    -0.09629174    0.1676458    0.04479959
-0.4404941    -0.1947917    -0.5469089    -0.1764102    1    -0.3899508    -0.3869513    -0.1950459    0.3191444    0.5541368    0.1984899    0.6391685    0.4818819    -0.1449595    -0.414675    0.06564911    -0.3022809    -0.4637806    0.08706953    0.4814108
0.4543965    0.3638988    0.1384761    -0.1255568    -0.3899508    1    0.3622799    -0.1455975    -0.1322459    -0.4410096    -0.1829526    -0.5000453    -0.3974069    -0.1177079    0.4412974    -0.1439406    0.311036    0.4226015    -0.1108704    -0.3854112
0.3748153    0.4235353    0.2911893    -0.06027282    -0.3869513    0.3622799    1    0.2804532    -0.6129492    -0.3164429    -0.2681628    -0.522949    -0.2604739    0.03643385    0.3526975    -0.1641325    0.3275979    0.3846886    -0.1906723    -0.2820431
0.1802457    0.1832111    0.205192    0.06962043    -0.1950459    -0.1455975    0.2804532    1    0.04304514    -0.4762449    -0.1833854    -0.2046786    -0.02568814    0.1486959    0.09700775    0.01515369    0.123436    0.1266574    -0.04730803    -0.163961
-0.1506153    -0.2134165    -0.1291521    0.1436783    0.3191444    -0.1322459    -0.6129492    0.04304514    1    0.00847779    0.1301897    0.3526631    0.2427937    0.01482905    -0.264674    0.1350867    -0.2459384    -0.2448162    0.1797873    0.1373106
-0.4019955    -0.2748737    -0.1287854    0.1229412    0.5541368    -0.4410096    -0.3164429    -0.4762449    0.00847779    1    0.2705142    0.5174912    0.3438892    -0.1203562    -0.3923266    0.06050792    -0.3056118    -0.3823949    0.1075356    0.3778763
-0.1206956    -0.2498947    -0.1476021    0.1257045    0.1984899    -0.1829526    -0.2681628    -0.1833854    0.1301897    0.2705142    1    0.1894219    -0.3429943    -0.1385012    -0.1661251    0.09771167    -0.1836079    -0.1663501    0.1578776    0.07376984
-0.4966137    -0.4486158    -0.3624062    0.07018602    0.6391685    -0.5000453    -0.522949    -0.2046786    0.3526631    0.5174912    0.1894219    1    0.5062199    -0.2663477    -0.4823125    0.136125    -0.3976971    -0.5527533    0.1751857    0.4860359
-0.4147527    -0.2766947    -0.2308682    0.09599848    0.4818819    -0.3974069    -0.2604739    -0.02568814    0.2427937    0.3438892    -0.3429943    0.5062199    1    0.1364205    -0.601621    0.1515858    -0.4033119    -0.4952991    0.1430015    0.5045433
-0.005682062    -0.08340924    0.1167298    0.1691704    -0.1449595    -0.1177079    0.03643385    0.1486959    0.01482905    -0.1203562    -0.1385012    -0.2663477    0.1364205    1    -0.3475727    0.1567147    -0.3113515    -0.06880317    0.2193805    0.04723857
0.3687367    0.3575694    0.1749629    -0.187886    -0.414675    0.4412974    0.3526975    0.09700775    -0.264674    -0.3923266    -0.1661251    -0.4823125    -0.601621    -0.3475727    1    -0.2023925    0.551771    0.4619721    -0.2850682    -0.4260425
-0.04196172    -0.2224218    -0.1222153    0.1563048    0.06564911    -0.1439406    -0.1641325    0.01515369    0.1350867    0.06050792    0.09771167    0.136125    0.1515858    0.1567147    -0.2023925    1    -0.1279048    -0.6774055    0.1253901    0.1332067
0.2185439    0.4129821    0.1764339    -0.2523861    -0.3022809    0.311036    0.3275979    0.123436    -0.2459384    -0.3056118    -0.1836079    -0.3976971    -0.4033119    -0.3113515    0.551771    -0.1279048    1    0.1886508    -0.7521571    -0.1450584
0.4005672    0.3361234    0.2929275    -0.09629174    -0.4637806    0.4226015    0.3846886    0.1266574    -0.2448162    -0.3823949    -0.1663501    -0.5527533    -0.4952991    -0.06880317    0.4619721    -0.6774055    0.1886508    1    -0.1060445    -0.6383874
-0.009407526    -0.279038    -0.07543709    0.1676458    0.08706953    -0.1108704    -0.1906723    -0.04730803    0.1797873    0.1075356    0.1578776    0.1751857    0.1430015    0.2193805    -0.2850682    0.1253901    -0.7521571    -0.1060445    1    -0.2244778
-0.4653593    -0.210254    -0.2406615    0.04479959    0.4814108    -0.3854112    -0.2820431    -0.163961    0.1373106    0.3778763    0.07376984    0.4860359    0.5045433    0.04723857    -0.4260425    0.1332067    -0.1450584    -0.6383874    -0.2244778    1
