6.5356e-06    6.433282e-08    -2.624365e-06    -5.492661e-08    -1.609206e-06    -6.839286e-07    2.206408e-06    2.669127e-06    -4.931795e-07    -1.609485e-06
6.433282e-08    4.854421e-06    8.861192e-08    -2.565194e-06    -5.845262e-07    -5.524637e-07    5.136557e-07    7.015722e-07    -3.663604e-07    -5.02799e-08
-2.624365e-06    8.861192e-08    5.30825e-06    1.616607e-08    -2.257114e-06    -3.187754e-07    1.633079e-07    6.242665e-07    9.816953e-08    -4.605035e-07
-5.492661e-08    -2.565194e-06    1.616607e-08    5.347355e-06    -1.947457e-06    2.163337e-07    1.5167e-06    9.950157e-07    -1.969722e-07    -1.219903e-06
-1.609206e-06    -5.845262e-07    -2.257114e-06    -1.947457e-06    5.212614e-06    6.396694e-07    -2.251685e-06    -2.5733e-06    3.429405e-07    1.624408e-06
-6.839286e-07    -5.524637e-07    -3.187754e-07    2.163337e-07    6.396694e-07    5.810362e-06    -1.468422e-06    -5.550408e-06    9.777093e-07    9.237669e-07
2.206408e-06    5.136557e-07    1.633079e-07    1.5167e-06    -2.251685e-06    -1.468422e-06    1.138956e-05    3.532921e-06    -5.284722e-06    -2.000408e-06
2.669127e-06    7.015722e-07    6.242665e-07    9.950157e-07    -2.5733e-06    -5.550408e-06    3.532921e-06    1.166372e-05    -1.632237e-06    -5.319604e-06
-4.931795e-07    -3.663604e-07    9.816953e-08    -1.969722e-07    3.429405e-07    9.777093e-07    -5.284722e-06    -1.632237e-06    5.708089e-06    -1.156352e-06
-1.609485e-06    -5.02799e-08    -4.605035e-07    -1.219903e-06    1.624408e-06    9.237669e-07    -2.000408e-06    -5.319604e-06    -1.156352e-06    5.848153e-06
