7.237073e-06    -6.570187e-07    -6.570981e-06    -2.4095e-07    1.011372e-06    5.224371e-07    -3.159772e-07    2.381888e-07    1.082412e-06    -1.228945e-06
-6.570187e-07    1.787854e-05    5.888056e-06    -8.092161e-06    -6.093986e-06    1.985627e-06    -6.93696e-06    -7.677564e-06    1.793345e-06    5.272073e-06
-6.570981e-06    5.888056e-06    1.463422e-05    -1.604699e-06    -7.426766e-06    6.270791e-07    -4.637525e-06    -4.988686e-06    6.460586e-07    4.370918e-06
-2.4095e-07    -8.092161e-06    -1.604699e-06    8.025108e-06    3.30577e-07    -8.811488e-07    1.146257e-06    2.579357e-06    -1.108801e-07    -1.748646e-06
1.011372e-06    -6.093986e-06    -7.426766e-06    3.30577e-07    7.432968e-06    -9.84301e-07    5.040081e-06    4.665644e-06    -1.58633e-06    -3.271932e-06
5.224371e-07    1.985627e-06    6.270791e-07    -8.811488e-07    -9.84301e-07    5.810362e-06    -1.468422e-06    -5.550408e-06    9.777093e-07    9.237669e-07
-3.159772e-07    -6.93696e-06    -4.637525e-06    1.146257e-06    5.040081e-06    -1.468422e-06    1.138956e-05    3.532921e-06    -5.284722e-06    -2.000408e-06
2.381888e-07    -7.677564e-06    -4.988686e-06    2.579357e-06    4.665644e-06    -5.550408e-06    3.532921e-06    1.166372e-05    -1.632237e-06    -5.319604e-06
1.082412e-06    1.793345e-06    6.460586e-07    -1.108801e-07    -1.58633e-06    9.777093e-07    -5.284722e-06    -1.632237e-06    5.708089e-06    -1.156352e-06
-1.228945e-06    5.272073e-06    4.370918e-06    -1.748646e-06    -3.271932e-06    9.237669e-07    -2.000408e-06    -5.319604e-06    -1.156352e-06    5.848153e-06
