7.481787e-06    2.106806e-06    -3.077257e-06    -1.156732e-06    -1.265952e-06    -1.106764e-07    1.511264e-07    -4.570303e-07    -5.188938e-07    4.916194e-07    5.127694e-08    2.845055e-06    1.945709e-06    -5.91615e-07    -2.084707e-06    1.103998e-06    -2.313945e-06    -2.226514e-06    1.201035e-06    8.553879e-07
2.106806e-06    1.494939e-05    6.508715e-06    -2.827156e-06    -5.976005e-06    -3.550887e-06    1.123906e-06    -1.333328e-07    -4.42485e-06    3.36049e-06    -6.517505e-07    1.019435e-05    7.708326e-06    -2.288263e-06    -7.064768e-06    9.957369e-07    -7.568797e-06    -6.315786e-06    2.28112e-06    4.523127e-06
-3.077257e-06    6.508715e-06    1.065716e-05    1.27674e-06    -6.33017e-06    -2.576548e-06    -4.494292e-07    -1.14388e-06    -2.670304e-06    3.567937e-06    -6.169003e-07    5.872471e-06    4.712625e-06    -1.161334e-06    -4.160688e-06    4.364426e-07    -5.285114e-06    -4.22185e-06    1.175353e-06    3.578285e-06
-1.156732e-06    -2.827156e-06    1.27674e-06    7.010674e-06    -2.997433e-06    8.091561e-07    -1.492824e-06    -2.582849e-06    4.394808e-07    1.802317e-06    4.920775e-07    -7.152264e-07    -1.1105e-06    5.599036e-07    3.945929e-07    7.574259e-07    -1.006293e-06    -6.542818e-07    5.620662e-07    2.628546e-08
-1.265952e-06    -5.976005e-06    -6.33017e-06    -2.997433e-06    1.015424e-05    1.398546e-06    1.071563e-06    2.770939e-06    2.3093e-06    -3.948614e-06    5.844216e-08    -6.1791e-06    -3.884241e-06    1.209352e-06    4.065877e-06    -1.419688e-06    6.020751e-06    5.091964e-06    -1.875452e-06    -3.296355e-06
-1.106764e-07    -3.550887e-06    -2.576548e-06    8.091561e-07    1.398546e-06    5.986784e-06    -5.296229e-07    -3.377952e-06    3.889622e-07    -6.078117e-07    6.941342e-07    -2.680077e-06    -2.436826e-06    3.814565e-07    1.934501e-06    5.152124e-07    1.916562e-06    1.026122e-06    -2.670852e-07    -1.458114e-06
1.511264e-07    1.123906e-06    -4.494292e-07    -1.492824e-06    1.071563e-06    -5.296229e-07    5.636718e-06    8.171368e-07    -3.663831e-06    -6.033849e-07    -2.03468e-07    1.90839e-06    1.155292e-06    -9.612095e-07    -9.439963e-07    2.37926e-07    1.563902e-07    -5.581362e-07    2.118783e-08    9.427421e-09
-4.570303e-07    -1.333328e-07    -1.14388e-06    -2.582849e-06    2.770939e-06    -3.377952e-06    8.171368e-07    7.445097e-06    1.276807e-07    -3.790918e-06    -1.034048e-06    1.914616e-07    1.381209e-06    -6.637374e-08    -4.190117e-07    -7.555296e-07    1.205152e-06    1.166701e-06    -7.002792e-07    -6.868607e-08
-5.188938e-07    -4.42485e-06    -2.670304e-06    4.394808e-07    2.3093e-06    3.889622e-07    -3.663831e-06    1.276807e-07    7.232965e-06    -2.657269e-06    1.01947e-08    -4.673579e-06    -2.259953e-06    1.738614e-06    2.368098e-06    -1.377892e-06    2.500405e-06    3.470733e-06    -8.525479e-07    -1.536193e-06
4.916194e-07    3.36049e-06    3.567937e-06    1.802317e-06    -3.948614e-06    -6.078117e-07    -6.033849e-07    -3.790918e-06    -2.657269e-06    6.276715e-06    7.177669e-08    2.690744e-06    1.249404e-06    -5.349255e-07    -1.527608e-06    5.943755e-07    -2.77351e-06    -2.713641e-06    7.348714e-07    1.885592e-06
5.127694e-08    -6.517505e-07    -6.169003e-07    4.920775e-07    5.844216e-08    6.941342e-07    -2.03468e-07    -1.034048e-06    1.01947e-08    7.177669e-08    7.237073e-06    -6.570187e-07    -6.570981e-06    -2.4095e-07    1.011372e-06    5.224371e-07    -3.159772e-07    2.381888e-07    1.082412e-06    -1.228945e-06
2.845055e-06    1.019435e-05    5.872471e-06    -7.152264e-07    -6.1791e-06    -2.680077e-06    1.90839e-06    1.914616e-07    -4.673579e-06    2.690744e-06    -6.570187e-07    1.787854e-05    5.888056e-06    -8.092161e-06    -6.093986e-06    1.985627e-06    -6.93696e-06    -7.677564e-06    1.793345e-06    5.272073e-06
1.945709e-06    7.708326e-06    4.712625e-06    -1.1105e-06    -3.884241e-06    -2.436826e-06    1.155292e-06    1.381209e-06    -2.259953e-06    1.249404e-06    -6.570981e-06    5.888056e-06    1.463422e-05    -1.604699e-06    -7.426766e-06    6.270791e-07    -4.637525e-06    -4.988686e-06    6.460586e-07    4.370918e-06
-5.91615e-07    -2.288263e-06    -1.161334e-06    5.599036e-07    1.209352e-06    3.814565e-07    -9.612095e-07    -6.637374e-08    1.738614e-06    -5.349255e-07    -2.4095e-07    -8.092161e-06    -1.604699e-06    8.025108e-06    3.30577e-07    -8.811488e-07    1.146257e-06    2.579357e-06    -1.108801e-07    -1.748646e-06
-2.084707e-06    -7.064768e-06    -4.160688e-06    3.945929e-07    4.065877e-06    1.934501e-06    -9.439963e-07    -4.190117e-07    2.368098e-06    -1.527608e-06    1.011372e-06    -6.093986e-06    -7.426766e-06    3.30577e-07    7.432968e-06    -9.84301e-07    5.040081e-06    4.665644e-06    -1.58633e-06    -3.271932e-06
1.103998e-06    9.957369e-07    4.364426e-07    7.574259e-07    -1.419688e-06    5.152124e-07    2.37926e-07    -7.555296e-07    -1.377892e-06    5.943755e-07    5.224371e-07    1.985627e-06    6.270791e-07    -8.811488e-07    -9.84301e-07    5.810362e-06    -1.468422e-06    -5.550408e-06    9.777093e-07    9.237669e-07
-2.313945e-06    -7.568797e-06    -5.285114e-06    -1.006293e-06    6.020751e-06    1.916562e-06    1.563902e-07    1.205152e-06    2.500405e-06    -2.77351e-06    -3.159772e-07    -6.93696e-06    -4.637525e-06    1.146257e-06    5.040081e-06    -1.468422e-06    1.138956e-05    3.532921e-06    -5.284722e-06    -2.000408e-06
-2.226514e-06    -6.315786e-06    -4.22185e-06    -6.542818e-07    5.091964e-06    1.026122e-06    -5.581362e-07    1.166701e-06    3.470733e-06    -2.713641e-06    2.381888e-07    -7.677564e-06    -4.988686e-06    2.579357e-06    4.665644e-06    -5.550408e-06    3.532921e-06    1.166372e-05    -1.632237e-06    -5.319604e-06
1.201035e-06    2.28112e-06    1.175353e-06    5.620662e-07    -1.875452e-06    -2.670852e-07    2.118783e-08    -7.002792e-07    -8.525479e-07    7.348714e-07    1.082412e-06    1.793345e-06    6.460586e-07    -1.108801e-07    -1.58633e-06    9.777093e-07    -5.284722e-06    -1.632237e-06    5.708089e-06    -1.156352e-06
8.553879e-07    4.523127e-06    3.578285e-06    2.628546e-08    -3.296355e-06    -1.458114e-06    9.427421e-09    -6.868607e-08    -1.536193e-06    1.885592e-06    -1.228945e-06    5.272073e-06    4.370918e-06    -1.748646e-06    -3.271932e-06    9.237669e-07    -2.000408e-06    -5.319604e-06    -1.156352e-06    5.848153e-06
