1.861523e-05    -7.574978e-06    -1.61217e-05    2.088944e-06    3.150723e-06    -5.258801e-07    1.862352e-06    3.620345e-06    5.474926e-07    -3.044659e-06
-7.574978e-06    2.85244e-05    8.369271e-06    -1.430804e-05    -5.794113e-06    1.349216e-06    -6.153709e-06    -7.481298e-06    6.986711e-07    6.23422e-06
-1.61217e-05    8.369271e-06    2.706447e-05    -3.085033e-06    -1.045444e-05    6.593979e-07    -6.977537e-06    -6.310748e-06    9.005974e-07    5.441137e-06
2.088944e-06    -1.430804e-05    -3.085033e-06    1.553907e-05    -1.672362e-06    4.03634e-07    -3.309626e-07    8.218717e-07    1.529927e-06    -2.163763e-06
3.150723e-06    -5.794113e-06    -1.045444e-05    -1.672362e-06    1.000909e-05    -8.758496e-07    6.006189e-06    4.715076e-06    -2.060087e-06    -3.193032e-06
-5.258801e-07    1.349216e-06    6.593979e-07    4.03634e-07    -8.758496e-07    5.810362e-06    -1.468422e-06    -5.550408e-06    9.777093e-07    9.237669e-07
1.862352e-06    -6.153709e-06    -6.977537e-06    -3.309626e-07    6.006189e-06    -1.468422e-06    1.138956e-05    3.532921e-06    -5.284722e-06    -2.000408e-06
3.620345e-06    -7.481298e-06    -6.310748e-06    8.218717e-07    4.715076e-06    -5.550408e-06    3.532921e-06    1.166372e-05    -1.632237e-06    -5.319604e-06
5.474926e-07    6.986711e-07    9.005974e-07    1.529927e-06    -2.060087e-06    9.777093e-07    -5.284722e-06    -1.632237e-06    5.708089e-06    -1.156352e-06
-3.044659e-06    6.23422e-06    5.441137e-06    -2.163763e-06    -3.193032e-06    9.237669e-07    -2.000408e-06    -5.319604e-06    -1.156352e-06    5.848153e-06
