5.822814e-06    1.144062e-06    -3.347841e-07    5.3992e-07    -4.367985e-06    1.566353e-06    -8.401368e-07    -5.490298e-07    1.735623e-06    -1.149463e-06    6.620389e-06    -6.556769e-07    -6.846072e-06    -9.956667e-08    -7.898444e-07    1.483385e-06    -5.257157e-06    -4.888164e-06    1.905396e-06    3.446401e-06    -6.576697e-07    2.919545e-06    3.450088e-06    -4.142976e-07    -2.94481e-06
1.144062e-06    6.940317e-06    2.053654e-06    -4.019397e-06    -2.213134e-06    7.149561e-07    -5.96131e-07    -1.147971e-07    7.760596e-07    1.661269e-08    4.26146e-06    -1.206323e-07    -2.145511e-06    -2.267265e-06    -6.658112e-07    -7.207438e-07    -3.931406e-06    -2.319733e-06    8.37241e-08    3.141014e-06    -9.132602e-07    4.147372e-06    2.715634e-06    -1.683435e-06    -1.386254e-06
-3.347841e-07    2.053654e-06    6.090265e-06    2.954975e-07    -5.512376e-06    6.637728e-07    -9.034384e-07    -1.644458e-06    2.73368e-07    1.123049e-06    3.491488e-06    1.280806e-07    -9.104492e-07    -7.906949e-07    -1.703731e-06    2.497325e-07    -2.357041e-06    -3.128492e-06    -3.087537e-07    2.74757e-06    -2.665861e-08    2.351026e-06    1.136359e-06    -1.023072e-06    -9.362491e-07
5.3992e-07    -4.019397e-06    2.954975e-07    7.617706e-06    -1.904709e-06    5.495244e-07    -1.219957e-06    -2.218653e-06    -1.649749e-07    1.470447e-06    -9.1762e-07    5.065792e-07    2.077652e-06    8.53336e-07    -9.465185e-07    1.532872e-06    1.676753e-07    -1.067685e-06    8.322953e-07    -4.270209e-07    7.555435e-07    -2.065961e-06    -1.311754e-06    1.105217e-06    1.655644e-07
-4.367985e-06    -2.213134e-06    -5.512376e-06    -1.904709e-06    1.682544e-05    -3.395867e-06    2.194421e-06    2.10366e-06    -3.687848e-06    1.453259e-06    -1.30825e-05    2.899289e-07    1.182356e-05    4.49932e-07    3.066043e-07    -2.127431e-06    9.184043e-06    8.871461e-06    -1.967515e-06    -6.947669e-06    6.118494e-07    -6.250428e-06    -5.292371e-06    1.537893e-06    4.440564e-06
1.566353e-06    7.149561e-07    6.637728e-07    5.495244e-07    -3.395867e-06    5.986784e-06    -5.296229e-07    -3.377952e-06    3.889622e-07    -6.078117e-07    5.922592e-06    -1.372638e-06    -4.250974e-06    -9.847438e-07    1.41277e-06    6.941342e-07    -2.680077e-06    -2.436826e-06    3.814565e-07    1.934501e-06    5.152124e-07    1.916562e-06    1.026122e-06    -2.670852e-07    -1.458114e-06
-8.401368e-07    -5.96131e-07    -9.034384e-07    -1.219957e-06    2.194421e-06    -5.296229e-07    5.636718e-06    8.171368e-07    -3.663831e-06    -6.033849e-07    -1.816909e-06    -9.575144e-07    -6.774854e-07    -5.400443e-07    1.900067e-06    -2.03468e-07    1.90839e-06    1.155292e-06    -9.612095e-07    -9.439963e-07    2.37926e-07    1.563902e-07    -5.581362e-07    2.118783e-08    9.427421e-09
-5.490298e-07    -1.147971e-07    -1.644458e-06    -2.218653e-06    2.10366e-06    -3.377952e-06    8.171368e-07    7.445097e-06    1.276807e-07    -3.790918e-06    -1.182092e-06    -1.398853e-07    -3.876883e-06    -4.172164e-09    1.916946e-06    -1.034048e-06    1.914616e-07    1.381209e-06    -6.637374e-08    -4.190117e-07    -7.555296e-07    1.205152e-06    1.166701e-06    -7.002792e-07    -6.868607e-08
1.735623e-06    7.760596e-07    2.73368e-07    -1.649749e-07    -3.687848e-06    3.889622e-07    -3.663831e-06    1.276807e-07    7.232965e-06    -2.657269e-06    6.62166e-06    -7.105684e-07    -6.442264e-06    4.914572e-07    -4.925298e-07    1.01947e-08    -4.673579e-06    -2.259953e-06    1.738614e-06    2.368098e-06    -1.377892e-06    2.500405e-06    3.470733e-06    -8.525479e-07    -1.536193e-06
-1.149463e-06    1.661269e-08    1.123049e-06    1.470447e-06    1.453259e-06    -6.078117e-07    -6.033849e-07    -3.790918e-06    -2.657269e-06    6.276715e-06    -5.045335e-06    1.348578e-06    9.145557e-06    2.886532e-07    -2.511409e-06    7.177669e-08    2.690744e-06    1.249404e-06    -5.349255e-07    -1.527608e-06    5.943755e-07    -2.77351e-06    -2.713641e-06    7.348714e-07    1.885592e-06
6.620389e-06    4.26146e-06    3.491488e-06    -9.1762e-07    -1.30825e-05    5.922592e-06    -1.816909e-06    -1.182092e-06    6.62166e-06    -5.045335e-06    3.447127e-05    -1.75381e-06    -2.926069e-05    -3.41665e-06    1.053693e-06    2.092615e-06    -1.374836e-05    -1.128836e-05    3.817006e-06    9.287652e-06    -1.502459e-06    8.381249e-06    8.74103e-06    -2.010897e-06    -6.595717e-06
-6.556769e-07    -1.206323e-07    1.280806e-07    5.065792e-07    2.899289e-07    -1.372638e-06    -9.575144e-07    -1.398853e-07    -7.105684e-07    1.348578e-06    -1.75381e-06    1.633123e-05    -2.068668e-06    -7.985345e-06    1.689296e-06    -9.293722e-07    3.386045e-07    6.931232e-07    -3.793826e-07    1.842309e-07    -8.221636e-07    -8.531552e-07    1.927884e-09    -4.333939e-07    1.095111e-06
-6.846072e-06    -2.145511e-06    -9.104492e-07    2.077652e-06    1.182356e-05    -4.250974e-06    -6.774854e-07    -3.876883e-06    -6.442264e-06    9.145557e-06    -2.926069e-05    -2.068668e-06    4.014613e-05    2.628551e-06    -8.016042e-06    -2.156122e-06    1.3215e-05    1.054285e-05    -4.071063e-06    -8.48025e-06    2.011633e-06    -9.075027e-06    -1.016398e-05    1.777144e-06    7.648531e-06
-9.956667e-08    -2.267265e-06    -7.906949e-07    8.53336e-07    4.49932e-07    -9.847438e-07    -5.400443e-07    -4.172164e-09    4.914572e-07    2.886532e-07    -3.41665e-06    -7.985345e-06    2.628551e-06    1.515576e-05    -6.47047e-06    9.858674e-07    2.537499e-07    -4.705746e-08    1.218314e-06    -1.005559e-06    6.090153e-07    -1.945103e-06    -1.094585e-06    9.241957e-07    2.188743e-07
-7.898444e-07    -6.658112e-07    -1.703731e-06    -9.465185e-07    3.066043e-07    1.41277e-06    1.900067e-06    1.916946e-06    -4.925298e-07    -2.511409e-06    1.053693e-06    1.689296e-06    -8.016042e-06    -6.47047e-06    1.560759e-05    -6.385984e-07    1.544511e-06    1.943303e-06    -9.846375e-07    -1.194506e-06    9.329938e-07    5.783746e-07    -6.969562e-07    5.475566e-07    -2.833059e-07
1.483385e-06    -7.207438e-07    2.497325e-07    1.532872e-06    -2.127431e-06    6.941342e-07    -2.03468e-07    -1.034048e-06    1.01947e-08    7.177669e-08    2.092615e-06    -9.293722e-07    -2.156122e-06    9.858674e-07    -6.385984e-07    7.237073e-06    -6.570187e-07    -6.570981e-06    -2.4095e-07    1.011372e-06    5.224371e-07    -3.159772e-07    2.381888e-07    1.082412e-06    -1.228945e-06
-5.257157e-06    -3.931406e-06    -2.357041e-06    1.676753e-07    9.184043e-06    -2.680077e-06    1.90839e-06    1.914616e-07    -4.673579e-06    2.690744e-06    -1.374836e-05    3.386045e-07    1.3215e-05    2.537499e-07    1.544511e-06    -6.570187e-07    1.787854e-05    5.888056e-06    -8.092161e-06    -6.093986e-06    1.985627e-06    -6.93696e-06    -7.677564e-06    1.793345e-06    5.272073e-06
-4.888164e-06    -2.319733e-06    -3.128492e-06    -1.067685e-06    8.871461e-06    -2.436826e-06    1.155292e-06    1.381209e-06    -2.259953e-06    1.249404e-06    -1.128836e-05    6.931232e-07    1.054285e-05    -4.705746e-08    1.943303e-06    -6.570981e-06    5.888056e-06    1.463422e-05    -1.604699e-06    -7.426766e-06    6.270791e-07    -4.637525e-06    -4.988686e-06    6.460586e-07    4.370918e-06
1.905396e-06    8.37241e-08    -3.087537e-07    8.322953e-07    -1.967515e-06    3.814565e-07    -9.612095e-07    -6.637374e-08    1.738614e-06    -5.349255e-07    3.817006e-06    -3.793826e-07    -4.071063e-06    1.218314e-06    -9.846375e-07    -2.4095e-07    -8.092161e-06    -1.604699e-06    8.025108e-06    3.30577e-07    -8.811488e-07    1.146257e-06    2.579357e-06    -1.108801e-07    -1.748646e-06
3.446401e-06    3.141014e-06    2.74757e-06    -4.270209e-07    -6.947669e-06    1.934501e-06    -9.439963e-07    -4.190117e-07    2.368098e-06    -1.527608e-06    9.287652e-06    1.842309e-07    -8.48025e-06    -1.005559e-06    -1.194506e-06    1.011372e-06    -6.093986e-06    -7.426766e-06    3.30577e-07    7.432968e-06    -9.84301e-07    5.040081e-06    4.665644e-06    -1.58633e-06    -3.271932e-06
-6.576697e-07    -9.132602e-07    -2.665861e-08    7.555435e-07    6.118494e-07    5.152124e-07    2.37926e-07    -7.555296e-07    -1.377892e-06    5.943755e-07    -1.502459e-06    -8.221636e-07    2.011633e-06    6.090153e-07    9.329938e-07    5.224371e-07    1.985627e-06    6.270791e-07    -8.811488e-07    -9.84301e-07    5.810362e-06    -1.468422e-06    -5.550408e-06    9.777093e-07    9.237669e-07
2.919545e-06    4.147372e-06    2.351026e-06    -2.065961e-06    -6.250428e-06    1.916562e-06    1.563902e-07    1.205152e-06    2.500405e-06    -2.77351e-06    8.381249e-06    -8.531552e-07    -9.075027e-06    -1.945103e-06    5.783746e-07    -3.159772e-07    -6.93696e-06    -4.637525e-06    1.146257e-06    5.040081e-06    -1.468422e-06    1.138956e-05    3.532921e-06    -5.284722e-06    -2.000408e-06
3.450088e-06    2.715634e-06    1.136359e-06    -1.311754e-06    -5.292371e-06    1.026122e-06    -5.581362e-07    1.166701e-06    3.470733e-06    -2.713641e-06    8.74103e-06    1.927884e-09    -1.016398e-05    -1.094585e-06    -6.969562e-07    2.381888e-07    -7.677564e-06    -4.988686e-06    2.579357e-06    4.665644e-06    -5.550408e-06    3.532921e-06    1.166372e-05    -1.632237e-06    -5.319604e-06
-4.142976e-07    -1.683435e-06    -1.023072e-06    1.105217e-06    1.537893e-06    -2.670852e-07    2.118783e-08    -7.002792e-07    -8.525479e-07    7.348714e-07    -2.010897e-06    -4.333939e-07    1.777144e-06    9.241957e-07    5.475566e-07    1.082412e-06    1.793345e-06    6.460586e-07    -1.108801e-07    -1.58633e-06    9.777093e-07    -5.284722e-06    -1.632237e-06    5.708089e-06    -1.156352e-06
-2.94481e-06    -1.386254e-06    -9.362491e-07    1.655644e-07    4.440564e-06    -1.458114e-06    9.427421e-09    -6.868607e-08    -1.536193e-06    1.885592e-06    -6.595717e-06    1.095111e-06    7.648531e-06    2.188743e-07    -2.833059e-07    -1.228945e-06    5.272073e-06    4.370918e-06    -1.748646e-06    -3.271932e-06    9.237669e-07    -2.000408e-06    -5.319604e-06    -1.156352e-06    5.848153e-06
