5.822814e-06    1.144062e-06    -3.347841e-07    5.3992e-07    -4.367985e-06    1.483385e-06    -5.257157e-06    -4.888164e-06    1.905396e-06    3.446401e-06    -6.576697e-07    2.919545e-06    3.450088e-06    -4.142976e-07    -2.94481e-06
1.144062e-06    6.940317e-06    2.053654e-06    -4.019397e-06    -2.213134e-06    -7.207438e-07    -3.931406e-06    -2.319733e-06    8.37241e-08    3.141014e-06    -9.132602e-07    4.147372e-06    2.715634e-06    -1.683435e-06    -1.386254e-06
-3.347841e-07    2.053654e-06    6.090265e-06    2.954975e-07    -5.512376e-06    2.497325e-07    -2.357041e-06    -3.128492e-06    -3.087537e-07    2.74757e-06    -2.665861e-08    2.351026e-06    1.136359e-06    -1.023072e-06    -9.362491e-07
5.3992e-07    -4.019397e-06    2.954975e-07    7.617706e-06    -1.904709e-06    1.532872e-06    1.676753e-07    -1.067685e-06    8.322953e-07    -4.270209e-07    7.555435e-07    -2.065961e-06    -1.311754e-06    1.105217e-06    1.655644e-07
-4.367985e-06    -2.213134e-06    -5.512376e-06    -1.904709e-06    1.682544e-05    -2.127431e-06    9.184043e-06    8.871461e-06    -1.967515e-06    -6.947669e-06    6.118494e-07    -6.250428e-06    -5.292371e-06    1.537893e-06    4.440564e-06
1.483385e-06    -7.207438e-07    2.497325e-07    1.532872e-06    -2.127431e-06    7.237073e-06    -6.570187e-07    -6.570981e-06    -2.4095e-07    1.011372e-06    5.224371e-07    -3.159772e-07    2.381888e-07    1.082412e-06    -1.228945e-06
-5.257157e-06    -3.931406e-06    -2.357041e-06    1.676753e-07    9.184043e-06    -6.570187e-07    1.787854e-05    5.888056e-06    -8.092161e-06    -6.093986e-06    1.985627e-06    -6.93696e-06    -7.677564e-06    1.793345e-06    5.272073e-06
-4.888164e-06    -2.319733e-06    -3.128492e-06    -1.067685e-06    8.871461e-06    -6.570981e-06    5.888056e-06    1.463422e-05    -1.604699e-06    -7.426766e-06    6.270791e-07    -4.637525e-06    -4.988686e-06    6.460586e-07    4.370918e-06
1.905396e-06    8.37241e-08    -3.087537e-07    8.322953e-07    -1.967515e-06    -2.4095e-07    -8.092161e-06    -1.604699e-06    8.025108e-06    3.30577e-07    -8.811488e-07    1.146257e-06    2.579357e-06    -1.108801e-07    -1.748646e-06
3.446401e-06    3.141014e-06    2.74757e-06    -4.270209e-07    -6.947669e-06    1.011372e-06    -6.093986e-06    -7.426766e-06    3.30577e-07    7.432968e-06    -9.84301e-07    5.040081e-06    4.665644e-06    -1.58633e-06    -3.271932e-06
-6.576697e-07    -9.132602e-07    -2.665861e-08    7.555435e-07    6.118494e-07    5.224371e-07    1.985627e-06    6.270791e-07    -8.811488e-07    -9.84301e-07    5.810362e-06    -1.468422e-06    -5.550408e-06    9.777093e-07    9.237669e-07
2.919545e-06    4.147372e-06    2.351026e-06    -2.065961e-06    -6.250428e-06    -3.159772e-07    -6.93696e-06    -4.637525e-06    1.146257e-06    5.040081e-06    -1.468422e-06    1.138956e-05    3.532921e-06    -5.284722e-06    -2.000408e-06
3.450088e-06    2.715634e-06    1.136359e-06    -1.311754e-06    -5.292371e-06    2.381888e-07    -7.677564e-06    -4.988686e-06    2.579357e-06    4.665644e-06    -5.550408e-06    3.532921e-06    1.166372e-05    -1.632237e-06    -5.319604e-06
-4.142976e-07    -1.683435e-06    -1.023072e-06    1.105217e-06    1.537893e-06    1.082412e-06    1.793345e-06    6.460586e-07    -1.108801e-07    -1.58633e-06    9.777093e-07    -5.284722e-06    -1.632237e-06    5.708089e-06    -1.156352e-06
-2.94481e-06    -1.386254e-06    -9.362491e-07    1.655644e-07    4.440564e-06    -1.228945e-06    5.272073e-06    4.370918e-06    -1.748646e-06    -3.271932e-06    9.237669e-07    -2.000408e-06    -5.319604e-06    -1.156352e-06    5.848153e-06
