5.822814e-06    1.144062e-06    -3.347841e-07    5.3992e-07    -4.367985e-06    -1.442761e-06    -3.695492e-06    -2.848215e-06    -2.261087e-07    3.512356e-06    1.566353e-06    -8.401368e-07    -5.490298e-07    1.735623e-06    -1.149463e-06    1.483385e-06    -5.257157e-06    -4.888164e-06    1.905396e-06    3.446401e-06    -6.576697e-07    2.919545e-06    3.450088e-06    -4.142976e-07    -2.94481e-06
1.144062e-06    6.940317e-06    2.053654e-06    -4.019397e-06    -2.213134e-06    -1.601445e-07    -3.44377e-06    -2.536152e-06    -4.60637e-07    2.176241e-06    7.149561e-07    -5.96131e-07    -1.147971e-07    7.760596e-07    1.661269e-08    -7.207438e-07    -3.931406e-06    -2.319733e-06    8.37241e-08    3.141014e-06    -9.132602e-07    4.147372e-06    2.715634e-06    -1.683435e-06    -1.386254e-06
-3.347841e-07    2.053654e-06    6.090265e-06    2.954975e-07    -5.512376e-06    -5.587283e-07    -1.463765e-06    -8.478135e-07    5.502152e-08    5.279436e-07    6.637728e-07    -9.034384e-07    -1.644458e-06    2.73368e-07    1.123049e-06    2.497325e-07    -2.357041e-06    -3.128492e-06    -3.087537e-07    2.74757e-06    -2.665861e-08    2.351026e-06    1.136359e-06    -1.023072e-06    -9.362491e-07
5.3992e-07    -4.019397e-06    2.954975e-07    7.617706e-06    -1.904709e-06    -4.989872e-07    1.591967e-06    1.51315e-06    4.769975e-07    -1.009036e-06    5.495244e-07    -1.219957e-06    -2.218653e-06    -1.649749e-07    1.470447e-06    1.532872e-06    1.676753e-07    -1.067685e-06    8.322953e-07    -4.270209e-07    7.555435e-07    -2.065961e-06    -1.311754e-06    1.105217e-06    1.655644e-07
-4.367985e-06    -2.213134e-06    -5.512376e-06    -1.904709e-06    1.682544e-05    2.21615e-06    6.445673e-06    5.231803e-06    -4.868225e-07    -5.425728e-06    -3.395867e-06    2.194421e-06    2.10366e-06    -3.687848e-06    1.453259e-06    -2.127431e-06    9.184043e-06    8.871461e-06    -1.967515e-06    -6.947669e-06    6.118494e-07    -6.250428e-06    -5.292371e-06    1.537893e-06    4.440564e-06
-1.442761e-06    -1.601445e-07    -5.587283e-07    -4.989872e-07    2.21615e-06    8.310243e-06    7.169591e-07    -4.005831e-06    -1.139772e-06    -1.311306e-06    -8.666512e-07    -1.076913e-07    6.175031e-07    9.654684e-08    6.71951e-07    -1.231073e-06    1.258497e-06    2.705403e-06    2.45732e-07    -1.71958e-06    2.630786e-07    -1.00568e-06    -1.378937e-06    -4.951256e-08    1.459289e-06
-3.695492e-06    -3.44377e-06    -1.463765e-06    1.591967e-06    6.445673e-06    7.169591e-07    1.271021e-05    7.131861e-06    -2.430606e-06    -6.207599e-06    -2.605868e-06    8.47456e-07    -5.370035e-07    -4.084213e-06    3.195163e-06    -4.249075e-07    9.675191e-06    6.010605e-06    -3.034559e-06    -5.615616e-06    1.951768e-06    -6.595383e-06    -7.007996e-06    1.781559e-06    4.424442e-06
-2.848215e-06    -2.536152e-06    -8.478135e-07    1.51315e-06    5.231803e-06    -4.005831e-06    7.131861e-06    1.191275e-05    9.718327e-07    -7.686366e-06    -1.467527e-06    4.875142e-07    -1.588292e-06    -3.768047e-06    3.101326e-06    -4.41755e-08    8.144949e-06    4.532803e-06    -2.817396e-06    -4.478386e-06    1.821451e-06    -5.678338e-06    -6.065567e-06    1.741537e-06    3.504827e-06
-2.261087e-07    -4.60637e-07    5.502152e-08    4.769975e-07    -4.868225e-07    -1.139772e-06    -2.430606e-06    9.718327e-07    5.917591e-06    -2.512549e-06    8.823332e-07    -5.933211e-07    -1.646082e-06    2.113061e-07    6.216639e-07    4.084543e-07    -1.945543e-08    -8.028523e-08    3.743524e-07    -3.175279e-07    7.223789e-07    -1.125371e-06    -7.4989e-07    9.91992e-07    -8.891564e-08
3.512356e-06    2.176241e-06    5.279436e-07    -1.009036e-06    -5.425728e-06    -1.311306e-06    -6.207599e-06    -7.686366e-06    -2.512549e-06    1.256022e-05    1.400436e-06    8.985256e-08    2.639213e-06    3.2615e-06    -4.521997e-06    5.897178e-07    -8.048526e-06    -5.039996e-06    2.189026e-06    4.804514e-06    -1.635452e-06    6.071769e-06    6.146685e-06    -1.616548e-06    -4.028381e-06
1.566353e-06    7.149561e-07    6.637728e-07    5.495244e-07    -3.395867e-06    -8.666512e-07    -2.605868e-06    -1.467527e-06    8.823332e-07    1.400436e-06    5.986784e-06    -5.296229e-07    -3.377952e-06    3.889622e-07    -6.078117e-07    6.941342e-07    -2.680077e-06    -2.436826e-06    3.814565e-07    1.934501e-06    5.152124e-07    1.916562e-06    1.026122e-06    -2.670852e-07    -1.458114e-06
-8.401368e-07    -5.96131e-07    -9.034384e-07    -1.219957e-06    2.194421e-06    -1.076913e-07    8.47456e-07    4.875142e-07    -5.933211e-07    8.985256e-08    -5.296229e-07    5.636718e-06    8.171368e-07    -3.663831e-06    -6.033849e-07    -2.03468e-07    1.90839e-06    1.155292e-06    -9.612095e-07    -9.439963e-07    2.37926e-07    1.563902e-07    -5.581362e-07    2.118783e-08    9.427421e-09
-5.490298e-07    -1.147971e-07    -1.644458e-06    -2.218653e-06    2.10366e-06    6.175031e-07    -5.370035e-07    -1.588292e-06    -1.646082e-06    2.639213e-06    -3.377952e-06    8.171368e-07    7.445097e-06    1.276807e-07    -3.790918e-06    -1.034048e-06    1.914616e-07    1.381209e-06    -6.637374e-08    -4.190117e-07    -7.555296e-07    1.205152e-06    1.166701e-06    -7.002792e-07    -6.868607e-08
1.735623e-06    7.760596e-07    2.73368e-07    -1.649749e-07    -3.687848e-06    9.654684e-08    -4.084213e-06    -3.768047e-06    2.113061e-07    3.2615e-06    3.889622e-07    -3.663831e-06    1.276807e-07    7.232965e-06    -2.657269e-06    1.01947e-08    -4.673579e-06    -2.259953e-06    1.738614e-06    2.368098e-06    -1.377892e-06    2.500405e-06    3.470733e-06    -8.525479e-07    -1.536193e-06
-1.149463e-06    1.661269e-08    1.123049e-06    1.470447e-06    1.453259e-06    6.71951e-07    3.195163e-06    3.101326e-06    6.216639e-07    -4.521997e-06    -6.078117e-07    -6.033849e-07    -3.790918e-06    -2.657269e-06    6.276715e-06    7.177669e-08    2.690744e-06    1.249404e-06    -5.349255e-07    -1.527608e-06    5.943755e-07    -2.77351e-06    -2.713641e-06    7.348714e-07    1.885592e-06
1.483385e-06    -7.207438e-07    2.497325e-07    1.532872e-06    -2.127431e-06    -1.231073e-06    -4.249075e-07    -4.41755e-08    4.084543e-07    5.897178e-07    6.941342e-07    -2.03468e-07    -1.034048e-06    1.01947e-08    7.177669e-08    7.237073e-06    -6.570187e-07    -6.570981e-06    -2.4095e-07    1.011372e-06    5.224371e-07    -3.159772e-07    2.381888e-07    1.082412e-06    -1.228945e-06
-5.257157e-06    -3.931406e-06    -2.357041e-06    1.676753e-07    9.184043e-06    1.258497e-06    9.675191e-06    8.144949e-06    -1.945543e-08    -8.048526e-06    -2.680077e-06    1.90839e-06    1.914616e-07    -4.673579e-06    2.690744e-06    -6.570187e-07    1.787854e-05    5.888056e-06    -8.092161e-06    -6.093986e-06    1.985627e-06    -6.93696e-06    -7.677564e-06    1.793345e-06    5.272073e-06
-4.888164e-06    -2.319733e-06    -3.128492e-06    -1.067685e-06    8.871461e-06    2.705403e-06    6.010605e-06    4.532803e-06    -8.028523e-08    -5.039996e-06    -2.436826e-06    1.155292e-06    1.381209e-06    -2.259953e-06    1.249404e-06    -6.570981e-06    5.888056e-06    1.463422e-05    -1.604699e-06    -7.426766e-06    6.270791e-07    -4.637525e-06    -4.988686e-06    6.460586e-07    4.370918e-06
1.905396e-06    8.37241e-08    -3.087537e-07    8.322953e-07    -1.967515e-06    2.45732e-07    -3.034559e-06    -2.817396e-06    3.743524e-07    2.189026e-06    3.814565e-07    -9.612095e-07    -6.637374e-08    1.738614e-06    -5.349255e-07    -2.4095e-07    -8.092161e-06    -1.604699e-06    8.025108e-06    3.30577e-07    -8.811488e-07    1.146257e-06    2.579357e-06    -1.108801e-07    -1.748646e-06
3.446401e-06    3.141014e-06    2.74757e-06    -4.270209e-07    -6.947669e-06    -1.71958e-06    -5.615616e-06    -4.478386e-06    -3.175279e-07    4.804514e-06    1.934501e-06    -9.439963e-07    -4.190117e-07    2.368098e-06    -1.527608e-06    1.011372e-06    -6.093986e-06    -7.426766e-06    3.30577e-07    7.432968e-06    -9.84301e-07    5.040081e-06    4.665644e-06    -1.58633e-06    -3.271932e-06
-6.576697e-07    -9.132602e-07    -2.665861e-08    7.555435e-07    6.118494e-07    2.630786e-07    1.951768e-06    1.821451e-06    7.223789e-07    -1.635452e-06    5.152124e-07    2.37926e-07    -7.555296e-07    -1.377892e-06    5.943755e-07    5.224371e-07    1.985627e-06    6.270791e-07    -8.811488e-07    -9.84301e-07    5.810362e-06    -1.468422e-06    -5.550408e-06    9.777093e-07    9.237669e-07
2.919545e-06    4.147372e-06    2.351026e-06    -2.065961e-06    -6.250428e-06    -1.00568e-06    -6.595383e-06    -5.678338e-06    -1.125371e-06    6.071769e-06    1.916562e-06    1.563902e-07    1.205152e-06    2.500405e-06    -2.77351e-06    -3.159772e-07    -6.93696e-06    -4.637525e-06    1.146257e-06    5.040081e-06    -1.468422e-06    1.138956e-05    3.532921e-06    -5.284722e-06    -2.000408e-06
3.450088e-06    2.715634e-06    1.136359e-06    -1.311754e-06    -5.292371e-06    -1.378937e-06    -7.007996e-06    -6.065567e-06    -7.4989e-07    6.146685e-06    1.026122e-06    -5.581362e-07    1.166701e-06    3.470733e-06    -2.713641e-06    2.381888e-07    -7.677564e-06    -4.988686e-06    2.579357e-06    4.665644e-06    -5.550408e-06    3.532921e-06    1.166372e-05    -1.632237e-06    -5.319604e-06
-4.142976e-07    -1.683435e-06    -1.023072e-06    1.105217e-06    1.537893e-06    -4.951256e-08    1.781559e-06    1.741537e-06    9.91992e-07    -1.616548e-06    -2.670852e-07    2.118783e-08    -7.002792e-07    -8.525479e-07    7.348714e-07    1.082412e-06    1.793345e-06    6.460586e-07    -1.108801e-07    -1.58633e-06    9.777093e-07    -5.284722e-06    -1.632237e-06    5.708089e-06    -1.156352e-06
-2.94481e-06    -1.386254e-06    -9.362491e-07    1.655644e-07    4.440564e-06    1.459289e-06    4.424442e-06    3.504827e-06    -8.891564e-08    -4.028381e-06    -1.458114e-06    9.427421e-09    -6.868607e-08    -1.536193e-06    1.885592e-06    -1.228945e-06    5.272073e-06    4.370918e-06    -1.748646e-06    -3.271932e-06    9.237669e-07    -2.000408e-06    -5.319604e-06    -1.156352e-06    5.848153e-06
