6.002168e-06    2.499985e-06    -7.291535e-07    -1.204992e-06    -4.233417e-06    1.457378e-06    -6.926476e-07    2.907722e-07    2.373275e-06    -1.912256e-06    7.765124e-07    -5.863339e-06    -4.171092e-06    1.983939e-06    3.494694e-06    -1.047185e-06    3.777873e-06    4.020881e-06    -9.740418e-07    -2.687388e-06
2.499985e-06    7.134593e-06    1.792764e-06    -4.538308e-06    -3.642903e-06    1.226838e-06    -1.137399e-06    -3.94568e-07    2.062425e-06    -6.044142e-07    -2.080189e-07    -5.675558e-06    -3.811624e-06    1.002371e-06    4.130171e-06    -1.300268e-06    4.271625e-06    3.966279e-06    -1.661629e-06    -2.17271e-06
-7.291535e-07    1.792764e-06    5.383775e-06    3.909532e-07    -4.562798e-06    1.43286e-07    -5.299053e-07    -6.806392e-07    1.432653e-07    9.212383e-07    4.655693e-07    -2.519925e-06    -2.626365e-06    5.359659e-07    2.177831e-06    -4.866427e-07    1.573162e-06    1.440323e-06    -6.992653e-07    -9.01975e-07
-1.204992e-06    -4.538308e-06    3.909532e-07    7.847648e-06    2.826005e-07    -1.229061e-06    4.42208e-07    -6.070105e-07    -1.814644e-06    1.657926e-06    1.140414e-06    2.513274e-06    6.682436e-07    2.660474e-07    -1.995982e-06    5.508158e-07    -3.00863e-06    -2.046506e-06    1.228753e-06    1.037038e-06
-4.233417e-06    -3.642903e-06    -4.562798e-06    2.826005e-07    1.605163e-05    -2.704868e-06    1.301685e-06    2.383117e-07    -3.763996e-06    2.187963e-06    -1.381508e-06    9.984332e-06    7.275534e-06    -3.052156e-06    -6.24629e-06    1.629453e-06    -6.144827e-06    -6.413525e-06    1.715936e-06    4.198124e-06
1.457378e-06    1.226838e-06    1.43286e-07    -1.229061e-06    -2.704868e-06    5.986784e-06    -5.296229e-07    -3.377952e-06    3.889622e-07    -6.078117e-07    6.941342e-07    -2.680077e-06    -2.436826e-06    3.814565e-07    1.934501e-06    5.152124e-07    1.916562e-06    1.026122e-06    -2.670852e-07    -1.458114e-06
-6.926476e-07    -1.137399e-06    -5.299053e-07    4.42208e-07    1.301685e-06    -5.296229e-07    5.636718e-06    8.171368e-07    -3.663831e-06    -6.033849e-07    -2.03468e-07    1.90839e-06    1.155292e-06    -9.612095e-07    -9.439963e-07    2.37926e-07    1.563902e-07    -5.581362e-07    2.118783e-08    9.427421e-09
2.907722e-07    -3.94568e-07    -6.806392e-07    -6.070105e-07    2.383117e-07    -3.377952e-06    8.171368e-07    7.445097e-06    1.276807e-07    -3.790918e-06    -1.034048e-06    1.914616e-07    1.381209e-06    -6.637374e-08    -4.190117e-07    -7.555296e-07    1.205152e-06    1.166701e-06    -7.002792e-07    -6.868607e-08
2.373275e-06    2.062425e-06    1.432653e-07    -1.814644e-06    -3.763996e-06    3.889622e-07    -3.663831e-06    1.276807e-07    7.232965e-06    -2.657269e-06    1.01947e-08    -4.673579e-06    -2.259953e-06    1.738614e-06    2.368098e-06    -1.377892e-06    2.500405e-06    3.470733e-06    -8.525479e-07    -1.536193e-06
-1.912256e-06    -6.044142e-07    9.212383e-07    1.657926e-06    2.187963e-06    -6.078117e-07    -6.033849e-07    -3.790918e-06    -2.657269e-06    6.276715e-06    7.177669e-08    2.690744e-06    1.249404e-06    -5.349255e-07    -1.527608e-06    5.943755e-07    -2.77351e-06    -2.713641e-06    7.348714e-07    1.885592e-06
7.765124e-07    -2.080189e-07    4.655693e-07    1.140414e-06    -1.381508e-06    6.941342e-07    -2.03468e-07    -1.034048e-06    1.01947e-08    7.177669e-08    7.237073e-06    -6.570187e-07    -6.570981e-06    -2.4095e-07    1.011372e-06    5.224371e-07    -3.159772e-07    2.381888e-07    1.082412e-06    -1.228945e-06
-5.863339e-06    -5.675558e-06    -2.519925e-06    2.513274e-06    9.984332e-06    -2.680077e-06    1.90839e-06    1.914616e-07    -4.673579e-06    2.690744e-06    -6.570187e-07    1.787854e-05    5.888056e-06    -8.092161e-06    -6.093986e-06    1.985627e-06    -6.93696e-06    -7.677564e-06    1.793345e-06    5.272073e-06
-4.171092e-06    -3.811624e-06    -2.626365e-06    6.682436e-07    7.275534e-06    -2.436826e-06    1.155292e-06    1.381209e-06    -2.259953e-06    1.249404e-06    -6.570981e-06    5.888056e-06    1.463422e-05    -1.604699e-06    -7.426766e-06    6.270791e-07    -4.637525e-06    -4.988686e-06    6.460586e-07    4.370918e-06
1.983939e-06    1.002371e-06    5.359659e-07    2.660474e-07    -3.052156e-06    3.814565e-07    -9.612095e-07    -6.637374e-08    1.738614e-06    -5.349255e-07    -2.4095e-07    -8.092161e-06    -1.604699e-06    8.025108e-06    3.30577e-07    -8.811488e-07    1.146257e-06    2.579357e-06    -1.108801e-07    -1.748646e-06
3.494694e-06    4.130171e-06    2.177831e-06    -1.995982e-06    -6.24629e-06    1.934501e-06    -9.439963e-07    -4.190117e-07    2.368098e-06    -1.527608e-06    1.011372e-06    -6.093986e-06    -7.426766e-06    3.30577e-07    7.432968e-06    -9.84301e-07    5.040081e-06    4.665644e-06    -1.58633e-06    -3.271932e-06
-1.047185e-06    -1.300268e-06    -4.866427e-07    5.508158e-07    1.629453e-06    5.152124e-07    2.37926e-07    -7.555296e-07    -1.377892e-06    5.943755e-07    5.224371e-07    1.985627e-06    6.270791e-07    -8.811488e-07    -9.84301e-07    5.810362e-06    -1.468422e-06    -5.550408e-06    9.777093e-07    9.237669e-07
3.777873e-06    4.271625e-06    1.573162e-06    -3.00863e-06    -6.144827e-06    1.916562e-06    1.563902e-07    1.205152e-06    2.500405e-06    -2.77351e-06    -3.159772e-07    -6.93696e-06    -4.637525e-06    1.146257e-06    5.040081e-06    -1.468422e-06    1.138956e-05    3.532921e-06    -5.284722e-06    -2.000408e-06
4.020881e-06    3.966279e-06    1.440323e-06    -2.046506e-06    -6.413525e-06    1.026122e-06    -5.581362e-07    1.166701e-06    3.470733e-06    -2.713641e-06    2.381888e-07    -7.677564e-06    -4.988686e-06    2.579357e-06    4.665644e-06    -5.550408e-06    3.532921e-06    1.166372e-05    -1.632237e-06    -5.319604e-06
-9.740418e-07    -1.661629e-06    -6.992653e-07    1.228753e-06    1.715936e-06    -2.670852e-07    2.118783e-08    -7.002792e-07    -8.525479e-07    7.348714e-07    1.082412e-06    1.793345e-06    6.460586e-07    -1.108801e-07    -1.58633e-06    9.777093e-07    -5.284722e-06    -1.632237e-06    5.708089e-06    -1.156352e-06
-2.687388e-06    -2.17271e-06    -9.01975e-07    1.037038e-06    4.198124e-06    -1.458114e-06    9.427421e-09    -6.868607e-08    -1.536193e-06    1.885592e-06    -1.228945e-06    5.272073e-06    4.370918e-06    -1.748646e-06    -3.271932e-06    9.237669e-07    -2.000408e-06    -5.319604e-06    -1.156352e-06    5.848153e-06
