3.147431e-06    -2.270696e-06    -2.616707e-06    5.260565e-07    1.832993e-07    1.883446e-07    -1.38821e-06    -1.050571e-06    2.564559e-07    8.234326e-07
-2.270696e-06    8.999813e-06    -1.52951e-06    -2.158703e-06    7.417984e-08    -1.277395e-06    2.344106e-06    3.449391e-06    -4.923685e-07    -2.145391e-06
-2.616707e-06    -1.52951e-06    6.475147e-06    -1.035103e-06    -8.321831e-07    -1.50258e-07    8.060879e-07    3.074421e-07    -3.218062e-07    -2.234623e-09
5.260565e-07    -2.158703e-06    -1.035103e-06    3.602277e-06    -7.012462e-08    3.537037e-07    1.308423e-06    3.935877e-07    -5.08975e-07    -4.478102e-07
1.832993e-07    7.417984e-08    -8.321831e-07    -7.012462e-08    5.490899e-07    -3.724902e-08    1.979543e-07    1.69095e-07    -2.568261e-08    -1.678964e-07
1.883446e-07    -1.277395e-06    -1.50258e-07    3.537037e-07    -3.724902e-08    5.810362e-06    -1.468422e-06    -5.550408e-06    9.777093e-07    9.237669e-07
-1.38821e-06    2.344106e-06    8.060879e-07    1.308423e-06    1.979543e-07    -1.468422e-06    1.138956e-05    3.532921e-06    -5.284722e-06    -2.000408e-06
-1.050571e-06    3.449391e-06    3.074421e-07    3.935877e-07    1.69095e-07    -5.550408e-06    3.532921e-06    1.166372e-05    -1.632237e-06    -5.319604e-06
2.564559e-07    -4.923685e-07    -3.218062e-07    -5.08975e-07    -2.568261e-08    9.777093e-07    -5.284722e-06    -1.632237e-06    5.708089e-06    -1.156352e-06
8.234326e-07    -2.145391e-06    -2.234623e-09    -4.478102e-07    -1.678964e-07    9.237669e-07    -2.000408e-06    -5.319604e-06    -1.156352e-06    5.848153e-06
