5.822814e-06    1.144062e-06    -3.347841e-07    5.3992e-07    -4.367985e-06    1.566353e-06    -8.401368e-07    -5.490298e-07    1.735623e-06    -1.149463e-06    -1.619405e-06    -3.591249e-06    -2.76378e-06    -3.866163e-07    5.09058e-06    1.483385e-06    -5.257157e-06    -4.888164e-06    1.905396e-06    3.446401e-06    -6.576697e-07    2.919545e-06    3.450088e-06    -4.142976e-07    -2.94481e-06
1.144062e-06    6.940317e-06    2.053654e-06    -4.019397e-06    -2.213134e-06    7.149561e-07    -5.96131e-07    -1.147971e-07    7.760596e-07    1.661269e-08    -7.56082e-07    -3.294681e-06    -2.697659e-06    4.019944e-07    3.839189e-06    -7.207438e-07    -3.931406e-06    -2.319733e-06    8.37241e-08    3.141014e-06    -9.132602e-07    4.147372e-06    2.715634e-06    -1.683435e-06    -1.386254e-06
-3.347841e-07    2.053654e-06    6.090265e-06    2.954975e-07    -5.512376e-06    6.637728e-07    -9.034384e-07    -1.644458e-06    2.73368e-07    1.123049e-06    -5.347997e-07    -1.46505e-06    -1.132721e-06    3.548186e-07    2.208041e-06    2.497325e-07    -2.357041e-06    -3.128492e-06    -3.087537e-07    2.74757e-06    -2.665861e-08    2.351026e-06    1.136359e-06    -1.023072e-06    -9.362491e-07
5.3992e-07    -4.019397e-06    2.954975e-07    7.617706e-06    -1.904709e-06    5.495244e-07    -1.219957e-06    -2.218653e-06    -1.649749e-07    1.470447e-06    3.674627e-07    1.802016e-06    1.248173e-06    -4.728093e-07    -1.535904e-06    1.532872e-06    1.676753e-07    -1.067685e-06    8.322953e-07    -4.270209e-07    7.555435e-07    -2.065961e-06    -1.311754e-06    1.105217e-06    1.655644e-07
-4.367985e-06    -2.213134e-06    -5.512376e-06    -1.904709e-06    1.682544e-05    -3.395867e-06    2.194421e-06    2.10366e-06    -3.687848e-06    1.453259e-06    2.471221e-06    6.818351e-06    5.035065e-06    -6.4972e-07    -8.714003e-06    -2.127431e-06    9.184043e-06    8.871461e-06    -1.967515e-06    -6.947669e-06    6.118494e-07    -6.250428e-06    -5.292371e-06    1.537893e-06    4.440564e-06
1.566353e-06    7.149561e-07    6.637728e-07    5.495244e-07    -3.395867e-06    5.986784e-06    -5.296229e-07    -3.377952e-06    3.889622e-07    -6.078117e-07    -3.933777e-07    -2.180234e-06    -1.955848e-06    4.017576e-07    2.264863e-06    6.941342e-07    -2.680077e-06    -2.436826e-06    3.814565e-07    1.934501e-06    5.152124e-07    1.916562e-06    1.026122e-06    -2.670852e-07    -1.458114e-06
-8.401368e-07    -5.96131e-07    -9.034384e-07    -1.219957e-06    2.194421e-06    -5.296229e-07    5.636718e-06    8.171368e-07    -3.663831e-06    -6.033849e-07    -5.128916e-07    2.88903e-07    9.944564e-07    -2.567766e-07    -8.692155e-07    -2.03468e-07    1.90839e-06    1.155292e-06    -9.612095e-07    -9.439963e-07    2.37926e-07    1.563902e-07    -5.581362e-07    2.118783e-08    9.427421e-09
-5.490298e-07    -1.147971e-07    -1.644458e-06    -2.218653e-06    2.10366e-06    -3.377952e-06    8.171368e-07    7.445097e-06    1.276807e-07    -3.790918e-06    -6.625794e-07    -1.401816e-06    -4.947151e-07    -6.634851e-07    1.400053e-06    -1.034048e-06    1.914616e-07    1.381209e-06    -6.637374e-08    -4.190117e-07    -7.555296e-07    1.205152e-06    1.166701e-06    -7.002792e-07    -6.868607e-08
1.735623e-06    7.760596e-07    2.73368e-07    -1.649749e-07    -3.687848e-06    3.889622e-07    -3.663831e-06    1.276807e-07    7.232965e-06    -2.657269e-06    -2.920041e-07    -3.943891e-06    -3.830872e-06    5.777834e-07    4.609928e-06    1.01947e-08    -4.673579e-06    -2.259953e-06    1.738614e-06    2.368098e-06    -1.377892e-06    2.500405e-06    3.470733e-06    -8.525479e-07    -1.536193e-06
-1.149463e-06    1.661269e-08    1.123049e-06    1.470447e-06    1.453259e-06    -6.078117e-07    -6.033849e-07    -3.790918e-06    -2.657269e-06    6.276715e-06    1.197299e-06    3.656639e-06    2.629808e-06    4.044891e-07    -4.202345e-06    7.177669e-08    2.690744e-06    1.249404e-06    -5.349255e-07    -1.527608e-06    5.943755e-07    -2.77351e-06    -2.713641e-06    7.348714e-07    1.885592e-06
-1.619405e-06    -7.56082e-07    -5.347997e-07    3.674627e-07    2.471221e-06    -3.933777e-07    -5.128916e-07    -6.625794e-07    -2.920041e-07    1.197299e-06    6.40453e-06    1.805346e-06    -1.789783e-06    3.080078e-09    -3.085656e-06    -8.501516e-07    1.805812e-06    2.674263e-06    -3.499357e-08    -1.935531e-06    8.016299e-07    -1.931785e-06    -2.163539e-06    6.514408e-07    1.530271e-06
-3.591249e-06    -3.294681e-06    -1.46505e-06    1.802016e-06    6.818351e-06    -2.180234e-06    2.88903e-07    -1.401816e-06    -3.943891e-06    3.656639e-06    1.805346e-06    1.318194e-05    6.971675e-06    -3.502478e-06    -9.198236e-06    -4.68646e-07    9.364363e-06    6.112839e-06    -2.780713e-06    -5.642292e-06    1.801574e-06    -6.702198e-06    -6.896276e-06    1.85715e-06    4.378182e-06
-2.76378e-06    -2.697659e-06    -1.132721e-06    1.248173e-06    5.035065e-06    -1.955848e-06    9.944564e-07    -4.947151e-07    -3.830872e-06    2.629808e-06    -1.789783e-06    6.971675e-06    1.050383e-05    -7.422984e-07    -9.049029e-06    -3.585154e-08    8.22746e-06    4.418567e-06    -2.771602e-06    -4.423496e-06    1.766242e-06    -5.501545e-06    -5.924274e-06    1.567498e-06    3.507283e-06
-3.866163e-07    4.019944e-07    3.548186e-07    -4.728093e-07    -6.4972e-07    4.017576e-07    -2.567766e-07    -6.634851e-07    5.777834e-07    4.044891e-07    3.080078e-09    -3.502478e-06    -7.422984e-07    5.972233e-06    -1.824118e-06    -1.718269e-07    -3.883841e-07    2.51538e-07    4.04381e-07    -1.896591e-07    2.683608e-07    -1.188092e-07    -2.127064e-07    1.78787e-07    7.169919e-08
5.09058e-06    3.839189e-06    2.208041e-06    -1.535904e-06    -8.714003e-06    2.264863e-06    -8.692155e-07    1.400053e-06    4.609928e-06    -4.202345e-06    -3.085656e-06    -9.198236e-06    -9.049029e-06    -1.824118e-06    1.634509e-05    1.171321e-06    -1.100589e-05    -8.327121e-06    2.802922e-06    7.429035e-06    -2.547978e-06    8.195564e-06    8.529724e-06    -2.53718e-06    -5.358236e-06
1.483385e-06    -7.207438e-07    2.497325e-07    1.532872e-06    -2.127431e-06    6.941342e-07    -2.03468e-07    -1.034048e-06    1.01947e-08    7.177669e-08    -8.501516e-07    -4.68646e-07    -3.585154e-08    -1.718269e-07    1.171321e-06    7.237073e-06    -6.570187e-07    -6.570981e-06    -2.4095e-07    1.011372e-06    5.224371e-07    -3.159772e-07    2.381888e-07    1.082412e-06    -1.228945e-06
-5.257157e-06    -3.931406e-06    -2.357041e-06    1.676753e-07    9.184043e-06    -2.680077e-06    1.90839e-06    1.914616e-07    -4.673579e-06    2.690744e-06    1.805812e-06    9.364363e-06    8.22746e-06    -3.883841e-07    -1.100589e-05    -6.570187e-07    1.787854e-05    5.888056e-06    -8.092161e-06    -6.093986e-06    1.985627e-06    -6.93696e-06    -7.677564e-06    1.793345e-06    5.272073e-06
-4.888164e-06    -2.319733e-06    -3.128492e-06    -1.067685e-06    8.871461e-06    -2.436826e-06    1.155292e-06    1.381209e-06    -2.259953e-06    1.249404e-06    2.674263e-06    6.112839e-06    4.418567e-06    2.51538e-07    -8.327121e-06    -6.570981e-06    5.888056e-06    1.463422e-05    -1.604699e-06    -7.426766e-06    6.270791e-07    -4.637525e-06    -4.988686e-06    6.460586e-07    4.370918e-06
1.905396e-06    8.37241e-08    -3.087537e-07    8.322953e-07    -1.967515e-06    3.814565e-07    -9.612095e-07    -6.637374e-08    1.738614e-06    -5.349255e-07    -3.499357e-08    -2.780713e-06    -2.771602e-06    4.04381e-07    2.802922e-06    -2.4095e-07    -8.092161e-06    -1.604699e-06    8.025108e-06    3.30577e-07    -8.811488e-07    1.146257e-06    2.579357e-06    -1.108801e-07    -1.748646e-06
3.446401e-06    3.141014e-06    2.74757e-06    -4.270209e-07    -6.947669e-06    1.934501e-06    -9.439963e-07    -4.190117e-07    2.368098e-06    -1.527608e-06    -1.935531e-06    -5.642292e-06    -4.423496e-06    -1.896591e-07    7.429035e-06    1.011372e-06    -6.093986e-06    -7.426766e-06    3.30577e-07    7.432968e-06    -9.84301e-07    5.040081e-06    4.665644e-06    -1.58633e-06    -3.271932e-06
-6.576697e-07    -9.132602e-07    -2.665861e-08    7.555435e-07    6.118494e-07    5.152124e-07    2.37926e-07    -7.555296e-07    -1.377892e-06    5.943755e-07    8.016299e-07    1.801574e-06    1.766242e-06    2.683608e-07    -2.547978e-06    5.224371e-07    1.985627e-06    6.270791e-07    -8.811488e-07    -9.84301e-07    5.810362e-06    -1.468422e-06    -5.550408e-06    9.777093e-07    9.237669e-07
2.919545e-06    4.147372e-06    2.351026e-06    -2.065961e-06    -6.250428e-06    1.916562e-06    1.563902e-07    1.205152e-06    2.500405e-06    -2.77351e-06    -1.931785e-06    -6.702198e-06    -5.501545e-06    -1.188092e-07    8.195564e-06    -3.159772e-07    -6.93696e-06    -4.637525e-06    1.146257e-06    5.040081e-06    -1.468422e-06    1.138956e-05    3.532921e-06    -5.284722e-06    -2.000408e-06
3.450088e-06    2.715634e-06    1.136359e-06    -1.311754e-06    -5.292371e-06    1.026122e-06    -5.581362e-07    1.166701e-06    3.470733e-06    -2.713641e-06    -2.163539e-06    -6.896276e-06    -5.924274e-06    -2.127064e-07    8.529724e-06    2.381888e-07    -7.677564e-06    -4.988686e-06    2.579357e-06    4.665644e-06    -5.550408e-06    3.532921e-06    1.166372e-05    -1.632237e-06    -5.319604e-06
-4.142976e-07    -1.683435e-06    -1.023072e-06    1.105217e-06    1.537893e-06    -2.670852e-07    2.118783e-08    -7.002792e-07    -8.525479e-07    7.348714e-07    6.514408e-07    1.85715e-06    1.567498e-06    1.78787e-07    -2.53718e-06    1.082412e-06    1.793345e-06    6.460586e-07    -1.108801e-07    -1.58633e-06    9.777093e-07    -5.284722e-06    -1.632237e-06    5.708089e-06    -1.156352e-06
-2.94481e-06    -1.386254e-06    -9.362491e-07    1.655644e-07    4.440564e-06    -1.458114e-06    9.427421e-09    -6.868607e-08    -1.536193e-06    1.885592e-06    1.530271e-06    4.378182e-06    3.507283e-06    7.169919e-08    -5.358236e-06    -1.228945e-06    5.272073e-06    4.370918e-06    -1.748646e-06    -3.271932e-06    9.237669e-07    -2.000408e-06    -5.319604e-06    -1.156352e-06    5.848153e-06
