7.481787e-06    2.106806e-06    -3.077257e-06    -1.156732e-06    -1.265952e-06    1.103998e-06    -2.313945e-06    -2.226514e-06    1.201035e-06    8.553879e-07
2.106806e-06    1.494939e-05    6.508715e-06    -2.827156e-06    -5.976005e-06    9.957369e-07    -7.568797e-06    -6.315786e-06    2.28112e-06    4.523127e-06
-3.077257e-06    6.508715e-06    1.065716e-05    1.27674e-06    -6.33017e-06    4.364426e-07    -5.285114e-06    -4.22185e-06    1.175353e-06    3.578285e-06
-1.156732e-06    -2.827156e-06    1.27674e-06    7.010674e-06    -2.997433e-06    7.574259e-07    -1.006293e-06    -6.542818e-07    5.620662e-07    2.628546e-08
-1.265952e-06    -5.976005e-06    -6.33017e-06    -2.997433e-06    1.015424e-05    -1.419688e-06    6.020751e-06    5.091964e-06    -1.875452e-06    -3.296355e-06
1.103998e-06    9.957369e-07    4.364426e-07    7.574259e-07    -1.419688e-06    5.810362e-06    -1.468422e-06    -5.550408e-06    9.777093e-07    9.237669e-07
-2.313945e-06    -7.568797e-06    -5.285114e-06    -1.006293e-06    6.020751e-06    -1.468422e-06    1.138956e-05    3.532921e-06    -5.284722e-06    -2.000408e-06
-2.226514e-06    -6.315786e-06    -4.22185e-06    -6.542818e-07    5.091964e-06    -5.550408e-06    3.532921e-06    1.166372e-05    -1.632237e-06    -5.319604e-06
1.201035e-06    2.28112e-06    1.175353e-06    5.620662e-07    -1.875452e-06    9.777093e-07    -5.284722e-06    -1.632237e-06    5.708089e-06    -1.156352e-06
8.553879e-07    4.523127e-06    3.578285e-06    2.628546e-08    -3.296355e-06    9.237669e-07    -2.000408e-06    -5.319604e-06    -1.156352e-06    5.848153e-06
