6.40453e-06    1.805346e-06    -1.789783e-06    3.080078e-09    -3.085656e-06    8.016299e-07    -1.931785e-06    -2.163539e-06    6.514408e-07    1.530271e-06
1.805346e-06    1.318194e-05    6.971675e-06    -3.502478e-06    -9.198236e-06    1.801574e-06    -6.702198e-06    -6.896276e-06    1.85715e-06    4.378182e-06
-1.789783e-06    6.971675e-06    1.050383e-05    -7.422984e-07    -9.049029e-06    1.766242e-06    -5.501545e-06    -5.924274e-06    1.567498e-06    3.507283e-06
3.080078e-09    -3.502478e-06    -7.422984e-07    5.972233e-06    -1.824118e-06    2.683608e-07    -1.188092e-07    -2.127064e-07    1.78787e-07    7.169919e-08
-3.085656e-06    -9.198236e-06    -9.049029e-06    -1.824118e-06    1.634509e-05    -2.547978e-06    8.195564e-06    8.529724e-06    -2.53718e-06    -5.358236e-06
8.016299e-07    1.801574e-06    1.766242e-06    2.683608e-07    -2.547978e-06    5.810362e-06    -1.468422e-06    -5.550408e-06    9.777093e-07    9.237669e-07
-1.931785e-06    -6.702198e-06    -5.501545e-06    -1.188092e-07    8.195564e-06    -1.468422e-06    1.138956e-05    3.532921e-06    -5.284722e-06    -2.000408e-06
-2.163539e-06    -6.896276e-06    -5.924274e-06    -2.127064e-07    8.529724e-06    -5.550408e-06    3.532921e-06    1.166372e-05    -1.632237e-06    -5.319604e-06
6.514408e-07    1.85715e-06    1.567498e-06    1.78787e-07    -2.53718e-06    9.777093e-07    -5.284722e-06    -1.632237e-06    5.708089e-06    -1.156352e-06
1.530271e-06    4.378182e-06    3.507283e-06    7.169919e-08    -5.358236e-06    9.237669e-07    -2.000408e-06    -5.319604e-06    -1.156352e-06    5.848153e-06
