1.28318e-05    -1.343508e-05    -1.148941e-05    7.33996e-06    2.126045e-06    -1.627421e-06    6.813152e-06    6.495914e-06    -1.978376e-06    -4.073576e-06
-1.343508e-05    3.78281e-05    3.641432e-06    -1.623158e-05    -3.169238e-06    3.23694e-06    -1.212731e-05    -1.145775e-05    4.020882e-06    7.120593e-06
-1.148941e-05    3.641432e-06    2.348911e-05    -9.899701e-06    -4.074325e-06    1.90776e-06    -8.046193e-06    -6.628618e-06    2.708503e-06    3.976939e-06
7.33996e-06    -1.623158e-05    -9.899701e-06    1.418406e-05    1.99351e-06    -1.23436e-06    7.908572e-06    6.040679e-06    -2.700689e-06    -3.939307e-06
2.126045e-06    -3.169238e-06    -4.074325e-06    1.99351e-06    2.511805e-06    -1.220239e-06    2.183362e-06    2.788922e-06    -8.237053e-07    -1.527091e-06
-1.627421e-06    3.23694e-06    1.90776e-06    -1.23436e-06    -1.220239e-06    5.810362e-06    -1.468422e-06    -5.550408e-06    9.777093e-07    9.237669e-07
6.813152e-06    -1.212731e-05    -8.046193e-06    7.908572e-06    2.183362e-06    -1.468422e-06    1.138956e-05    3.532921e-06    -5.284722e-06    -2.000408e-06
6.495914e-06    -1.145775e-05    -6.628618e-06    6.040679e-06    2.788922e-06    -5.550408e-06    3.532921e-06    1.166372e-05    -1.632237e-06    -5.319604e-06
-1.978376e-06    4.020882e-06    2.708503e-06    -2.700689e-06    -8.237053e-07    9.777093e-07    -5.284722e-06    -1.632237e-06    5.708089e-06    -1.156352e-06
-4.073576e-06    7.120593e-06    3.976939e-06    -3.939307e-06    -1.527091e-06    9.237669e-07    -2.000408e-06    -5.319604e-06    -1.156352e-06    5.848153e-06
