3.595145e-06    2.824355e-06    5.255563e-07    -1.665826e-06    -4.25713e-06    -5.304688e-07    1.701912e-06    -4.767598e-08    1.084569e-06    1.579153e-07
2.824355e-06    4.016311e-06    1.786867e-06    -2.101503e-06    -4.336606e-06    1.713549e-07    3.947517e-07    -5.743979e-07    1.458094e-06    3.381178e-07
5.255563e-07    1.786867e-06    2.326633e-06    -1.254505e-07    -2.34425e-06    4.88332e-07    -6.225994e-07    -5.996862e-07    5.923509e-07    3.072336e-07
-1.665826e-06    -2.101503e-06    -1.254505e-07    2.642525e-06    3.374383e-06    5.550195e-07    -9.716415e-07    -3.594575e-07    -1.028522e-06    -3.114234e-09
-4.25713e-06    -4.336606e-06    -2.34425e-06    3.374383e-06    1.06694e-05    4.346069e-07    -2.363918e-06    1.253533e-07    -1.792672e-06    -1.97515e-07
-5.304688e-07    1.713549e-07    4.88332e-07    5.550195e-07    4.346069e-07    1.62064e-06    -1.651653e-06    -1.458043e-06    1.938578e-07    1.489974e-07
1.701912e-06    3.947517e-07    -6.225994e-07    -9.716415e-07    -2.363918e-06    -1.651653e-06    4.443923e-06    7.937537e-07    -8.431933e-07    -1.561265e-07
-4.767598e-08    -5.743979e-07    -5.996862e-07    -3.594575e-07    1.253533e-07    -1.458043e-06    7.937537e-07    2.179687e-06    -5.967358e-07    -3.02069e-07
1.084569e-06    1.458094e-06    5.923509e-07    -1.028522e-06    -1.792672e-06    1.938578e-07    -8.431933e-07    -5.967358e-07    2.027902e-06    8.231542e-08
1.579153e-07    3.381178e-07    3.072336e-07    -3.114234e-09    -1.97515e-07    1.489974e-07    -1.561265e-07    -3.02069e-07    8.231542e-08    1.394023e-07
