3.595145e-06    2.824355e-06    5.255563e-07    -1.665826e-06    -4.25713e-06    -1.464146e-06    -5.003546e-06    -2.895222e-06    -6.273105e-07    3.506659e-06    2.073341e-06    -4.221526e-06    -2.48727e-06    1.991509e-06    1.042533e-06
2.824355e-06    4.016311e-06    1.786867e-06    -2.101503e-06    -4.336606e-06    -1.822916e-06    -5.618109e-06    -2.219235e-06    3.781074e-07    2.920852e-06    1.408524e-06    -3.353245e-06    -1.879262e-06    1.717619e-06    5.522521e-07
5.255563e-07    1.786867e-06    2.326633e-06    -1.254505e-07    -2.34425e-06    -1.116098e-06    -2.147092e-06    -2.781464e-07    9.915653e-07    7.541266e-07    2.116678e-07    1.044124e-08    -2.364336e-07    8.405873e-08    -3.022097e-07
-1.665826e-06    -2.101503e-06    -1.254505e-07    2.642525e-06    3.374383e-06    9.794511e-07    4.040596e-06    2.37486e-06    8.481361e-08    -2.633487e-06    -9.951572e-07    3.995253e-06    1.536847e-06    -2.063468e-06    -6.78545e-07
-4.25713e-06    -4.336606e-06    -2.34425e-06    3.374383e-06    1.06694e-05    3.16562e-06    8.337544e-06    4.26871e-06    -1.46027e-06    -4.929568e-06    -3.590467e-06    6.396474e-06    3.938275e-06    -3.413045e-06    -9.972014e-07
-1.464146e-06    -1.822916e-06    -1.116098e-06    9.794511e-07    3.16562e-06    1.895892e-06    2.157595e-06    4.194005e-07    -4.144055e-07    -1.334651e-06    -1.051188e-06    1.954611e-06    4.806276e-07    -1.106102e-06    1.908811e-07
-5.003546e-06    -5.618109e-06    -2.147092e-06    4.040596e-06    8.337544e-06    2.157595e-06    1.204235e-05    6.41291e-06    -7.662621e-07    -6.450913e-06    -3.410957e-06    8.484664e-06    5.064099e-06    -3.889718e-06    -2.017576e-06
-2.895222e-06    -2.219235e-06    -2.781464e-07    2.37486e-06    4.26871e-06    4.194005e-07    6.41291e-06    6.045488e-06    9.926894e-07    -4.932386e-06    -2.042503e-06    6.380973e-06    4.191443e-06    -3.064422e-06    -2.442863e-06
-6.273105e-07    3.781074e-07    9.915653e-07    8.481361e-08    -1.46027e-06    -4.144055e-07    -7.662621e-07    9.926894e-07    3.37897e-06    -1.880869e-06    2.994416e-07    2.098492e-06    4.747897e-07    -1.03357e-06    -6.86526e-07
3.506659e-06    2.920852e-06    7.541266e-07    -2.633487e-06    -4.929568e-06    -1.334651e-06    -6.450913e-06    -4.932386e-06    -1.880869e-06    7.032047e-06    2.198138e-06    -7.494797e-06    -3.847171e-06    3.195481e-06    2.073878e-06
2.073341e-06    1.408524e-06    2.116678e-07    -9.951572e-07    -3.590467e-06    -1.051188e-06    -3.410957e-06    -2.042503e-06    2.994416e-07    2.198138e-06    3.754343e-06    -3.832111e-06    -4.291812e-06    2.138215e-06    9.871281e-07
-4.221526e-06    -3.353245e-06    1.044124e-08    3.995253e-06    6.396474e-06    1.954611e-06    8.484664e-06    6.380973e-06    2.098492e-06    -7.494797e-06    -3.832111e-06    1.135959e-05    5.702841e-06    -5.382542e-06    -2.633526e-06
-2.48727e-06    -1.879262e-06    -2.364336e-07    1.536847e-06    3.938275e-06    4.806276e-07    5.064099e-06    4.191443e-06    4.747897e-07    -3.847171e-06    -4.291812e-06    5.702841e-06    6.4487e-06    -3.053533e-06    -2.333134e-06
1.991509e-06    1.717619e-06    8.405873e-08    -2.063468e-06    -3.413045e-06    -1.106102e-06    -3.889718e-06    -3.064422e-06    -1.03357e-06    3.195481e-06    2.138215e-06    -5.382542e-06    -3.053533e-06    3.048471e-06    1.052605e-06
1.042533e-06    5.522521e-07    -3.022097e-07    -6.78545e-07    -9.972014e-07    1.908811e-07    -2.017576e-06    -2.442863e-06    -6.86526e-07    2.073878e-06    9.871281e-07    -2.633526e-06    -2.333134e-06    1.052605e-06    1.67151e-06
