3.595145e-06    2.824355e-06    5.255563e-07    -1.665826e-06    -4.25713e-06    -1.29666e-06    -4.54592e-06    -3.962137e-06    -7.177446e-08    5.770168e-06
2.824355e-06    4.016311e-06    1.786867e-06    -2.101503e-06    -4.336606e-06    -8.692005e-07    -4.366776e-06    -3.906632e-06    1.799526e-07    5.666714e-06
5.255563e-07    1.786867e-06    2.326633e-06    -1.254505e-07    -2.34425e-06    -7.619794e-07    -1.377195e-06    -8.984854e-07    -2.397206e-07    2.159376e-06
-1.665826e-06    -2.101503e-06    -1.254505e-07    2.642525e-06    3.374383e-06    2.666171e-07    3.202742e-06    2.793117e-06    -5.087719e-07    -3.502776e-06
-4.25713e-06    -4.336606e-06    -2.34425e-06    3.374383e-06    1.06694e-05    1.890465e-06    7.753236e-06    6.447626e-06    -8.072701e-07    -8.839712e-06
-1.29666e-06    -8.692005e-07    -7.619794e-07    2.666171e-07    1.890465e-06    2.001764e-06    1.686116e-06    5.904205e-07    8.1742e-07    -3.160535e-06
-4.54592e-06    -4.366776e-06    -1.377195e-06    3.202742e-06    7.753236e-06    1.686116e-06    8.997597e-06    7.171972e-06    -6.955095e-07    -9.452042e-06
-3.962137e-06    -3.906632e-06    -8.984854e-07    2.793117e-06    6.447626e-06    5.904205e-07    7.171972e-06    6.910058e-06    -1.004171e-06    -7.518411e-06
-7.177446e-08    1.799526e-07    -2.397206e-07    -5.087719e-07    -8.072701e-07    8.1742e-07    -6.955095e-07    -1.004171e-06    1.524391e-06    -5.479888e-07
5.770168e-06    5.666714e-06    2.159376e-06    -3.502776e-06    -8.839712e-06    -3.160535e-06    -9.452042e-06    -7.518411e-06    -5.479888e-07    1.26785e-05
