3.595145e-06    2.824355e-06    5.255563e-07    -1.665826e-06    -4.25713e-06    -1.340602e-06    3.692416e-06    4.201619e-06    -1.08976e-06    -2.589726e-06
2.824355e-06    4.016311e-06    1.786867e-06    -2.101503e-06    -4.336606e-06    -1.204789e-06    4.171956e-06    3.692273e-06    -1.773244e-06    -1.884973e-06
5.255563e-07    1.786867e-06    2.326633e-06    -1.254505e-07    -2.34425e-06    -3.490055e-07    1.407303e-06    1.261044e-06    -6.991815e-07    -8.087807e-07
-1.665826e-06    -2.101503e-06    -1.254505e-07    2.642525e-06    3.374383e-06    3.709482e-07    -3.213914e-06    -1.932717e-06    1.270573e-06    1.008626e-06
-4.25713e-06    -4.336606e-06    -2.34425e-06    3.374383e-06    1.06694e-05    1.667891e-06    -5.769881e-06    -6.259681e-06    1.83418e-06    3.875933e-06
-1.340602e-06    -1.204789e-06    -3.490055e-07    3.709482e-07    1.667891e-06    1.596467e-06    -1.429157e-06    -2.774452e-06    9.084157e-07    8.853961e-07
3.692416e-06    4.171956e-06    1.407303e-06    -3.213914e-06    -5.769881e-06    -1.429157e-06    6.479871e-06    4.988231e-06    -2.458281e-06    -2.908665e-06
4.201619e-06    3.692273e-06    1.261044e-06    -1.932717e-06    -6.259681e-06    -2.774452e-06    4.988231e-06    6.890727e-06    -1.949096e-06    -3.549198e-06
-1.08976e-06    -1.773244e-06    -6.991815e-07    1.270573e-06    1.83418e-06    9.084157e-07    -2.458281e-06    -1.949096e-06    1.660576e-06    3.2462e-07
-2.589726e-06    -1.884973e-06    -8.087807e-07    1.008626e-06    3.875933e-06    8.853961e-07    -2.908665e-06    -3.549198e-06    3.2462e-07    2.98175e-06
