3.595145e-06    2.824355e-06    5.255563e-07    -1.665826e-06    -4.25713e-06    -1.464146e-06    -5.003546e-06    -2.895222e-06    -6.273105e-07    3.506659e-06    -2.583983e-06    3.824927e-06    4.27892e-06    -1.410351e-06    -2.413055e-06    2.943511e-06    -5.435474e-06    -5.582799e-06    1.013201e-06    3.417514e-06
2.824355e-06    4.016311e-06    1.786867e-06    -2.101503e-06    -4.336606e-06    -1.822916e-06    -5.618109e-06    -2.219235e-06    3.781074e-07    2.920852e-06    -3.871275e-06    3.446014e-06    7.195429e-06    -2.29179e-06    -2.750233e-06    1.69718e-06    -4.737578e-06    -5.594934e-06    3.928761e-07    4.301083e-06
5.255563e-07    1.786867e-06    2.326633e-06    -1.254505e-07    -2.34425e-06    -1.116098e-06    -2.147092e-06    -2.781464e-07    9.915653e-07    7.541266e-07    -2.126729e-06    5.433818e-07    5.189175e-06    -1.069848e-06    -1.556542e-06    7.719409e-07    -2.235052e-06    -2.760536e-06    7.751149e-07    2.261805e-06
-1.665826e-06    -2.101503e-06    -1.254505e-07    2.642525e-06    3.374383e-06    9.794511e-07    4.040596e-06    2.37486e-06    8.481361e-08    -2.633487e-06    1.534966e-06    -1.05026e-06    -4.014628e-06    1.708414e-06    1.840999e-06    -7.37015e-07    2.186989e-06    3.127993e-06    7.044128e-07    -2.68344e-06
-4.25713e-06    -4.336606e-06    -2.34425e-06    3.374383e-06    1.06694e-05    3.16562e-06    8.337544e-06    4.26871e-06    -1.46027e-06    -4.929568e-06    3.28997e-06    -3.717561e-06    -9.223354e-06    3.290627e-06    5.253151e-06    -4.488268e-06    7.203578e-06    9.340664e-06    -4.484697e-07    -6.231758e-06
-1.464146e-06    -1.822916e-06    -1.116098e-06    9.794511e-07    3.16562e-06    1.895892e-06    2.157595e-06    4.194005e-07    -4.144055e-07    -1.334651e-06    1.571381e-06    -1.125152e-06    -3.402784e-06    7.993063e-07    1.610111e-06    -2.111646e-06    2.349378e-06    3.848486e-06    -1.429917e-07    -2.22828e-06
-5.003546e-06    -5.618109e-06    -2.147092e-06    4.040596e-06    8.337544e-06    2.157595e-06    1.204235e-05    6.41291e-06    -7.662621e-07    -6.450913e-06    4.934384e-06    -5.06178e-06    -1.190711e-05    3.876e-06    5.783704e-06    -3.539071e-06    9.027316e-06    9.86412e-06    -4.661929e-07    -8.013793e-06
-2.895222e-06    -2.219235e-06    -2.781464e-07    2.37486e-06    4.26871e-06    4.194005e-07    6.41291e-06    6.045488e-06    9.926894e-07    -4.932386e-06    2.469324e-06    -1.837743e-06    -5.773476e-06    1.315818e-06    2.499989e-06    -1.516444e-06    5.710201e-06    5.160878e-06    -7.615822e-07    -4.297919e-06
-6.273105e-07    3.781074e-07    9.915653e-07    8.481361e-08    -1.46027e-06    -4.144055e-07    -7.662621e-07    9.926894e-07    3.37897e-06    -1.880869e-06    3.926596e-07    1.065504e-06    3.741754e-07    -9.67533e-07    -8.705387e-07    -5.521801e-07    3.238879e-07    -1.288236e-07    -2.62591e-07    5.48752e-07
3.506659e-06    2.920852e-06    7.541266e-07    -2.633487e-06    -4.929568e-06    -1.334651e-06    -6.450913e-06    -4.932386e-06    -1.880869e-06    7.032047e-06    -3.41315e-06    1.506411e-06    6.368884e-06    -5.84156e-07    -2.435245e-06    3.109793e-06    -5.47213e-06    -6.344017e-06    4.162251e-07    4.312112e-06
-2.583983e-06    -3.871275e-06    -2.126729e-06    1.534966e-06    3.28997e-06    1.571381e-06    4.934384e-06    2.469324e-06    3.926596e-07    -3.41315e-06    4.849772e-06    -3.047043e-06    -7.490563e-06    1.542418e-06    1.861612e-06    -1.083301e-06    4.938576e-06    5.018372e-06    -9.222658e-07    -4.067531e-06
3.824927e-06    3.446014e-06    5.433818e-07    -1.05026e-06    -3.717561e-06    -1.125152e-06    -5.06178e-06    -1.837743e-06    1.065504e-06    1.506411e-06    -3.047043e-06    7.856725e-06    1.943641e-06    -1.931082e-06    -1.853322e-06    1.602335e-06    -5.226915e-06    -4.356383e-06    1.218404e-06    2.671105e-06
4.27892e-06    7.195429e-06    5.189175e-06    -4.014628e-06    -9.223354e-06    -3.402784e-06    -1.190711e-05    -5.773476e-06    3.741754e-07    6.368884e-06    -7.490563e-06    1.943641e-06    2.079375e-05    -5.712522e-06    -7.156094e-06    3.100933e-06    -1.052189e-05    -1.185376e-05    1.65221e-06    1.022165e-05
-1.410351e-06    -2.29179e-06    -1.069848e-06    1.708414e-06    3.290627e-06    7.993063e-07    3.876e-06    1.315818e-06    -9.67533e-07    -5.84156e-07    1.542418e-06    -1.931082e-06    -5.712522e-06    3.202605e-06    2.5928e-06    -1.494309e-07    2.869647e-06    2.932455e-06    -3.023369e-07    -2.827834e-06
-2.413055e-06    -2.750233e-06    -1.556542e-06    1.840999e-06    5.253151e-06    1.610111e-06    5.783704e-06    2.499989e-06    -8.705387e-07    -2.435245e-06    1.861612e-06    -1.853322e-06    -7.156094e-06    2.5928e-06    3.888566e-06    -2.634854e-06    4.721412e-06    5.699953e-06    -3.195936e-07    -4.362278e-06
2.943511e-06    1.69718e-06    7.719409e-07    -7.37015e-07    -4.488268e-06    -2.111646e-06    -3.539071e-06    -1.516444e-06    -5.521801e-07    3.109793e-06    -1.083301e-06    1.602335e-06    3.100933e-06    -1.494309e-07    -2.634854e-06    5.343634e-06    -4.80044e-06    -6.384368e-06    1.096752e-06    2.820316e-06
-5.435474e-06    -4.737578e-06    -2.235052e-06    2.186989e-06    7.203578e-06    2.349378e-06    9.027316e-06    5.710201e-06    3.238879e-07    -5.47213e-06    4.938576e-06    -5.226915e-06    -1.052189e-05    2.869647e-06    4.721412e-06    -4.80044e-06    1.152969e-05    1.00048e-05    -3.703091e-06    -6.718147e-06
-5.582799e-06    -5.594934e-06    -2.760536e-06    3.127993e-06    9.340664e-06    3.848486e-06    9.86412e-06    5.160878e-06    -1.288236e-07    -6.344017e-06    5.018372e-06    -4.356383e-06    -1.185376e-05    2.932455e-06    5.699953e-06    -6.384368e-06    1.00048e-05    1.296327e-05    -1.702172e-06    -7.98713e-06
1.013201e-06    3.928761e-07    7.751149e-07    7.044128e-07    -4.484697e-07    -1.429917e-07    -4.661929e-07    -7.615822e-07    -2.62591e-07    4.162251e-07    -9.222658e-07    1.218404e-06    1.65221e-06    -3.023369e-07    -3.195936e-07    1.096752e-06    -3.703091e-06    -1.702172e-06    3.213827e-06    2.9082e-07
3.417514e-06    4.301083e-06    2.261805e-06    -2.68344e-06    -6.231758e-06    -2.22828e-06    -8.013793e-06    -4.297919e-06    5.48752e-07    4.312112e-06    -4.067531e-06    2.671105e-06    1.022165e-05    -2.827834e-06    -4.362278e-06    2.820316e-06    -6.718147e-06    -7.98713e-06    2.9082e-07    6.611452e-06
