3.595145e-06    2.824355e-06    5.255563e-07    -1.665826e-06    -4.25713e-06    -1.464146e-06    -5.003546e-06    -2.895222e-06    -6.273105e-07    3.506659e-06    -2.583983e-06    3.824927e-06    4.27892e-06    -1.410351e-06    -2.413055e-06    -1.162386e-06    4.214452e-06    4.967523e-06    -8.892213e-07    -3.272886e-06
2.824355e-06    4.016311e-06    1.786867e-06    -2.101503e-06    -4.336606e-06    -1.822916e-06    -5.618109e-06    -2.219235e-06    3.781074e-07    2.920852e-06    -3.871275e-06    3.446014e-06    7.195429e-06    -2.29179e-06    -2.750233e-06    -1.140309e-06    4.477268e-06    4.390578e-06    -1.419039e-06    -2.527394e-06
5.255563e-07    1.786867e-06    2.326633e-06    -1.254505e-07    -2.34425e-06    -1.116098e-06    -2.147092e-06    -2.781464e-07    9.915653e-07    7.541266e-07    -2.126729e-06    5.433818e-07    5.189175e-06    -1.069848e-06    -1.556542e-06    -2.316884e-08    1.15454e-06    1.380148e-06    -3.042322e-07    -9.975122e-07
-1.665826e-06    -2.101503e-06    -1.254505e-07    2.642525e-06    3.374383e-06    9.794511e-07    4.040596e-06    2.37486e-06    8.481361e-08    -2.633487e-06    1.534966e-06    -1.05026e-06    -4.014628e-06    1.708414e-06    1.840999e-06    7.931302e-07    -4.178335e-06    -3.017555e-06    1.626687e-06    1.662742e-06
-4.25713e-06    -4.336606e-06    -2.34425e-06    3.374383e-06    1.06694e-05    3.16562e-06    8.337544e-06    4.26871e-06    -1.46027e-06    -4.929568e-06    3.28997e-06    -3.717561e-06    -9.223354e-06    3.290627e-06    5.253151e-06    1.054939e-06    -6.003391e-06    -7.053435e-06    1.189277e-06    4.783262e-06
-1.464146e-06    -1.822916e-06    -1.116098e-06    9.794511e-07    3.16562e-06    1.895892e-06    2.157595e-06    4.194005e-07    -4.144055e-07    -1.334651e-06    1.571381e-06    -1.125152e-06    -3.402784e-06    7.993063e-07    1.610111e-06    1.474904e-08    -2.211087e-06    -1.404647e-06    9.881394e-07    7.736426e-07
-5.003546e-06    -5.618109e-06    -2.147092e-06    4.040596e-06    8.337544e-06    2.157595e-06    1.204235e-05    6.41291e-06    -7.662621e-07    -6.450913e-06    4.934384e-06    -5.06178e-06    -1.190711e-05    3.876e-06    5.783704e-06    2.494924e-06    -8.598658e-06    -1.034952e-05    2.248873e-06    6.080295e-06
-2.895222e-06    -2.219235e-06    -2.781464e-07    2.37486e-06    4.26871e-06    4.194005e-07    6.41291e-06    6.045488e-06    9.926894e-07    -4.932386e-06    2.469324e-06    -1.837743e-06    -5.773476e-06    1.315818e-06    2.499989e-06    2.220789e-06    -6.740459e-06    -7.615849e-06    1.822286e-06    5.105769e-06
-6.273105e-07    3.781074e-07    9.915653e-07    8.481361e-08    -1.46027e-06    -4.144055e-07    -7.662621e-07    9.926894e-07    3.37897e-06    -1.880869e-06    3.926596e-07    1.065504e-06    3.741754e-07    -9.67533e-07    -8.705387e-07    4.661619e-07    -3.390079e-06    -4.684762e-07    1.6387e-06    7.151106e-07
3.506659e-06    2.920852e-06    7.541266e-07    -2.633487e-06    -4.929568e-06    -1.334651e-06    -6.450913e-06    -4.932386e-06    -1.880869e-06    7.032047e-06    -3.41315e-06    1.506411e-06    6.368884e-06    -5.84156e-07    -2.435245e-06    -1.735677e-06    8.692024e-06    6.530776e-06    -3.036401e-06    -4.468353e-06
-2.583983e-06    -3.871275e-06    -2.126729e-06    1.534966e-06    3.28997e-06    1.571381e-06    4.934384e-06    2.469324e-06    3.926596e-07    -3.41315e-06    4.849772e-06    -3.047043e-06    -7.490563e-06    1.542418e-06    1.861612e-06    1.445496e-06    -5.229968e-06    -4.480421e-06    1.771842e-06    2.879586e-06
3.824927e-06    3.446014e-06    5.433818e-07    -1.05026e-06    -3.717561e-06    -1.125152e-06    -5.06178e-06    -1.837743e-06    1.065504e-06    1.506411e-06    -3.047043e-06    7.856725e-06    1.943641e-06    -1.931082e-06    -1.853322e-06    -1.639453e-06    7.262567e-07    4.535072e-06    8.423702e-07    -2.393524e-06
4.27892e-06    7.195429e-06    5.189175e-06    -4.014628e-06    -9.223354e-06    -3.402784e-06    -1.190711e-05    -5.773476e-06    3.741754e-07    6.368884e-06    -7.490563e-06    1.943641e-06    2.079375e-05    -5.712522e-06    -7.156094e-06    -1.65281e-06    1.131018e-05    9.786136e-06    -3.681406e-06    -6.642458e-06
-1.410351e-06    -2.29179e-06    -1.069848e-06    1.708414e-06    3.290627e-06    7.993063e-07    3.876e-06    1.315818e-06    -9.67533e-07    -5.84156e-07    1.542418e-06    -1.931082e-06    -5.712522e-06    3.202605e-06    2.5928e-06    2.410945e-07    -1.76894e-06    -2.490338e-06    8.834236e-08    1.642081e-06
-2.413055e-06    -2.750233e-06    -1.556542e-06    1.840999e-06    5.253151e-06    1.610111e-06    5.783704e-06    2.499989e-06    -8.705387e-07    -2.435245e-06    1.861612e-06    -1.853322e-06    -7.156094e-06    2.5928e-06    3.888566e-06    6.599935e-07    -3.600673e-06    -4.711964e-06    8.063845e-07    2.867519e-06
-1.162386e-06    -1.140309e-06    -2.316884e-08    7.931302e-07    1.054939e-06    1.474904e-08    2.494924e-06    2.220789e-06    4.661619e-07    -1.735677e-06    1.445496e-06    -1.639453e-06    -1.65281e-06    2.410945e-07    6.599935e-07    2.042946e-06    -2.69479e-06    -3.387163e-06    1.215098e-06    1.34942e-06
4.214452e-06    4.477268e-06    1.15454e-06    -4.178335e-06    -6.003391e-06    -2.211087e-06    -8.598658e-06    -6.740459e-06    -3.390079e-06    8.692024e-06    -5.229968e-06    7.262567e-07    1.131018e-05    -1.76894e-06    -3.600673e-06    -2.69479e-06    1.45984e-05    8.449231e-06    -6.309037e-06    -5.211504e-06
4.967523e-06    4.390578e-06    1.380148e-06    -3.017555e-06    -7.053435e-06    -1.404647e-06    -1.034952e-05    -7.615849e-06    -4.684762e-07    6.530776e-06    -4.480421e-06    4.535072e-06    9.786136e-06    -2.490338e-06    -4.711964e-06    -3.387163e-06    8.449231e-06    1.166077e-05    -1.988424e-06    -7.266528e-06
-8.892213e-07    -1.419039e-06    -3.042322e-07    1.626687e-06    1.189277e-06    9.881394e-07    2.248873e-06    1.822286e-06    1.6387e-06    -3.036401e-06    1.771842e-06    8.423702e-07    -3.681406e-06    8.834236e-08    8.063845e-07    1.215098e-06    -6.309037e-06    -1.988424e-06    3.870671e-06    3.912732e-07
-3.272886e-06    -2.527394e-06    -9.975122e-07    1.662742e-06    4.783262e-06    7.736426e-07    6.080295e-06    5.105769e-06    7.151106e-07    -4.468353e-06    2.879586e-06    -2.393524e-06    -6.642458e-06    1.642081e-06    2.867519e-06    1.34942e-06    -5.211504e-06    -7.266528e-06    3.912732e-07    5.803184e-06
