2.610806e-06    -6.932331e-07    -1.302551e-06    1.299365e-06    -8.407168e-07    -6.907621e-07    2.048096e-06    2.763947e-06    -1.568527e-06    -1.939179e-06    2.801438e-07    2.037341e-06    1.19444e-06    -1.698067e-07    -1.432613e-06
-6.932331e-07    1.820546e-06    1.15889e-06    -1.507002e-06    -4.918427e-07    8.623573e-07    -2.411108e-06    -1.581355e-06    1.510902e-06    1.169199e-06    2.867651e-07    -6.192307e-07    -8.52724e-07    5.066531e-07    1.243057e-07
-1.302551e-06    1.15889e-06    4.416799e-06    1.066789e-09    -2.817883e-06    -1.320578e-07    -2.517135e-06    -4.486838e-07    1.799645e-06    6.720765e-07    -5.686829e-07    1.254787e-06    7.263848e-07    -8.563317e-07    2.494322e-07
1.299365e-06    -1.507002e-06    1.066789e-09    3.692722e-06    -1.906334e-06    -1.424647e-06    3.355158e-06    2.501122e-06    -1.517283e-06    -2.293538e-06    -1.481344e-06    2.894143e-06    3.846966e-06    -1.358998e-06    -1.621876e-06
-8.407168e-07    -4.918427e-07    -2.817883e-06    -1.906334e-06    4.014613e-06    3.290871e-07    6.999047e-08    -1.038693e-06    -4.056426e-07    1.211147e-06    6.581517e-07    -2.707742e-06    -2.586425e-06    6.828133e-07    1.57916e-06
-6.907621e-07    8.623573e-07    -1.320578e-07    -1.424647e-06    3.290871e-07    4.849772e-06    -3.047043e-06    -7.490563e-06    1.542418e-06    1.861612e-06    1.481629e-06    -4.337819e-06    -3.744806e-06    1.85349e-06    1.941549e-06
2.048096e-06    -2.411108e-06    -2.517135e-06    3.355158e-06    6.999047e-08    -3.047043e-06    7.856725e-06    1.943641e-06    -1.931082e-06    -1.853322e-06    -1.791174e-06    2.832703e-06    4.484022e-06    -9.643343e-07    -2.402277e-06
2.763947e-06    -1.581355e-06    -4.486838e-07    2.501122e-06    -1.038693e-06    -7.490563e-06    1.943641e-06    2.079375e-05    -5.712522e-06    -7.156094e-06    -7.896322e-07    8.660938e-06    5.440096e-06    -3.384773e-06    -3.936245e-06
-1.568527e-06    1.510902e-06    1.799645e-06    -1.517283e-06    -4.056426e-07    1.542418e-06    -1.931082e-06    -5.712522e-06    3.202605e-06    2.5928e-06    -1.032372e-07    -2.107317e-06    -1.153577e-06    7.261434e-07    1.027464e-06
-1.939179e-06    1.169199e-06    6.720765e-07    -2.293538e-06    1.211147e-06    1.861612e-06    -1.853322e-06    -7.156094e-06    2.5928e-06    3.888566e-06    3.933194e-07    -3.287045e-06    -2.922872e-06    1.197757e-06    1.97965e-06
2.801438e-07    2.867651e-07    -5.686829e-07    -1.481344e-06    6.581517e-07    1.481629e-06    -1.791174e-06    -7.896322e-07    -1.032372e-07    3.933194e-07    1.596467e-06    -1.429157e-06    -2.774452e-06    9.084157e-07    8.853961e-07
2.037341e-06    -6.192307e-07    1.254787e-06    2.894143e-06    -2.707742e-06    -4.337819e-06    2.832703e-06    8.660938e-06    -2.107317e-06    -3.287045e-06    -1.429157e-06    6.479871e-06    4.988231e-06    -2.458281e-06    -2.908665e-06
1.19444e-06    -8.52724e-07    7.263848e-07    3.846966e-06    -2.586425e-06    -3.744806e-06    4.484022e-06    5.440096e-06    -1.153577e-06    -2.922872e-06    -2.774452e-06    4.988231e-06    6.890727e-06    -1.949096e-06    -3.549198e-06
-1.698067e-07    5.066531e-07    -8.563317e-07    -1.358998e-06    6.828133e-07    1.85349e-06    -9.643343e-07    -3.384773e-06    7.261434e-07    1.197757e-06    9.084157e-07    -2.458281e-06    -1.949096e-06    1.660576e-06    3.2462e-07
-1.432613e-06    1.243057e-07    2.494322e-07    -1.621876e-06    1.57916e-06    1.941549e-06    -2.402277e-06    -3.936245e-06    1.027464e-06    1.97965e-06    8.853961e-07    -2.908665e-06    -3.549198e-06    3.2462e-07    2.98175e-06
