4.849772e-06    -3.047043e-06    -7.490563e-06    1.542418e-06    1.861612e-06    -3.268325e-06    7.224309e-06    4.811117e-06    -5.328296e-06    -1.787234e-06
-3.047043e-06    7.856725e-06    1.943641e-06    -1.931082e-06    -1.853322e-06    3.801904e-06    -5.816657e-06    -4.278961e-06    4.127683e-06    1.799737e-06
-7.490563e-06    1.943641e-06    2.079375e-05    -5.712522e-06    -7.156094e-06    6.669766e-06    -1.502641e-05    -8.827651e-06    1.096948e-05    3.09581e-06
1.542418e-06    -1.931082e-06    -5.712522e-06    3.202605e-06    2.5928e-06    -2.045463e-06    3.813696e-06    1.980058e-06    -2.835062e-06    -4.944465e-07
1.861612e-06    -1.853322e-06    -7.156094e-06    2.5928e-06    3.888566e-06    -3.666825e-06    6.776887e-06    3.910534e-06    -4.462498e-06    -1.448367e-06
-3.268325e-06    3.801904e-06    6.669766e-06    -2.045463e-06    -3.666825e-06    7.716902e-06    -1.213243e-05    -8.158074e-06    7.231402e-06    2.228366e-06
7.224309e-06    -5.816657e-06    -1.502641e-05    3.813696e-06    6.776887e-06    -1.213243e-05    2.44415e-05    1.208992e-05    -1.38656e-05    -3.893199e-06
4.811117e-06    -4.278961e-06    -8.827651e-06    1.980058e-06    3.910534e-06    -8.158074e-06    1.208992e-05    1.090864e-05    -8.808035e-06    -3.11613e-06
-5.328296e-06    4.127683e-06    1.096948e-05    -2.835062e-06    -4.462498e-06    7.231402e-06    -1.38656e-05    -8.808035e-06    9.812327e-06    2.518798e-06
-1.787234e-06    1.799737e-06    3.09581e-06    -4.944465e-07    -1.448367e-06    2.228366e-06    -3.893199e-06    -3.11613e-06    2.518798e-06    1.462973e-06
