3.595145e-06    2.824355e-06    5.255563e-07    -1.665826e-06    -4.25713e-06    1.580095e-06    -9.75138e-07    1.887043e-07    2.64094e-06    -2.012803e-06    -2.583983e-06    3.824927e-06    4.27892e-06    -1.410351e-06    -2.413055e-06
2.824355e-06    4.016311e-06    1.786867e-06    -2.101503e-06    -4.336606e-06    1.35985e-06    -1.451707e-06    -4.435925e-07    2.286039e-06    -6.129035e-07    -3.871275e-06    3.446014e-06    7.195429e-06    -2.29179e-06    -2.750233e-06
5.255563e-07    1.786867e-06    2.326633e-06    -1.254505e-07    -2.34425e-06    1.785226e-07    -4.740941e-07    -7.510134e-07    4.486256e-08    9.829633e-07    -2.126729e-06    5.433818e-07    5.189175e-06    -1.069848e-06    -1.556542e-06
-1.665826e-06    -2.101503e-06    -1.254505e-07    2.642525e-06    3.374383e-06    -1.409451e-06    7.873229e-07    -6.417982e-07    -1.965491e-06    1.626026e-06    1.534966e-06    -1.05026e-06    -4.014628e-06    1.708414e-06    1.840999e-06
-4.25713e-06    -4.336606e-06    -2.34425e-06    3.374383e-06    1.06694e-05    -3.007851e-06    1.708106e-06    5.551242e-07    -4.265104e-06    2.344443e-06    3.28997e-06    -3.717561e-06    -9.223354e-06    3.290627e-06    5.253151e-06
1.580095e-06    1.35985e-06    1.785226e-07    -1.409451e-06    -3.007851e-06    2.610806e-06    -6.932331e-07    -1.302551e-06    1.299365e-06    -8.407168e-07    -6.907621e-07    2.048096e-06    2.763947e-06    -1.568527e-06    -1.939179e-06
-9.75138e-07    -1.451707e-06    -4.740941e-07    7.873229e-07    1.708106e-06    -6.932331e-07    1.820546e-06    1.15889e-06    -1.507002e-06    -4.918427e-07    8.623573e-07    -2.411108e-06    -1.581355e-06    1.510902e-06    1.169199e-06
1.887043e-07    -4.435925e-07    -7.510134e-07    -6.417982e-07    5.551242e-07    -1.302551e-06    1.15889e-06    4.416799e-06    1.066789e-09    -2.817883e-06    -1.320578e-07    -2.517135e-06    -4.486838e-07    1.799645e-06    6.720765e-07
2.64094e-06    2.286039e-06    4.486256e-08    -1.965491e-06    -4.265104e-06    1.299365e-06    -1.507002e-06    1.066789e-09    3.692722e-06    -1.906334e-06    -1.424647e-06    3.355158e-06    2.501122e-06    -1.517283e-06    -2.293538e-06
-2.012803e-06    -6.129035e-07    9.829633e-07    1.626026e-06    2.344443e-06    -8.407168e-07    -4.918427e-07    -2.817883e-06    -1.906334e-06    4.014613e-06    3.290871e-07    6.999047e-08    -1.038693e-06    -4.056426e-07    1.211147e-06
-2.583983e-06    -3.871275e-06    -2.126729e-06    1.534966e-06    3.28997e-06    -6.907621e-07    8.623573e-07    -1.320578e-07    -1.424647e-06    3.290871e-07    4.849772e-06    -3.047043e-06    -7.490563e-06    1.542418e-06    1.861612e-06
3.824927e-06    3.446014e-06    5.433818e-07    -1.05026e-06    -3.717561e-06    2.048096e-06    -2.411108e-06    -2.517135e-06    3.355158e-06    6.999047e-08    -3.047043e-06    7.856725e-06    1.943641e-06    -1.931082e-06    -1.853322e-06
4.27892e-06    7.195429e-06    5.189175e-06    -4.014628e-06    -9.223354e-06    2.763947e-06    -1.581355e-06    -4.486838e-07    2.501122e-06    -1.038693e-06    -7.490563e-06    1.943641e-06    2.079375e-05    -5.712522e-06    -7.156094e-06
-1.410351e-06    -2.29179e-06    -1.069848e-06    1.708414e-06    3.290627e-06    -1.568527e-06    1.510902e-06    1.799645e-06    -1.517283e-06    -4.056426e-07    1.542418e-06    -1.931082e-06    -5.712522e-06    3.202605e-06    2.5928e-06
-2.413055e-06    -2.750233e-06    -1.556542e-06    1.840999e-06    5.253151e-06    -1.939179e-06    1.169199e-06    6.720765e-07    -2.293538e-06    1.211147e-06    1.861612e-06    -1.853322e-06    -7.156094e-06    2.5928e-06    3.888566e-06
