3.490078e-06    1.213294e-06    1.097288e-06    2.060172e-07    -4.584124e-06    1.386294e-06    -5.701152e-07    -4.216225e-07    1.680811e-06    -1.322252e-06    -2.131228e-06    2.653212e-06    5.103729e-06    -1.439892e-06    -2.542415e-06    2.907737e-06    -6.426051e-06    -3.209257e-06    3.701025e-06    1.64294e-06    -6.813405e-07    2.027526e-06    2.41079e-06    -1.426582e-06    -3.064026e-06
1.213294e-06    3.784766e-06    2.010427e-06    -1.633096e-06    -2.675437e-06    1.335244e-06    -9.42931e-07    -8.514696e-08    1.386805e-06    -4.685438e-07    -3.535259e-06    2.941205e-06    5.574153e-06    -1.850047e-06    -1.596435e-06    3.13027e-06    -5.623458e-06    -4.592394e-06    4.606433e-06    1.178619e-06    1.318445e-06    9.569007e-07    6.910358e-07    -1.788311e-06    -1.74119e-06
1.097288e-06    2.010427e-06    2.951421e-06    -1.846875e-07    -3.412919e-06    8.797723e-07    -6.707995e-07    -1.296278e-06    4.741276e-07    6.690185e-07    -2.282874e-06    1.290762e-06    5.919173e-06    -2.140356e-06    -1.814142e-06    1.436061e-06    -3.088406e-06    -2.218802e-06    3.341445e-06    4.266862e-07    2.555523e-07    1.550876e-06    1.46608e-06    -1.499852e-06    -2.007369e-06
2.060172e-07    -1.633096e-06    -1.846875e-07    2.647575e-06    9.443321e-07    -2.552144e-08    -3.676112e-07    -1.639144e-06    -7.822841e-07    1.391606e-06    8.417757e-07    2.605355e-07    -1.216161e-06    2.904874e-07    2.07687e-07    -1.953193e-06    2.836283e-06    2.355e-06    -1.625126e-06    -2.036425e-07    -9.191858e-07    1.612516e-07    -2.326019e-07    4.162629e-07    8.260441e-07
-4.584124e-06    -2.675437e-06    -3.412919e-06    9.443321e-07    1.169766e-05    -3.403236e-06    1.602881e-06    1.421841e-06    -3.721297e-06    2.160274e-06    3.191537e-06    -3.013047e-06    -1.156947e-05    4.638381e-06    5.833045e-06    -6.538603e-06    1.195028e-05    6.311411e-06    -7.197216e-06    -1.935153e-06    7.672583e-07    -3.449169e-06    -5.056085e-06    1.952706e-06    6.387133e-06
1.386294e-06    1.335244e-06    8.797723e-07    -2.552144e-08    -3.403236e-06    2.610806e-06    -6.932331e-07    -1.302551e-06    1.299365e-06    -8.407168e-07    -6.907621e-07    2.048096e-06    2.763947e-06    -1.568527e-06    -1.939179e-06    2.746692e-06    -3.548612e-06    -3.249655e-06    2.727863e-06    8.076691e-07    1.341099e-07    1.208688e-06    9.721633e-07    -8.234021e-07    -1.638761e-06
-5.701152e-07    -9.42931e-07    -6.707995e-07    -3.676112e-07    1.602881e-06    -6.932331e-07    1.820546e-06    1.15889e-06    -1.507002e-06    -4.918427e-07    8.623573e-07    -2.411108e-06    -1.581355e-06    1.510902e-06    1.169199e-06    -9.459864e-07    1.621295e-06    6.094435e-07    -1.118913e-06    -2.545379e-07    2.986712e-07    -4.55979e-07    -6.234384e-07    1.118785e-07    2.655503e-07
-4.216225e-07    -8.514696e-08    -1.296278e-06    -1.639144e-06    1.421841e-06    -1.302551e-06    1.15889e-06    4.416799e-06    1.066789e-09    -2.817883e-06    -1.320578e-07    -2.517135e-06    -4.486838e-07    1.799645e-06    6.720765e-07    8.696244e-07    -3.057027e-06    -6.389314e-07    7.647405e-07    -1.687945e-08    1.737599e-06    -1.22143e-06    -1.659121e-07    9.722876e-07    -1.639571e-06
1.680811e-06    1.386805e-06    4.741276e-07    -7.822841e-07    -3.721297e-06    1.299365e-06    -1.507002e-06    1.066789e-09    3.692722e-06    -1.906334e-06    -1.424647e-06    3.355158e-06    2.501122e-06    -1.517283e-06    -2.293538e-06    4.181813e-06    -6.937615e-06    -3.631003e-06    3.653847e-06    1.172096e-06    -3.285687e-07    1.790881e-06    2.521894e-06    -1.084975e-06    -2.715901e-06
-1.322252e-06    -4.685438e-07    6.690185e-07    1.391606e-06    2.160274e-06    -8.407168e-07    -4.918427e-07    -2.817883e-06    -1.906334e-06    4.014613e-06    3.290871e-07    6.999047e-08    -1.038693e-06    -4.056426e-07    1.211147e-06    -3.328293e-06    6.62852e-06    2.907247e-06    -3.000958e-06    -6.928423e-07    -7.516915e-07    -7.607812e-07    -1.680672e-06    8.783584e-08    3.465832e-06
-2.131228e-06    -3.535259e-06    -2.282874e-06    8.417757e-07    3.191537e-06    -6.907621e-07    8.623573e-07    -1.320578e-07    -1.424647e-06    3.290871e-07    4.849772e-06    -3.047043e-06    -7.490563e-06    1.542418e-06    1.861612e-06    -3.268325e-06    7.224309e-06    4.811117e-06    -5.328296e-06    -1.787234e-06    -1.057441e-06    -1.622859e-06    -1.386782e-06    2.339968e-06    2.729931e-06
2.653212e-06    2.941205e-06    1.290762e-06    2.605355e-07    -3.013047e-06    2.048096e-06    -2.411108e-06    -2.517135e-06    3.355158e-06    6.999047e-08    -3.047043e-06    7.856725e-06    1.943641e-06    -1.931082e-06    -1.853322e-06    3.801904e-06    -5.816657e-06    -4.278961e-06    4.127683e-06    1.799737e-06    -6.575269e-07    2.467319e-06    1.696451e-06    -2.55745e-06    -1.068503e-06
5.103729e-06    5.574153e-06    5.919173e-06    -1.216161e-06    -1.156947e-05    2.763947e-06    -1.581355e-06    -4.486838e-07    2.501122e-06    -1.038693e-06    -7.490563e-06    1.943641e-06    2.079375e-05    -5.712522e-06    -7.156094e-06    6.669766e-06    -1.502641e-05    -8.827651e-06    1.096948e-05    3.09581e-06    1.423924e-06    3.100005e-06    4.781952e-06    -2.95909e-06    -7.814114e-06
-1.439892e-06    -1.850047e-06    -2.140356e-06    2.904874e-07    4.638381e-06    -1.568527e-06    1.510902e-06    1.799645e-06    -1.517283e-06    -4.056426e-07    1.542418e-06    -1.931082e-06    -5.712522e-06    3.202605e-06    2.5928e-06    -2.045463e-06    3.813696e-06    1.980058e-06    -2.835062e-06    -4.944465e-07    5.604884e-07    -1.221763e-06    -1.762904e-06    7.988359e-07    1.479012e-06
-2.542415e-06    -1.596435e-06    -1.814142e-06    2.07687e-07    5.833045e-06    -1.939179e-06    1.169199e-06    6.720765e-07    -2.293538e-06    1.211147e-06    1.861612e-06    -1.853322e-06    -7.156094e-06    2.5928e-06    3.888566e-06    -3.666825e-06    6.776887e-06    3.910534e-06    -4.462498e-06    -1.448367e-06    -5.991074e-08    -1.522212e-06    -2.800307e-06    8.219047e-07    3.710287e-06
2.907737e-06    3.13027e-06    1.436061e-06    -1.953193e-06    -6.538603e-06    2.746692e-06    -9.459864e-07    8.696244e-07    4.181813e-06    -3.328293e-06    -3.268325e-06    3.801904e-06    6.669766e-06    -2.045463e-06    -3.666825e-06    7.716902e-06    -1.213243e-05    -8.158074e-06    7.231402e-06    2.228366e-06    9.071482e-07    2.720739e-06    3.244999e-06    -2.304424e-06    -5.140198e-06
-6.426051e-06    -5.623458e-06    -3.088406e-06    2.836283e-06    1.195028e-05    -3.548612e-06    1.621295e-06    -3.057027e-06    -6.937615e-06    6.62852e-06    7.224309e-06    -5.816657e-06    -1.502641e-05    3.813696e-06    6.776887e-06    -1.213243e-05    2.44415e-05    1.208992e-05    -1.38656e-05    -3.893199e-06    -1.460335e-06    -4.711882e-06    -6.600165e-06    3.760002e-06    1.051444e-05
-3.209257e-06    -4.592394e-06    -2.218802e-06    2.355e-06    6.311411e-06    -3.249655e-06    6.094435e-07    -6.389314e-07    -3.631003e-06    2.907247e-06    4.811117e-06    -4.278961e-06    -8.827651e-06    1.980058e-06    3.910534e-06    -8.158074e-06    1.208992e-05    1.090864e-05    -8.808035e-06    -3.11613e-06    -2.114325e-06    -2.885319e-06    -2.683041e-06    3.398356e-06    5.407097e-06
3.701025e-06    4.606433e-06    3.341445e-06    -1.625126e-06    -7.197216e-06    2.727863e-06    -1.118913e-06    7.647405e-07    3.653847e-06    -3.000958e-06    -5.328296e-06    4.127683e-06    1.096948e-05    -2.835062e-06    -4.462498e-06    7.231402e-06    -1.38656e-05    -8.808035e-06    9.812327e-06    2.518798e-06    1.805972e-06    3.263385e-06    3.6206e-06    -3.204842e-06    -6.505065e-06
1.64294e-06    1.178619e-06    4.266862e-07    -2.036425e-07    -1.935153e-06    8.076691e-07    -2.545379e-07    -1.687945e-08    1.172096e-06    -6.928423e-07    -1.787234e-06    1.799737e-06    3.09581e-06    -4.944465e-07    -1.448367e-06    2.228366e-06    -3.893199e-06    -3.11613e-06    2.518798e-06    1.462973e-06    2.550483e-07    8.511833e-07    1.10169e-06    -1.076708e-06    -1.635185e-06
-6.813405e-07    1.318445e-06    2.555523e-07    -9.191858e-07    7.672583e-07    1.341099e-07    2.986712e-07    1.737599e-06    -3.285687e-07    -7.516915e-07    -1.057441e-06    -6.575269e-07    1.423924e-06    5.604884e-07    -5.991074e-08    9.071482e-07    -1.460335e-06    -2.114325e-06    1.805972e-06    2.550483e-07    2.558072e-06    -1.030405e-06    -9.521974e-07    7.201107e-08    -8.596367e-07
2.027526e-06    9.569007e-07    1.550876e-06    1.612516e-07    -3.449169e-06    1.208688e-06    -4.55979e-07    -1.22143e-06    1.790881e-06    -7.607812e-07    -1.622859e-06    2.467319e-06    3.100005e-06    -1.221763e-06    -1.522212e-06    2.720739e-06    -4.711882e-06    -2.885319e-06    3.263385e-06    8.511833e-07    -1.030405e-06    3.057108e-06    2.216349e-06    -2.152236e-06    -2.453138e-06
2.41079e-06    6.910358e-07    1.46608e-06    -2.326019e-07    -5.056085e-06    9.721633e-07    -6.234384e-07    -1.659121e-07    2.521894e-06    -1.680672e-06    -1.386782e-06    1.696451e-06    4.781952e-06    -1.762904e-06    -2.800307e-06    3.244999e-06    -6.600165e-06    -2.683041e-06    3.6206e-06    1.10169e-06    -9.521974e-07    2.216349e-06    3.62826e-06    -1.11566e-06    -3.904295e-06
-1.426582e-06    -1.788311e-06    -1.499852e-06    4.162629e-07    1.952706e-06    -8.234021e-07    1.118785e-07    9.722876e-07    -1.084975e-06    8.783584e-08    2.339968e-06    -2.55745e-06    -2.95909e-06    7.988359e-07    8.219047e-07    -2.304424e-06    3.760002e-06    3.398356e-06    -3.204842e-06    -1.076708e-06    7.201107e-08    -2.152236e-06    -1.11566e-06    2.469577e-06    1.343457e-06
-3.064026e-06    -1.74119e-06    -2.007369e-06    8.260441e-07    6.387133e-06    -1.638761e-06    2.655503e-07    -1.639571e-06    -2.715901e-06    3.465832e-06    2.729931e-06    -1.068503e-06    -7.814114e-06    1.479012e-06    3.710287e-06    -5.140198e-06    1.051444e-05    5.407097e-06    -6.505065e-06    -1.635185e-06    -8.596367e-07    -2.453138e-06    -3.904295e-06    1.343457e-06    6.550864e-06
