2.610806e-06    -6.932331e-07    -1.302551e-06    1.299365e-06    -8.407168e-07    -6.907621e-07    2.048096e-06    2.763947e-06    -1.568527e-06    -1.939179e-06    -2.885437e-07    -2.231245e-08    1.020056e-07    1.543314e-06    6.2891e-09
-6.932331e-07    1.820546e-06    1.15889e-06    -1.507002e-06    -4.918427e-07    8.623573e-07    -2.411108e-06    -1.581355e-06    1.510902e-06    1.169199e-06    -1.088593e-06    9.338849e-07    9.382297e-07    -1.04828e-06    -5.087263e-08
-1.302551e-06    1.15889e-06    4.416799e-06    1.066789e-09    -2.817883e-06    -1.320578e-07    -2.517135e-06    -4.486838e-07    1.799645e-06    6.720765e-07    -1.835882e-06    2.480621e-06    1.907953e-06    -1.051265e-06    -2.631963e-07
1.299365e-06    -1.507002e-06    1.066789e-09    3.692722e-06    -1.906334e-06    -1.424647e-06    3.355158e-06    2.501122e-06    -1.517283e-06    -2.293538e-06    -1.115993e-07    1.749989e-06    6.418434e-08    8.313036e-07    -1.097044e-07
-8.407168e-07    -4.918427e-07    -2.817883e-06    -1.906334e-06    4.014613e-06    3.290871e-07    6.999047e-08    -1.038693e-06    -4.056426e-07    1.211147e-06    2.022363e-06    -3.384689e-06    -1.505821e-06    -2.091527e-07    2.880214e-07
-6.907621e-07    8.623573e-07    -1.320578e-07    -1.424647e-06    3.290871e-07    4.849772e-06    -3.047043e-06    -7.490563e-06    1.542418e-06    1.861612e-06    4.749586e-08    -4.26823e-07    3.942875e-07    -9.643785e-07    -4.611437e-07
2.048096e-06    -2.411108e-06    -2.517135e-06    3.355158e-06    6.999047e-08    -3.047043e-06    7.856725e-06    1.943641e-06    -1.931082e-06    -1.853322e-06    1.094733e-06    -3.367498e-07    -1.008616e-06    1.435467e-06    1.672513e-07
2.763947e-06    -1.581355e-06    -4.486838e-07    2.501122e-06    -1.038693e-06    -7.490563e-06    1.943641e-06    2.079375e-05    -5.712522e-06    -7.156094e-06    -1.882823e-07    9.559051e-07    -1.581951e-06    3.526036e-06    9.758886e-07
-1.568527e-06    1.510902e-06    1.799645e-06    -1.517283e-06    -4.056426e-07    1.542418e-06    -1.931082e-06    -5.712522e-06    3.202605e-06    2.5928e-06    -8.854028e-07    5.59719e-07    1.425575e-06    -1.639923e-06    -3.019148e-07
-1.939179e-06    1.169199e-06    6.720765e-07    -2.293538e-06    1.211147e-06    1.861612e-06    -1.853322e-06    -7.156094e-06    2.5928e-06    3.888566e-06    4.958749e-08    -9.505501e-07    6.183987e-07    -1.846675e-06    -1.927225e-07
-2.885437e-07    -1.088593e-06    -1.835882e-06    -1.115993e-07    2.022363e-06    4.749586e-08    1.094733e-06    -1.882823e-07    -8.854028e-07    4.958749e-08    1.62064e-06    -1.651653e-06    -1.458043e-06    1.938578e-07    1.489974e-07
-2.231245e-08    9.338849e-07    2.480621e-06    1.749989e-06    -3.384689e-06    -4.26823e-07    -3.367498e-07    9.559051e-07    5.59719e-07    -9.505501e-07    -1.651653e-06    4.443923e-06    7.937537e-07    -8.431933e-07    -1.561265e-07
1.020056e-07    9.382297e-07    1.907953e-06    6.418434e-08    -1.505821e-06    3.942875e-07    -1.008616e-06    -1.581951e-06    1.425575e-06    6.183987e-07    -1.458043e-06    7.937537e-07    2.179687e-06    -5.967358e-07    -3.02069e-07
1.543314e-06    -1.04828e-06    -1.051265e-06    8.313036e-07    -2.091527e-07    -9.643785e-07    1.435467e-06    3.526036e-06    -1.639923e-06    -1.846675e-06    1.938578e-07    -8.431933e-07    -5.967358e-07    2.027902e-06    8.231542e-08
6.2891e-09    -5.087263e-08    -2.631963e-07    -1.097044e-07    2.880214e-07    -4.611437e-07    1.672513e-07    9.758886e-07    -3.019148e-07    -1.927225e-07    1.489974e-07    -1.561265e-07    -3.02069e-07    8.231542e-08    1.394023e-07
