1.540072e-06    4.203011e-08    -9.845987e-07    -8.415882e-08    1.218942e-07    -3.749639e-08    -2.061162e-08    -1.315577e-08    2.257428e-08    6.28871e-08    2.458834e-08    -1.393853e-08    5.883682e-10    5.907895e-08    -5.090386e-08
4.203011e-08    1.409758e-06    -2.469949e-07    -9.085959e-07    2.757342e-07    -3.995631e-08    -2.048867e-08    1.155789e-08    1.887359e-08    1.941868e-08    -7.603796e-08    9.891867e-08    9.054588e-08    -4.578368e-08    -2.933466e-08
-9.845987e-07    -2.469949e-07    1.424396e-06    9.399913e-08    -5.746941e-07    4.003881e-08    -1.290631e-08    -2.187667e-08    5.543081e-09    -2.76858e-08    -1.40208e-08    8.010611e-08    6.461096e-08    -3.46447e-08    -2.803342e-08
-8.415882e-08    -9.085959e-07    9.399913e-08    1.510507e-06    -6.59625e-07    6.003308e-08    2.087379e-08    -2.533295e-08    -4.925901e-08    -1.404696e-08    5.857065e-08    -8.853396e-09    1.359291e-09    4.553733e-08    -3.990316e-08
1.218942e-07    2.757342e-07    -5.746941e-07    -6.59625e-07    1.366875e-06    1.587904e-09    2.072681e-08    2.704318e-08    -1.494102e-08    -7.804026e-08    -1.076964e-08    -8.009179e-08    -6.619746e-08    -2.435748e-08    5.608049e-08
-3.749639e-08    -3.995631e-08    4.003881e-08    6.003308e-08    1.587904e-09    1.50224e-06    8.840528e-08    -8.956167e-07    -7.148572e-08    1.182897e-09    5.037479e-08    -1.477937e-09    -1.017281e-08    3.607094e-08    -1.802011e-08
-2.061162e-08    -2.048867e-08    -1.290631e-08    2.087379e-08    2.072681e-08    8.840528e-08    1.435959e-06    -2.204547e-07    -9.522975e-07    2.322514e-07    -5.194335e-08    6.564843e-08    1.129291e-07    -4.056809e-08    -2.904896e-08
-1.315577e-08    1.155789e-08    -2.187667e-08    -2.533295e-08    2.704318e-08    -8.956167e-07    -2.204547e-07    1.417768e-06    -1.869782e-09    -5.391077e-07    -5.578538e-08    8.822685e-08    8.400916e-08    -2.357047e-08    -6.122152e-08
2.257428e-08    1.887359e-08    5.543081e-09    -4.925901e-08    -1.494102e-08    -7.148572e-08    -9.522975e-07    -1.869782e-09    1.52686e-06    -6.059923e-07    6.185578e-08    1.485448e-08    -1.98732e-08    4.24029e-08    -5.299529e-08
6.28871e-08    1.941868e-08    -2.76858e-08    -1.404696e-08    -7.804026e-08    1.182897e-09    2.322514e-07    -5.391077e-07    -6.059923e-07    1.410909e-06    1.462609e-08    -7.885766e-08    -9.695632e-08    -1.514275e-08    1.083586e-07
2.458834e-08    -7.603796e-08    -1.40208e-08    5.857065e-08    -1.076964e-08    5.037479e-08    -5.194335e-08    -5.578538e-08    6.185578e-08    1.462609e-08    1.488221e-06    -2.408789e-08    -8.901257e-07    1.222054e-07    -3.036784e-08
-1.393853e-08    9.891867e-08    8.010611e-08    -8.853396e-09    -8.009179e-08    -1.477937e-09    6.564843e-08    8.822685e-08    1.485448e-08    -7.885766e-08    -2.408789e-08    1.469001e-06    -2.675869e-07    -8.766441e-07    3.187884e-07
5.883682e-10    9.054588e-08    6.461096e-08    1.359291e-09    -6.619746e-08    -1.017281e-08    1.129291e-07    8.400916e-08    -1.98732e-08    -9.695632e-08    -8.901257e-07    -2.675869e-07    1.48309e-06    1.63897e-08    -6.518244e-07
5.907895e-08    -4.578368e-08    -3.46447e-08    4.553733e-08    -2.435748e-08    3.607094e-08    -4.056809e-08    -2.357047e-08    4.24029e-08    -1.514275e-08    1.222054e-07    -8.766441e-07    1.63897e-08    1.491342e-06    -6.821081e-07
-5.090386e-08    -2.933466e-08    -2.803342e-08    -3.990316e-08    5.608049e-08    -1.802011e-08    -2.904896e-08    -6.122152e-08    -5.299529e-08    1.083586e-07    -3.036784e-08    3.187884e-07    -6.518244e-07    -6.821081e-07    1.407593e-06
