1.540072e-06    4.203011e-08    -9.845987e-07    -8.415882e-08    1.218942e-07    6.988927e-08    7.073925e-09    -4.424063e-09    5.333399e-08    -3.814346e-08
4.203011e-08    1.409758e-06    -2.469949e-07    -9.085959e-07    2.757342e-07    -5.000897e-08    7.557886e-08    7.604413e-08    -5.226292e-08    -3.682635e-08
-9.845987e-07    -2.469949e-07    1.424396e-06    9.399913e-08    -5.746941e-07    -3.687047e-08    7.353783e-08    5.483931e-08    -4.455396e-08    -2.34191e-08
-8.415882e-08    -9.085959e-07    9.399913e-08    1.510507e-06    -6.59625e-07    5.664741e-08    4.477647e-09    -2.129889e-09    4.963905e-08    -6.439794e-08
1.218942e-07    2.757342e-07    -5.746941e-07    -6.59625e-07    1.366875e-06    -1.898472e-08    -7.797875e-08    -5.090597e-08    -1.012305e-09    6.150054e-08
6.988927e-08    -5.000897e-08    -3.687047e-08    5.664741e-08    -1.898472e-08    1.4927e-06    1.011661e-07    -9.729293e-07    5.491024e-08    -1.085604e-08
7.073925e-09    7.557886e-08    7.353783e-08    4.477647e-09    -7.797875e-08    1.011661e-07    1.476813e-06    -2.318646e-07    -9.495468e-07    2.910746e-07
-4.424063e-09    7.604413e-08    5.483931e-08    -2.129889e-09    -5.090597e-08    -9.729293e-07    -2.318646e-07    1.505898e-06    6.52095e-08    -6.835474e-07
5.333399e-08    -5.226292e-08    -4.455396e-08    4.963905e-08    -1.012305e-09    5.491024e-08    -9.495468e-07    6.52095e-08    1.505401e-06    -6.461711e-07
-3.814346e-08    -3.682635e-08    -2.34191e-08    -6.439794e-08    6.150054e-08    -1.085604e-08    2.910746e-07    -6.835474e-07    -6.461711e-07    1.414867e-06
