1.540072e-06    4.203011e-08    -9.845987e-07    -8.415882e-08    1.218942e-07    2.458834e-08    -1.393853e-08    5.883682e-10    5.907895e-08    -5.090386e-08
4.203011e-08    1.409758e-06    -2.469949e-07    -9.085959e-07    2.757342e-07    -7.603796e-08    9.891867e-08    9.054588e-08    -4.578368e-08    -2.933466e-08
-9.845987e-07    -2.469949e-07    1.424396e-06    9.399913e-08    -5.746941e-07    -1.40208e-08    8.010611e-08    6.461096e-08    -3.46447e-08    -2.803342e-08
-8.415882e-08    -9.085959e-07    9.399913e-08    1.510507e-06    -6.59625e-07    5.857065e-08    -8.853396e-09    1.359291e-09    4.553733e-08    -3.990316e-08
1.218942e-07    2.757342e-07    -5.746941e-07    -6.59625e-07    1.366875e-06    -1.076964e-08    -8.009179e-08    -6.619746e-08    -2.435748e-08    5.608049e-08
2.458834e-08    -7.603796e-08    -1.40208e-08    5.857065e-08    -1.076964e-08    1.488221e-06    -2.408789e-08    -8.901257e-07    1.222054e-07    -3.036784e-08
-1.393853e-08    9.891867e-08    8.010611e-08    -8.853396e-09    -8.009179e-08    -2.408789e-08    1.469001e-06    -2.675869e-07    -8.766441e-07    3.187884e-07
5.883682e-10    9.054588e-08    6.461096e-08    1.359291e-09    -6.619746e-08    -8.901257e-07    -2.675869e-07    1.48309e-06    1.63897e-08    -6.518244e-07
5.907895e-08    -4.578368e-08    -3.46447e-08    4.553733e-08    -2.435748e-08    1.222054e-07    -8.766441e-07    1.63897e-08    1.491342e-06    -6.821081e-07
-5.090386e-08    -2.933466e-08    -2.803342e-08    -3.990316e-08    5.608049e-08    -3.036784e-08    3.187884e-07    -6.518244e-07    -6.821081e-07    1.407593e-06
