4.886195e-06    9.459127e-07    3.215987e-07    4.051512e-07    -4.583852e-06    5.361244e-07    -2.983434e-06    -4.417333e-06    -1.71202e-06    3.313715e-06    3.03091e-06    -6.155715e-06    -5.525352e-06    2.320614e-06    3.329983e-06
9.459127e-07    5.149284e-06    1.932172e-06    -2.591136e-06    -2.388246e-06    -1.005064e-06    -2.999145e-06    -3.780297e-06    -7.430651e-07    3.512747e-06    -4.162225e-08    -3.191702e-06    -3.689877e-06    -3.476713e-07    3.465609e-06
3.215987e-07    1.932172e-06    4.41267e-06    -5.483117e-08    -4.145482e-06    2.213668e-07    -2.193761e-06    -3.208861e-06    -1.057925e-07    1.541288e-06    -8.089581e-07    -2.942689e-06    -2.249096e-06    3.521447e-07    3.070041e-06
4.051512e-07    -2.591136e-06    -5.483117e-08    4.212585e-06    1.396828e-07    1.119024e-06    1.267462e-06    1.171164e-06    5.912866e-07    -2.077984e-06    5.895714e-07    -2.704849e-07    3.994468e-07    1.604429e-06    -1.026481e-06
-4.583852e-06    -2.388246e-06    -4.145482e-06    1.396828e-07    1.312032e-05    -1.367776e-06    6.444307e-06    9.099748e-06    2.180306e-06    -5.851577e-06    -3.218531e-06    9.006149e-06    8.958684e-06    -1.495023e-06    -7.171086e-06
5.361244e-07    -1.005064e-06    2.213668e-07    1.119024e-06    -1.367776e-06    2.805165e-06    -5.455384e-09    -1.239492e-06    4.724729e-08    -9.601109e-07    1.126677e-07    -6.894332e-07    -2.303377e-07    7.605294e-07    2.895867e-08
-2.983434e-06    -2.999145e-06    -2.193761e-06    1.267462e-06    6.444307e-06    -5.455384e-09    7.250746e-06    7.002445e-06    4.867289e-07    -5.820875e-06    -2.087998e-06    5.951191e-06    6.434956e-06    -3.344184e-07    -5.241831e-06
-4.417333e-06    -3.780297e-06    -3.208861e-06    1.171164e-06    9.099748e-06    -1.239492e-06    7.002445e-06    1.13454e-05    2.124082e-06    -8.043069e-06    -3.162574e-06    8.890772e-06    8.945579e-06    -1.094886e-06    -7.147775e-06
-1.71202e-06    -7.430651e-07    -1.057925e-07    5.912866e-07    2.180306e-06    4.724729e-08    4.867289e-07    2.124082e-06    3.764095e-06    -3.030688e-06    -2.476073e-06    3.385786e-06    3.645783e-06    -9.894575e-07    -1.840067e-06
3.313715e-06    3.512747e-06    1.541288e-06    -2.077984e-06    -5.851577e-06    -9.601109e-07    -5.820875e-06    -8.043069e-06    -3.030688e-06    9.261147e-06    3.202752e-06    -6.665629e-06    -7.396239e-06    5.826228e-07    5.221259e-06
3.03091e-06    -4.162225e-08    -8.089581e-07    5.895714e-07    -3.218531e-06    1.126677e-07    -2.087998e-06    -3.162574e-06    -2.476073e-06    3.202752e-06    6.867902e-06    -4.759725e-06    -7.350703e-06    1.113934e-06    2.777515e-06
-6.155715e-06    -3.191702e-06    -2.942689e-06    -2.704849e-07    9.006149e-06    -6.894332e-07    5.951191e-06    8.890772e-06    3.385786e-06    -6.665629e-06    -4.759725e-06    1.306539e-05    1.000034e-05    -4.688718e-06    -6.59452e-06
-5.525352e-06    -3.689877e-06    -2.249096e-06    3.994468e-07    8.958684e-06    -2.303377e-07    6.434956e-06    8.945579e-06    3.645783e-06    -7.396239e-06    -7.350703e-06    1.000034e-05    1.445614e-05    -1.675097e-06    -8.651078e-06
2.320614e-06    -3.476713e-07    3.521447e-07    1.604429e-06    -1.495023e-06    7.605294e-07    -3.344184e-07    -1.094886e-06    -9.894575e-07    5.826228e-07    1.113934e-06    -4.688718e-06    -1.675097e-06    4.719441e-06    -2.889734e-07
3.329983e-06    3.465609e-06    3.070041e-06    -1.026481e-06    -7.171086e-06    2.895867e-08    -5.241831e-06    -7.147775e-06    -1.840067e-06    5.221259e-06    2.777515e-06    -6.59452e-06    -8.651078e-06    -2.889734e-07    8.011456e-06
