4.886195e-06    9.459127e-07    3.215987e-07    4.051512e-07    -4.583852e-06    1.932707e-06    -2.860336e-06    -2.299976e-06    1.497129e-06    7.578162e-07
9.459127e-07    5.149284e-06    1.932172e-06    -2.591136e-06    -2.388246e-06    3.394634e-08    -2.721648e-06    -7.654098e-07    1.307248e-06    7.80682e-07
3.215987e-07    1.932172e-06    4.41267e-06    -5.483117e-08    -4.145482e-06    2.147213e-07    -7.300058e-07    -8.978494e-07    6.024038e-07    2.219785e-07
4.051512e-07    -2.591136e-06    -5.483117e-08    4.212585e-06    1.396828e-07    -4.637683e-07    2.711362e-06    1.379878e-06    -1.520948e-06    -8.737437e-07
-4.583852e-06    -2.388246e-06    -4.145482e-06    1.396828e-07    1.312032e-05    -3.413637e-06    6.043497e-06    4.310111e-06    -3.652386e-06    -9.796797e-07
1.932707e-06    3.394634e-08    2.147213e-07    -4.637683e-07    -3.413637e-06    5.206065e-06    -3.781262e-06    -5.183583e-06    2.147384e-06    8.908594e-07
-2.860336e-06    -2.721648e-06    -7.300058e-07    2.711362e-06    6.043497e-06    -3.781262e-06    1.295298e-05    5.32707e-06    -6.291279e-06    -2.286183e-06
-2.299976e-06    -7.654098e-07    -8.978494e-07    1.379878e-06    4.310111e-06    -5.183583e-06    5.32707e-06    8.002449e-06    -2.992026e-06    -3.020549e-06
1.497129e-06    1.307248e-06    6.024038e-07    -1.520948e-06    -3.652386e-06    2.147384e-06    -6.291279e-06    -2.992026e-06    4.501522e-06    5.118659e-07
7.578162e-07    7.80682e-07    2.219785e-07    -8.737437e-07    -9.796797e-07    8.908594e-07    -2.286183e-06    -3.020549e-06    5.118659e-07    3.083442e-06
