4.886195e-06    9.459127e-07    3.215987e-07    4.051512e-07    -4.583852e-06    -7.179549e-07    2.041889e-06    2.425163e-06    -1.430541e-06    -3.03136e-06
9.459127e-07    5.149284e-06    1.932172e-06    -2.591136e-06    -2.388246e-06    1.290996e-06    9.355581e-07    7.154745e-07    -1.790406e-06    -1.745449e-06
3.215987e-07    1.932172e-06    4.41267e-06    -5.483117e-08    -4.145482e-06    2.740639e-07    1.552602e-06    1.445543e-06    -1.51091e-06    -1.999696e-06
4.051512e-07    -2.591136e-06    -5.483117e-08    4.212585e-06    1.396828e-07    -8.86048e-07    1.75522e-07    -2.527683e-07    3.944617e-07    8.187407e-07
-4.583852e-06    -2.388246e-06    -4.145482e-06    1.396828e-07    1.312032e-05    7.680989e-07    -3.468572e-06    -5.04164e-06    1.973865e-06    6.332455e-06
-7.179549e-07    1.290996e-06    2.740639e-07    -8.86048e-07    7.680989e-07    4.002588e-06    -1.224321e-06    -1.88157e-06    2.219525e-07    -8.008506e-07
2.041889e-06    9.355581e-07    1.552602e-06    1.75522e-07    -3.468572e-06    -1.224321e-06    4.522789e-06    2.2663e-06    -3.119028e-06    -2.141938e-06
2.425163e-06    7.154745e-07    1.445543e-06    -2.527683e-07    -5.04164e-06    -1.88157e-06    2.2663e-06    5.084414e-06    -1.095633e-06    -4.586901e-06
-1.430541e-06    -1.790406e-06    -1.51091e-06    3.944617e-07    1.973865e-06    2.219525e-07    -3.119028e-06    -1.095633e-06    4.012977e-06    5.345152e-07
-3.03136e-06    -1.745449e-06    -1.999696e-06    8.187407e-07    6.332455e-06    -8.008506e-07    -2.141938e-06    -4.586901e-06    5.345152e-07    7.937913e-06
