4.886195e-06    9.459127e-07    3.215987e-07    4.051512e-07    -4.583852e-06    -1.122393e-06    -4.4873e-06    -2.999216e-06    9.48601e-09    2.762064e-06
9.459127e-07    5.149284e-06    1.932172e-06    -2.591136e-06    -2.388246e-06    -1.25525e-06    -4.407316e-06    -2.426931e-06    -6.306457e-07    2.786014e-06
3.215987e-07    1.932172e-06    4.41267e-06    -5.483117e-08    -4.145482e-06    -3.828238e-07    -3.684452e-06    -1.811699e-06    7.239646e-07    9.40428e-07
4.051512e-07    -2.591136e-06    -5.483117e-08    4.212585e-06    1.396828e-07    3.744827e-07    9.3198e-07    1.578804e-06    1.367453e-06    -1.912892e-06
-4.583852e-06    -2.388246e-06    -4.145482e-06    1.396828e-07    1.312032e-05    2.145357e-06    9.747276e-06    5.807337e-06    -1.549737e-06    -4.745453e-06
-1.122393e-06    -1.25525e-06    -3.828238e-07    3.744827e-07    2.145357e-06    3.399707e-06    2.125229e-06    -5.915166e-07    -5.227191e-07    -1.309164e-06
-4.4873e-06    -4.407316e-06    -3.684452e-06    9.3198e-07    9.747276e-06    2.125229e-06    1.348276e-05    6.354984e-06    -1.615957e-06    -6.311525e-06
-2.999216e-06    -2.426931e-06    -1.811699e-06    1.578804e-06    5.807337e-06    -5.915166e-07    6.354984e-06    7.522459e-06    1.032646e-06    -5.41534e-06
9.48601e-09    -6.306457e-07    7.239646e-07    1.367453e-06    -1.549737e-06    -5.227191e-07    -1.615957e-06    1.032646e-06    4.863043e-06    -2.402271e-06
2.762064e-06    2.786014e-06    9.40428e-07    -1.912892e-06    -4.745453e-06    -1.309164e-06    -6.311525e-06    -5.41534e-06    -2.402271e-06    8.308284e-06
