1    -0.02954475    -0.6886428    -0.02435365    0.001571975    0.06443082    -0.07015391    -0.05780759    0.1339086    -0.02215292    0.07994242    -0.03419432    -0.06696452    0.02817527    0.01963109    0.002441896    -0.02419697    0.0301268    0.01496668    -0.04018266
-0.02954475    1    -0.230843    -0.6910545    0.2013255    -0.05546732    -0.002827555    0.02384357    -0.06292279    0.07814099    -0.02268121    -0.008376795    0.01310704    -0.0279386    0.02522165    -0.04686053    -0.001171372    0.01298223    0.01444384    -0.03086101
-0.6886428    -0.230843    1    -0.006458427    -0.3909671    -0.02648205    0.01348771    -0.001865565    -0.1240855    0.09211669    -0.06538912    -0.0001679702    0.02719172    -0.03779993    0.01681593    -0.02167811    -0.01926784    -0.04874781    -0.01805607    0.08730085
-0.02435365    -0.6910545    -0.006458427    1    -0.3307153    0.05139153    -0.03882252    -0.07138099    0.06367587    -0.02674284    0.01522934    -0.006770484    -0.03733638    0.04767327    0.003276057    0.04628176    -0.05213211    -0.06164212    -0.01098869    0.09718906
0.001571975    0.2013255    -0.3909671    -0.3307153    1    -0.02051223    0.04563923    0.1137046    0.03057345    -0.1325142    0.01249053    0.01154754    0.0392554    0.02210625    -0.05119416    0.0163327    0.08368623    0.06951794    0.003541737    -0.1179821
0.06443082    -0.05546732    -0.02648205    0.05139153    -0.02051223    1    -0.09296697    -0.5872855    0.1205512    -0.008874198    0.0601607    -0.06206367    -0.04486553    0.05276873    -0.03846274    -0.1179656    -0.2980671    0.06641426    0.4483354    -0.1221541
-0.07015391    -0.002827555    0.01348771    -0.03882252    0.04563923    -0.09296697    1    -0.2674181    -0.5953015    0.2580198    -0.05421645    0.03358152    -0.04410616    -0.1203146    0.137242    -0.2510339    0.02346951    0.3400784    0.1013593    -0.1992053
-0.05780759    0.02384357    -0.001865565    -0.07138099    0.1137046    -0.5872855    -0.2674181    1    -0.09069658    -0.3813491    -0.06120527    0.02570639    0.01884041    -0.07135334    0.05905911    0.07215081    0.3303277    0.05506116    -0.2063156    -0.1128322
0.1339086    -0.06292279    -0.1240855    0.06367587    0.03057345    0.1205512    -0.5953015    -0.09069658    1    -0.4833    0.05980227    -0.1046151    -0.03850002    0.1447832    -0.03533021    0.5098434    0.07291783    -0.3542301    -0.1281001    0.02787081
-0.02215292    0.07814099    0.09211669    -0.02674284    -0.1325142    -0.008874198    0.2580198    -0.3813491    -0.4833    1    -0.02686748    0.05088851    0.1037121    -0.0002381203    -0.08177203    -0.3181835    -0.2759907    0.09980855    0.04931708    -0.08786729
0.07994242    -0.02268121    -0.06538912    0.01522934    0.01249053    0.0601607    -0.05421645    -0.06120527    0.05980227    -0.02686748    1    0.1817067    -0.7009072    -0.08989701    0.03300119    -0.02247966    -0.05306307    -0.005200424    0.0256463    0.03837719
-0.03419432    -0.008376795    -0.0001679702    -0.006770484    0.01154754    -0.06206367    0.03358152    0.02570639    -0.1046151    0.05088851    0.1817067    1    -0.3427951    -0.6935129    0.2865004    -0.05005558    -0.01784671    0.02673133    -0.006044333    0.02125966
-0.06696452    0.01310704    0.02719172    -0.03733638    0.0392554    -0.04486553    -0.04410616    0.01884041    -0.03850002    0.1037121    -0.7009072    -0.3427951    1    0.168816    -0.5352536    -0.00685472    -0.003175769    -0.03496225    -0.01782912    0.01319988
0.02817527    -0.0279386    -0.03779993    0.04767327    0.02210625    0.05276873    -0.1203146    -0.07135334    0.1447832    -0.0002381203    -0.08989701    -0.6935129    0.168816    1    -0.3929891    0.09828914    -0.01757067    -0.1049321    -0.02732827    0.04531217
0.01963109    0.02522165    0.01681593    0.003276057    -0.05119416    -0.03846274    0.137242    0.05905911    -0.03533021    -0.08177203    0.03300119    0.2865004    -0.5352536    -0.3929891    1    0.01843745    0.1055913    0.09806024    -0.05172925    -0.08138394
0.002441896    -0.04686053    -0.02167811    0.04628176    0.0163327    -0.1179656    -0.2510339    0.07215081    0.5098434    -0.3181835    -0.02247966    -0.05005558    -0.00685472    0.09828914    0.01843745    1    0.101416    -0.7969551    -0.2103847    0.2428828
-0.02419697    -0.001171372    -0.01926784    -0.05213211    0.08368623    -0.2980671    0.02346951    0.3303277    0.07291783    -0.2759907    -0.05306307    -0.01784671    -0.003175769    -0.01757067    0.1055913    0.101416    1    0.04487903    -0.7812895    0.1599303
0.0301268    0.01298223    -0.04874781    -0.06164212    0.06951794    0.06641426    0.3400784    0.05506116    -0.3542301    0.09980855    -0.005200424    0.02673133    -0.03496225    -0.1049321    0.09806024    -0.7969551    0.04487903    1    0.1790457    -0.582267
0.01496668    0.01444384    -0.01805607    -0.01098869    0.003541737    0.4483354    0.1013593    -0.2063156    -0.1281001    0.04931708    0.0256463    -0.006044333    -0.01782912    -0.02732827    -0.05172925    -0.2103847    -0.7812895    0.1790457    1    -0.5209955
-0.04018266    -0.03086101    0.08730085    0.09718906    -0.1179821    -0.1221541    -0.1992053    -0.1128322    0.02787081    -0.08786729    0.03837719    0.02125966    0.01319988    0.04531217    -0.08138394    0.2428828    0.1599303    -0.582267    -0.5209955    1
