1    -0.06409369    -0.6033327    -0.117936    0.005767962    0.05912668    0.05680018    -0.07209298    -0.02788376    0.04168878    0.07832183    -0.001543651    -0.04515409    0.01661505    -0.08180572    -0.02255272    0.04139258    0.00281306    -0.03621117    -0.008470858    0.0178741    -0.03074282    -0.0444878    0.05670578    0.05235588
-0.06409369    1    -0.09900662    -0.5676348    0.03544622    0.02272515    0.07179108    -0.008381215    -0.07309756    -0.01248881    -0.03149223    0.07929445    0.0214283    -0.0427591    0.01179005    0.004408727    0.02997172    0.03378    -0.04218344    -0.04177332    -0.003012325    -0.03051097    0.01547207    0.01994551    -0.03760291
-0.6033327    -0.09900662    1    -0.06336199    -0.3576137    -0.1310191    -0.03837239    0.1471022    0.02558091    -0.06287862    0.0299431    0.01729769    0.03479909    -0.0405237    0.009483895    0.01462843    0.02057399    0.0521541    0.004213254    -0.08246203    0.01220384    -0.02953096    -0.003829815    0.02287009    -0.01707746
-0.117936    -0.5676348    -0.06336199    1    -0.2964738    -0.01432731    0.01295273    0.03102279    0.02244774    -0.03312825    -0.03964216    -0.007947096    0.01918804    0.02502245    -0.001094818    -0.01539778    -0.03848445    -0.01853205    0.02882173    0.007241992    -0.008643043    0.07023077    -0.002782257    -0.06789909    0.02644932
0.005767962    0.03544622    -0.3576137    -0.2964738    1    0.08043425    -0.03959978    -0.08465564    0.01379576    0.04840404    -0.04002131    -0.09305515    -0.02538079    0.07569078    0.1250716    0.01363399    -0.01880339    -0.07177303    0.001032017    0.1251381    0.01216691    0.007981525    0.0135797    -0.05782028    -0.05295999
0.05912668    0.02272515    -0.1310191    -0.01432731    0.08043425    1    -0.02954475    -0.6886428    -0.02435365    0.001571975    0.06443082    -0.07015391    -0.05780759    0.1339086    -0.02215292    0.129013    -0.09717097    -0.1010725    0.1329546    -0.03790849    0.002441896    -0.02419697    0.0301268    0.01496668    -0.04018266
0.05680018    0.07179108    -0.03837239    0.01295273    -0.03959978    -0.02954475    1    -0.230843    -0.6910545    0.2013255    -0.05546732    -0.002827555    0.02384357    -0.06292279    0.07814099    -0.0795902    -0.07417952    -0.04979702    -0.04693624    0.1221495    -0.04686053    -0.001171372    0.01298223    0.01444384    -0.03086101
-0.07209298    -0.008381215    0.1471022    0.03102279    -0.08465564    -0.6886428    -0.230843    1    -0.006458427    -0.3909671    -0.02648205    0.01348771    -0.001865565    -0.1240855    0.09211669    -0.1138796    0.02542688    0.04070464    -0.1237264    0.1084495    -0.02167811    -0.01926784    -0.04874781    -0.01805607    0.08730085
-0.02788376    -0.07309756    0.02558091    0.02244774    0.01379576    -0.02435365    -0.6910545    -0.006458427    1    -0.3307153    0.05139153    -0.03882252    -0.07138099    0.06367587    -0.02674284    0.09201155    -0.04323759    -0.06118843    0.06830712    -0.006206045    0.04628176    -0.05213211    -0.06164212    -0.01098869    0.09718906
0.04168878    -0.01248881    -0.06287862    -0.03312825    0.04840404    0.001571975    0.2013255    -0.3909671    -0.3307153    1    -0.02051223    0.04563923    0.1137046    0.03057345    -0.1325142    -0.01783899    0.1125672    0.106284    0.02292883    -0.1522478    0.0163327    0.08368623    0.06951794    0.003541737    -0.1179821
0.07832183    -0.03149223    0.0299431    -0.03964216    -0.04002131    0.06443082    -0.05546732    -0.02648205    0.05139153    -0.02051223    1    -0.09296697    -0.5872855    0.1205512    -0.008874198    0.001992299    0.09945712    0.025819    -0.09688465    0.01627947    -0.1179656    -0.2980671    0.06641426    0.4483354    -0.1221541
-0.001543651    0.07929445    0.01729769    -0.007947096    -0.09305515    -0.07015391    -0.002827555    0.01348771    -0.03882252    0.04563923    -0.09296697    1    -0.2674181    -0.5953015    0.2580198    -0.006798269    0.02534167    0.0434684    0.01031114    -0.04191442    -0.2510339    0.02346951    0.3400784    0.1013593    -0.1992053
-0.04515409    0.0214283    0.03479909    0.01918804    -0.02538079    -0.05780759    0.02384357    -0.001865565    -0.07138099    0.1137046    -0.5872855    -0.2674181    1    -0.09069658    -0.3813491    -0.002274498    -0.01752827    0.007871394    0.02823818    -0.01737396    0.07215081    0.3303277    0.05506116    -0.2063156    -0.1128322
0.01661505    -0.0427591    -0.0405237    0.02502245    0.07569078    0.1339086    -0.06292279    -0.1240855    0.06367587    0.03057345    0.1205512    -0.5953015    -0.09069658    1    -0.4833    0.01707834    0.03382911    0.008611835    0.01683356    -0.02428471    0.5098434    0.07291783    -0.3542301    -0.1281001    0.02787081
-0.08180572    0.01179005    0.009483895    -0.001094818    0.1250716    -0.02215292    0.07814099    0.09211669    -0.02674284    -0.1325142    -0.008874198    0.2580198    -0.3813491    -0.4833    1    0.02303469    -0.08729548    -0.08848766    0.007542348    0.08171927    -0.3181835    -0.2759907    0.09980855    0.04931708    -0.08786729
-0.02255272    0.004408727    0.01462843    -0.01539778    0.01363399    0.129013    -0.0795902    -0.1138796    0.09201155    -0.01783899    0.001992299    -0.006798269    -0.002274498    0.01707834    0.02303469    1    0.1400241    -0.8017412    -0.2016428    0.2533022    0.1350537    0.03057538    -0.1069014    -0.05569905    0.02513814
0.04139258    0.02997172    0.02057399    -0.03848445    -0.01880339    -0.09717097    -0.07417952    0.02542688    -0.04323759    0.1125672    0.09945712    0.02534167    -0.01752827    0.03382911    -0.08729548    0.1400241    1    0.1472722    -0.7823827    0.08175681    0.0321311    0.1326485    0.03824408    -0.03543596    -0.05315757
0.00281306    0.03378    0.0521541    -0.01853205    -0.07177303    -0.1010725    -0.04979702    0.04070464    -0.06118843    0.106284    0.025819    0.0434684    0.007871394    0.008611835    -0.08848766    -0.8017412    0.1472722    1    0.08810614    -0.5706687    -0.09861796    0.04228673    0.1419564    0.02478938    -0.07312496
-0.03621117    -0.04218344    0.004213254    0.02882173    0.001032017    0.1329546    -0.04693624    -0.1237264    0.06830712    0.02292883    -0.09688465    0.01031114    0.02823818    0.01683356    0.007542348    -0.2016428    -0.7823827    0.08810614    1    -0.4619127    -0.03303566    -0.07541068    0.03126857    0.05694555    -0.01685463
-0.008470858    -0.04177332    -0.08246203    0.007241992    0.1251381    -0.03790849    0.1221495    0.1084495    -0.006206045    -0.1522478    0.01627947    -0.04191442    -0.01737396    -0.02428471    0.08171927    0.2533022    0.08175681    -0.5706687    -0.4619127    1    0.02872024    -0.0243747    -0.09090849    -0.01770255    0.1169376
0.0178741    -0.003012325    0.01220384    -0.008643043    0.01216691    0.002441896    -0.04686053    -0.02167811    0.04628176    0.0163327    -0.1179656    -0.2510339    0.07215081    0.5098434    -0.3181835    0.1350537    0.0321311    -0.09861796    -0.03303566    0.02872024    1    0.101416    -0.7969551    -0.2103847    0.2428828
-0.03074282    -0.03051097    -0.02953096    0.07023077    0.007981525    -0.02419697    -0.001171372    -0.01926784    -0.05213211    0.08368623    -0.2980671    0.02346951    0.3303277    0.07291783    -0.2759907    0.03057538    0.1326485    0.04228673    -0.07541068    -0.0243747    0.101416    1    0.04487903    -0.7812895    0.1599303
-0.0444878    0.01547207    -0.003829815    -0.002782257    0.0135797    0.0301268    0.01298223    -0.04874781    -0.06164212    0.06951794    0.06641426    0.3400784    0.05506116    -0.3542301    0.09980855    -0.1069014    0.03824408    0.1419564    0.03126857    -0.09090849    -0.7969551    0.04487903    1    0.1790457    -0.582267
0.05670578    0.01994551    0.02287009    -0.06789909    -0.05782028    0.01496668    0.01444384    -0.01805607    -0.01098869    0.003541737    0.4483354    0.1013593    -0.2063156    -0.1281001    0.04931708    -0.05569905    -0.03543596    0.02478938    0.05694555    -0.01770255    -0.2103847    -0.7812895    0.1790457    1    -0.5209955
0.05235588    -0.03760291    -0.01707746    0.02644932    -0.05295999    -0.04018266    -0.03086101    0.08730085    0.09718906    -0.1179821    -0.1221541    -0.1992053    -0.1128322    0.02787081    -0.08786729    0.02513814    -0.05315757    -0.07312496    -0.01685463    0.1169376    0.2428828    0.1599303    -0.582267    -0.5209955    1
