1    -0.0653515    -0.7025817    -0.07246449    -0.03990777    0.06375699    -0.04526758    -0.08097679    0.08014966    -0.02576871
-0.0653515    1    -0.05452125    -0.5470611    0.1192943    -0.05633923    -0.04876632    -0.003679735    -0.08453883    0.1217872
-0.7025817    -0.05452125    1    0.01906412    -0.3010253    -0.05579805    -0.0720603    -0.02120898    -0.01193176    0.1047061
-0.07246449    -0.5470611    0.01906412    1    -0.3474456    0.09615392    -0.04777666    -0.1171323    0.0759059    0.03727543
-0.03990777    0.1192943    -0.3010253    -0.3474456    1    -0.03149083    0.1117756    0.114908    -0.02804286    -0.1174122
0.06375699    -0.05633923    -0.05579805    0.09615392    -0.03149083    1    -0.09296697    -0.5872855    0.1205512    -0.008874198
-0.04526758    -0.04876632    -0.0720603    -0.04777666    0.1117756    -0.09296697    1    -0.2674181    -0.5953015    0.2580198
-0.08097679    -0.003679735    -0.02120898    -0.1171323    0.114908    -0.5872855    -0.2674181    1    -0.09069658    -0.3813491
0.08014966    -0.08453883    -0.01193176    0.0759059    -0.02804286    0.1205512    -0.5953015    -0.09069658    1    -0.4833
-0.02576871    0.1217872    0.1047061    0.03727543    -0.1174122    -0.008874198    0.2580198    -0.3813491    -0.4833    1
