1    -0.0653515    -0.7025817    -0.07246449    -0.03990777    0.0459031    -0.04679347    -0.0162912    0.071306    -0.05553205    0.06375699    -0.04526758    -0.08097679    0.08014966    -0.02576871
-0.0653515    1    -0.05452125    -0.5470611    0.1192943    -0.02125433    0.108748    0.04464735    -0.04977563    -0.06059233    -0.05633923    -0.04876632    -0.003679735    -0.08453883    0.1217872
-0.7025817    -0.05452125    1    0.01906412    -0.3010253    -0.02112941    0.05848748    0.03008021    -0.03767364    -0.04752427    -0.05579805    -0.0720603    -0.02120898    -0.01193176    0.1047061
-0.07246449    -0.5470611    0.01906412    1    -0.3474456    0.0396367    0.02124012    -0.03615557    -0.01981168    0.01135266    0.09615392    -0.04777666    -0.1171323    0.0759059    0.03727543
-0.03990777    0.1192943    -0.3010253    -0.3474456    1    -0.007595226    -0.02463731    -0.05001719    -0.007893455    0.0855424    -0.03149083    0.1117756    0.114908    -0.02804286    -0.1174122
0.0459031    -0.02125433    -0.02112941    0.0396367    -0.007595226    1    -0.02954475    -0.6886428    -0.02435365    0.001571975    0.06443082    -0.07015391    -0.05780759    0.1339086    -0.02215292
-0.04679347    0.108748    0.05848748    0.02124012    -0.02463731    -0.02954475    1    -0.230843    -0.6910545    0.2013255    -0.05546732    -0.002827555    0.02384357    -0.06292279    0.07814099
-0.0162912    0.04464735    0.03008021    -0.03615557    -0.05001719    -0.6886428    -0.230843    1    -0.006458427    -0.3909671    -0.02648205    0.01348771    -0.001865565    -0.1240855    0.09211669
0.071306    -0.04977563    -0.03767364    -0.01981168    -0.007893455    -0.02435365    -0.6910545    -0.006458427    1    -0.3307153    0.05139153    -0.03882252    -0.07138099    0.06367587    -0.02674284
-0.05553205    -0.06059233    -0.04752427    0.01135266    0.0855424    0.001571975    0.2013255    -0.3909671    -0.3307153    1    -0.02051223    0.04563923    0.1137046    0.03057345    -0.1325142
0.06375699    -0.05633923    -0.05579805    0.09615392    -0.03149083    0.06443082    -0.05546732    -0.02648205    0.05139153    -0.02051223    1    -0.09296697    -0.5872855    0.1205512    -0.008874198
-0.04526758    -0.04876632    -0.0720603    -0.04777666    0.1117756    -0.07015391    -0.002827555    0.01348771    -0.03882252    0.04563923    -0.09296697    1    -0.2674181    -0.5953015    0.2580198
-0.08097679    -0.003679735    -0.02120898    -0.1171323    0.114908    -0.05780759    0.02384357    -0.001865565    -0.07138099    0.1137046    -0.5872855    -0.2674181    1    -0.09069658    -0.3813491
0.08014966    -0.08453883    -0.01193176    0.0759059    -0.02804286    0.1339086    -0.06292279    -0.1240855    0.06367587    0.03057345    0.1205512    -0.5953015    -0.09069658    1    -0.4833
-0.02576871    0.1217872    0.1047061    0.03727543    -0.1174122    -0.02215292    0.07814099    0.09211669    -0.02674284    -0.1325142    -0.008874198    0.2580198    -0.3813491    -0.4833    1
