1    -0.02954475    -0.6886428    -0.02435365    0.001571975    0.06443082    -0.07015391    -0.05780759    0.1339086    -0.02215292    -0.005726172    -0.05943923    0.03238843    0.1181485    -0.09600679
-0.02954475    1    -0.230843    -0.6910545    0.2013255    -0.05546732    -0.002827555    0.02384357    -0.06292279    0.07814099    -0.08422547    -0.02148169    -0.001140089    -0.02670523    0.1069603
-0.6886428    -0.230843    1    -0.006458427    -0.3909671    -0.02648205    0.01348771    -0.001865565    -0.1240855    0.09211669    0.02240141    0.01033089    -0.05804785    -0.06108805    0.08193496
-0.02435365    -0.6910545    -0.006458427    1    -0.3307153    0.05139153    -0.03882252    -0.07138099    0.06367587    -0.02674284    0.0405404    -0.002027345    0.002981894    0.03780915    -0.06965843
0.001571975    0.2013255    -0.3909671    -0.3307153    1    -0.02051223    0.04563923    0.1137046    0.03057345    -0.1325142    0.01276683    0.06091751    0.02938047    -0.0394169    -0.03719238
0.06443082    -0.05546732    -0.02648205    0.05139153    -0.02051223    1    -0.09296697    -0.5872855    0.1205512    -0.008874198    0.09144331    -0.1395352    -0.06685502    0.1552404    -0.05712691
-0.07015391    -0.002827555    0.01348771    -0.03882252    0.04563923    -0.09296697    1    -0.2674181    -0.5953015    0.2580198    -0.07295513    0.02234999    -0.0474914    -0.163158    0.188544
-0.05780759    0.02384357    -0.001865565    -0.07138099    0.1137046    -0.5872855    -0.2674181    1    -0.09069658    -0.3813491    -0.07749114    -0.00311394    -0.04002052    -0.07562346    0.1360881
0.1339086    -0.06292279    -0.1240855    0.06367587    0.03057345    0.1205512    -0.5953015    -0.09069658    1    -0.4833    0.07003529    -0.1504289    0.001679907    0.2007968    -0.1302686
-0.02215292    0.07814099    0.09211669    -0.02674284    -0.1325142    -0.008874198    0.2580198    -0.3813491    -0.4833    1    0.002615327    0.1696826    0.05225146    -0.07208402    -0.05749886
-0.005726172    -0.08422547    0.02240141    0.0405404    0.01276683    0.09144331    -0.07295513    -0.07749114    0.07003529    0.002615327    1    -0.07100112    -0.728322    -0.04729772    0.1596486
-0.05943923    -0.02148169    0.01033089    -0.002027345    0.06091751    -0.1395352    0.02234999    -0.00311394    -0.1504289    0.1696826    -0.07100112    1    0.0881019    -0.7726396    0.1730508
0.03238843    -0.001140089    -0.05804785    0.002981894    0.02938047    -0.06685502    -0.0474914    -0.04002052    0.001679907    0.05225146    -0.728322    0.0881019    1    0.04617607    -0.5515985
0.1181485    -0.02670523    -0.06108805    0.03780915    -0.0394169    0.1552404    -0.163158    -0.07562346    0.2007968    -0.07208402    -0.04729772    -0.7726396    0.04617607    1    -0.5459898
-0.09600679    0.1069603    0.08193496    -0.06965843    -0.03719238    -0.05712691    0.188544    0.1360881    -0.1302686    -0.05749886    0.1596486    0.1730508    -0.5515985    -0.5459898    1
