1    -0.09296697    -0.5872855    0.1205512    -0.008874198    0.0004210706    -0.0316081    -0.02481247    0.01447521    0.02371828
-0.09296697    1    -0.2674181    -0.5953015    0.2580198    0.0004624759    0.01620884    -0.001890446    -0.03129001    0.007181377
-0.5872855    -0.2674181    1    -0.09069658    -0.3813491    -0.0183472    -0.04880209    -0.02835648    -0.02339707    0.073176
0.1205512    -0.5953015    -0.09069658    1    -0.4833    0.0350196    0.01336944    -0.06862458    -0.02903631    0.07838037
-0.008874198    0.2580198    -0.3813491    -0.4833    1    -0.0517112    0.09033886    0.1191054    0.02105516    -0.1208245
0.0004210706    0.0004624759    -0.0183472    0.0350196    -0.0517112    1    -0.01208665    -0.7751805    -0.07643994    0.1642374
-0.0316081    0.01620884    -0.04880209    0.01336944    0.09033886    -0.01208665    1    0.1663351    -0.7695498    0.07538156
-0.02481247    -0.001890446    -0.02835648    -0.06862458    0.1191054    -0.7751805    0.1663351    1    0.03349777    -0.5361289
0.01447521    -0.03129001    -0.02339707    -0.02903631    0.02105516    -0.07643994    -0.7695498    0.03349777    1    -0.4759833
0.02371828    0.007181377    0.073176    0.07838037    -0.1208245    0.1642374    0.07538156    -0.5361289    -0.4759833    1
