1    -0.3425514    -0.24755    0.1688995    0.007790085    0.05389543    -0.04041079    -0.07738388    0.0345248    0.05482764    -0.006771738    -0.1240857    -0.0192503    0.04231941    0.03068441    0.0338047    -0.020371    -0.04451033    0.006222414    0.03073797
-0.3425514    1    -0.6241456    -0.2792986    0.1218277    -0.0578075    0.00617488    0.07724433    -0.001794454    -0.04895622    -0.007700104    0.04115698    0.002289715    0.005184631    0.00498496    -0.0150622    0.01909466    0.01027337    -0.01022215    -0.02755133
-0.24755    -0.6241456    1    -0.2963397    -0.2330515    0.01083277    0.0509241    0.004399219    -0.04552222    -0.007806166    0.01698329    0.05278118    -0.006103072    -0.01968382    -0.02087392    0.03604504    -0.03829034    -0.04505017    0.01594886    0.03695036
0.1688995    -0.2792986    -0.2963397    1    -0.3314129    0.01160255    -0.06977074    -0.06388856    0.02241983    0.07978027    -0.02263409    -0.07091541    -0.01417219    -0.03236774    0.05463202    -0.05122849    -0.0004235332    0.01859759    -0.02506514    0.05159398
0.007790085    0.1218277    -0.2330515    -0.3314129    1    0.01080253    -0.01518604    0.01995498    0.03607049    -0.04102867    0.02810161    0.02308672    0.01445719    0.01612385    -0.05921099    -0.01819155    0.01863395    0.05416043    0.04290818    -0.07564668
0.05389543    -0.0578075    0.01083277    0.01160255    0.01080253    1    -0.02954475    -0.6886428    -0.02435365    0.001571975    0.06443082    -0.07015391    -0.05780759    0.1339086    -0.02215292    0.002441896    -0.02419697    0.0301268    0.01496668    -0.04018266
-0.04041079    0.00617488    0.0509241    -0.06977074    -0.01518604    -0.02954475    1    -0.230843    -0.6910545    0.2013255    -0.05546732    -0.002827555    0.02384357    -0.06292279    0.07814099    -0.04686053    -0.001171372    0.01298223    0.01444384    -0.03086101
-0.07738388    0.07724433    0.004399219    -0.06388856    0.01995498    -0.6886428    -0.230843    1    -0.006458427    -0.3909671    -0.02648205    0.01348771    -0.001865565    -0.1240855    0.09211669    -0.02167811    -0.01926784    -0.04874781    -0.01805607    0.08730085
0.0345248    -0.001794454    -0.04552222    0.02241983    0.03607049    -0.02435365    -0.6910545    -0.006458427    1    -0.3307153    0.05139153    -0.03882252    -0.07138099    0.06367587    -0.02674284    0.04628176    -0.05213211    -0.06164212    -0.01098869    0.09718906
0.05482764    -0.04895622    -0.007806166    0.07978027    -0.04102867    0.001571975    0.2013255    -0.3909671    -0.3307153    1    -0.02051223    0.04563923    0.1137046    0.03057345    -0.1325142    0.0163327    0.08368623    0.06951794    0.003541737    -0.1179821
-0.006771738    -0.007700104    0.01698329    -0.02263409    0.02810161    0.06443082    -0.05546732    -0.02648205    0.05139153    -0.02051223    1    -0.09296697    -0.5872855    0.1205512    -0.008874198    -0.1179656    -0.2980671    0.06641426    0.4483354    -0.1221541
-0.1240857    0.04115698    0.05278118    -0.07091541    0.02308672    -0.07015391    -0.002827555    0.01348771    -0.03882252    0.04563923    -0.09296697    1    -0.2674181    -0.5953015    0.2580198    -0.2510339    0.02346951    0.3400784    0.1013593    -0.1992053
-0.0192503    0.002289715    -0.006103072    -0.01417219    0.01445719    -0.05780759    0.02384357    -0.001865565    -0.07138099    0.1137046    -0.5872855    -0.2674181    1    -0.09069658    -0.3813491    0.07215081    0.3303277    0.05506116    -0.2063156    -0.1128322
0.04231941    0.005184631    -0.01968382    -0.03236774    0.01612385    0.1339086    -0.06292279    -0.1240855    0.06367587    0.03057345    0.1205512    -0.5953015    -0.09069658    1    -0.4833    0.5098434    0.07291783    -0.3542301    -0.1281001    0.02787081
0.03068441    0.00498496    -0.02087392    0.05463202    -0.05921099    -0.02215292    0.07814099    0.09211669    -0.02674284    -0.1325142    -0.008874198    0.2580198    -0.3813491    -0.4833    1    -0.3181835    -0.2759907    0.09980855    0.04931708    -0.08786729
0.0338047    -0.0150622    0.03604504    -0.05122849    -0.01819155    0.002441896    -0.04686053    -0.02167811    0.04628176    0.0163327    -0.1179656    -0.2510339    0.07215081    0.5098434    -0.3181835    1    0.101416    -0.7969551    -0.2103847    0.2428828
-0.020371    0.01909466    -0.03829034    -0.0004235332    0.01863395    -0.02419697    -0.001171372    -0.01926784    -0.05213211    0.08368623    -0.2980671    0.02346951    0.3303277    0.07291783    -0.2759907    0.101416    1    0.04487903    -0.7812895    0.1599303
-0.04451033    0.01027337    -0.04505017    0.01859759    0.05416043    0.0301268    0.01298223    -0.04874781    -0.06164212    0.06951794    0.06641426    0.3400784    0.05506116    -0.3542301    0.09980855    -0.7969551    0.04487903    1    0.1790457    -0.582267
0.006222414    -0.01022215    0.01594886    -0.02506514    0.04290818    0.01496668    0.01444384    -0.01805607    -0.01098869    0.003541737    0.4483354    0.1013593    -0.2063156    -0.1281001    0.04931708    -0.2103847    -0.7812895    0.1790457    1    -0.5209955
0.03073797    -0.02755133    0.03695036    0.05159398    -0.07564668    -0.04018266    -0.03086101    0.08730085    0.09718906    -0.1179821    -0.1221541    -0.1992053    -0.1128322    0.02787081    -0.08786729    0.2428828    0.1599303    -0.582267    -0.5209955    1
