1    -0.05330177    -0.7076816    -0.05428078    -0.0042453    0.09440415    -0.1294106    -0.07099762    0.1520771    -0.06209975
-0.05330177    1    -0.07540401    -0.5736487    0.1523894    -0.1071896    -0.02518382    0.01446428    -0.1225303    0.1791303
-0.7076816    -0.07540401    1    0.02279707    -0.3127617    -0.0540998    0.008856851    -0.02043141    -0.09480753    0.12104
-0.05428078    -0.5736487    0.02279707    1    -0.3869901    0.1925161    -0.1147462    -0.1067729    0.1238888    -0.06865889
-0.0042453    0.1523894    -0.3127617    -0.3869901    1    -0.07844199    0.1801148    0.1072767    -0.07988907    -0.08571779
0.09440415    -0.1071896    -0.0540998    0.1925161    -0.07844199    1    -0.09296697    -0.5872855    0.1205512    -0.008874198
-0.1294106    -0.02518382    0.008856851    -0.1147462    0.1801148    -0.09296697    1    -0.2674181    -0.5953015    0.2580198
-0.07099762    0.01446428    -0.02043141    -0.1067729    0.1072767    -0.5872855    -0.2674181    1    -0.09069658    -0.3813491
0.1520771    -0.1225303    -0.09480753    0.1238888    -0.07988907    0.1205512    -0.5953015    -0.09069658    1    -0.4833
-0.06209975    0.1791303    0.12104    -0.06865889    -0.08571779    -0.008874198    0.2580198    -0.3813491    -0.4833    1
