1    -0.09296697    -0.5872855    0.1205512    -0.008874198    -0.06106963    -0.04165248    0.01877955    0.05273184    -0.00498728
-0.09296697    1    -0.2674181    -0.5953015    0.2580198    0.03857028    0.01328375    -0.04970586    -0.03546888    0.03272484
-0.5872855    -0.2674181    1    -0.09069658    -0.3813491    0.01633288    -0.00587882    -0.01083107    -0.02651377    0.01582178
0.1205512    -0.5953015    -0.09069658    1    -0.4833    -0.07212233    -0.02811238    0.03316674    0.002412025    0.03391574
-0.008874198    0.2580198    -0.3813491    -0.4833    1    0.04512267    0.04657365    -0.02245275    0.01074679    -0.02995025
-0.06106963    0.03857028    0.01633288    -0.07212233    0.04512267    1    0.02908078    -0.7833883    -0.1832564    0.1855046
-0.04165248    0.01328375    -0.00587882    -0.02811238    0.04657365    0.02908078    1    0.1197286    -0.7818992    0.104468
0.01877955    -0.04970586    -0.01083107    0.03316674    -0.02245275    -0.7833883    0.1197286    1    0.183956    -0.5796155
0.05273184    -0.03546888    -0.02651377    0.002412025    0.01074679    -0.1832564    -0.7818992    0.183956    1    -0.5016877
-0.00498728    0.03272484    0.01582178    0.03391574    -0.02995025    0.1855046    0.104468    -0.5796155    -0.5016877    1
