1    -0.02954475    -0.6886428    -0.02435365    0.001571975    0.06443082    -0.07015391    -0.05780759    0.1339086    -0.02215292    0.129013    -0.09717097    -0.1010725    0.1329546    -0.03790849    0.05017895    0.04223643    -0.01489325    -0.02165809    0.02387072    0.002441896    -0.02419697    0.0301268    0.01496668    -0.04018266
-0.02954475    1    -0.230843    -0.6910545    0.2013255    -0.05546732    -0.002827555    0.02384357    -0.06292279    0.07814099    -0.0795902    -0.07417952    -0.04979702    -0.04693624    0.1221495    0.00561323    0.01501671    -0.02800665    -0.01735379    0.05638861    -0.04686053    -0.001171372    0.01298223    0.01444384    -0.03086101
-0.6886428    -0.230843    1    -0.006458427    -0.3909671    -0.02648205    0.01348771    -0.001865565    -0.1240855    0.09211669    -0.1138796    0.02542688    0.04070464    -0.1237264    0.1084495    -0.04187479    -0.02229556    0.03699213    0.02125674    -0.04397248    -0.02167811    -0.01926784    -0.04874781    -0.01805607    0.08730085
-0.02435365    -0.6910545    -0.006458427    1    -0.3307153    0.05139153    -0.03882252    -0.07138099    0.06367587    -0.02674284    0.09201155    -0.04323759    -0.06118843    0.06830712    -0.006206045    -0.02494118    0.02615057    0.05452815    0.004904026    -0.0597561    0.04628176    -0.05213211    -0.06164212    -0.01098869    0.09718906
0.001571975    0.2013255    -0.3909671    -0.3307153    1    -0.02051223    0.04563923    0.1137046    0.03057345    -0.1325142    -0.01783899    0.1125672    0.106284    0.02292883    -0.1522478    0.0726668    -0.03342488    -0.08796458    -0.006911603    0.05374018    0.0163327    0.08368623    0.06951794    0.003541737    -0.1179821
0.06443082    -0.05546732    -0.02648205    0.05139153    -0.02051223    1    -0.09296697    -0.5872855    0.1205512    -0.008874198    0.001992299    0.09945712    0.025819    -0.09688465    0.01627947    -0.05614705    -0.03965656    0.02556047    0.04547907    -0.0001584828    -0.1179656    -0.2980671    0.06641426    0.4483354    -0.1221541
-0.07015391    -0.002827555    0.01348771    -0.03882252    0.04563923    -0.09296697    1    -0.2674181    -0.5953015    0.2580198    -0.006798269    0.02534167    0.0434684    0.01031114    -0.04191442    0.02789463    0.01180216    -0.04517602    -0.05660356    0.04698143    -0.2510339    0.02346951    0.3400784    0.1013593    -0.1992053
-0.05780759    0.02384357    -0.001865565    -0.07138099    0.1137046    -0.5872855    -0.2674181    1    -0.09069658    -0.3813491    -0.002274498    -0.01752827    0.007871394    0.02823818    -0.01737396    0.00432015    0.005100982    -0.02295805    -0.02390855    0.03868112    0.07215081    0.3303277    0.05506116    -0.2063156    -0.1128322
0.1339086    -0.06292279    -0.1240855    0.06367587    0.03057345    0.1205512    -0.5953015    -0.09069658    1    -0.4833    0.01707834    0.03382911    0.008611835    0.01683356    -0.02428471    -0.04403976    -0.07216046    0.006837407    0.07808713    9.347354e-05    0.5098434    0.07291783    -0.3542301    -0.1281001    0.02787081
-0.02215292    0.07814099    0.09211669    -0.02674284    -0.1325142    -0.008874198    0.2580198    -0.3813491    -0.4833    1    0.02303469    -0.08729548    -0.08848766    0.007542348    0.08171927    0.06295784    0.08232487    0.008313983    -0.06665525    -0.04340985    -0.3181835    -0.2759907    0.09980855    0.04931708    -0.08786729
0.129013    -0.0795902    -0.1138796    0.09201155    -0.01783899    0.001992299    -0.006798269    -0.002274498    0.01707834    0.02303469    1    0.1400241    -0.8017412    -0.2016428    0.2533022    -0.06257866    -0.1160907    0.06438011    0.1353396    -0.09196265    0.1350537    0.03057538    -0.1069014    -0.05569905    0.02513814
-0.09717097    -0.07417952    0.02542688    -0.04323759    0.1125672    0.09945712    0.02534167    -0.01752827    0.03382911    -0.08729548    0.1400241    1    0.1472722    -0.7823827    0.08175681    -0.1054115    0.07025928    0.1492839    -0.01334765    -0.08901631    0.0321311    0.1326485    0.03824408    -0.03543596    -0.05315757
-0.1010725    -0.04979702    0.04070464    -0.06118843    0.106284    0.025819    0.0434684    0.007871394    0.008611835    -0.08848766    -0.8017412    0.1472722    1    0.08810614    -0.5706687    0.03884879    0.1539887    0.01253854    -0.1012942    0.004650788    -0.09861796    0.04228673    0.1419564    0.02478938    -0.07312496
0.1329546    -0.04693624    -0.1237264    0.06830712    0.02292883    -0.09688465    0.01031114    0.02823818    0.01683356    0.007542348    -0.2016428    -0.7823827    0.08810614    1    -0.4619127    0.1417764    -0.04748903    -0.1025357    0.01610979    -0.007998452    -0.03303566    -0.07541068    0.03126857    0.05694555    -0.01685463
-0.03790849    0.1221495    0.1084495    -0.006206045    -0.1522478    0.01627947    -0.04191442    -0.01737396    -0.02428471    0.08171927    0.2533022    0.08175681    -0.5706687    -0.4619127    1    -0.03165851    -0.05812987    -0.03322056    -0.01512274    0.005816274    0.02872024    -0.0243747    -0.09090849    -0.01770255    0.1169376
0.05017895    0.00561323    -0.04187479    -0.02494118    0.0726668    -0.05614705    0.02789463    0.00432015    -0.04403976    0.06295784    -0.06257866    -0.1054115    0.03884879    0.1417764    -0.03165851    1    0.1113    -0.7716235    -0.2948739    0.2616917    -0.09000905    -0.08623439    0.04585691    0.08562982    -0.04436764
0.04223643    0.01501671    -0.02229556    0.02615057    -0.03342488    -0.03965656    0.01180216    0.005100982    -0.07216046    0.08232487    -0.1160907    0.07025928    0.1539887    -0.04748903    -0.05812987    0.1113    1    0.1167179    -0.7951628    0.1122501    -0.108549    -0.09386476    0.04726087    0.09556325    -0.05915275
-0.01489325    -0.02800665    0.03699213    0.05452815    -0.08796458    0.02556047    -0.04517602    -0.02295805    0.006837407    0.008313983    0.06438011    0.1492839    0.01253854    -0.1025357    -0.03322056    -0.7716235    0.1167179    1    0.2636114    -0.66048    0.0679052    0.02700192    -0.06939656    -0.07549118    0.07909645
-0.02165809    -0.01735379    0.02125674    0.004904026    -0.006911603    0.04547907    -0.05660356    -0.02390855    0.07808713    -0.06665525    0.1353396    -0.01334765    -0.1012942    0.01610979    -0.01512274    -0.2948739    -0.7951628    0.2636114    1    -0.5298588    0.1355106    0.08655783    -0.1163263    -0.131181    0.1387586
0.02387072    0.05638861    -0.04397248    -0.0597561    0.05374018    -0.0001584828    0.04698143    0.03868112    9.347354e-05    -0.04340985    -0.09196265    -0.08901631    0.004650788    -0.007998452    0.005816274    0.2616917    0.1122501    -0.66048    -0.5298588    1    -0.0824511    -0.006194334    0.1121668    0.09321974    -0.1323294
0.002441896    -0.04686053    -0.02167811    0.04628176    0.0163327    -0.1179656    -0.2510339    0.07215081    0.5098434    -0.3181835    0.1350537    0.0321311    -0.09861796    -0.03303566    0.02872024    -0.09000905    -0.108549    0.0679052    0.1355106    -0.0824511    1    0.101416    -0.7969551    -0.2103847    0.2428828
-0.02419697    -0.001171372    -0.01926784    -0.05213211    0.08368623    -0.2980671    0.02346951    0.3303277    0.07291783    -0.2759907    0.03057538    0.1326485    0.04228673    -0.07541068    -0.0243747    -0.08623439    -0.09386476    0.02700192    0.08655783    -0.006194334    0.101416    1    0.04487903    -0.7812895    0.1599303
0.0301268    0.01298223    -0.04874781    -0.06164212    0.06951794    0.06641426    0.3400784    0.05506116    -0.3542301    0.09980855    -0.1069014    0.03824408    0.1419564    0.03126857    -0.09090849    0.04585691    0.04726087    -0.06939656    -0.1163263    0.1121668    -0.7969551    0.04487903    1    0.1790457    -0.582267
0.01496668    0.01444384    -0.01805607    -0.01098869    0.003541737    0.4483354    0.1013593    -0.2063156    -0.1281001    0.04931708    -0.05569905    -0.03543596    0.02478938    0.05694555    -0.01770255    0.08562982    0.09556325    -0.07549118    -0.131181    0.09321974    -0.2103847    -0.7812895    0.1790457    1    -0.5209955
-0.04018266    -0.03086101    0.08730085    0.09718906    -0.1179821    -0.1221541    -0.1992053    -0.1128322    0.02787081    -0.08786729    0.02513814    -0.05315757    -0.07312496    -0.01685463    0.1169376    -0.04436764    -0.05915275    0.07909645    0.1387586    -0.1323294    0.2428828    0.1599303    -0.582267    -0.5209955    1
