1    -0.09296697    -0.5872855    0.1205512    -0.008874198    0.04926505    -0.1176351    -0.03088224    0.1632472    -0.09398396
-0.09296697    1    -0.2674181    -0.5953015    0.2580198    -0.05184876    0.07176172    -0.03781501    -0.1925416    0.1628168
-0.5872855    -0.2674181    1    -0.09069658    -0.3813491    -0.0417618    -0.05885779    -0.1049232    -0.07321295    0.1991867
0.1205512    -0.5953015    -0.09069658    1    -0.4833    0.05928642    -0.1474505    -0.009321575    0.195102    -0.1106225
-0.008874198    0.2580198    -0.3813491    -0.4833    1    -0.007809671    0.1851792    0.1013714    -0.04979448    -0.1077125
0.04926505    -0.05184876    -0.0417618    0.05928642    -0.007809671    1    0.05016715    -0.7652618    -0.2164396    0.2527462
-0.1176351    0.07176172    -0.05885779    -0.1474505    0.1851792    0.05016715    1    0.07725506    -0.7808682    0.1179414
-0.03088224    -0.03781501    -0.1049232    -0.009321575    0.1013714    -0.7652618    0.07725506    1    0.210168    -0.6410685
0.1632472    -0.1925416    -0.07321295    0.195102    -0.04979448    -0.2164396    -0.7808682    0.210168    1    -0.5415401
-0.09398396    0.1628168    0.1991867    -0.1106225    -0.1077125    0.2527462    0.1179414    -0.6410685    -0.5415401    1
