1    -0.09296697    -0.5872855    0.1205512    -0.008874198    -0.05986906    -0.03557438    0.01385454    -0.006368595    0.05900022
-0.09296697    1    -0.2674181    -0.5953015    0.2580198    -0.0935748    0.08469843    -0.02022624    -0.0450756    0.0638189
-0.5872855    -0.2674181    1    -0.09069658    -0.3813491    -0.01116847    0.02349779    0.03049585    -0.06177808    -0.02088897
0.1205512    -0.5953015    -0.09069658    1    -0.4833    -0.01105784    -0.01309842    0.05024548    -0.03154062    -0.05945728
-0.008874198    0.2580198    -0.3813491    -0.4833    1    0.08071587    -0.0472729    -0.05392933    0.1129901    -0.0001739217
-0.05986906    -0.0935748    -0.01116847    -0.01105784    0.08071587    1    -0.04959194    -0.3653458    -0.1231477    -0.235414
-0.03557438    0.08469843    0.02349779    -0.01309842    -0.0472729    -0.04959194    1    -0.6263962    -0.3809867    0.2643759
0.01385454    -0.02022624    0.03049585    0.05024548    -0.05392933    -0.3653458    -0.6263962    1    -0.04479658    -0.5652813
-0.006368595    -0.0450756    -0.06177808    -0.03154062    0.1129901    -0.1231477    -0.3809867    -0.04479658    1    0.1156272
0.05900022    0.0638189    -0.02088897    -0.05945728    -0.0001739217    -0.235414    0.2643759    -0.5652813    0.1156272    1
