1    -0.3425514    -0.24755    0.1688995    0.007790085    -0.006771738    -0.1240857    -0.0192503    0.04231941    0.03068441
-0.3425514    1    -0.6241456    -0.2792986    0.1218277    -0.007700104    0.04115698    0.002289715    0.005184631    0.00498496
-0.24755    -0.6241456    1    -0.2963397    -0.2330515    0.01698329    0.05278118    -0.006103072    -0.01968382    -0.02087392
0.1688995    -0.2792986    -0.2963397    1    -0.3314129    -0.02263409    -0.07091541    -0.01417219    -0.03236774    0.05463202
0.007790085    0.1218277    -0.2330515    -0.3314129    1    0.02810161    0.02308672    0.01445719    0.01612385    -0.05921099
-0.006771738    -0.007700104    0.01698329    -0.02263409    0.02810161    1    -0.09296697    -0.5872855    0.1205512    -0.008874198
-0.1240857    0.04115698    0.05278118    -0.07091541    0.02308672    -0.09296697    1    -0.2674181    -0.5953015    0.2580198
-0.0192503    0.002289715    -0.006103072    -0.01417219    0.01445719    -0.5872855    -0.2674181    1    -0.09069658    -0.3813491
0.04231941    0.005184631    -0.01968382    -0.03236774    0.01612385    0.1205512    -0.5953015    -0.09069658    1    -0.4833
0.03068441    0.00498496    -0.02087392    0.05463202    -0.05921099    -0.008874198    0.2580198    -0.3813491    -0.4833    1
