1    0.1175183    -0.6888881    -0.007499106    0.04592695    0.08694139    -0.02638908    -0.07670846    0.01887231    0.05163376    0.01320145    -0.0683779    -0.02759256    0.09401442    -0.02440882
0.1175183    1    -0.2907878    -0.6958708    0.2802592    0.0006878979    0.02787225    -0.04002563    -0.06277328    0.07801242    -0.06545003    0.01269332    0.05536218    -0.08915411    0.05215381
-0.6888881    -0.2907878    1    0.09759804    -0.538035    -0.1055706    -0.02019566    0.0683465    0.01648555    -0.02745948    -0.04430823    -0.01967199    -0.009121514    -0.06257924    0.1070096
-0.007499106    -0.6958708    0.09759804    1    -0.4298296    0.03322856    -0.0263834    -0.03610461    0.0425188    -0.01214537    0.1020118    -0.1085737    -0.1068883    0.1191929    -0.009081046
0.04592695    0.2802592    -0.538035    -0.4298296    1    0.05994318    0.04297992    -0.0143358    -0.04346975    -0.009830914    -0.02018995    0.142373    0.06536231    -0.04589821    -0.09901867
0.08694139    0.0006878979    -0.1055706    0.03322856    0.05994318    1    -0.02954475    -0.6886428    -0.02435365    0.001571975    0.06443082    -0.07015391    -0.05780759    0.1339086    -0.02215292
-0.02638908    0.02787225    -0.02019566    -0.0263834    0.04297992    -0.02954475    1    -0.230843    -0.6910545    0.2013255    -0.05546732    -0.002827555    0.02384357    -0.06292279    0.07814099
-0.07670846    -0.04002563    0.0683465    -0.03610461    -0.0143358    -0.6886428    -0.230843    1    -0.006458427    -0.3909671    -0.02648205    0.01348771    -0.001865565    -0.1240855    0.09211669
0.01887231    -0.06277328    0.01648555    0.0425188    -0.04346975    -0.02435365    -0.6910545    -0.006458427    1    -0.3307153    0.05139153    -0.03882252    -0.07138099    0.06367587    -0.02674284
0.05163376    0.07801242    -0.02745948    -0.01214537    -0.009830914    0.001571975    0.2013255    -0.3909671    -0.3307153    1    -0.02051223    0.04563923    0.1137046    0.03057345    -0.1325142
0.01320145    -0.06545003    -0.04430823    0.1020118    -0.02018995    0.06443082    -0.05546732    -0.02648205    0.05139153    -0.02051223    1    -0.09296697    -0.5872855    0.1205512    -0.008874198
-0.0683779    0.01269332    -0.01967199    -0.1085737    0.142373    -0.07015391    -0.002827555    0.01348771    -0.03882252    0.04563923    -0.09296697    1    -0.2674181    -0.5953015    0.2580198
-0.02759256    0.05536218    -0.009121514    -0.1068883    0.06536231    -0.05780759    0.02384357    -0.001865565    -0.07138099    0.1137046    -0.5872855    -0.2674181    1    -0.09069658    -0.3813491
0.09401442    -0.08915411    -0.06257924    0.1191929    -0.04589821    0.1339086    -0.06292279    -0.1240855    0.06367587    0.03057345    0.1205512    -0.5953015    -0.09069658    1    -0.4833
-0.02440882    0.05215381    0.1070096    -0.009081046    -0.09901867    -0.02215292    0.07814099    0.09211669    -0.02674284    -0.1325142    -0.008874198    0.2580198    -0.3813491    -0.4833    1
