1    -0.02954475    -0.6886428    -0.02435365    0.001571975    0.06443082    -0.07015391    -0.05780759    0.1339086    -0.02215292    0.129013    -0.09717097    -0.1010725    0.1329546    -0.03790849    -0.09162924    0.03798744    0.1165212    -0.007314125    -0.06510241    0.002441896    -0.02419697    0.0301268    0.01496668    -0.04018266
-0.02954475    1    -0.230843    -0.6910545    0.2013255    -0.05546732    -0.002827555    0.02384357    -0.06292279    0.07814099    -0.0795902    -0.07417952    -0.04979702    -0.04693624    0.1221495    -0.04920301    -0.05762246    0.02099966    0.04462724    0.03819855    -0.04686053    -0.001171372    0.01298223    0.01444384    -0.03086101
-0.6886428    -0.230843    1    -0.006458427    -0.3909671    -0.02648205    0.01348771    -0.001865565    -0.1240855    0.09211669    -0.1138796    0.02542688    0.04070464    -0.1237264    0.1084495    0.09372042    -0.006732673    -0.09861772    0.0295    0.01024666    -0.02167811    -0.01926784    -0.04874781    -0.01805607    0.08730085
-0.02435365    -0.6910545    -0.006458427    1    -0.3307153    0.05139153    -0.03882252    -0.07138099    0.06367587    -0.02674284    0.09201155    -0.04323759    -0.06118843    0.06830712    -0.006206045    0.01519089    0.08854756    0.03698186    -0.04423118    -0.05474142    0.04628176    -0.05213211    -0.06164212    -0.01098869    0.09718906
0.001571975    0.2013255    -0.3909671    -0.3307153    1    -0.02051223    0.04563923    0.1137046    0.03057345    -0.1325142    -0.01783899    0.1125672    0.106284    0.02292883    -0.1522478    -0.01244836    -0.04533453    -0.0184135    -0.01921662    0.05064297    0.0163327    0.08368623    0.06951794    0.003541737    -0.1179821
0.06443082    -0.05546732    -0.02648205    0.05139153    -0.02051223    1    -0.09296697    -0.5872855    0.1205512    -0.008874198    0.001992299    0.09945712    0.025819    -0.09688465    0.01627947    0.04926505    -0.1176351    -0.03088224    0.1632472    -0.09398396    -0.1179656    -0.2980671    0.06641426    0.4483354    -0.1221541
-0.07015391    -0.002827555    0.01348771    -0.03882252    0.04563923    -0.09296697    1    -0.2674181    -0.5953015    0.2580198    -0.006798269    0.02534167    0.0434684    0.01031114    -0.04191442    -0.05184876    0.07176172    -0.03781501    -0.1925416    0.1628168    -0.2510339    0.02346951    0.3400784    0.1013593    -0.1992053
-0.05780759    0.02384357    -0.001865565    -0.07138099    0.1137046    -0.5872855    -0.2674181    1    -0.09069658    -0.3813491    -0.002274498    -0.01752827    0.007871394    0.02823818    -0.01737396    -0.0417618    -0.05885779    -0.1049232    -0.07321295    0.1991867    0.07215081    0.3303277    0.05506116    -0.2063156    -0.1128322
0.1339086    -0.06292279    -0.1240855    0.06367587    0.03057345    0.1205512    -0.5953015    -0.09069658    1    -0.4833    0.01707834    0.03382911    0.008611835    0.01683356    -0.02428471    0.05928642    -0.1474505    -0.009321575    0.195102    -0.1106225    0.5098434    0.07291783    -0.3542301    -0.1281001    0.02787081
-0.02215292    0.07814099    0.09211669    -0.02674284    -0.1325142    -0.008874198    0.2580198    -0.3813491    -0.4833    1    0.02303469    -0.08729548    -0.08848766    0.007542348    0.08171927    -0.007809671    0.1851792    0.1013714    -0.04979448    -0.1077125    -0.3181835    -0.2759907    0.09980855    0.04931708    -0.08786729
0.129013    -0.0795902    -0.1138796    0.09201155    -0.01783899    0.001992299    -0.006798269    -0.002274498    0.01707834    0.02303469    1    0.1400241    -0.8017412    -0.2016428    0.2533022    0.0008403928    -0.01221599    0.01055408    0.02234292    -0.00882542    0.1350537    0.03057538    -0.1069014    -0.05569905    0.02513814
-0.09717097    -0.07417952    0.02542688    -0.04323759    0.1125672    0.09945712    0.02534167    -0.01752827    0.03382911    -0.08729548    0.1400241    1    0.1472722    -0.7823827    0.08175681    -0.0144742    -0.0267208    0.02725611    0.03695603    -0.05146004    0.0321311    0.1326485    0.03824408    -0.03543596    -0.05315757
-0.1010725    -0.04979702    0.04070464    -0.06118843    0.106284    0.025819    0.0434684    0.007871394    0.008611835    -0.08848766    -0.8017412    0.1472722    1    0.08810614    -0.5706687    0.007046621    0.0597377    -0.00615597    -0.03773207    -0.0142018    -0.09861796    0.04228673    0.1419564    0.02478938    -0.07312496
0.1329546    -0.04693624    -0.1237264    0.06830712    0.02292883    -0.09688465    0.01031114    0.02823818    0.01683356    0.007542348    -0.2016428    -0.7823827    0.08810614    1    -0.4619127    0.05042576    0.06165633    -0.006232039    -0.07090873    0.006224635    -0.03303566    -0.07541068    0.03126857    0.05694555    -0.01685463
-0.03790849    0.1221495    0.1084495    -0.006206045    -0.1522478    0.01627947    -0.04191442    -0.01737396    -0.02428471    0.08171927    0.2533022    0.08175681    -0.5706687    -0.4619127    1    -0.01820343    -0.08595736    -0.0116641    0.04677631    0.008166156    0.02872024    -0.0243747    -0.09090849    -0.01770255    0.1169376
-0.09162924    -0.04920301    0.09372042    0.01519089    -0.01244836    0.04926505    -0.05184876    -0.0417618    0.05928642    -0.007809671    0.0008403928    -0.0144742    0.007046621    0.05042576    -0.01820343    1    0.05016715    -0.7652618    -0.2164396    0.2527462    0.05632841    0.06317599    -0.05417921    -0.08111974    0.09834939
0.03798744    -0.05762246    -0.006732673    0.08854756    -0.04533453    -0.1176351    0.07176172    -0.05885779    -0.1474505    0.1851792    -0.01221599    -0.0267208    0.0597377    0.06165633    -0.08595736    0.05016715    1    0.07725506    -0.7808682    0.1179414    -0.0565378    0.00996876    -0.0005498985    -0.1221495    0.146665
0.1165212    0.02099966    -0.09861772    0.03698186    -0.0184135    -0.03088224    -0.03781501    -0.1049232    -0.009321575    0.1013714    0.01055408    0.02725611    -0.00615597    -0.006232039    -0.0116641    -0.7652618    0.07725506    1    0.210168    -0.6410685    -0.07655645    -0.1181726    -0.003767898    0.04811523    0.05396438
-0.007314125    0.04462724    0.0295    -0.04423118    -0.01921662    0.1632472    -0.1925416    -0.07321295    0.195102    -0.04979448    0.02234292    0.03695603    -0.03773207    -0.07090873    0.04677631    -0.2164396    -0.7808682    0.210168    1    -0.5415401    0.02504878    -0.1223118    -0.04271107    0.1239873    -0.07852063
-0.06510241    0.03819855    0.01024666    -0.05474142    0.05064297    -0.09398396    0.1628168    0.1991867    -0.1106225    -0.1077125    -0.00882542    -0.05146004    -0.0142018    0.006224635    0.008166156    0.2527462    0.1179414    -0.6410685    -0.5415401    1    0.06896784    0.1893821    0.05204842    -0.09221801    -0.1305449
0.002441896    -0.04686053    -0.02167811    0.04628176    0.0163327    -0.1179656    -0.2510339    0.07215081    0.5098434    -0.3181835    0.1350537    0.0321311    -0.09861796    -0.03303566    0.02872024    0.05632841    -0.0565378    -0.07655645    0.02504878    0.06896784    1    0.101416    -0.7969551    -0.2103847    0.2428828
-0.02419697    -0.001171372    -0.01926784    -0.05213211    0.08368623    -0.2980671    0.02346951    0.3303277    0.07291783    -0.2759907    0.03057538    0.1326485    0.04228673    -0.07541068    -0.0243747    0.06317599    0.00996876    -0.1181726    -0.1223118    0.1893821    0.101416    1    0.04487903    -0.7812895    0.1599303
0.0301268    0.01298223    -0.04874781    -0.06164212    0.06951794    0.06641426    0.3400784    0.05506116    -0.3542301    0.09980855    -0.1069014    0.03824408    0.1419564    0.03126857    -0.09090849    -0.05417921    -0.0005498985    -0.003767898    -0.04271107    0.05204842    -0.7969551    0.04487903    1    0.1790457    -0.582267
0.01496668    0.01444384    -0.01805607    -0.01098869    0.003541737    0.4483354    0.1013593    -0.2063156    -0.1281001    0.04931708    -0.05569905    -0.03543596    0.02478938    0.05694555    -0.01770255    -0.08111974    -0.1221495    0.04811523    0.1239873    -0.09221801    -0.2103847    -0.7812895    0.1790457    1    -0.5209955
-0.04018266    -0.03086101    0.08730085    0.09718906    -0.1179821    -0.1221541    -0.1992053    -0.1128322    0.02787081    -0.08786729    0.02513814    -0.05315757    -0.07312496    -0.01685463    0.1169376    0.09834939    0.146665    0.05396438    -0.07852063    -0.1305449    0.2428828    0.1599303    -0.582267    -0.5209955    1
