1    -0.02954475    -0.6886428    -0.02435365    0.001571975    0.06443082    -0.07015391    -0.05780759    0.1339086    -0.02215292    -0.07745642    -0.02990895    0.03546748    -0.01970455    0.02242412    0.002441896    -0.02419697    0.0301268    0.01496668    -0.04018266
-0.02954475    1    -0.230843    -0.6910545    0.2013255    -0.05546732    -0.002827555    0.02384357    -0.06292279    0.07814099    -0.0367918    -0.0182784    0.02924082    0.01024232    -0.006027432    -0.04686053    -0.001171372    0.01298223    0.01444384    -0.03086101
-0.6886428    -0.230843    1    -0.006458427    -0.3909671    -0.02648205    0.01348771    -0.001865565    -0.1240855    0.09211669    0.08161761    0.03084409    -0.08449848    -0.003882643    0.04535234    -0.02167811    -0.01926784    -0.04874781    -0.01805607    0.08730085
-0.02435365    -0.6910545    -0.006458427    1    -0.3307153    0.05139153    -0.03882252    -0.07138099    0.06367587    -0.02674284    -0.0002650409    -0.0257052    -0.009358238    0.004219955    0.02516631    0.04628176    -0.05213211    -0.06164212    -0.01098869    0.09718906
0.001571975    0.2013255    -0.3909671    -0.3307153    1    -0.02051223    0.04563923    0.1137046    0.03057345    -0.1325142    -0.02287751    0.01739392    0.0433569    0.03240768    -0.08110159    0.0163327    0.08368623    0.06951794    0.003541737    -0.1179821
0.06443082    -0.05546732    -0.02648205    0.05139153    -0.02051223    1    -0.09296697    -0.5872855    0.1205512    -0.008874198    -0.01160578    0.01980098    0.00916651    -0.07285987    0.04993602    -0.1179656    -0.2980671    0.06641426    0.4483354    -0.1221541
-0.07015391    -0.002827555    0.01348771    -0.03882252    0.04563923    -0.09296697    1    -0.2674181    -0.5953015    0.2580198    5.82853e-05    -0.04651183    -0.06603296    0.02542935    0.02941391    -0.2510339    0.02346951    0.3400784    0.1013593    -0.1992053
-0.05780759    0.02384357    -0.001865565    -0.07138099    0.1137046    -0.5872855    -0.2674181    1    -0.09069658    -0.3813491    0.0008889303    -0.07119673    -0.03015922    0.05364785    0.02568993    0.07215081    0.3303277    0.05506116    -0.2063156    -0.1128322
0.1339086    -0.06292279    -0.1240855    0.06367587    0.03057345    0.1205512    -0.5953015    -0.09069658    1    -0.4833    -0.02764678    0.0317069    0.03524912    -0.05282616    0.04279138    0.5098434    0.07291783    -0.3542301    -0.1281001    0.02787081
-0.02215292    0.07814099    0.09211669    -0.02674284    -0.1325142    -0.008874198    0.2580198    -0.3813491    -0.4833    1    -0.006579247    0.07773688    0.04170448    0.01012504    -0.08038808    -0.3181835    -0.2759907    0.09980855    0.04931708    -0.08786729
-0.07745642    -0.0367918    0.08161761    -0.0002650409    -0.02287751    -0.01160578    5.82853e-05    0.0008889303    -0.02764678    -0.006579247    1    -0.1169316    -0.7228295    0.1430365    0.1130299    -0.1291602    -0.07070384    0.08875046    0.07341721    -0.03528013
-0.02990895    -0.0182784    0.03084409    -0.0257052    0.01739392    0.01980098    -0.04651183    -0.07119673    0.0317069    0.07773688    -0.1169316    1    0.1225456    -0.708288    0.1717449    -0.05630494    -0.0394825    -0.01832446    0.009341528    0.02709763
0.03546748    0.02924082    -0.08449848    -0.009358238    0.0433569    0.00916651    -0.06603296    -0.03015922    0.03524912    0.04170448    -0.7228295    0.1225456    1    -0.1843117    -0.4438617    0.126837    -0.006547047    -0.1439803    -0.05032688    0.0866458
-0.01970455    0.01024232    -0.003882643    0.004219955    0.03240768    -0.07285987    0.02542935    0.05364785    -0.05282616    0.01012504    0.1430365    -0.708288    -0.1843117    1    -0.5048047    0.08167301    0.009946075    -0.07156772    -0.0357435    0.05343761
0.02242412    -0.006027432    0.04535234    0.02516631    -0.08110159    0.04993602    0.02941391    0.02568993    0.04279138    -0.08038808    0.1130299    0.1717449    -0.4438617    -0.5048047    1    -0.1057332    0.05040134    0.1667246    0.04389621    -0.1539711
0.002441896    -0.04686053    -0.02167811    0.04628176    0.0163327    -0.1179656    -0.2510339    0.07215081    0.5098434    -0.3181835    -0.1291602    -0.05630494    0.126837    0.08167301    -0.1057332    1    0.101416    -0.7969551    -0.2103847    0.2428828
-0.02419697    -0.001171372    -0.01926784    -0.05213211    0.08368623    -0.2980671    0.02346951    0.3303277    0.07291783    -0.2759907    -0.07070384    -0.0394825    -0.006547047    0.009946075    0.05040134    0.101416    1    0.04487903    -0.7812895    0.1599303
0.0301268    0.01298223    -0.04874781    -0.06164212    0.06951794    0.06641426    0.3400784    0.05506116    -0.3542301    0.09980855    0.08875046    -0.01832446    -0.1439803    -0.07156772    0.1667246    -0.7969551    0.04487903    1    0.1790457    -0.582267
0.01496668    0.01444384    -0.01805607    -0.01098869    0.003541737    0.4483354    0.1013593    -0.2063156    -0.1281001    0.04931708    0.07341721    0.009341528    -0.05032688    -0.0357435    0.04389621    -0.2103847    -0.7812895    0.1790457    1    -0.5209955
-0.04018266    -0.03086101    0.08730085    0.09718906    -0.1179821    -0.1221541    -0.1992053    -0.1128322    0.02787081    -0.08786729    -0.03528013    0.02709763    0.0866458    0.05343761    -0.1539711    0.2428828    0.1599303    -0.582267    -0.5209955    1
