1    -0.218888    -0.3308694    0.08306893    -0.09162578    -0.004397635    -0.1131841    -0.02060707    0.004131331    0.05838671
-0.218888    1    -0.5246829    -0.383431    0.2626359    0.01169668    0.03095176    0.01432378    0.0103874    -0.04591229
-0.3308694    -0.5246829    1    -0.1363358    -0.5814342    -0.02737978    0.03966452    0.0493839    0.03603937    -0.07871571
0.08306893    -0.383431    -0.1363358    1    -0.08966739    -0.07060252    -0.03822031    -0.06024291    -0.05271219    0.1546576
-0.09162578    0.2626359    -0.5814342    -0.08966739    1    0.04524291    0.03674806    -0.004856884    -0.04562482    0.008447231
-0.004397635    0.01169668    -0.02737978    -0.07060252    0.04524291    1    -0.09296697    -0.5872855    0.1205512    -0.008874198
-0.1131841    0.03095176    0.03966452    -0.03822031    0.03674806    -0.09296697    1    -0.2674181    -0.5953015    0.2580198
-0.02060707    0.01432378    0.0493839    -0.06024291    -0.004856884    -0.5872855    -0.2674181    1    -0.09069658    -0.3813491
0.004131331    0.0103874    0.03603937    -0.05271219    -0.04562482    0.1205512    -0.5953015    -0.09069658    1    -0.4833
0.05838671    -0.04591229    -0.07871571    0.1546576    0.008447231    -0.008874198    0.2580198    -0.3813491    -0.4833    1
