1    -0.02954475    -0.6886428    -0.02435365    0.001571975    0.06443082    -0.07015391    -0.05780759    0.1339086    -0.02215292    0.05017895    0.04223643    -0.01489325    -0.02165809    0.02387072
-0.02954475    1    -0.230843    -0.6910545    0.2013255    -0.05546732    -0.002827555    0.02384357    -0.06292279    0.07814099    0.00561323    0.01501671    -0.02800665    -0.01735379    0.05638861
-0.6886428    -0.230843    1    -0.006458427    -0.3909671    -0.02648205    0.01348771    -0.001865565    -0.1240855    0.09211669    -0.04187479    -0.02229556    0.03699213    0.02125674    -0.04397248
-0.02435365    -0.6910545    -0.006458427    1    -0.3307153    0.05139153    -0.03882252    -0.07138099    0.06367587    -0.02674284    -0.02494118    0.02615057    0.05452815    0.004904026    -0.0597561
0.001571975    0.2013255    -0.3909671    -0.3307153    1    -0.02051223    0.04563923    0.1137046    0.03057345    -0.1325142    0.0726668    -0.03342488    -0.08796458    -0.006911603    0.05374018
0.06443082    -0.05546732    -0.02648205    0.05139153    -0.02051223    1    -0.09296697    -0.5872855    0.1205512    -0.008874198    -0.05614705    -0.03965656    0.02556047    0.04547907    -0.0001584828
-0.07015391    -0.002827555    0.01348771    -0.03882252    0.04563923    -0.09296697    1    -0.2674181    -0.5953015    0.2580198    0.02789463    0.01180216    -0.04517602    -0.05660356    0.04698143
-0.05780759    0.02384357    -0.001865565    -0.07138099    0.1137046    -0.5872855    -0.2674181    1    -0.09069658    -0.3813491    0.00432015    0.005100982    -0.02295805    -0.02390855    0.03868112
0.1339086    -0.06292279    -0.1240855    0.06367587    0.03057345    0.1205512    -0.5953015    -0.09069658    1    -0.4833    -0.04403976    -0.07216046    0.006837407    0.07808713    9.347354e-05
-0.02215292    0.07814099    0.09211669    -0.02674284    -0.1325142    -0.008874198    0.2580198    -0.3813491    -0.4833    1    0.06295784    0.08232487    0.008313983    -0.06665525    -0.04340985
0.05017895    0.00561323    -0.04187479    -0.02494118    0.0726668    -0.05614705    0.02789463    0.00432015    -0.04403976    0.06295784    1    0.1113    -0.7716235    -0.2948739    0.2616917
0.04223643    0.01501671    -0.02229556    0.02615057    -0.03342488    -0.03965656    0.01180216    0.005100982    -0.07216046    0.08232487    0.1113    1    0.1167179    -0.7951628    0.1122501
-0.01489325    -0.02800665    0.03699213    0.05452815    -0.08796458    0.02556047    -0.04517602    -0.02295805    0.006837407    0.008313983    -0.7716235    0.1167179    1    0.2636114    -0.66048
-0.02165809    -0.01735379    0.02125674    0.004904026    -0.006911603    0.04547907    -0.05660356    -0.02390855    0.07808713    -0.06665525    -0.2948739    -0.7951628    0.2636114    1    -0.5298588
0.02387072    0.05638861    -0.04397248    -0.0597561    0.05374018    -0.0001584828    0.04698143    0.03868112    9.347354e-05    -0.04340985    0.2616917    0.1122501    -0.66048    -0.5298588    1
