1    -0.1750601    -0.4248295    0.2174913    0.002515153    0.06621934    -0.1088972    -0.07793142    0.09708115    0.06477236    0.007737359    -0.0496647    0.03343609    0.1082092    -0.09720418    0.01143045    0.03571542    0.007562312    -0.01871933    -0.0147369
-0.1750601    1    -0.01491714    -0.6222392    0.2333305    -0.08912375    -0.07692517    0.02483626    0.006941856    0.1031524    -0.04952563    0.07152838    0.0610728    -0.02311315    -0.08404258    0.01222076    0.01145902    0.03418631    0.0009239955    -0.02531505
-0.4248295    -0.01491714    1    0.05952327    -0.5232977    -0.008892919    -0.07442783    -0.04799066    -0.01705087    0.08121752    -0.01840606    0.05351053    0.06291157    -0.03478856    -0.01951604    0.01725315    -0.03016273    0.02256089    0.05296424    -0.07297914
0.2174913    -0.6222392    0.05952327    1    -0.5990358    0.141704    -0.05806259    -0.1313163    0.05721546    0.0411066    -0.00589075    0.02116704    0.02304788    -0.01029791    0.003824369    -0.04820604    0.01419888    0.03635762    -0.0002405232    -0.006649769
0.002515153    0.2333305    -0.5232977    -0.5990358    1    -0.09934181    0.1484838    0.1417193    -0.04974588    -0.1247196    0.03597718    -0.07128305    -0.07965728    0.02026767    0.06539621    0.05026147    -0.009815147    -0.07936827    -0.01687809    0.05447497
0.06621934    -0.08912375    -0.008892919    0.141704    -0.09934181    1    -0.02954475    -0.6886428    -0.02435365    0.001571975    0.06443082    -0.07015391    -0.05780759    0.1339086    -0.02215292    0.002441896    -0.02419697    0.0301268    0.01496668    -0.04018266
-0.1088972    -0.07692517    -0.07442783    -0.05806259    0.1484838    -0.02954475    1    -0.230843    -0.6910545    0.2013255    -0.05546732    -0.002827555    0.02384357    -0.06292279    0.07814099    -0.04686053    -0.001171372    0.01298223    0.01444384    -0.03086101
-0.07793142    0.02483626    -0.04799066    -0.1313163    0.1417193    -0.6886428    -0.230843    1    -0.006458427    -0.3909671    -0.02648205    0.01348771    -0.001865565    -0.1240855    0.09211669    -0.02167811    -0.01926784    -0.04874781    -0.01805607    0.08730085
0.09708115    0.006941856    -0.01705087    0.05721546    -0.04974588    -0.02435365    -0.6910545    -0.006458427    1    -0.3307153    0.05139153    -0.03882252    -0.07138099    0.06367587    -0.02674284    0.04628176    -0.05213211    -0.06164212    -0.01098869    0.09718906
0.06477236    0.1031524    0.08121752    0.0411066    -0.1247196    0.001571975    0.2013255    -0.3909671    -0.3307153    1    -0.02051223    0.04563923    0.1137046    0.03057345    -0.1325142    0.0163327    0.08368623    0.06951794    0.003541737    -0.1179821
0.007737359    -0.04952563    -0.01840606    -0.00589075    0.03597718    0.06443082    -0.05546732    -0.02648205    0.05139153    -0.02051223    1    -0.09296697    -0.5872855    0.1205512    -0.008874198    -0.1179656    -0.2980671    0.06641426    0.4483354    -0.1221541
-0.0496647    0.07152838    0.05351053    0.02116704    -0.07128305    -0.07015391    -0.002827555    0.01348771    -0.03882252    0.04563923    -0.09296697    1    -0.2674181    -0.5953015    0.2580198    -0.2510339    0.02346951    0.3400784    0.1013593    -0.1992053
0.03343609    0.0610728    0.06291157    0.02304788    -0.07965728    -0.05780759    0.02384357    -0.001865565    -0.07138099    0.1137046    -0.5872855    -0.2674181    1    -0.09069658    -0.3813491    0.07215081    0.3303277    0.05506116    -0.2063156    -0.1128322
0.1082092    -0.02311315    -0.03478856    -0.01029791    0.02026767    0.1339086    -0.06292279    -0.1240855    0.06367587    0.03057345    0.1205512    -0.5953015    -0.09069658    1    -0.4833    0.5098434    0.07291783    -0.3542301    -0.1281001    0.02787081
-0.09720418    -0.08404258    -0.01951604    0.003824369    0.06539621    -0.02215292    0.07814099    0.09211669    -0.02674284    -0.1325142    -0.008874198    0.2580198    -0.3813491    -0.4833    1    -0.3181835    -0.2759907    0.09980855    0.04931708    -0.08786729
0.01143045    0.01222076    0.01725315    -0.04820604    0.05026147    0.002441896    -0.04686053    -0.02167811    0.04628176    0.0163327    -0.1179656    -0.2510339    0.07215081    0.5098434    -0.3181835    1    0.101416    -0.7969551    -0.2103847    0.2428828
0.03571542    0.01145902    -0.03016273    0.01419888    -0.009815147    -0.02419697    -0.001171372    -0.01926784    -0.05213211    0.08368623    -0.2980671    0.02346951    0.3303277    0.07291783    -0.2759907    0.101416    1    0.04487903    -0.7812895    0.1599303
0.007562312    0.03418631    0.02256089    0.03635762    -0.07936827    0.0301268    0.01298223    -0.04874781    -0.06164212    0.06951794    0.06641426    0.3400784    0.05506116    -0.3542301    0.09980855    -0.7969551    0.04487903    1    0.1790457    -0.582267
-0.01871933    0.0009239955    0.05296424    -0.0002405232    -0.01687809    0.01496668    0.01444384    -0.01805607    -0.01098869    0.003541737    0.4483354    0.1013593    -0.2063156    -0.1281001    0.04931708    -0.2103847    -0.7812895    0.1790457    1    -0.5209955
-0.0147369    -0.02531505    -0.07297914    -0.006649769    0.05447497    -0.04018266    -0.03086101    0.08730085    0.09718906    -0.1179821    -0.1221541    -0.1992053    -0.1128322    0.02787081    -0.08786729    0.2428828    0.1599303    -0.582267    -0.5209955    1
