1    -0.09296697    -0.5872855    0.1205512    -0.008874198    -0.05614705    -0.03965656    0.02556047    0.04547907    -0.0001584828
-0.09296697    1    -0.2674181    -0.5953015    0.2580198    0.02789463    0.01180216    -0.04517602    -0.05660356    0.04698143
-0.5872855    -0.2674181    1    -0.09069658    -0.3813491    0.00432015    0.005100982    -0.02295805    -0.02390855    0.03868112
0.1205512    -0.5953015    -0.09069658    1    -0.4833    -0.04403976    -0.07216046    0.006837407    0.07808713    9.347354e-05
-0.008874198    0.2580198    -0.3813491    -0.4833    1    0.06295784    0.08232487    0.008313983    -0.06665525    -0.04340985
-0.05614705    0.02789463    0.00432015    -0.04403976    0.06295784    1    0.1113    -0.7716235    -0.2948739    0.2616917
-0.03965656    0.01180216    0.005100982    -0.07216046    0.08232487    0.1113    1    0.1167179    -0.7951628    0.1122501
0.02556047    -0.04517602    -0.02295805    0.006837407    0.008313983    -0.7716235    0.1167179    1    0.2636114    -0.66048
0.04547907    -0.05660356    -0.02390855    0.07808713    -0.06665525    -0.2948739    -0.7951628    0.2636114    1    -0.5298588
-0.0001584828    0.04698143    0.03868112    9.347354e-05    -0.04340985    0.2616917    0.1122501    -0.66048    -0.5298588    1
