1    0.1513493    -0.04186283    0.1138702    -0.4404941    0.2363588    -0.5202229    -0.5325619    0.2792943    0.5466503    -0.06721488    0.3118387    0.298431    -0.1891513    -0.3577419
0.1513493    1    0.3110405    -0.5531649    -0.1947917    -0.1212411    -0.3748359    -0.2167843    0.04932302    0.4344177    0.2314838    0.1521325    0.06396901    -0.2129603    -0.2221081
-0.04186283    0.3110405    1    0.02341418    -0.5469089    0.01326171    -0.2353403    -0.3065591    -0.03936138    0.3823618    0.06727981    0.2047184    0.2051715    -0.1682447    -0.2551123
0.1138702    -0.5531649    0.02341418    1    -0.1764102    0.2134343    0.04218581    -0.09886633    0.058144    -0.04613222    -0.1182929    0.02340154    -0.0293974    -0.001942373    0.1184331
-0.4404941    -0.1947917    -0.5469089    -0.1764102    1    -0.1834422    0.5258971    0.550341    -0.1459675    -0.6225399    0.0326607    -0.3410704    -0.4091885    0.1665598    0.4504284
0.2363588    -0.1212411    0.01326171    0.2134343    -0.1834422    1    -0.07341763    -0.6190925    0.001420208    0.1189501    -0.09722899    0.01450225    0.04811225    0.1093409    -0.09365361
-0.5202229    -0.3748359    -0.2353403    0.04218581    0.5258971    -0.07341763    1    0.3500543    -0.6650351    -0.5111754    -0.07935029    -0.3737672    -0.3487772    0.1791955    0.5110379
-0.5325619    -0.2167843    -0.3065591    -0.09886633    0.550341    -0.6190925    0.3500543    1    -0.160647    -0.7130452    0.01895662    -0.3248658    -0.3639516    0.1090675    0.4797241
0.2792943    0.04932302    -0.03936138    0.058144    -0.1459675    0.001420208    -0.6650351    -0.160647    1    0.02807084    -0.0454772    0.1204008    0.1328199    -0.002224857    -0.1715571
0.5466503    0.4344177    0.3823618    -0.04613222    -0.6225399    0.1189501    -0.5111754    -0.7130452    0.02807084    1    0.07509719    0.4179306    0.4241776    -0.2229443    -0.5784414
-0.06721488    0.2314838    0.06727981    -0.1182929    0.0326607    -0.09722899    -0.07935029    0.01895662    -0.0454772    0.07509719    1    -0.1695333    -0.5201249    0.02960654    -0.1103101
0.3118387    0.1521325    0.2047184    0.02340154    -0.3410704    0.01450225    -0.3737672    -0.3248658    0.1204008    0.4179306    -0.1695333    1    0.31856    -0.6899216    -0.2298555
0.298431    0.06396901    0.2051715    -0.0293974    -0.4091885    0.04811225    -0.3487772    -0.3639516    0.1328199    0.4241776    -0.5201249    0.31856    1    -0.1292416    -0.6212203
-0.1891513    -0.2129603    -0.1682447    -0.001942373    0.1665598    0.1093409    0.1791955    0.1090675    -0.002224857    -0.2229443    0.02960654    -0.6899216    -0.1292416    1    -0.1871279
-0.3577419    -0.2221081    -0.2551123    0.1184331    0.4504284    -0.09365361    0.5110379    0.4797241    -0.1715571    -0.5784414    -0.1103101    -0.2298555    -0.6212203    -0.1871279    1
