1    0.1513493    -0.04186283    0.1138702    -0.4404941    0.3899402    -0.4235853    -0.3113774    0.4195494    0.4064551
0.1513493    1    0.3110405    -0.5531649    -0.1947917    0.3452754    -0.3725041    -0.3909255    0.5253618    0.2953617
-0.04186283    0.3110405    1    0.02341418    -0.5469089    0.1718527    -0.2102784    -0.1998382    0.3704188    0.1109471
0.1138702    -0.5531649    0.02341418    1    -0.1764102    -0.1483128    0.1674433    0.1335388    -0.1652394    -0.05264599
-0.4404941    -0.1947917    -0.5469089    -0.1764102    1    -0.5024853    0.5040439    0.3468077    -0.4923395    -0.2972541
0.3899402    0.3452754    0.1718527    -0.1483128    -0.5024853    1    -0.5889263    -0.6905772    0.5508281    0.360491
-0.4235853    -0.3725041    -0.2102784    0.1674433    0.5040439    -0.5889263    1    0.1292851    -0.7202416    -0.3259849
-0.3113774    -0.3909255    -0.1998382    0.1335388    0.3468077    -0.6905772    0.1292851    1    -0.5300982    -0.5326174
0.4195494    0.5253618    0.3704188    -0.1652394    -0.4923395    0.5508281    -0.7202416    -0.5300982    1    0.3449104
0.4064551    0.2953617    0.1109471    -0.05264599    -0.2972541    0.360491    -0.3259849    -0.5326174    0.3449104    1
