1    0.1513493    -0.04186283    0.1138702    -0.4404941    0.1510257    0.08857093    0.02743182    -0.04951642    -0.2673298    -0.06142274    0.06714777    0.2065238    0.06769332    -0.2715832    -0.06721488    0.3118387    0.298431    -0.1891513    -0.3577419
0.1513493    1    0.3110405    -0.5531649    -0.1947917    -0.03541412    0.2148022    0.0349874    -0.147942    -0.1475519    0.02988319    0.242001    0.09190957    -0.1743119    -0.1259189    0.2314838    0.1521325    0.06396901    -0.2129603    -0.2221081
-0.04186283    0.3110405    1    0.02341418    -0.5469089    -0.156519    0.09357281    0.237302    -0.05526001    -0.2077004    0.2112114    0.2805583    -0.07470193    -0.2228589    -0.01124723    0.06727981    0.2047184    0.2051715    -0.1682447    -0.2551123
0.1138702    -0.5531649    0.02341418    1    -0.1764102    0.02363809    -0.1205562    0.01855863    0.04160981    0.05916082    0.0679325    -0.09268796    -0.117575    0.0775589    0.04767074    -0.1182929    0.02340154    -0.0293974    -0.001942373    0.1184331
-0.4404941    -0.1947917    -0.5469089    -0.1764102    1    0.01538548    -0.1106459    -0.1867405    0.03943859    0.3042839    -0.05677882    -0.2242066    -0.1164733    0.02787101    0.2073894    0.0326607    -0.3410704    -0.4091885    0.1665598    0.4504284
0.1510257    -0.03541412    -0.156519    0.02363809    0.01538548    1    -0.02924275    -0.7679929    -0.06677109    0.04839401    -0.1492592    -0.2079126    0.1985894    0.3532295    -0.2750883    0.1025333    0.004477448    -0.03226401    -0.01944884    -0.1017338
0.08857093    0.2148022    0.09357281    -0.1205562    -0.1106459    -0.02924275    1    0.1079617    -0.7953458    -0.00102924    -0.1226589    0.2168244    0.1953461    -0.09960293    -0.1485678    0.2080969    0.2049509    0.06962405    -0.1686509    -0.1985934
0.02743182    0.0349874    0.237302    0.01855863    -0.1867405    -0.7679929    0.1079617    1    0.1316883    -0.5109379    0.2031013    0.3122653    -0.1155695    -0.3077428    0.1360048    -0.1119365    0.1516252    0.2342949    -0.00257519    -0.1629554
-0.04951642    -0.147942    -0.05526001    0.04160981    0.03943859    -0.06677109    -0.7953458    0.1316883    1    -0.4126565    0.1962456    -0.05677835    -0.1570323    0.02304883    0.0778518    -0.1252317    -0.1493414    0.01667326    0.209565    0.03025788
-0.2673298    -0.1475519    -0.2077004    0.05916082    0.3042839    0.04839401    -0.00102924    -0.5109379    -0.4126565    1    -0.1741199    -0.2975586    -0.07149533    0.1050071    0.1249015    -0.1366654    -0.2289595    -0.3127944    0.05231337    0.5458367
-0.06142274    0.02988319    0.2112114    0.0679325    -0.05677882    -0.1492592    -0.1226589    0.2031013    0.1962456    -0.1741199    1    0.2671    -0.8075088    -0.3127521    0.2726119    0.1897412    -0.009673679    -0.07618167    -0.009087963    -0.05370961
0.06714777    0.242001    0.2805583    -0.09268796    -0.2242066    -0.2079126    0.2168244    0.3122653    -0.05677835    -0.2975586    0.2671    1    0.05249734    -0.7928898    0.1062123    0.2035838    0.1329784    0.06224316    -0.1274518    -0.1844032
0.2065238    0.09190957    -0.07470193    -0.117575    -0.1164733    0.1985894    0.1953461    -0.1155695    -0.1570323    -0.07149533    -0.8075088    0.05249734    1    0.1878545    -0.5510975    -0.1185885    0.1241516    0.1849098    -0.07157999    -0.1422312
0.06769332    -0.1743119    -0.2228589    0.0775589    0.02787101    0.3532295    -0.09960293    -0.3077428    0.02304883    0.1050071    -0.3127521    -0.7928898    0.1878545    1    -0.5218773    -0.09358441    -0.04848389    0.04861049    0.1327955    -0.03713684
-0.2715832    -0.1259189    -0.01124723    0.04767074    0.2073894    -0.2750883    -0.1485678    0.1360048    0.0778518    0.1249015    0.2726119    0.1062123    -0.5510975    -0.5218773    1    -0.06811092    -0.1696457    -0.2159936    0.06386319    0.3411408
-0.06721488    0.2314838    0.06727981    -0.1182929    0.0326607    0.1025333    0.2080969    -0.1119365    -0.1252317    -0.1366654    0.1897412    0.2035838    -0.1185885    -0.09358441    -0.06811092    1    -0.1695333    -0.5201249    0.02960654    -0.1103101
0.3118387    0.1521325    0.2047184    0.02340154    -0.3410704    0.004477448    0.2049509    0.1516252    -0.1493414    -0.2289595    -0.009673679    0.1329784    0.1241516    -0.04848389    -0.1696457    -0.1695333    1    0.31856    -0.6899216    -0.2298555
0.298431    0.06396901    0.2051715    -0.0293974    -0.4091885    -0.03226401    0.06962405    0.2342949    0.01667326    -0.3127944    -0.07618167    0.06224316    0.1849098    0.04861049    -0.2159936    -0.5201249    0.31856    1    -0.1292416    -0.6212203
-0.1891513    -0.2129603    -0.1682447    -0.001942373    0.1665598    -0.01944884    -0.1686509    -0.00257519    0.209565    0.05231337    -0.009087963    -0.1274518    -0.07157999    0.1327955    0.06386319    0.02960654    -0.6899216    -0.1292416    1    -0.1871279
-0.3577419    -0.2221081    -0.2551123    0.1184331    0.4504284    -0.1017338    -0.1985934    -0.1629554    0.03025788    0.5458367    -0.05370961    -0.1844032    -0.1422312    -0.03713684    0.3411408    -0.1103101    -0.2298555    -0.6212203    -0.1871279    1
