1    0.1513493    -0.04186283    0.1138702    -0.4404941    -0.1250048    0.3346184    0.4258399    -0.02772634    -0.5281547
0.1513493    1    0.3110405    -0.5531649    -0.1947917    -0.1453244    0.4656111    0.3009495    -0.2547298    -0.2476685
-0.04186283    0.3110405    1    0.02341418    -0.5469089    0.004329544    0.2808048    0.1346034    -0.178977    -0.1436472
0.1138702    -0.5531649    0.02341418    1    -0.1764102    0.08404829    -0.2005385    -0.1173335    0.1302944    0.04544528
-0.4404941    -0.1947917    -0.5469089    -0.1764102    1    0.07410789    -0.4551689    -0.386305    0.1687628    0.447782
-0.1250048    -0.1453244    0.004329544    0.08404829    0.07410789    1    -0.2099838    -0.639589    0.2021948    0.148635
0.3346184    0.4656111    0.2808048    -0.2005385    -0.4551689    -0.2099838    1    0.2976746    -0.6280262    -0.2447407
0.4258399    0.3009495    0.1346034    -0.1173335    -0.386305    -0.639589    0.2976746    1    -0.2405214    -0.6202122
-0.02772634    -0.2547298    -0.178977    0.1302944    0.1687628    0.2021948    -0.6280262    -0.2405214    1    -0.2275061
-0.5281547    -0.2476685    -0.1436472    0.04544528    0.447782    0.148635    -0.2447407    -0.6202122    -0.2275061    1
