1    -0.01661703    -0.3486004    -0.02664636    -0.09414548    0.08572752    0.03446468    0.01261564    -0.002942582    -0.1258438    0.1772553    -0.01269037    -0.1540293    0.1018311    -0.02773489    -0.008233368    -0.07977663    0.07958675    0.04376645    -0.02234462    -0.158117    0.128385    0.09685898    -0.02154103    -0.0276634
-0.01661703    1    0.5772542    -0.1250704    -0.5223465    -0.6573132    0.606789    0.5221744    -0.6851293    -0.3345503    0.2106953    -0.2061193    -0.1127472    -0.3079101    0.02006789    -0.01495457    -0.2535066    -0.1083448    0.1653349    0.3354569    -0.2272556    -0.303911    -0.2746035    0.2076873    0.4985022
-0.3486004    0.5772542    1    0.2385394    -0.7075003    -0.6908868    0.6605008    0.5308384    -0.7202305    -0.3999904    0.1788987    -0.2644411    -0.05162782    -0.3120372    -0.04113903    -0.04725886    -0.2561828    -0.1272767    0.1618454    0.3785165    -0.1280241    -0.3672415    -0.4052039    0.2487577    0.569571
-0.02664636    -0.1250704    0.2385394    1    -0.4755204    -0.1285156    0.2461937    0.1553806    -0.1439637    -0.307386    0.2549488    -0.3028676    0.003197846    -0.05416296    -0.05351174    -0.2684165    0.004154471    0.1020715    -0.04655911    0.2344881    0.03359114    -0.1465127    -0.1868859    0.05863446    0.2627994
-0.09414548    -0.5223465    -0.7075003    -0.4755204    1    0.5941983    -0.6233258    -0.5240055    0.6145636    0.4772251    -0.4033529    0.3355935    0.2031772    0.1536885    0.03479998    0.146062    0.2455852    -0.004336308    -0.1514377    -0.3527129    0.230325    0.2127574    0.2474393    -0.2051169    -0.4753427
0.08572752    -0.6573132    -0.6908868    -0.1285156    0.5941983    1    -0.5889263    -0.6905772    0.5508281    0.360491    -0.2389641    0.2833714    0.1895707    0.1829239    -0.0806811    0.09565436    0.3183604    0.01777145    -0.2867117    -0.2563204    0.07576    0.3070047    0.3615231    -0.1579861    -0.4639171
0.03446468    0.606789    0.6605008    0.2461937    -0.6233258    -0.5889263    1    0.1292851    -0.7202416    -0.3259849    0.2331132    -0.363146    -0.08265612    -0.1742703    -0.02548945    -0.1150129    -0.2322074    0.01488508    0.1842047    0.2306816    -0.1082424    -0.3238391    -0.3799616    0.1865256    0.5604814
0.01261564    0.5221744    0.5308384    0.1553806    -0.5240055    -0.6905772    0.1292851    1    -0.5300982    -0.5326174    0.279567    -0.130264    -0.2233488    -0.1842051    0.003159246    -0.024449    -0.2131905    -0.04860138    0.1589308    0.2982804    -0.2231514    -0.2249255    -0.1365065    0.238625    0.3048931
-0.002942582    -0.6851293    -0.7202305    -0.1439637    0.6145636    0.5508281    -0.7202416    -0.5300982    1    0.3449104    -0.2227041    0.1948073    0.09042199    0.3432653    0.07723772    -0.03387832    0.2808475    0.1535234    -0.1517404    -0.3613623    0.3119352    0.3974615    0.2845332    -0.3268592    -0.5720202
-0.1258438    -0.3345503    -0.3999904    -0.307386    0.4772251    0.360491    -0.3259849    -0.5326174    0.3449104    1    -0.1930885    0.1903133    0.1174637    0.06539742    0.1009064    0.1485514    0.05385965    -0.1477867    -0.08324705    -0.06322931    0.05862998    0.1600666    0.1917784    -0.2057369    -0.3151102
0.1772553    0.2106953    0.1788987    0.2549488    -0.4033529    -0.2389641    0.2331132    0.279567    -0.2227041    -0.1930885    1    -0.4774775    -0.4538181    0.1378426    0.1167466    -0.346434    -0.1287532    0.2534376    0.1030343    0.1987496    -0.2415873    -0.09278759    0.0001420806    0.1183099    0.2459549
-0.01269037    -0.2061193    -0.2644411    -0.3028676    0.3355935    0.2833714    -0.363146    -0.130264    0.1948073    0.1903133    -0.4774775    1    -0.2704573    -0.27668    0.00682912    0.2246998    0.1072014    -0.09356408    -0.03907697    -0.1612878    -0.03935591    0.1721633    0.2889605    -0.03706128    -0.3210472
-0.1540293    -0.1127472    -0.05162782    0.003197846    0.2031772    0.1895707    -0.08265612    -0.2233488    0.09042199    0.1174637    -0.4538181    -0.2704573    1    -0.2854063    -0.3209596    0.05669743    0.08620986    -0.08739058    -0.05263141    -0.08599796    0.1851766    -0.0386227    -0.05580821    0.008868603    -0.1057828
0.1018311    -0.3079101    -0.3120372    -0.05416296    0.1536885    0.1829239    -0.1742703    -0.1842051    0.3432653    0.06539742    0.1378426    -0.27668    -0.2854063    1    -0.1334371    0.09145173    0.1562529    0.1121582    -0.07739028    -0.2853351    0.2159473    0.2320248    0.05912311    -0.1318994    -0.2643116
-0.02773489    0.02006789    -0.04113903    -0.05351174    0.03479998    -0.0806811    -0.02548945    0.003159246    0.07723772    0.1009064    0.1167466    0.00682912    -0.3209596    -0.1334371    1    -0.05820635    -0.1368765    -0.008189513    0.03009229    -0.01031957    -0.1043738    -0.04284979    0.05636041    -0.1017023    -0.02072733
-0.008233368    -0.01495457    -0.04725886    -0.2684165    0.146062    0.09565436    -0.1150129    -0.024449    -0.03387832    0.1485514    -0.346434    0.2246998    0.05669743    0.09145173    -0.05820635    1    -0.02924275    -0.7679929    -0.06677109    0.04839401    0.1025333    0.004477448    -0.03226401    -0.01944884    -0.1017338
-0.07977663    -0.2535066    -0.2561828    0.004154471    0.2455852    0.3183604    -0.2322074    -0.2131905    0.2808475    0.05385965    -0.1287532    0.1072014    0.08620986    0.1562529    -0.1368765    -0.02924275    1    0.1079617    -0.7953458    -0.00102924    0.2080969    0.2049509    0.06962405    -0.1686509    -0.1985934
0.07958675    -0.1083448    -0.1272767    0.1020715    -0.004336308    0.01777145    0.01488508    -0.04860138    0.1535234    -0.1477867    0.2534376    -0.09356408    -0.08739058    0.1121582    -0.008189513    -0.7679929    0.1079617    1    0.1316883    -0.5109379    -0.1119365    0.1516252    0.2342949    -0.00257519    -0.1629554
0.04376645    0.1653349    0.1618454    -0.04655911    -0.1514377    -0.2867117    0.1842047    0.1589308    -0.1517404    -0.08324705    0.1030343    -0.03907697    -0.05263141    -0.07739028    0.03009229    -0.06677109    -0.7953458    0.1316883    1    -0.4126565    -0.1252317    -0.1493414    0.01667326    0.209565    0.03025788
-0.02234462    0.3354569    0.3785165    0.2344881    -0.3527129    -0.2563204    0.2306816    0.2982804    -0.3613623    -0.06322931    0.1987496    -0.1612878    -0.08599796    -0.2853351    -0.01031957    0.04839401    -0.00102924    -0.5109379    -0.4126565    1    -0.1366654    -0.2289595    -0.3127944    0.05231337    0.5458367
-0.158117    -0.2272556    -0.1280241    0.03359114    0.230325    0.07576    -0.1082424    -0.2231514    0.3119352    0.05862998    -0.2415873    -0.03935591    0.1851766    0.2159473    -0.1043738    0.1025333    0.2080969    -0.1119365    -0.1252317    -0.1366654    1    -0.1695333    -0.5201249    0.02960654    -0.1103101
0.128385    -0.303911    -0.3672415    -0.1465127    0.2127574    0.3070047    -0.3238391    -0.2249255    0.3974615    0.1600666    -0.09278759    0.1721633    -0.0386227    0.2320248    -0.04284979    0.004477448    0.2049509    0.1516252    -0.1493414    -0.2289595    -0.1695333    1    0.31856    -0.6899216    -0.2298555
0.09685898    -0.2746035    -0.4052039    -0.1868859    0.2474393    0.3615231    -0.3799616    -0.1365065    0.2845332    0.1917784    0.0001420806    0.2889605    -0.05580821    0.05912311    0.05636041    -0.03226401    0.06962405    0.2342949    0.01667326    -0.3127944    -0.5201249    0.31856    1    -0.1292416    -0.6212203
-0.02154103    0.2076873    0.2487577    0.05863446    -0.2051169    -0.1579861    0.1865256    0.238625    -0.3268592    -0.2057369    0.1183099    -0.03706128    0.008868603    -0.1318994    -0.1017023    -0.01944884    -0.1686509    -0.00257519    0.209565    0.05231337    0.02960654    -0.6899216    -0.1292416    1    -0.1871279
-0.0276634    0.4985022    0.569571    0.2627994    -0.4753427    -0.4639171    0.5604814    0.3048931    -0.5720202    -0.3151102    0.2459549    -0.3210472    -0.1057828    -0.2643116    -0.02072733    -0.1017338    -0.1985934    -0.1629554    0.03025788    0.5458367    -0.1103101    -0.2298555    -0.6212203    -0.1871279    1
