1    0.1979651    -0.2026812    0.04494793    -0.3147692    -0.08291341    0.2122822    0.1524816    -0.147862    -0.3492598    0.2061514    -0.2107049    -0.02363463    -0.03810269    -0.07029017    -0.175683    -0.01773623    0.06404392    -0.02842089    0.1998833    -0.01538482    -0.07815868    -0.1635557    0.05518994    0.2428602
0.1979651    1    0.5732349    -0.4063721    -0.5893912    -0.7301556    0.6524025    0.5477928    -0.6701262    -0.4527589    0.2278343    -0.3261784    -0.1371011    -0.1746508    0.02088343    -0.08521151    -0.269265    -0.02233092    0.1912559    0.2697309    -0.120654    -0.3574428    -0.347758    0.2257327    0.5105827
-0.2026812    0.5732349    1    -0.126535    -0.6835069    -0.696428    0.6152929    0.4876047    -0.6122853    -0.4083029    0.162353    -0.2600875    -0.1017877    -0.1911888    0.01347651    -0.07328313    -0.2284924    -0.002222174    0.2206088    0.1747782    -0.07421367    -0.3785675    -0.3129181    0.2420963    0.4375451
0.04494793    -0.4063721    -0.126535    1    -0.2139703    0.213835    -0.03384424    -0.1216861    0.1162108    -0.09984028    0.1307137    -0.08397591    -0.0004097668    0.03794918    -0.03352972    -0.2025889    0.06817659    0.1179238    -0.09047325    0.08965506    -0.01559102    0.04938437    -0.007467177    -0.04098368    0.05619671
-0.3147692    -0.5893912    -0.6835069    -0.2139703    1    0.6085045    -0.703786    -0.4529645    0.638002    0.5382791    -0.2237859    0.3935341    0.02226753    0.2004269    0.08251448    0.1541748    0.1924713    0.01683418    -0.116106    -0.3533307    0.03764703    0.3937102    0.4523227    -0.2221688    -0.5866963
-0.08291341    -0.7301556    -0.696428    0.213835    0.6085045    1    -0.5889263    -0.6905772    0.5508281    0.360491    -0.2389641    0.2833714    0.1895707    0.1829239    -0.0806811    0.09565436    0.3183604    0.01777145    -0.2867117    -0.2563204    0.07576    0.3070047    0.3615231    -0.1579861    -0.4639171
0.2122822    0.6524025    0.6152929    -0.03384424    -0.703786    -0.5889263    1    0.1292851    -0.7202416    -0.3259849    0.2331132    -0.363146    -0.08265612    -0.1742703    -0.02548945    -0.1150129    -0.2322074    0.01488508    0.1842047    0.2306816    -0.1082424    -0.3238391    -0.3799616    0.1865256    0.5604814
0.1524816    0.5477928    0.4876047    -0.1216861    -0.4529645    -0.6905772    0.1292851    1    -0.5300982    -0.5326174    0.279567    -0.130264    -0.2233488    -0.1842051    0.003159246    -0.024449    -0.2131905    -0.04860138    0.1589308    0.2982804    -0.2231514    -0.2249255    -0.1365065    0.238625    0.3048931
-0.147862    -0.6701262    -0.6122853    0.1162108    0.638002    0.5508281    -0.7202416    -0.5300982    1    0.3449104    -0.2227041    0.1948073    0.09042199    0.3432653    0.07723772    -0.03387832    0.2808475    0.1535234    -0.1517404    -0.3613623    0.3119352    0.3974615    0.2845332    -0.3268592    -0.5720202
-0.3492598    -0.4527589    -0.4083029    -0.09984028    0.5382791    0.360491    -0.3259849    -0.5326174    0.3449104    1    -0.1930885    0.1903133    0.1174637    0.06539742    0.1009064    0.1485514    0.05385965    -0.1477867    -0.08324705    -0.06322931    0.05862998    0.1600666    0.1917784    -0.2057369    -0.3151102
0.2061514    0.2278343    0.162353    0.1307137    -0.2237859    -0.2389641    0.2331132    0.279567    -0.2227041    -0.1930885    1    -0.4774775    -0.4538181    0.1378426    0.1167466    -0.346434    -0.1287532    0.2534376    0.1030343    0.1987496    -0.2415873    -0.09278759    0.0001420806    0.1183099    0.2459549
-0.2107049    -0.3261784    -0.2600875    -0.08397591    0.3935341    0.2833714    -0.363146    -0.130264    0.1948073    0.1903133    -0.4774775    1    -0.2704573    -0.27668    0.00682912    0.2246998    0.1072014    -0.09356408    -0.03907697    -0.1612878    -0.03935591    0.1721633    0.2889605    -0.03706128    -0.3210472
-0.02363463    -0.1371011    -0.1017877    -0.0004097668    0.02226753    0.1895707    -0.08265612    -0.2233488    0.09042199    0.1174637    -0.4538181    -0.2704573    1    -0.2854063    -0.3209596    0.05669743    0.08620986    -0.08739058    -0.05263141    -0.08599796    0.1851766    -0.0386227    -0.05580821    0.008868603    -0.1057828
-0.03810269    -0.1746508    -0.1911888    0.03794918    0.2004269    0.1829239    -0.1742703    -0.1842051    0.3432653    0.06539742    0.1378426    -0.27668    -0.2854063    1    -0.1334371    0.09145173    0.1562529    0.1121582    -0.07739028    -0.2853351    0.2159473    0.2320248    0.05912311    -0.1318994    -0.2643116
-0.07029017    0.02088343    0.01347651    -0.03352972    0.08251448    -0.0806811    -0.02548945    0.003159246    0.07723772    0.1009064    0.1167466    0.00682912    -0.3209596    -0.1334371    1    -0.05820635    -0.1368765    -0.008189513    0.03009229    -0.01031957    -0.1043738    -0.04284979    0.05636041    -0.1017023    -0.02072733
-0.175683    -0.08521151    -0.07328313    -0.2025889    0.1541748    0.09565436    -0.1150129    -0.024449    -0.03387832    0.1485514    -0.346434    0.2246998    0.05669743    0.09145173    -0.05820635    1    -0.02924275    -0.7679929    -0.06677109    0.04839401    0.1025333    0.004477448    -0.03226401    -0.01944884    -0.1017338
-0.01773623    -0.269265    -0.2284924    0.06817659    0.1924713    0.3183604    -0.2322074    -0.2131905    0.2808475    0.05385965    -0.1287532    0.1072014    0.08620986    0.1562529    -0.1368765    -0.02924275    1    0.1079617    -0.7953458    -0.00102924    0.2080969    0.2049509    0.06962405    -0.1686509    -0.1985934
0.06404392    -0.02233092    -0.002222174    0.1179238    0.01683418    0.01777145    0.01488508    -0.04860138    0.1535234    -0.1477867    0.2534376    -0.09356408    -0.08739058    0.1121582    -0.008189513    -0.7679929    0.1079617    1    0.1316883    -0.5109379    -0.1119365    0.1516252    0.2342949    -0.00257519    -0.1629554
-0.02842089    0.1912559    0.2206088    -0.09047325    -0.116106    -0.2867117    0.1842047    0.1589308    -0.1517404    -0.08324705    0.1030343    -0.03907697    -0.05263141    -0.07739028    0.03009229    -0.06677109    -0.7953458    0.1316883    1    -0.4126565    -0.1252317    -0.1493414    0.01667326    0.209565    0.03025788
0.1998833    0.2697309    0.1747782    0.08965506    -0.3533307    -0.2563204    0.2306816    0.2982804    -0.3613623    -0.06322931    0.1987496    -0.1612878    -0.08599796    -0.2853351    -0.01031957    0.04839401    -0.00102924    -0.5109379    -0.4126565    1    -0.1366654    -0.2289595    -0.3127944    0.05231337    0.5458367
-0.01538482    -0.120654    -0.07421367    -0.01559102    0.03764703    0.07576    -0.1082424    -0.2231514    0.3119352    0.05862998    -0.2415873    -0.03935591    0.1851766    0.2159473    -0.1043738    0.1025333    0.2080969    -0.1119365    -0.1252317    -0.1366654    1    -0.1695333    -0.5201249    0.02960654    -0.1103101
-0.07815868    -0.3574428    -0.3785675    0.04938437    0.3937102    0.3070047    -0.3238391    -0.2249255    0.3974615    0.1600666    -0.09278759    0.1721633    -0.0386227    0.2320248    -0.04284979    0.004477448    0.2049509    0.1516252    -0.1493414    -0.2289595    -0.1695333    1    0.31856    -0.6899216    -0.2298555
-0.1635557    -0.347758    -0.3129181    -0.007467177    0.4523227    0.3615231    -0.3799616    -0.1365065    0.2845332    0.1917784    0.0001420806    0.2889605    -0.05580821    0.05912311    0.05636041    -0.03226401    0.06962405    0.2342949    0.01667326    -0.3127944    -0.5201249    0.31856    1    -0.1292416    -0.6212203
0.05518994    0.2257327    0.2420963    -0.04098368    -0.2221688    -0.1579861    0.1865256    0.238625    -0.3268592    -0.2057369    0.1183099    -0.03706128    0.008868603    -0.1318994    -0.1017023    -0.01944884    -0.1686509    -0.00257519    0.209565    0.05231337    0.02960654    -0.6899216    -0.1292416    1    -0.1871279
0.2428602    0.5105827    0.4375451    0.05619671    -0.5866963    -0.4639171    0.5604814    0.3048931    -0.5720202    -0.3151102    0.2459549    -0.3210472    -0.1057828    -0.2643116    -0.02072733    -0.1017338    -0.1985934    -0.1629554    0.03025788    0.5458367    -0.1103101    -0.2298555    -0.6212203    -0.1871279    1
