1    0.1513493    -0.04186283    0.1138702    -0.4404941    0.3504011    -0.5323148    -0.4621393    0.2922322    0.4294779    0.1510257    0.08857093    0.02743182    -0.04951642    -0.2673298    -0.06721488    0.3118387    0.298431    -0.1891513    -0.3577419
0.1513493    1    0.3110405    -0.5531649    -0.1947917    -0.02521443    -0.2391533    -0.3018547    -0.04575322    0.4726535    -0.03541412    0.2148022    0.0349874    -0.147942    -0.1475519    0.2314838    0.1521325    0.06396901    -0.2129603    -0.2221081
-0.04186283    0.3110405    1    0.02341418    -0.5469089    -0.1161051    -0.208386    -0.1783318    0.009423378    0.4187301    -0.156519    0.09357281    0.237302    -0.05526001    -0.2077004    0.06727981    0.2047184    0.2051715    -0.1682447    -0.2551123
0.1138702    -0.5531649    0.02341418    1    -0.1764102    0.108943    -0.07760091    -0.01579124    0.2417848    -0.1419381    0.02363809    -0.1205562    0.01855863    0.04160981    0.05916082    -0.1182929    0.02340154    -0.0293974    -0.001942373    0.1184331
-0.4404941    -0.1947917    -0.5469089    -0.1764102    1    -0.2103175    0.4570304    0.4410855    -0.1145292    -0.5790898    0.01538548    -0.1106459    -0.1867405    0.03943859    0.3042839    0.0326607    -0.3410704    -0.4091885    0.1665598    0.4504284
0.3504011    -0.02521443    -0.1161051    0.108943    -0.2103175    1    -0.2854361    -0.7194519    0.06167188    0.2449637    0.3438061    -0.06478812    -0.1600212    0.0776725    -0.1756601    -0.02563653    0.1249556    0.2075403    -0.01203033    -0.2667712
-0.5323148    -0.2391533    -0.208386    -0.07760091    0.4570304    -0.2854361    1    0.2700116    -0.6854755    -0.3287533    -0.194433    -0.08904471    -0.05711079    -0.02941284    0.3941562    0.03705754    -0.324848    -0.3356567    0.2100724    0.3997659
-0.4621393    -0.3018547    -0.1783318    -0.01579124    0.4410855    -0.7194519    0.2700116    1    -0.09220107    -0.6530083    -0.2459415    -0.08455193    0.01011337    0.007371001    0.3303692    -0.0548634    -0.2439189    -0.2248498    0.1459756    0.3703591
0.2922322    -0.04575322    0.009423378    0.2417848    -0.1145292    0.06167188    -0.6854755    -0.09220107    1    -0.1518189    0.1294368    -0.1368113    0.008720662    0.1705038    -0.172828    -0.1611782    0.146939    0.1033701    -0.1035057    -0.04915514
0.4294779    0.4726535    0.4187301    -0.1419381    -0.5790898    0.2449637    -0.3287533    -0.6530083    -0.1518189    1    0.05000632    0.2897638    0.1700399    -0.1258933    -0.4372136    0.1873216    0.2677133    0.3123837    -0.1822985    -0.5151916
0.1510257    -0.03541412    -0.156519    0.02363809    0.01538548    0.3438061    -0.194433    -0.2459415    0.1294368    0.05000632    1    -0.02924275    -0.7679929    -0.06677109    0.04839401    0.1025333    0.004477448    -0.03226401    -0.01944884    -0.1017338
0.08857093    0.2148022    0.09357281    -0.1205562    -0.1106459    -0.06478812    -0.08904471    -0.08455193    -0.1368113    0.2897638    -0.02924275    1    0.1079617    -0.7953458    -0.00102924    0.2080969    0.2049509    0.06962405    -0.1686509    -0.1985934
0.02743182    0.0349874    0.237302    0.01855863    -0.1867405    -0.1600212    -0.05711079    0.01011337    0.008720662    0.1700399    -0.7679929    0.1079617    1    0.1316883    -0.5109379    -0.1119365    0.1516252    0.2342949    -0.00257519    -0.1629554
-0.04951642    -0.147942    -0.05526001    0.04160981    0.03943859    0.0776725    -0.02941284    0.007371001    0.1705038    -0.1258933    -0.06677109    -0.7953458    0.1316883    1    -0.4126565    -0.1252317    -0.1493414    0.01667326    0.209565    0.03025788
-0.2673298    -0.1475519    -0.2077004    0.05916082    0.3042839    -0.1756601    0.3941562    0.3303692    -0.172828    -0.4372136    0.04839401    -0.00102924    -0.5109379    -0.4126565    1    -0.1366654    -0.2289595    -0.3127944    0.05231337    0.5458367
-0.06721488    0.2314838    0.06727981    -0.1182929    0.0326607    -0.02563653    0.03705754    -0.0548634    -0.1611782    0.1873216    0.1025333    0.2080969    -0.1119365    -0.1252317    -0.1366654    1    -0.1695333    -0.5201249    0.02960654    -0.1103101
0.3118387    0.1521325    0.2047184    0.02340154    -0.3410704    0.1249556    -0.324848    -0.2439189    0.146939    0.2677133    0.004477448    0.2049509    0.1516252    -0.1493414    -0.2289595    -0.1695333    1    0.31856    -0.6899216    -0.2298555
0.298431    0.06396901    0.2051715    -0.0293974    -0.4091885    0.2075403    -0.3356567    -0.2248498    0.1033701    0.3123837    -0.03226401    0.06962405    0.2342949    0.01667326    -0.3127944    -0.5201249    0.31856    1    -0.1292416    -0.6212203
-0.1891513    -0.2129603    -0.1682447    -0.001942373    0.1665598    -0.01203033    0.2100724    0.1459756    -0.1035057    -0.1822985    -0.01944884    -0.1686509    -0.00257519    0.209565    0.05231337    0.02960654    -0.6899216    -0.1292416    1    -0.1871279
-0.3577419    -0.2221081    -0.2551123    0.1184331    0.4504284    -0.2667712    0.3997659    0.3703591    -0.04915514    -0.5151916    -0.1017338    -0.1985934    -0.1629554    0.03025788    0.5458367    -0.1103101    -0.2298555    -0.6212203    -0.1871279    1
