1    0.1513493    -0.04186283    0.1138702    -0.4404941    0.09770271    -0.4191036    -0.5122708    -0.2475874    0.4005793    0.1510257    0.08857093    0.02743182    -0.04951642    -0.2673298    -0.06721488    0.3118387    0.298431    -0.1891513    -0.3577419
0.1513493    1    0.3110405    -0.5531649    -0.1947917    -0.1644999    -0.3862933    -0.390812    -0.1690196    0.4404946    -0.03541412    0.2148022    0.0349874    -0.147942    -0.1475519    0.2314838    0.1521325    0.06396901    -0.2129603    -0.2221081
-0.04186283    0.3110405    1    0.02341418    -0.5469089    -0.003182975    -0.3048024    -0.3203456    -0.0674863    0.1981749    -0.156519    0.09357281    0.237302    -0.05526001    -0.2077004    0.06727981    0.2047184    0.2051715    -0.1682447    -0.2551123
0.1138702    -0.5531649    0.02341418    1    -0.1764102    0.1838155    0.09421464    0.0822127    0.1180963    -0.2181656    0.02363809    -0.1205562    0.01855863    0.04160981    0.05916082    -0.1182929    0.02340154    -0.0293974    -0.001942373    0.1184331
-0.4404941    -0.1947917    -0.5469089    -0.1764102    1    -0.1310807    0.5573633    0.6156991    0.2154675    -0.4509245    0.01538548    -0.1106459    -0.1867405    0.03943859    0.3042839    0.0326607    -0.3410704    -0.4091885    0.1665598    0.4504284
0.09770271    -0.1644999    -0.003182975    0.1838155    -0.1310807    1    -0.01661703    -0.3486004    -0.02664636    -0.09414548    -0.008233368    -0.07977663    0.07958675    0.04376645    -0.02234462    -0.158117    0.128385    0.09685898    -0.02154103    -0.0276634
-0.4191036    -0.3862933    -0.3048024    0.09421464    0.5573633    -0.01661703    1    0.5772542    -0.1250704    -0.5223465    -0.01495457    -0.2535066    -0.1083448    0.1653349    0.3354569    -0.2272556    -0.303911    -0.2746035    0.2076873    0.4985022
-0.5122708    -0.390812    -0.3203456    0.0822127    0.6156991    -0.3486004    0.5772542    1    0.2385394    -0.7075003    -0.04725886    -0.2561828    -0.1272767    0.1618454    0.3785165    -0.1280241    -0.3672415    -0.4052039    0.2487577    0.569571
-0.2475874    -0.1690196    -0.0674863    0.1180963    0.2154675    -0.02664636    -0.1250704    0.2385394    1    -0.4755204    -0.2684165    0.004154471    0.1020715    -0.04655911    0.2344881    0.03359114    -0.1465127    -0.1868859    0.05863446    0.2627994
0.4005793    0.4404946    0.1981749    -0.2181656    -0.4509245    -0.09414548    -0.5223465    -0.7075003    -0.4755204    1    0.146062    0.2455852    -0.004336308    -0.1514377    -0.3527129    0.230325    0.2127574    0.2474393    -0.2051169    -0.4753427
0.1510257    -0.03541412    -0.156519    0.02363809    0.01538548    -0.008233368    -0.01495457    -0.04725886    -0.2684165    0.146062    1    -0.02924275    -0.7679929    -0.06677109    0.04839401    0.1025333    0.004477448    -0.03226401    -0.01944884    -0.1017338
0.08857093    0.2148022    0.09357281    -0.1205562    -0.1106459    -0.07977663    -0.2535066    -0.2561828    0.004154471    0.2455852    -0.02924275    1    0.1079617    -0.7953458    -0.00102924    0.2080969    0.2049509    0.06962405    -0.1686509    -0.1985934
0.02743182    0.0349874    0.237302    0.01855863    -0.1867405    0.07958675    -0.1083448    -0.1272767    0.1020715    -0.004336308    -0.7679929    0.1079617    1    0.1316883    -0.5109379    -0.1119365    0.1516252    0.2342949    -0.00257519    -0.1629554
-0.04951642    -0.147942    -0.05526001    0.04160981    0.03943859    0.04376645    0.1653349    0.1618454    -0.04655911    -0.1514377    -0.06677109    -0.7953458    0.1316883    1    -0.4126565    -0.1252317    -0.1493414    0.01667326    0.209565    0.03025788
-0.2673298    -0.1475519    -0.2077004    0.05916082    0.3042839    -0.02234462    0.3354569    0.3785165    0.2344881    -0.3527129    0.04839401    -0.00102924    -0.5109379    -0.4126565    1    -0.1366654    -0.2289595    -0.3127944    0.05231337    0.5458367
-0.06721488    0.2314838    0.06727981    -0.1182929    0.0326607    -0.158117    -0.2272556    -0.1280241    0.03359114    0.230325    0.1025333    0.2080969    -0.1119365    -0.1252317    -0.1366654    1    -0.1695333    -0.5201249    0.02960654    -0.1103101
0.3118387    0.1521325    0.2047184    0.02340154    -0.3410704    0.128385    -0.303911    -0.3672415    -0.1465127    0.2127574    0.004477448    0.2049509    0.1516252    -0.1493414    -0.2289595    -0.1695333    1    0.31856    -0.6899216    -0.2298555
0.298431    0.06396901    0.2051715    -0.0293974    -0.4091885    0.09685898    -0.2746035    -0.4052039    -0.1868859    0.2474393    -0.03226401    0.06962405    0.2342949    0.01667326    -0.3127944    -0.5201249    0.31856    1    -0.1292416    -0.6212203
-0.1891513    -0.2129603    -0.1682447    -0.001942373    0.1665598    -0.02154103    0.2076873    0.2487577    0.05863446    -0.2051169    -0.01944884    -0.1686509    -0.00257519    0.209565    0.05231337    0.02960654    -0.6899216    -0.1292416    1    -0.1871279
-0.3577419    -0.2221081    -0.2551123    0.1184331    0.4504284    -0.0276634    0.4985022    0.569571    0.2627994    -0.4753427    -0.1017338    -0.1985934    -0.1629554    0.03025788    0.5458367    -0.1103101    -0.2298555    -0.6212203    -0.1871279    1
