1    0.1513493    -0.04186283    0.1138702    -0.4404941    0.04335521    0.007648479    0.04480567    0.1604796    -0.05853524    0.1510257    0.08857093    0.02743182    -0.04951642    -0.2673298    -0.06721488    0.3118387    0.298431    -0.1891513    -0.3577419
0.1513493    1    0.3110405    -0.5531649    -0.1947917    -0.0214727    0.1107694    0.2368005    0.01883855    -0.1826218    -0.03541412    0.2148022    0.0349874    -0.147942    -0.1475519    0.2314838    0.1521325    0.06396901    -0.2129603    -0.2221081
-0.04186283    0.3110405    1    0.02341418    -0.5469089    -0.01142235    0.02373099    0.1032532    0.1060993    -0.1946426    -0.156519    0.09357281    0.237302    -0.05526001    -0.2077004    0.06727981    0.2047184    0.2051715    -0.1682447    -0.2551123
0.1138702    -0.5531649    0.02341418    1    -0.1764102    0.06117449    -0.06266284    -0.1361919    0.03139234    -0.05053839    0.02363809    -0.1205562    0.01855863    0.04160981    0.05916082    -0.1182929    0.02340154    -0.0293974    -0.001942373    0.1184331
-0.4404941    -0.1947917    -0.5469089    -0.1764102    1    0.02364561    0.06430223    -0.1079753    -0.2419061    0.01366295    0.01538548    -0.1106459    -0.1867405    0.03943859    0.3042839    0.0326607    -0.3410704    -0.4091885    0.1665598    0.4504284
0.04335521    -0.0214727    -0.01142235    0.06117449    0.02364561    1    -0.1725068    -0.7027936    0.116493    0.08094118    0.07713722    -0.09352444    -0.006524002    0.0976322    -0.06412787    -0.001785365    0.02099902    0.01585515    0.004025675    -0.04429489
0.007648479    0.1107694    0.02373099    -0.06266284    0.06430223    -0.1725068    1    0.1574847    -0.7513166    0.1351055    -0.2042075    0.0512579    0.08127755    -0.06060221    0.04598742    -0.01266924    0.1017366    0.004638792    -0.149716    0.04251783
0.04480567    0.2368005    0.1032532    -0.1361919    -0.1079753    -0.7027936    0.1574847    1    -0.1113507    -0.3998048    -0.0228353    0.2120256    -0.01761738    -0.152322    -0.06082035    0.1680154    0.064044    0.03127808    -0.09082699    -0.1394175
0.1604796    0.01883855    0.1060993    0.03139234    -0.2419061    0.116493    -0.7513166    -0.1113507    1    -0.4600299    0.1868408    0.02396236    0.02972408    0.01436885    -0.1988965    0.008245384    0.0699364    0.1697588    0.08911444    -0.2568212
-0.05853524    -0.1826218    -0.1946426    -0.05053839    0.01366295    0.08094118    0.1351055    -0.3998048    -0.4600299    1    -0.009563526    -0.0730922    -0.01458995    0.05938238    0.02772312    -0.1067568    -0.03900898    -0.007309094    0.04504776    0.1087956
0.1510257    -0.03541412    -0.156519    0.02363809    0.01538548    0.07713722    -0.2042075    -0.0228353    0.1868408    -0.009563526    1    -0.02924275    -0.7679929    -0.06677109    0.04839401    0.1025333    0.004477448    -0.03226401    -0.01944884    -0.1017338
0.08857093    0.2148022    0.09357281    -0.1205562    -0.1106459    -0.09352444    0.0512579    0.2120256    0.02396236    -0.0730922    -0.02924275    1    0.1079617    -0.7953458    -0.00102924    0.2080969    0.2049509    0.06962405    -0.1686509    -0.1985934
0.02743182    0.0349874    0.237302    0.01855863    -0.1867405    -0.006524002    0.08127755    -0.01761738    0.02972408    -0.01458995    -0.7679929    0.1079617    1    0.1316883    -0.5109379    -0.1119365    0.1516252    0.2342949    -0.00257519    -0.1629554
-0.04951642    -0.147942    -0.05526001    0.04160981    0.03943859    0.0976322    -0.06060221    -0.152322    0.01436885    0.05938238    -0.06677109    -0.7953458    0.1316883    1    -0.4126565    -0.1252317    -0.1493414    0.01667326    0.209565    0.03025788
-0.2673298    -0.1475519    -0.2077004    0.05916082    0.3042839    -0.06412787    0.04598742    -0.06082035    -0.1988965    0.02772312    0.04839401    -0.00102924    -0.5109379    -0.4126565    1    -0.1366654    -0.2289595    -0.3127944    0.05231337    0.5458367
-0.06721488    0.2314838    0.06727981    -0.1182929    0.0326607    -0.001785365    -0.01266924    0.1680154    0.008245384    -0.1067568    0.1025333    0.2080969    -0.1119365    -0.1252317    -0.1366654    1    -0.1695333    -0.5201249    0.02960654    -0.1103101
0.3118387    0.1521325    0.2047184    0.02340154    -0.3410704    0.02099902    0.1017366    0.064044    0.0699364    -0.03900898    0.004477448    0.2049509    0.1516252    -0.1493414    -0.2289595    -0.1695333    1    0.31856    -0.6899216    -0.2298555
0.298431    0.06396901    0.2051715    -0.0293974    -0.4091885    0.01585515    0.004638792    0.03127808    0.1697588    -0.007309094    -0.03226401    0.06962405    0.2342949    0.01667326    -0.3127944    -0.5201249    0.31856    1    -0.1292416    -0.6212203
-0.1891513    -0.2129603    -0.1682447    -0.001942373    0.1665598    0.004025675    -0.149716    -0.09082699    0.08911444    0.04504776    -0.01944884    -0.1686509    -0.00257519    0.209565    0.05231337    0.02960654    -0.6899216    -0.1292416    1    -0.1871279
-0.3577419    -0.2221081    -0.2551123    0.1184331    0.4504284    -0.04429489    0.04251783    -0.1394175    -0.2568212    0.1087956    -0.1017338    -0.1985934    -0.1629554    0.03025788    0.5458367    -0.1103101    -0.2298555    -0.6212203    -0.1871279    1
