1    0.1513493    -0.04186283    0.1138702    -0.4404941    -0.06142274    0.06714777    0.2065238    0.06769332    -0.2715832    -0.06721488    0.3118387    0.298431    -0.1891513    -0.3577419
0.1513493    1    0.3110405    -0.5531649    -0.1947917    0.02988319    0.242001    0.09190957    -0.1743119    -0.1259189    0.2314838    0.1521325    0.06396901    -0.2129603    -0.2221081
-0.04186283    0.3110405    1    0.02341418    -0.5469089    0.2112114    0.2805583    -0.07470193    -0.2228589    -0.01124723    0.06727981    0.2047184    0.2051715    -0.1682447    -0.2551123
0.1138702    -0.5531649    0.02341418    1    -0.1764102    0.0679325    -0.09268796    -0.117575    0.0775589    0.04767074    -0.1182929    0.02340154    -0.0293974    -0.001942373    0.1184331
-0.4404941    -0.1947917    -0.5469089    -0.1764102    1    -0.05677882    -0.2242066    -0.1164733    0.02787101    0.2073894    0.0326607    -0.3410704    -0.4091885    0.1665598    0.4504284
-0.06142274    0.02988319    0.2112114    0.0679325    -0.05677882    1    0.2671    -0.8075088    -0.3127521    0.2726119    0.1897412    -0.009673679    -0.07618167    -0.009087963    -0.05370961
0.06714777    0.242001    0.2805583    -0.09268796    -0.2242066    0.2671    1    0.05249734    -0.7928898    0.1062123    0.2035838    0.1329784    0.06224316    -0.1274518    -0.1844032
0.2065238    0.09190957    -0.07470193    -0.117575    -0.1164733    -0.8075088    0.05249734    1    0.1878545    -0.5510975    -0.1185885    0.1241516    0.1849098    -0.07157999    -0.1422312
0.06769332    -0.1743119    -0.2228589    0.0775589    0.02787101    -0.3127521    -0.7928898    0.1878545    1    -0.5218773    -0.09358441    -0.04848389    0.04861049    0.1327955    -0.03713684
-0.2715832    -0.1259189    -0.01124723    0.04767074    0.2073894    0.2726119    0.1062123    -0.5510975    -0.5218773    1    -0.06811092    -0.1696457    -0.2159936    0.06386319    0.3411408
-0.06721488    0.2314838    0.06727981    -0.1182929    0.0326607    0.1897412    0.2035838    -0.1185885    -0.09358441    -0.06811092    1    -0.1695333    -0.5201249    0.02960654    -0.1103101
0.3118387    0.1521325    0.2047184    0.02340154    -0.3410704    -0.009673679    0.1329784    0.1241516    -0.04848389    -0.1696457    -0.1695333    1    0.31856    -0.6899216    -0.2298555
0.298431    0.06396901    0.2051715    -0.0293974    -0.4091885    -0.07618167    0.06224316    0.1849098    0.04861049    -0.2159936    -0.5201249    0.31856    1    -0.1292416    -0.6212203
-0.1891513    -0.2129603    -0.1682447    -0.001942373    0.1665598    -0.009087963    -0.1274518    -0.07157999    0.1327955    0.06386319    0.02960654    -0.6899216    -0.1292416    1    -0.1871279
-0.3577419    -0.2221081    -0.2551123    0.1184331    0.4504284    -0.05370961    -0.1844032    -0.1422312    -0.03713684    0.3411408    -0.1103101    -0.2298555    -0.6212203    -0.1871279    1
