1    0.1513493    -0.04186283    0.1138702    -0.4404941    -0.1206956    -0.4966137    -0.4147527    -0.005682062    0.3687367    0.1510257    0.08857093    0.02743182    -0.04951642    -0.2673298    -0.06721488    0.3118387    0.298431    -0.1891513    -0.3577419
0.1513493    1    0.3110405    -0.5531649    -0.1947917    -0.2498947    -0.4486158    -0.2766947    -0.08340924    0.3575694    -0.03541412    0.2148022    0.0349874    -0.147942    -0.1475519    0.2314838    0.1521325    0.06396901    -0.2129603    -0.2221081
-0.04186283    0.3110405    1    0.02341418    -0.5469089    -0.1476021    -0.3624062    -0.2308682    0.1167298    0.1749629    -0.156519    0.09357281    0.237302    -0.05526001    -0.2077004    0.06727981    0.2047184    0.2051715    -0.1682447    -0.2551123
0.1138702    -0.5531649    0.02341418    1    -0.1764102    0.1257045    0.07018602    0.09599848    0.1691704    -0.187886    0.02363809    -0.1205562    0.01855863    0.04160981    0.05916082    -0.1182929    0.02340154    -0.0293974    -0.001942373    0.1184331
-0.4404941    -0.1947917    -0.5469089    -0.1764102    1    0.1984899    0.6391685    0.4818819    -0.1449595    -0.414675    0.01538548    -0.1106459    -0.1867405    0.03943859    0.3042839    0.0326607    -0.3410704    -0.4091885    0.1665598    0.4504284
-0.1206956    -0.2498947    -0.1476021    0.1257045    0.1984899    1    0.1894219    -0.3429943    -0.1385012    -0.1661251    -0.1462826    -0.04788216    0.108134    0.03803543    0.05931215    -0.05902692    -0.104854    -0.05010175    0.06867407    0.1379402
-0.4966137    -0.4486158    -0.3624062    0.07018602    0.6391685    0.1894219    1    0.5062199    -0.2663477    -0.4823125    -0.006712196    -0.2819058    -0.1420062    0.1867875    0.3451847    -0.182312    -0.3631321    -0.3809138    0.2353314    0.5654907
-0.4147527    -0.2766947    -0.2308682    0.09599848    0.4818819    -0.3429943    0.5062199    1    0.1364205    -0.601621    -0.06646846    -0.207708    -0.101167    0.1183972    0.3756513    -0.1455562    -0.2942598    -0.2992879    0.2052237    0.4841048
-0.005682062    -0.08340924    0.1167298    0.1691704    -0.1449595    -0.1385012    -0.2663477    0.1364205    1    -0.3475727    -0.1160341    -0.0199655    0.09800737    -0.03090964    0.1077546    -0.07638332    0.1089516    0.01763022    -0.04222244    0.05061058
0.3687367    0.3575694    0.1749629    -0.187886    -0.414675    -0.1661251    -0.4823125    -0.601621    -0.3475727    1    0.1590913    0.2259291    -0.06975331    -0.155098    -0.287112    0.2515263    0.2011404    0.2114029    -0.2088559    -0.4427309
0.1510257    -0.03541412    -0.156519    0.02363809    0.01538548    -0.1462826    -0.006712196    -0.06646846    -0.1160341    0.1590913    1    -0.02924275    -0.7679929    -0.06677109    0.04839401    0.1025333    0.004477448    -0.03226401    -0.01944884    -0.1017338
0.08857093    0.2148022    0.09357281    -0.1205562    -0.1106459    -0.04788216    -0.2819058    -0.207708    -0.0199655    0.2259291    -0.02924275    1    0.1079617    -0.7953458    -0.00102924    0.2080969    0.2049509    0.06962405    -0.1686509    -0.1985934
0.02743182    0.0349874    0.237302    0.01855863    -0.1867405    0.108134    -0.1420062    -0.101167    0.09800737    -0.06975331    -0.7679929    0.1079617    1    0.1316883    -0.5109379    -0.1119365    0.1516252    0.2342949    -0.00257519    -0.1629554
-0.04951642    -0.147942    -0.05526001    0.04160981    0.03943859    0.03803543    0.1867875    0.1183972    -0.03090964    -0.155098    -0.06677109    -0.7953458    0.1316883    1    -0.4126565    -0.1252317    -0.1493414    0.01667326    0.209565    0.03025788
-0.2673298    -0.1475519    -0.2077004    0.05916082    0.3042839    0.05931215    0.3451847    0.3756513    0.1077546    -0.287112    0.04839401    -0.00102924    -0.5109379    -0.4126565    1    -0.1366654    -0.2289595    -0.3127944    0.05231337    0.5458367
-0.06721488    0.2314838    0.06727981    -0.1182929    0.0326607    -0.05902692    -0.182312    -0.1455562    -0.07638332    0.2515263    0.1025333    0.2080969    -0.1119365    -0.1252317    -0.1366654    1    -0.1695333    -0.5201249    0.02960654    -0.1103101
0.3118387    0.1521325    0.2047184    0.02340154    -0.3410704    -0.104854    -0.3631321    -0.2942598    0.1089516    0.2011404    0.004477448    0.2049509    0.1516252    -0.1493414    -0.2289595    -0.1695333    1    0.31856    -0.6899216    -0.2298555
0.298431    0.06396901    0.2051715    -0.0293974    -0.4091885    -0.05010175    -0.3809138    -0.2992879    0.01763022    0.2114029    -0.03226401    0.06962405    0.2342949    0.01667326    -0.3127944    -0.5201249    0.31856    1    -0.1292416    -0.6212203
-0.1891513    -0.2129603    -0.1682447    -0.001942373    0.1665598    0.06867407    0.2353314    0.2052237    -0.04222244    -0.2088559    -0.01944884    -0.1686509    -0.00257519    0.209565    0.05231337    0.02960654    -0.6899216    -0.1292416    1    -0.1871279
-0.3577419    -0.2221081    -0.2551123    0.1184331    0.4504284    0.1379402    0.5654907    0.4841048    0.05061058    -0.4427309    -0.1017338    -0.1985934    -0.1629554    0.03025788    0.5458367    -0.1103101    -0.2298555    -0.6212203    -0.1871279    1
