1    -0.5889263    -0.6905772    0.5508281    0.360491    -0.2389641    0.2833714    0.1895707    0.1829239    -0.0806811    0.09565436    0.3183604    0.01777145    -0.2867117    -0.2563204    -0.1447438    -0.1604841    -0.1377685    -0.01552863    0.2635227    0.07576    0.3070047    0.3615231    -0.1579861    -0.4639171
-0.5889263    1    0.1292851    -0.7202416    -0.3259849    0.2331132    -0.363146    -0.08265612    -0.1742703    -0.02548945    -0.1150129    -0.2322074    0.01488508    0.1842047    0.2306816    0.1201385    0.1905095    0.107087    -0.08357393    -0.07988611    -0.1082424    -0.3238391    -0.3799616    0.1865256    0.5604814
-0.6905772    0.1292851    1    -0.5300982    -0.5326174    0.279567    -0.130264    -0.2233488    -0.1842051    0.003159246    -0.024449    -0.2131905    -0.04860138    0.1589308    0.2982804    0.06218738    0.07545978    0.1630419    0.1101668    -0.2400789    -0.2231514    -0.2249255    -0.1365065    0.238625    0.3048931
0.5508281    -0.7202416    -0.5300982    1    0.3449104    -0.2227041    0.1948073    0.09042199    0.3432653    0.07723772    -0.03387832    0.2808475    0.1535234    -0.1517404    -0.3613623    -0.06836761    -0.09445173    -0.128961    -0.09713987    0.1563422    0.3119352    0.3974615    0.2845332    -0.3268592    -0.5720202
0.360491    -0.3259849    -0.5326174    0.3449104    1    -0.1930885    0.1903133    0.1174637    0.06539742    0.1009064    0.1485514    0.05385965    -0.1477867    -0.08324705    -0.06322931    -0.1407767    -0.1329403    -0.02227033    0.07161228    0.005212714    0.05862998    0.1600666    0.1917784    -0.2057369    -0.3151102
-0.2389641    0.2331132    0.279567    -0.2227041    -0.1930885    1    -0.4774775    -0.4538181    0.1378426    0.1167466    -0.346434    -0.1287532    0.2534376    0.1030343    0.1987496    0.03666211    0.1846976    0.1318536    -0.1078443    -0.08206045    -0.2415873    -0.09278759    0.0001420806    0.1183099    0.2459549
0.2833714    -0.363146    -0.130264    0.1948073    0.1903133    -0.4774775    1    -0.2704573    -0.27668    0.00682912    0.2246998    0.1072014    -0.09356408    -0.03907697    -0.1612878    -0.07038752    -0.2751432    -0.09876964    0.1996431    0.0103208    -0.03935591    0.1721633    0.2889605    -0.03706128    -0.3210472
0.1895707    -0.08265612    -0.2233488    0.09042199    0.1174637    -0.4538181    -0.2704573    1    -0.2854063    -0.3209596    0.05669743    0.08620986    -0.08739058    -0.05263141    -0.08599796    -0.000947266    -0.07060826    -0.1120729    0.03793174    0.1043497    0.1851766    -0.0386227    -0.05580821    0.008868603    -0.1057828
0.1829239    -0.1742703    -0.1842051    0.3432653    0.06539742    0.1378426    -0.27668    -0.2854063    1    -0.1334371    0.09145173    0.1562529    0.1121582    -0.07739028    -0.2853351    -0.06974704    0.01139938    -0.009473108    -0.1173629    0.1639247    0.2159473    0.2320248    0.05912311    -0.1318994    -0.2643116
-0.0806811    -0.02548945    0.003159246    0.07723772    0.1009064    0.1167466    0.00682912    -0.3209596    -0.1334371    1    -0.05820635    -0.1368765    -0.008189513    0.03009229    -0.01031957    0.0003204674    0.0833479    0.07957045    -0.04230387    -0.1212572    -0.1043738    -0.04284979    0.05636041    -0.1017023    -0.02072733
0.09565436    -0.1150129    -0.024449    -0.03387832    0.1485514    -0.346434    0.2246998    0.05669743    0.09145173    -0.05820635    1    -0.02924275    -0.7679929    -0.06677109    0.04839401    -0.05787279    -0.3142202    -0.02560015    0.3055024    -0.1558385    0.1025333    0.004477448    -0.03226401    -0.01944884    -0.1017338
0.3183604    -0.2322074    -0.2131905    0.2808475    0.05385965    -0.1287532    0.1072014    0.08620986    0.1562529    -0.1368765    -0.02924275    1    0.1079617    -0.7953458    -0.00102924    -0.03870025    0.009916178    -0.1097721    -0.1175187    0.1616361    0.2080969    0.2049509    0.06962405    -0.1686509    -0.1985934
0.01777145    0.01488508    -0.04860138    0.1535234    -0.1477867    0.2534376    -0.09356408    -0.08739058    0.1121582    -0.008189513    -0.7679929    0.1079617    1    0.1316883    -0.5109379    0.03874888    0.1067436    -0.05027555    -0.2112502    0.1722347    -0.1119365    0.1516252    0.2342949    -0.00257519    -0.1629554
-0.2867117    0.1842047    0.1589308    -0.1517404    -0.08324705    0.1030343    -0.03907697    -0.05263141    -0.07739028    0.03009229    -0.06677109    -0.7953458    0.1316883    1    -0.4126565    0.08844509    -0.07467715    -0.0283989    0.09146411    -0.04112408    -0.1252317    -0.1493414    0.01667326    0.209565    0.03025788
-0.2563204    0.2306816    0.2982804    -0.3613623    -0.06322931    0.1987496    -0.1612878    -0.08599796    -0.2853351    -0.01031957    0.04839401    -0.00102924    -0.5109379    -0.4126565    1    -0.07696101    0.1894107    0.2350487    0.02970706    -0.1095463    -0.1366654    -0.2289595    -0.3127944    0.05231337    0.5458367
-0.1447438    0.1201385    0.06218738    -0.06836761    -0.1407767    0.03666211    -0.07038752    -0.000947266    -0.06974704    0.0003204674    -0.05787279    -0.03870025    0.03874888    0.08844509    -0.07696101    1    0.1464677    -0.6958407    -0.2607963    0.15277    0.1869761    -0.06142745    -0.1934949    -0.03290654    0.1273331
-0.1604841    0.1905095    0.07545978    -0.09445173    -0.1329403    0.1846976    -0.2751432    -0.07060826    0.01139938    0.0833479    -0.3142202    0.009916178    0.1067436    -0.07467715    0.1894107    0.1464677    1    0.1260234    -0.8249301    0.1419023    0.007172708    0.1119123    -0.1788592    -0.1961696    0.2580344
-0.1377685    0.107087    0.1630419    -0.128961    -0.02227033    0.1318536    -0.09876964    -0.1120729    -0.009473108    0.07957045    -0.02560015    -0.1097721    -0.05027555    -0.0283989    0.2350487    -0.6958407    0.1260234    1    0.1799106    -0.6041241    -0.2173472    0.04167789    0.1137249    0.03402961    0.03071488
-0.01552863    -0.08357393    0.1101668    -0.09713987    0.07161228    -0.1078443    0.1996431    0.03793174    -0.1173629    -0.04230387    0.3055024    -0.1175187    -0.2112502    0.09146411    0.02970706    -0.2607963    -0.8249301    0.1799106    1    -0.4889255    -0.1090825    -0.1948034    0.1405267    0.3001601    -0.134404
0.2635227    -0.07988611    -0.2400789    0.1563422    0.005212714    -0.08206045    0.0103208    0.1043497    0.1639247    -0.1212572    -0.1558385    0.1616361    0.1722347    -0.04112408    -0.1095463    0.15277    0.1419023    -0.6041241    -0.4889255    1    0.1273039    0.05851972    -0.08449137    -0.09691258    0.04688867
0.07576    -0.1082424    -0.2231514    0.3119352    0.05862998    -0.2415873    -0.03935591    0.1851766    0.2159473    -0.1043738    0.1025333    0.2080969    -0.1119365    -0.1252317    -0.1366654    0.1869761    0.007172708    -0.2173472    -0.1090825    0.1273039    1    -0.1695333    -0.5201249    0.02960654    -0.1103101
0.3070047    -0.3238391    -0.2249255    0.3974615    0.1600666    -0.09278759    0.1721633    -0.0386227    0.2320248    -0.04284979    0.004477448    0.2049509    0.1516252    -0.1493414    -0.2289595    -0.06142745    0.1119123    0.04167789    -0.1948034    0.05851972    -0.1695333    1    0.31856    -0.6899216    -0.2298555
0.3615231    -0.3799616    -0.1365065    0.2845332    0.1917784    0.0001420806    0.2889605    -0.05580821    0.05912311    0.05636041    -0.03226401    0.06962405    0.2342949    0.01667326    -0.3127944    -0.1934949    -0.1788592    0.1137249    0.1405267    -0.08449137    -0.5201249    0.31856    1    -0.1292416    -0.6212203
-0.1579861    0.1865256    0.238625    -0.3268592    -0.2057369    0.1183099    -0.03706128    0.008868603    -0.1318994    -0.1017023    -0.01944884    -0.1686509    -0.00257519    0.209565    0.05231337    -0.03290654    -0.1961696    0.03402961    0.3001601    -0.09691258    0.02960654    -0.6899216    -0.1292416    1    -0.1871279
-0.4639171    0.5604814    0.3048931    -0.5720202    -0.3151102    0.2459549    -0.3210472    -0.1057828    -0.2643116    -0.02072733    -0.1017338    -0.1985934    -0.1629554    0.03025788    0.5458367    0.1273331    0.2580344    0.03071488    -0.134404    0.04688867    -0.1103101    -0.2298555    -0.6212203    -0.1871279    1
