1    -0.5889263    -0.6905772    0.5508281    0.360491    -0.2389641    0.2833714    0.1895707    0.1829239    -0.0806811    0.09565436    0.3183604    0.01777145    -0.2867117    -0.2563204    -0.1379958    0.09427809    0.2826028    -0.04946034    -0.1137595    0.07576    0.3070047    0.3615231    -0.1579861    -0.4639171
-0.5889263    1    0.1292851    -0.7202416    -0.3259849    0.2331132    -0.363146    -0.08265612    -0.1742703    -0.02548945    -0.1150129    -0.2322074    0.01488508    0.1842047    0.2306816    0.004171731    -0.0442383    -0.09466141    0.05263459    0.1115189    -0.1082424    -0.3238391    -0.3799616    0.1865256    0.5604814
-0.6905772    0.1292851    1    -0.5300982    -0.5326174    0.279567    -0.130264    -0.2233488    -0.1842051    0.003159246    -0.024449    -0.2131905    -0.04860138    0.1589308    0.2982804    0.03288499    -0.05712217    -0.1663565    0.03055532    0.1166719    -0.2231514    -0.2249255    -0.1365065    0.238625    0.3048931
0.5508281    -0.7202416    -0.5300982    1    0.3449104    -0.2227041    0.1948073    0.09042199    0.3432653    0.07723772    -0.03387832    0.2808475    0.1535234    -0.1517404    -0.3613623    0.06182493    0.08997002    0.09900333    -0.08443354    -0.1929869    0.3119352    0.3974615    0.2845332    -0.3268592    -0.5720202
0.360491    -0.3259849    -0.5326174    0.3449104    1    -0.1930885    0.1903133    0.1174637    0.06539742    0.1009064    0.1485514    0.05385965    -0.1477867    -0.08324705    -0.06322931    -0.05086117    0.05228916    0.1793597    -0.1493533    -0.1460111    0.05862998    0.1600666    0.1917784    -0.2057369    -0.3151102
-0.2389641    0.2331132    0.279567    -0.2227041    -0.1930885    1    -0.4774775    -0.4538181    0.1378426    0.1167466    -0.346434    -0.1287532    0.2534376    0.1030343    0.1987496    -0.01108989    0.07437417    0.04005112    -0.117035    0.08714356    -0.2415873    -0.09278759    0.0001420806    0.1183099    0.2459549
0.2833714    -0.363146    -0.130264    0.1948073    0.1903133    -0.4774775    1    -0.2704573    -0.27668    0.00682912    0.2246998    0.1072014    -0.09356408    -0.03907697    -0.1612878    0.008365048    0.06243084    0.003988292    -0.05535074    0.003591289    -0.03935591    0.1721633    0.2889605    -0.03706128    -0.3210472
0.1895707    -0.08265612    -0.2233488    0.09042199    0.1174637    -0.4538181    -0.2704573    1    -0.2854063    -0.3209596    0.05669743    0.08620986    -0.08739058    -0.05263141    -0.08599796    -0.01082284    -0.1257204    -0.03931332    0.1092917    -0.01905877    0.1851766    -0.0386227    -0.05580821    0.008868603    -0.1057828
0.1829239    -0.1742703    -0.1842051    0.3432653    0.06539742    0.1378426    -0.27668    -0.2854063    1    -0.1334371    0.09145173    0.1562529    0.1121582    -0.07739028    -0.2853351    -0.03304295    0.07360822    0.07335044    -0.08544213    -0.008461804    0.2159473    0.2320248    0.05912311    -0.1318994    -0.2643116
-0.0806811    -0.02548945    0.003159246    0.07723772    0.1009064    0.1167466    0.00682912    -0.3209596    -0.1334371    1    -0.05820635    -0.1368765    -0.008189513    0.03009229    -0.01031957    0.04310318    0.01453946    0.04464821    0.03016238    -0.130028    -0.1043738    -0.04284979    0.05636041    -0.1017023    -0.02072733
0.09565436    -0.1150129    -0.024449    -0.03387832    0.1485514    -0.346434    0.2246998    0.05669743    0.09145173    -0.05820635    1    -0.02924275    -0.7679929    -0.06677109    0.04839401    0.1254392    0.06314773    -0.1173423    -0.04683637    0.05716474    0.1025333    0.004477448    -0.03226401    -0.01944884    -0.1017338
0.3183604    -0.2322074    -0.2131905    0.2808475    0.05385965    -0.1287532    0.1072014    0.08620986    0.1562529    -0.1368765    -0.02924275    1    0.1079617    -0.7953458    -0.00102924    -0.09755599    0.01523476    0.07273422    -0.1043783    0.06613658    0.2080969    0.2049509    0.06962405    -0.1686509    -0.1985934
0.01777145    0.01488508    -0.04860138    0.1535234    -0.1477867    0.2534376    -0.09356408    -0.08739058    0.1121582    -0.008189513    -0.7679929    0.1079617    1    0.1316883    -0.5109379    -0.09625    -0.05388811    0.05123926    -0.02030701    0.07957803    -0.1119365    0.1516252    0.2342949    -0.00257519    -0.1629554
-0.2867117    0.1842047    0.1589308    -0.1517404    -0.08324705    0.1030343    -0.03907697    -0.05263141    -0.07739028    0.03009229    -0.06677109    -0.7953458    0.1316883    1    -0.4126565    0.09517834    -0.130507    -0.1418189    0.1351584    -0.01738999    -0.1252317    -0.1493414    0.01667326    0.209565    0.03025788
-0.2563204    0.2306816    0.2982804    -0.3613623    -0.06322931    0.1987496    -0.1612878    -0.08599796    -0.2853351    -0.01031957    0.04839401    -0.00102924    -0.5109379    -0.4126565    1    -0.03277419    0.1524888    0.09550381    -0.09750031    -0.05906707    -0.1366654    -0.2289595    -0.3127944    0.05231337    0.5458367
-0.1379958    0.004171731    0.03288499    0.06182493    -0.05086117    -0.01108989    0.008365048    -0.01082284    -0.03304295    0.04310318    0.1254392    -0.09755599    -0.09625    0.09517834    -0.03277419    1    0.01044061    -0.785367    -0.05049712    0.2023296    -0.06355211    -0.1169129    0.05615365    0.1785504    -0.1247502
0.09427809    -0.0442383    -0.05712217    0.08997002    0.05228916    0.07437417    0.06243084    -0.1257204    0.07360822    0.01453946    0.06314773    0.01523476    -0.05388811    -0.130507    0.1524888    0.01044061    1    0.1795338    -0.8060869    0.1746387    -0.1717983    0.1387782    0.1506785    -0.1039598    -0.01401868
0.2826028    -0.09466141    -0.1663565    0.09900333    0.1793597    0.04005112    0.003988292    -0.03931332    0.07335044    0.04464821    -0.1173423    0.07273422    0.05123926    -0.1418189    0.09550381    -0.785367    0.1795338    1    -0.05741289    -0.518797    -0.01041979    0.1631567    0.01465839    -0.2465451    0.07192675
-0.04946034    0.05263459    0.03055532    -0.08443354    -0.1493533    -0.117035    -0.05535074    0.1092917    -0.08544213    0.03016238    -0.04683637    -0.1043783    -0.02030701    0.1351584    -0.09750031    -0.05049712    -0.8060869    -0.05741289    1    -0.4833687    0.1820623    -0.1986701    -0.2559275    0.06867143    0.1232576
-0.1137595    0.1115189    0.1166719    -0.1929869    -0.1460111    0.08714356    0.003591289    -0.01905877    -0.008461804    -0.130028    0.05716474    0.06613658    0.07957803    -0.01738999    -0.05906707    0.2023296    0.1746387    -0.518797    -0.4833687    1    -0.1393966    0.02589492    0.1570203    0.1583617    -0.06555116
0.07576    -0.1082424    -0.2231514    0.3119352    0.05862998    -0.2415873    -0.03935591    0.1851766    0.2159473    -0.1043738    0.1025333    0.2080969    -0.1119365    -0.1252317    -0.1366654    -0.06355211    -0.1717983    -0.01041979    0.1820623    -0.1393966    1    -0.1695333    -0.5201249    0.02960654    -0.1103101
0.3070047    -0.3238391    -0.2249255    0.3974615    0.1600666    -0.09278759    0.1721633    -0.0386227    0.2320248    -0.04284979    0.004477448    0.2049509    0.1516252    -0.1493414    -0.2289595    -0.1169129    0.1387782    0.1631567    -0.1986701    0.02589492    -0.1695333    1    0.31856    -0.6899216    -0.2298555
0.3615231    -0.3799616    -0.1365065    0.2845332    0.1917784    0.0001420806    0.2889605    -0.05580821    0.05912311    0.05636041    -0.03226401    0.06962405    0.2342949    0.01667326    -0.3127944    0.05615365    0.1506785    0.01465839    -0.2559275    0.1570203    -0.5201249    0.31856    1    -0.1292416    -0.6212203
-0.1579861    0.1865256    0.238625    -0.3268592    -0.2057369    0.1183099    -0.03706128    0.008868603    -0.1318994    -0.1017023    -0.01944884    -0.1686509    -0.00257519    0.209565    0.05231337    0.1785504    -0.1039598    -0.2465451    0.06867143    0.1583617    0.02960654    -0.6899216    -0.1292416    1    -0.1871279
-0.4639171    0.5604814    0.3048931    -0.5720202    -0.3151102    0.2459549    -0.3210472    -0.1057828    -0.2643116    -0.02072733    -0.1017338    -0.1985934    -0.1629554    0.03025788    0.5458367    -0.1247502    -0.01401868    0.07192675    0.1232576    -0.06555116    -0.1103101    -0.2298555    -0.6212203    -0.1871279    1
