1    0.05957203    -0.4007196    -0.1074709    -0.1343564    0.04255697    0.07395735    -0.0106793    0.004486948    -0.1895777    0.07939136    -0.08475921    0.08348209    -0.1180434    -0.1176036    -0.2408549    0.06157727    0.08772775    -0.09322279    0.143231    0.1179835    -0.09423    -0.1497857    0.03763392    0.1479025
0.05957203    1    0.563625    -0.2870436    -0.4798465    -0.727413    0.6340524    0.5472993    -0.6522855    -0.4731442    0.1873325    -0.2520661    -0.1060451    -0.260549    -0.00204007    -0.1121362    -0.2427844    -0.005502012    0.1971787    0.2479881    -0.07744825    -0.3919657    -0.3374924    0.2619703    0.474862
-0.4007196    0.563625    1    0.1053805    -0.6316245    -0.6849803    0.6083162    0.5009012    -0.6048905    -0.4223288    0.2160019    -0.3252756    -0.1648766    -0.08677013    0.06641057    -0.03971391    -0.2454972    -0.01567255    0.2064619    0.1957928    -0.1291704    -0.3182639    -0.2966056    0.1893064    0.4551976
-0.1074709    -0.2870436    0.1053805    1    -0.2962808    0.08429406    0.09269776    0.03896947    -0.05825178    -0.1889998    0.2102916    -0.1585912    -0.09827869    0.1320169    -0.008975268    -0.04530577    -0.03349167    0.06033091    0.007260346    0.09531774    -0.1811365    0.07514161    0.0133695    -0.003870909    0.1055594
-0.1343564    -0.4798465    -0.6316245    -0.2962808    1    0.5532869    -0.6793341    -0.3582132    0.5529254    0.4151789    -0.3461212    0.4200058    0.1459115    0.08606939    -0.02640588    0.2651258    0.2208882    -0.1190899    -0.1690418    -0.2532781    0.1429606    0.2474143    0.2811705    -0.1242726    -0.5066827
0.04255697    -0.727413    -0.6849803    0.08429406    0.5532869    1    -0.5889263    -0.6905772    0.5508281    0.360491    -0.2389641    0.2833714    0.1895707    0.1829239    -0.0806811    0.09565436    0.3183604    0.01777145    -0.2867117    -0.2563204    0.07576    0.3070047    0.3615231    -0.1579861    -0.4639171
0.07395735    0.6340524    0.6083162    0.09269776    -0.6793341    -0.5889263    1    0.1292851    -0.7202416    -0.3259849    0.2331132    -0.363146    -0.08265612    -0.1742703    -0.02548945    -0.1150129    -0.2322074    0.01488508    0.1842047    0.2306816    -0.1082424    -0.3238391    -0.3799616    0.1865256    0.5604814
-0.0106793    0.5472993    0.5009012    0.03896947    -0.3582132    -0.6905772    0.1292851    1    -0.5300982    -0.5326174    0.279567    -0.130264    -0.2233488    -0.1842051    0.003159246    -0.024449    -0.2131905    -0.04860138    0.1589308    0.2982804    -0.2231514    -0.2249255    -0.1365065    0.238625    0.3048931
0.004486948    -0.6522855    -0.6048905    -0.05825178    0.5529254    0.5508281    -0.7202416    -0.5300982    1    0.3449104    -0.2227041    0.1948073    0.09042199    0.3432653    0.07723772    -0.03387832    0.2808475    0.1535234    -0.1517404    -0.3613623    0.3119352    0.3974615    0.2845332    -0.3268592    -0.5720202
-0.1895777    -0.4731442    -0.4223288    -0.1889998    0.4151789    0.360491    -0.3259849    -0.5326174    0.3449104    1    -0.1930885    0.1903133    0.1174637    0.06539742    0.1009064    0.1485514    0.05385965    -0.1477867    -0.08324705    -0.06322931    0.05862998    0.1600666    0.1917784    -0.2057369    -0.3151102
0.07939136    0.1873325    0.2160019    0.2102916    -0.3461212    -0.2389641    0.2331132    0.279567    -0.2227041    -0.1930885    1    -0.4774775    -0.4538181    0.1378426    0.1167466    -0.346434    -0.1287532    0.2534376    0.1030343    0.1987496    -0.2415873    -0.09278759    0.0001420806    0.1183099    0.2459549
-0.08475921    -0.2520661    -0.3252756    -0.1585912    0.4200058    0.2833714    -0.363146    -0.130264    0.1948073    0.1903133    -0.4774775    1    -0.2704573    -0.27668    0.00682912    0.2246998    0.1072014    -0.09356408    -0.03907697    -0.1612878    -0.03935591    0.1721633    0.2889605    -0.03706128    -0.3210472
0.08348209    -0.1060451    -0.1648766    -0.09827869    0.1459115    0.1895707    -0.08265612    -0.2233488    0.09042199    0.1174637    -0.4538181    -0.2704573    1    -0.2854063    -0.3209596    0.05669743    0.08620986    -0.08739058    -0.05263141    -0.08599796    0.1851766    -0.0386227    -0.05580821    0.008868603    -0.1057828
-0.1180434    -0.260549    -0.08677013    0.1320169    0.08606939    0.1829239    -0.1742703    -0.1842051    0.3432653    0.06539742    0.1378426    -0.27668    -0.2854063    1    -0.1334371    0.09145173    0.1562529    0.1121582    -0.07739028    -0.2853351    0.2159473    0.2320248    0.05912311    -0.1318994    -0.2643116
-0.1176036    -0.00204007    0.06641057    -0.008975268    -0.02640588    -0.0806811    -0.02548945    0.003159246    0.07723772    0.1009064    0.1167466    0.00682912    -0.3209596    -0.1334371    1    -0.05820635    -0.1368765    -0.008189513    0.03009229    -0.01031957    -0.1043738    -0.04284979    0.05636041    -0.1017023    -0.02072733
-0.2408549    -0.1121362    -0.03971391    -0.04530577    0.2651258    0.09565436    -0.1150129    -0.024449    -0.03387832    0.1485514    -0.346434    0.2246998    0.05669743    0.09145173    -0.05820635    1    -0.02924275    -0.7679929    -0.06677109    0.04839401    0.1025333    0.004477448    -0.03226401    -0.01944884    -0.1017338
0.06157727    -0.2427844    -0.2454972    -0.03349167    0.2208882    0.3183604    -0.2322074    -0.2131905    0.2808475    0.05385965    -0.1287532    0.1072014    0.08620986    0.1562529    -0.1368765    -0.02924275    1    0.1079617    -0.7953458    -0.00102924    0.2080969    0.2049509    0.06962405    -0.1686509    -0.1985934
0.08772775    -0.005502012    -0.01567255    0.06033091    -0.1190899    0.01777145    0.01488508    -0.04860138    0.1535234    -0.1477867    0.2534376    -0.09356408    -0.08739058    0.1121582    -0.008189513    -0.7679929    0.1079617    1    0.1316883    -0.5109379    -0.1119365    0.1516252    0.2342949    -0.00257519    -0.1629554
-0.09322279    0.1971787    0.2064619    0.007260346    -0.1690418    -0.2867117    0.1842047    0.1589308    -0.1517404    -0.08324705    0.1030343    -0.03907697    -0.05263141    -0.07739028    0.03009229    -0.06677109    -0.7953458    0.1316883    1    -0.4126565    -0.1252317    -0.1493414    0.01667326    0.209565    0.03025788
0.143231    0.2479881    0.1957928    0.09531774    -0.2532781    -0.2563204    0.2306816    0.2982804    -0.3613623    -0.06322931    0.1987496    -0.1612878    -0.08599796    -0.2853351    -0.01031957    0.04839401    -0.00102924    -0.5109379    -0.4126565    1    -0.1366654    -0.2289595    -0.3127944    0.05231337    0.5458367
0.1179835    -0.07744825    -0.1291704    -0.1811365    0.1429606    0.07576    -0.1082424    -0.2231514    0.3119352    0.05862998    -0.2415873    -0.03935591    0.1851766    0.2159473    -0.1043738    0.1025333    0.2080969    -0.1119365    -0.1252317    -0.1366654    1    -0.1695333    -0.5201249    0.02960654    -0.1103101
-0.09423    -0.3919657    -0.3182639    0.07514161    0.2474143    0.3070047    -0.3238391    -0.2249255    0.3974615    0.1600666    -0.09278759    0.1721633    -0.0386227    0.2320248    -0.04284979    0.004477448    0.2049509    0.1516252    -0.1493414    -0.2289595    -0.1695333    1    0.31856    -0.6899216    -0.2298555
-0.1497857    -0.3374924    -0.2966056    0.0133695    0.2811705    0.3615231    -0.3799616    -0.1365065    0.2845332    0.1917784    0.0001420806    0.2889605    -0.05580821    0.05912311    0.05636041    -0.03226401    0.06962405    0.2342949    0.01667326    -0.3127944    -0.5201249    0.31856    1    -0.1292416    -0.6212203
0.03763392    0.2619703    0.1893064    -0.003870909    -0.1242726    -0.1579861    0.1865256    0.238625    -0.3268592    -0.2057369    0.1183099    -0.03706128    0.008868603    -0.1318994    -0.1017023    -0.01944884    -0.1686509    -0.00257519    0.209565    0.05231337    0.02960654    -0.6899216    -0.1292416    1    -0.1871279
0.1479025    0.474862    0.4551976    0.1055594    -0.5066827    -0.4639171    0.5604814    0.3048931    -0.5720202    -0.3151102    0.2459549    -0.3210472    -0.1057828    -0.2643116    -0.02072733    -0.1017338    -0.1985934    -0.1629554    0.03025788    0.5458367    -0.1103101    -0.2298555    -0.6212203    -0.1871279    1
