1    -0.5889263    -0.6905772    0.5508281    0.360491    -0.2389641    0.2833714    0.1895707    0.1829239    -0.0806811    0.2911164    -0.5724753    -0.4459189    0.3371593    0.3394458    0.09565436    0.3183604    0.01777145    -0.2867117    -0.2563204    0.07576    0.3070047    0.3615231    -0.1579861    -0.4639171
-0.5889263    1    0.1292851    -0.7202416    -0.3259849    0.2331132    -0.363146    -0.08265612    -0.1742703    -0.02548945    -0.2649111    0.58154    0.4222571    -0.3840431    -0.2639534    -0.1150129    -0.2322074    0.01488508    0.1842047    0.2306816    -0.1082424    -0.3238391    -0.3799616    0.1865256    0.5604814
-0.6905772    0.1292851    1    -0.5300982    -0.5326174    0.279567    -0.130264    -0.2233488    -0.1842051    0.003159246    -0.173726    0.4239435    0.3064668    -0.2296899    -0.2914133    -0.024449    -0.2131905    -0.04860138    0.1589308    0.2982804    -0.2231514    -0.2249255    -0.1365065    0.238625    0.3048931
0.5508281    -0.7202416    -0.5300982    1    0.3449104    -0.2227041    0.1948073    0.09042199    0.3432653    0.07723772    0.2267218    -0.5584834    -0.4017493    0.3411835    0.2910668    -0.03387832    0.2808475    0.1535234    -0.1517404    -0.3613623    0.3119352    0.3974615    0.2845332    -0.3268592    -0.5720202
0.360491    -0.3259849    -0.5326174    0.3449104    1    -0.1930885    0.1903133    0.1174637    0.06539742    0.1009064    0.2006924    -0.2891334    -0.2658273    0.169141    0.1781888    0.1485514    0.05385965    -0.1477867    -0.08324705    -0.06322931    0.05862998    0.1600666    0.1917784    -0.2057369    -0.3151102
-0.2389641    0.2331132    0.279567    -0.2227041    -0.1930885    1    -0.4774775    -0.4538181    0.1378426    0.1167466    -0.09336151    0.4334559    0.3119717    -0.1877529    -0.3576845    -0.346434    -0.1287532    0.2534376    0.1030343    0.1987496    -0.2415873    -0.09278759    0.0001420806    0.1183099    0.2459549
0.2833714    -0.363146    -0.130264    0.1948073    0.1903133    -0.4774775    1    -0.2704573    -0.27668    0.00682912    0.2934914    -0.3877199    -0.4612232    0.256363    0.2649907    0.2246998    0.1072014    -0.09356408    -0.03907697    -0.1612878    -0.03935591    0.1721633    0.2889605    -0.03706128    -0.3210472
0.1895707    -0.08265612    -0.2233488    0.09042199    0.1174637    -0.4538181    -0.2704573    1    -0.2854063    -0.3209596    0.009940844    -0.291265    -0.1342749    0.09581258    0.2481249    0.05669743    0.08620986    -0.08739058    -0.05263141    -0.08599796    0.1851766    -0.0386227    -0.05580821    0.008868603    -0.1057828
0.1829239    -0.1742703    -0.1842051    0.3432653    0.06539742    0.1378426    -0.27668    -0.2854063    1    -0.1334371    0.111997    -0.1139107    0.004368446    0.1559892    -0.112519    0.09145173    0.1562529    0.1121582    -0.07739028    -0.2853351    0.2159473    0.2320248    0.05912311    -0.1318994    -0.2643116
-0.0806811    -0.02548945    0.003159246    0.07723772    0.1009064    0.1167466    0.00682912    -0.3209596    -0.1334371    1    -0.1218708    0.1410574    0.1030038    -0.09111438    -0.03557348    -0.05820635    -0.1368765    -0.008189513    0.03009229    -0.01031957    -0.1043738    -0.04284979    0.05636041    -0.1017023    -0.02072733
0.2911164    -0.2649111    -0.173726    0.2267218    0.2006924    -0.09336151    0.2934914    0.009940844    0.111997    -0.1218708    1    -0.2528617    -0.7115452    0.22127    0.1058309    0.144531    0.1622868    0.01835171    -0.06880655    -0.2193433    -0.01094909    0.1975999    0.2935358    0.01117702    -0.3984052
-0.5724753    0.58154    0.4239435    -0.5584834    -0.2891334    0.4334559    -0.3877199    -0.291265    -0.1139107    0.1410574    -0.2528617    1    0.2967899    -0.7120302    -0.1420761    -0.1500603    -0.2500504    0.02276721    0.1562805    0.3171516    -0.2692863    -0.2498796    -0.2720191    0.0706501    0.5626937
-0.4459189    0.4222571    0.3064668    -0.4017493    -0.2658273    0.3119717    -0.4612232    -0.1342749    0.004368446    0.1030038    -0.7115452    0.2967899    1    -0.2621357    -0.5743639    -0.1072096    -0.1777939    -0.04255512    0.08345602    0.3003365    -0.03116813    -0.3141643    -0.4152256    0.1090339    0.5369107
0.3371593    -0.3840431    -0.2296899    0.3411835    0.169141    -0.1877529    0.256363    0.09581258    0.1559892    -0.09111438    0.22127    -0.7120302    -0.2621357    1    -0.1114128    0.1009255    0.1537076    0.02929238    -0.08428208    -0.2555107    0.1424471    0.1323303    0.1843544    0.02145802    -0.4046464
0.3394458    -0.2639534    -0.2914133    0.2910668    0.1781888    -0.3576845    0.2649907    0.2481249    -0.112519    -0.03557348    0.1058309    -0.1420761    -0.5743639    -0.1114128    1    0.03296195    0.116782    -0.009430999    -0.09015037    -0.1411466    0.07346352    0.2646029    0.1753771    -0.2176735    -0.2363458
0.09565436    -0.1150129    -0.024449    -0.03387832    0.1485514    -0.346434    0.2246998    0.05669743    0.09145173    -0.05820635    0.144531    -0.1500603    -0.1072096    0.1009255    0.03296195    1    -0.02924275    -0.7679929    -0.06677109    0.04839401    0.1025333    0.004477448    -0.03226401    -0.01944884    -0.1017338
0.3183604    -0.2322074    -0.2131905    0.2808475    0.05385965    -0.1287532    0.1072014    0.08620986    0.1562529    -0.1368765    0.1622868    -0.2500504    -0.1777939    0.1537076    0.116782    -0.02924275    1    0.1079617    -0.7953458    -0.00102924    0.2080969    0.2049509    0.06962405    -0.1686509    -0.1985934
0.01777145    0.01488508    -0.04860138    0.1535234    -0.1477867    0.2534376    -0.09356408    -0.08739058    0.1121582    -0.008189513    0.01835171    0.02276721    -0.04255512    0.02929238    -0.009430999    -0.7679929    0.1079617    1    0.1316883    -0.5109379    -0.1119365    0.1516252    0.2342949    -0.00257519    -0.1629554
-0.2867117    0.1842047    0.1589308    -0.1517404    -0.08324705    0.1030343    -0.03907697    -0.05263141    -0.07739028    0.03009229    -0.06880655    0.1562805    0.08345602    -0.08428208    -0.09015037    -0.06677109    -0.7953458    0.1316883    1    -0.4126565    -0.1252317    -0.1493414    0.01667326    0.209565    0.03025788
-0.2563204    0.2306816    0.2982804    -0.3613623    -0.06322931    0.1987496    -0.1612878    -0.08599796    -0.2853351    -0.01031957    -0.2193433    0.3171516    0.3003365    -0.2555107    -0.1411466    0.04839401    -0.00102924    -0.5109379    -0.4126565    1    -0.1366654    -0.2289595    -0.3127944    0.05231337    0.5458367
0.07576    -0.1082424    -0.2231514    0.3119352    0.05862998    -0.2415873    -0.03935591    0.1851766    0.2159473    -0.1043738    -0.01094909    -0.2692863    -0.03116813    0.1424471    0.07346352    0.1025333    0.2080969    -0.1119365    -0.1252317    -0.1366654    1    -0.1695333    -0.5201249    0.02960654    -0.1103101
0.3070047    -0.3238391    -0.2249255    0.3974615    0.1600666    -0.09278759    0.1721633    -0.0386227    0.2320248    -0.04284979    0.1975999    -0.2498796    -0.3141643    0.1323303    0.2646029    0.004477448    0.2049509    0.1516252    -0.1493414    -0.2289595    -0.1695333    1    0.31856    -0.6899216    -0.2298555
0.3615231    -0.3799616    -0.1365065    0.2845332    0.1917784    0.0001420806    0.2889605    -0.05580821    0.05912311    0.05636041    0.2935358    -0.2720191    -0.4152256    0.1843544    0.1753771    -0.03226401    0.06962405    0.2342949    0.01667326    -0.3127944    -0.5201249    0.31856    1    -0.1292416    -0.6212203
-0.1579861    0.1865256    0.238625    -0.3268592    -0.2057369    0.1183099    -0.03706128    0.008868603    -0.1318994    -0.1017023    0.01117702    0.0706501    0.1090339    0.02145802    -0.2176735    -0.01944884    -0.1686509    -0.00257519    0.209565    0.05231337    0.02960654    -0.6899216    -0.1292416    1    -0.1871279
-0.4639171    0.5604814    0.3048931    -0.5720202    -0.3151102    0.2459549    -0.3210472    -0.1057828    -0.2643116    -0.02072733    -0.3984052    0.5626937    0.5369107    -0.4046464    -0.2363458    -0.1017338    -0.1985934    -0.1629554    0.03025788    0.5458367    -0.1103101    -0.2298555    -0.6212203    -0.1871279    1
