1    0.1513493    -0.04186283    0.1138702    -0.4404941    0.452929    -0.05216864    -0.4319497    -0.01860367    -0.09966501    -0.06721488    0.3118387    0.298431    -0.1891513    -0.3577419
0.1513493    1    0.3110405    -0.5531649    -0.1947917    0.276434    0.01098175    -0.1442746    -0.2303834    -0.03339013    0.2314838    0.1521325    0.06396901    -0.2129603    -0.2221081
-0.04186283    0.3110405    1    0.02341418    -0.5469089    0.2402838    0.01243062    -0.06892728    -0.1135093    -0.1372827    0.06727981    0.2047184    0.2051715    -0.1682447    -0.2551123
0.1138702    -0.5531649    0.02341418    1    -0.1764102    -0.06783058    0.01617519    0.1384705    0.06902627    -0.1081709    -0.1182929    0.02340154    -0.0293974    -0.001942373    0.1184331
-0.4404941    -0.1947917    -0.5469089    -0.1764102    1    -0.536902    0.0229298    0.4460363    0.05230251    0.01646043    0.0326607    -0.3410704    -0.4091885    0.1665598    0.4504284
0.452929    0.276434    0.2402838    -0.06783058    -0.536902    1    -0.06220697    -0.7892314    -0.1394568    0.06121272    0.01053487    0.4188661    0.4076123    -0.2009165    -0.5137693
-0.05216864    0.01098175    0.01243062    0.01617519    0.0229298    -0.06220697    1    -0.09514101    -0.517768    0.1249409    0.01937432    -0.1344757    -0.05706242    0.1003826    0.06306202
-0.4319497    -0.1442746    -0.06892728    0.1384705    0.4460363    -0.7892314    -0.09514101    1    0.113711    -0.3384456    -0.06063691    -0.3039652    -0.4065637    0.107524    0.5708711
-0.01860367    -0.2303834    -0.1135093    0.06902627    0.05230251    -0.1394568    -0.517768    0.113711    1    -0.4318813    -0.123196    0.071822    0.05467499    0.04580796    -0.004264685
-0.09966501    -0.03339013    -0.1372827    -0.1081709    0.01646043    0.06121272    0.1249409    -0.3384456    -0.4318813    1    0.1560991    -0.1739627    -0.1017459    0.1181678    -0.01912225
-0.06721488    0.2314838    0.06727981    -0.1182929    0.0326607    0.01053487    0.01937432    -0.06063691    -0.123196    0.1560991    1    -0.1695333    -0.5201249    0.02960654    -0.1103101
0.3118387    0.1521325    0.2047184    0.02340154    -0.3410704    0.4188661    -0.1344757    -0.3039652    0.071822    -0.1739627    -0.1695333    1    0.31856    -0.6899216    -0.2298555
0.298431    0.06396901    0.2051715    -0.0293974    -0.4091885    0.4076123    -0.05706242    -0.4065637    0.05467499    -0.1017459    -0.5201249    0.31856    1    -0.1292416    -0.6212203
-0.1891513    -0.2129603    -0.1682447    -0.001942373    0.1665598    -0.2009165    0.1003826    0.107524    0.04580796    0.1181678    0.02960654    -0.6899216    -0.1292416    1    -0.1871279
-0.3577419    -0.2221081    -0.2551123    0.1184331    0.4504284    -0.5137693    0.06306202    0.5708711    -0.004264685    -0.01912225    -0.1103101    -0.2298555    -0.6212203    -0.1871279    1
