1    -0.1750601    -0.4248295    0.2174913    0.002515153    -0.03238841    0.04783724    -0.02160848    -0.001132487    0.004781861    -0.0301812    0.03886998    0.01183948    -0.03772405    0.0271299
-0.1750601    1    -0.01491714    -0.6222392    0.2333305    -0.01114538    -0.056802    0.04319913    0.04859191    -0.01306501    0.02743777    -0.01267183    0.01421855    0.04788913    -0.1172447
-0.4248295    -0.01491714    1    0.05952327    -0.5232977    -0.02410398    -0.02140263    0.002887439    -0.02615133    0.04397876    0.05713032    -0.03903473    -0.03661051    0.02900273    -0.04906185
0.2174913    -0.6222392    0.05952327    1    -0.5990358    -0.004350109    0.04695518    0.007053844    -0.04386999    -0.0358891    0.01915614    -0.005837187    -0.0352114    -0.03927754    0.06889826
0.002515153    0.2333305    -0.5232977    -0.5990358    1    0.02357466    -0.006217423    0.004515984    0.02179571    -0.03559496    -0.03576383    -0.004759098    0.0147203    0.04331806    -0.02235641
-0.03238841    -0.01114538    -0.02410398    -0.004350109    0.02357466    1    -0.1946423    -0.4709472    0.235111    -0.02529814    -0.01781836    -0.02368612    0.00461458    0.04979796    -0.04224183
0.04783724    -0.056802    -0.02140263    0.04695518    -0.006217423    -0.1946423    1    0.005353657    -0.6506694    0.2672641    -0.03531918    0.01062843    0.05356697    -0.02541026    0.02140643
-0.02160848    0.04319913    0.002887439    0.007053844    0.004515984    -0.4709472    0.005353657    1    0.06514224    -0.5083593    0.03386027    -0.0004621494    -0.03279189    -0.001560802    -0.01401005
-0.001132487    0.04859191    -0.02615133    -0.04386999    0.02179571    0.235111    -0.6506694    0.06514224    1    -0.6078586    0.02705909    0.007856075    -0.02453987    -0.01218786    -0.03118708
0.004781861    -0.01306501    0.04397876    -0.0358891    -0.03559496    -0.02529814    0.2672641    -0.5083593    -0.6078586    1    -0.008631472    -0.01190274    0.01777446    0.02409849    -0.009563393
-0.0301812    0.02743777    0.05713032    0.01915614    -0.03576383    -0.01781836    -0.03531918    0.03386027    0.02705909    -0.008631472    1    -0.2296069    -0.743259    0.1712309    0.09838464
0.03886998    -0.01267183    -0.03903473    -0.005837187    -0.004759098    -0.02368612    0.01062843    -0.0004621494    0.007856075    -0.01190274    -0.2296069    1    0.1247282    -0.7481843    0.2853823
0.01183948    0.01421855    -0.03661051    -0.0352114    0.0147203    0.00461458    0.05356697    -0.03279189    -0.02453987    0.01777446    -0.743259    0.1247282    1    -0.1546872    -0.4145793
-0.03772405    0.04788913    0.02900273    -0.03927754    0.04331806    0.04979796    -0.02541026    -0.001560802    -0.01218786    0.02409849    0.1712309    -0.7481843    -0.1546872    1    -0.613247
0.0271299    -0.1172447    -0.04906185    0.06889826    -0.02235641    -0.04224183    0.02140643    -0.01401005    -0.03118708    -0.009563393    0.09838464    0.2853823    -0.4145793    -0.613247    1
