1    -0.1750601    -0.4248295    0.2174913    0.002515153    -0.03238841    0.04783724    -0.02160848    -0.001132487    0.004781861    0.08075505    -0.0814153    -0.123389    0.05311032    -0.002778924    -0.03868388    0.02683497    0.02435256    -0.03779789    0.01498125
-0.1750601    1    -0.01491714    -0.6222392    0.2333305    -0.01114538    -0.056802    0.04319913    0.04859191    -0.01306501    -0.0719787    0.003249465    -0.01112195    -0.1052954    0.138747    0.02570057    0.005629873    -0.02206836    0.0267326    -0.01257761
-0.4248295    -0.01491714    1    0.05952327    -0.5232977    -0.02410398    -0.02140263    0.002887439    -0.02615133    0.04397876    -0.06953674    -0.07467266    -0.009908414    -0.07318475    0.08299837    0.05941823    -0.02345454    -0.03673244    -0.0009793452    0.0164058
0.2174913    -0.6222392    0.05952327    1    -0.5990358    -0.004350109    0.04695518    0.007053844    -0.04386999    -0.0358891    0.09278857    -0.1420433    -0.1142732    0.07970801    -0.004951339    0.01295194    -0.007756155    -0.01507274    -0.04536799    0.0123655
0.002515153    0.2333305    -0.5232977    -0.5990358    1    0.02357466    -0.006217423    0.004515984    0.02179571    -0.03559496    -0.04438436    0.1918576    0.1483007    -0.0002029361    -0.1180604    0.01103227    0.02341695    -0.00105645    0.003877634    -0.02687516
-0.03238841    -0.01114538    -0.02410398    -0.004350109    0.02357466    1    -0.1946423    -0.4709472    0.235111    -0.02529814    -0.03402786    0.01615191    0.04375832    0.0177145    -0.05348501    -0.05441887    0.03259111    0.042098    -0.01144002    0.01634724
0.04783724    -0.056802    -0.02140263    0.04695518    -0.006217423    -0.1946423    1    0.005353657    -0.6506694    0.2672641    -0.05235081    -0.02692965    0.03687401    0.01014877    0.08388266    0.04852323    -0.04285439    0.004806626    0.01411818    -0.07562327
-0.02160848    0.04319913    0.002887439    0.007053844    0.004515984    -0.4709472    0.005353657    1    0.06514224    -0.5083593    -0.04594803    0.005109896    0.01969329    0.01949729    -0.02142297    0.004058885    -0.009180644    -0.03947601    -0.03934062    0.04766085
-0.001132487    0.04859191    -0.02615133    -0.04386999    0.02179571    0.235111    -0.6506694    0.06514224    1    -0.6078586    0.03154265    0.04646957    -0.05828302    -0.02929902    -0.02493193    -0.06069623    0.03151801    0.03092303    -0.04632147    0.05767631
0.004781861    -0.01306501    0.04397876    -0.0358891    -0.03559496    -0.02529814    0.2672641    -0.5083593    -0.6078586    1    0.00943302    -0.05730638    -0.002408001    0.00987881    0.03771453    0.03167666    0.02441669    0.004928975    0.02656286    -0.09268848
0.08075505    -0.0719787    -0.06953674    0.09278857    -0.04438436    -0.03402786    -0.05235081    -0.04594803    0.03154265    0.00943302    1    -0.07097652    -0.6286305    -0.03675972    0.02730792    -0.02351655    0.001943714    0.03962176    -0.01781733    -0.00508158
-0.0814153    0.003249465    -0.07467266    -0.1420433    0.1918576    0.01615191    -0.02692965    0.005109896    0.04646957    -0.05730638    -0.07097652    1    -0.0791724    -0.5835572    0.1192374    -0.0253196    0.01071204    0.02929325    0.002273138    0.01256173
-0.123389    -0.01112195    -0.009908414    -0.1142732    0.1483007    0.04375832    0.03687401    0.01969329    -0.05828302    -0.002408001    -0.6286305    -0.0791724    1    -0.02143606    -0.3763256    -0.01011528    -0.01597662    -0.01409992    0.02224878    0.04379456
0.05311032    -0.1052954    -0.07318475    0.07970801    -0.0002029361    0.0177145    0.01014877    0.01949729    -0.02929902    0.00987881    -0.03675972    -0.5835572    -0.02143606    1    -0.4130093    -0.006369614    0.03888508    0.00355608    -0.02228509    0.01779354
-0.002778924    0.138747    0.08299837    -0.004951339    -0.1180604    -0.05348501    0.08388266    -0.02142297    -0.02493193    0.03771453    0.02730792    0.1192374    -0.3763256    -0.4130093    1    0.01189261    -0.02968678    0.001482686    0.0272841    -0.07405105
-0.03868388    0.02570057    0.05941823    0.01295194    0.01103227    -0.05441887    0.04852323    0.004058885    -0.06069623    0.03167666    -0.02351655    -0.0253196    -0.01011528    -0.006369614    0.01189261    1    0.05016715    -0.7652618    -0.2164396    0.2527462
0.02683497    0.005629873    -0.02345454    -0.007756155    0.02341695    0.03259111    -0.04285439    -0.009180644    0.03151801    0.02441669    0.001943714    0.01071204    -0.01597662    0.03888508    -0.02968678    0.05016715    1    0.07725506    -0.7808682    0.1179414
0.02435256    -0.02206836    -0.03673244    -0.01507274    -0.00105645    0.042098    0.004806626    -0.03947601    0.03092303    0.004928975    0.03962176    0.02929325    -0.01409992    0.00355608    0.001482686    -0.7652618    0.07725506    1    0.210168    -0.6410685
-0.03779789    0.0267326    -0.0009793452    -0.04536799    0.003877634    -0.01144002    0.01411818    -0.03934062    -0.04632147    0.02656286    -0.01781733    0.002273138    0.02224878    -0.02228509    0.0272841    -0.2164396    -0.7808682    0.210168    1    -0.5415401
0.01498125    -0.01257761    0.0164058    0.0123655    -0.02687516    0.01634724    -0.07562327    0.04766085    0.05767631    -0.09268848    -0.00508158    0.01256173    0.04379456    0.01779354    -0.07405105    0.2527462    0.1179414    -0.6410685    -0.5415401    1
