1    -0.1750601    -0.4248295    0.2174913    0.002515153    -0.03238841    0.04783724    -0.02160848    -0.001132487    0.004781861    0.08417821    0.03365734    -0.08765574    0.06743536    -0.03421618    -0.03868388    0.02683497    0.02435256    -0.03779789    0.01498125
-0.1750601    1    -0.01491714    -0.6222392    0.2333305    -0.01114538    -0.056802    0.04319913    0.04859191    -0.01306501    0.01301839    -0.05051267    -0.03481799    0.08244198    0.04738014    0.02570057    0.005629873    -0.02206836    0.0267326    -0.01257761
-0.4248295    -0.01491714    1    0.05952327    -0.5232977    -0.02410398    -0.02140263    0.002887439    -0.02615133    0.04397876    0.02684463    -0.06595245    -0.01000153    0.01066658    0.06929134    0.05941823    -0.02345454    -0.03673244    -0.0009793452    0.0164058
0.2174913    -0.6222392    0.05952327    1    -0.5990358    -0.004350109    0.04695518    0.007053844    -0.04386999    -0.0358891    0.1007842    -0.003344613    -0.07037752    -0.004614059    0.002774564    0.01295194    -0.007756155    -0.01507274    -0.04536799    0.0123655
0.002515153    0.2333305    -0.5232977    -0.5990358    1    0.02357466    -0.006217423    0.004515984    0.02179571    -0.03559496    -0.106741    0.07079975    0.08252189    -0.07358928    -0.04753515    0.01103227    0.02341695    -0.00105645    0.003877634    -0.02687516
-0.03238841    -0.01114538    -0.02410398    -0.004350109    0.02357466    1    -0.1946423    -0.4709472    0.235111    -0.02529814    0.04644491    -0.0389853    -0.0121119    0.04363976    0.03307405    -0.05441887    0.03259111    0.042098    -0.01144002    0.01634724
0.04783724    -0.056802    -0.02140263    0.04695518    -0.006217423    -0.1946423    1    0.005353657    -0.6506694    0.2672641    0.1012212    -0.009957278    -0.07720498    -0.0490888    0.03962412    0.04852323    -0.04285439    0.004806626    0.01411818    -0.07562327
-0.02160848    0.04319913    0.002887439    0.007053844    0.004515984    -0.4709472    0.005353657    1    0.06514224    -0.5083593    0.04635416    -0.05806395    -0.03856506    0.02784477    0.05042768    0.004058885    -0.009180644    -0.03947601    -0.03934062    0.04766085
-0.001132487    0.04859191    -0.02615133    -0.04386999    0.02179571    0.235111    -0.6506694    0.06514224    1    -0.6078586    0.009532761    -0.04699024    -0.03107697    0.1385891    0.0276312    -0.06069623    0.03151801    0.03092303    -0.04632147    0.05767631
0.004781861    -0.01306501    0.04397876    -0.0358891    -0.03559496    -0.02529814    0.2672641    -0.5083593    -0.6078586    1    -0.04923306    0.09537406    0.0359335    -0.1084731    -0.05204156    0.03167666    0.02441669    0.004928975    0.02656286    -0.09268848
0.08417821    0.01301839    0.02684463    0.1007842    -0.106741    0.04644491    0.1012212    0.04635416    0.009532761    -0.04923306    1    0.009148284    -0.5227716    -0.02662411    -0.09164891    0.1386391    0.08816061    -0.03314759    -0.1297317    -0.1288084
0.03365734    -0.05051267    -0.06595245    -0.003344613    0.07079975    -0.0389853    -0.009957278    -0.05806395    -0.04699024    0.09537406    0.009148284    1    -0.6390093    -0.4031495    0.1813855    -0.0195929    0.02779592    0.07049557    0.02577592    -0.1272831
-0.08765574    -0.03481799    -0.01000153    -0.07037752    0.08252189    -0.0121119    -0.07720498    -0.03856506    -0.03107697    0.0359335    -0.5227716    -0.6390093    1    -0.06712646    -0.3321347    0.02174639    0.003933316    -0.06161711    -0.003440981    0.1605904
0.06743536    0.08244198    0.01066658    -0.004614059    -0.07358928    0.04363976    -0.0490888    0.02784477    0.1385891    -0.1084731    -0.02662411    -0.4031495    -0.06712646    1    -0.130076    -0.1525124    -0.01174401    0.1347067    0.07572466    -0.02105252
-0.03421618    0.04738014    0.06929134    0.002774564    -0.04753515    0.03307405    0.03962412    0.05042768    0.0276312    -0.05204156    -0.09164891    0.1813855    -0.3321347    -0.130076    1    -0.01962446    -0.08758819    -0.1067967    0.02100698    0.1683764
-0.03868388    0.02570057    0.05941823    0.01295194    0.01103227    -0.05441887    0.04852323    0.004058885    -0.06069623    0.03167666    0.1386391    -0.0195929    0.02174639    -0.1525124    -0.01962446    1    0.05016715    -0.7652618    -0.2164396    0.2527462
0.02683497    0.005629873    -0.02345454    -0.007756155    0.02341695    0.03259111    -0.04285439    -0.009180644    0.03151801    0.02441669    0.08816061    0.02779592    0.003933316    -0.01174401    -0.08758819    0.05016715    1    0.07725506    -0.7808682    0.1179414
0.02435256    -0.02206836    -0.03673244    -0.01507274    -0.00105645    0.042098    0.004806626    -0.03947601    0.03092303    0.004928975    -0.03314759    0.07049557    -0.06161711    0.1347067    -0.1067967    -0.7652618    0.07725506    1    0.210168    -0.6410685
-0.03779789    0.0267326    -0.0009793452    -0.04536799    0.003877634    -0.01144002    0.01411818    -0.03934062    -0.04632147    0.02656286    -0.1297317    0.02577592    -0.003440981    0.07572466    0.02100698    -0.2164396    -0.7808682    0.210168    1    -0.5415401
0.01498125    -0.01257761    0.0164058    0.0123655    -0.02687516    0.01634724    -0.07562327    0.04766085    0.05767631    -0.09268848    -0.1288084    -0.1272831    0.1605904    -0.02105252    0.1683764    0.2527462    0.1179414    -0.6410685    -0.5415401    1
