1    -0.1750601    -0.4248295    0.2174913    0.002515153    -0.03238841    0.04783724    -0.02160848    -0.001132487    0.004781861    -0.03868388    0.02683497    0.02435256    -0.03779789    0.01498125    0.0009747135    0.03327251    -0.05064715    -0.0215638    0.05025186
-0.1750601    1    -0.01491714    -0.6222392    0.2333305    -0.01114538    -0.056802    0.04319913    0.04859191    -0.01306501    0.02570057    0.005629873    -0.02206836    0.0267326    -0.01257761    0.03858535    -0.04293042    -0.03044503    0.020002    0.0008537819
-0.4248295    -0.01491714    1    0.05952327    -0.5232977    -0.02410398    -0.02140263    0.002887439    -0.02615133    0.04397876    0.05941823    -0.02345454    -0.03673244    -0.0009793452    0.0164058    0.002771592    -0.05800285    0.03287454    0.02958227    -0.02717925
0.2174913    -0.6222392    0.05952327    1    -0.5990358    -0.004350109    0.04695518    0.007053844    -0.04386999    -0.0358891    0.01295194    -0.007756155    -0.01507274    -0.04536799    0.0123655    0.009905022    0.03889825    -0.01558606    -0.06794439    0.05679076
0.002515153    0.2333305    -0.5232977    -0.5990358    1    0.02357466    -0.006217423    0.004515984    0.02179571    -0.03559496    0.01103227    0.02341695    -0.00105645    0.003877634    -0.02687516    -0.01513226    -0.03677966    0.009636552    0.05131929    -0.06605082
-0.03238841    -0.01114538    -0.02410398    -0.004350109    0.02357466    1    -0.1946423    -0.4709472    0.235111    -0.02529814    -0.05441887    0.03259111    0.042098    -0.01144002    0.01634724    -0.09196398    0.007111502    0.01919093    -0.0115296    0.03615598
0.04783724    -0.056802    -0.02140263    0.04695518    -0.006217423    -0.1946423    1    0.005353657    -0.6506694    0.2672641    0.04852323    -0.04285439    0.004806626    0.01411818    -0.07562327    -0.01949221    -0.04198734    0.02874585    0.03525049    -0.04166531
-0.02160848    0.04319913    0.002887439    0.007053844    0.004515984    -0.4709472    0.005353657    1    0.06514224    -0.5083593    0.004058885    -0.009180644    -0.03947601    -0.03934062    0.04766085    0.02641534    -0.02992343    0.002548544    -0.05080884    0.04667453
-0.001132487    0.04859191    -0.02615133    -0.04386999    0.02179571    0.235111    -0.6506694    0.06514224    1    -0.6078586    -0.06069623    0.03151801    0.03092303    -0.04632147    0.05767631    0.0144666    0.05111462    -0.03096351    -0.06306929    0.04605624
0.004781861    -0.01306501    0.04397876    -0.0358891    -0.03559496    -0.02529814    0.2672641    -0.5083593    -0.6078586    1    0.03167666    0.02441669    0.004928975    0.02656286    -0.09268848    0.01933827    -0.02711124    0.02084406    0.05430986    -0.08850135
-0.03868388    0.02570057    0.05941823    0.01295194    0.01103227    -0.05441887    0.04852323    0.004058885    -0.06069623    0.03167666    1    0.05016715    -0.7652618    -0.2164396    0.2527462    0.1757093    -0.01902461    -0.08365833    -0.06035079    0.02954738
0.02683497    0.005629873    -0.02345454    -0.007756155    0.02341695    0.03259111    -0.04285439    -0.009180644    0.03151801    0.02441669    0.05016715    1    0.07725506    -0.7808682    0.1179414    0.04511379    0.1572304    -0.01627114    -0.09815471    -0.01748515
0.02435256    -0.02206836    -0.03673244    -0.01507274    -0.00105645    0.042098    0.004806626    -0.03947601    0.03092303    0.004928975    -0.7652618    0.07725506    1    0.210168    -0.6410685    -0.1032741    0.05570676    0.1396427    0.0561913    -0.1408994
-0.03779789    0.0267326    -0.0009793452    -0.04536799    0.003877634    -0.01144002    0.01411818    -0.03934062    -0.04632147    0.02656286    -0.2164396    -0.7808682    0.210168    1    -0.5415401    -0.02245147    -0.0877916    0.04534361    0.128129    -0.06091721
0.01498125    -0.01257761    0.0164058    0.0123655    -0.02687516    0.01634724    -0.07562327    0.04766085    0.05767631    -0.09268848    0.2527462    0.1179414    -0.6410685    -0.5415401    1    -0.06040446    -0.04292855    -0.09685357    -0.04914318    0.253015
0.0009747135    0.03858535    0.002771592    0.009905022    -0.01513226    -0.09196398    -0.01949221    0.02641534    0.0144666    0.01933827    0.1757093    0.04511379    -0.1032741    -0.02245147    -0.06040446    1    -0.1376514    -0.6676179    0.09997202    0.0203232
0.03327251    -0.04293042    -0.05800285    0.03889825    -0.03677966    0.007111502    -0.04198734    -0.02992343    0.05111462    -0.02711124    -0.01902461    0.1572304    0.05570676    -0.0877916    -0.04292855    -0.1376514    1    0.03542279    -0.676552    0.1943159
-0.05064715    -0.03044503    0.03287454    -0.01558606    0.009636552    0.01919093    0.02874585    0.002548544    -0.03096351    0.02084406    -0.08365833    -0.01627114    0.1396427    0.04534361    -0.09685357    -0.6676179    0.03542279    1    -0.05155417    -0.452103
-0.0215638    0.020002    0.02958227    -0.06794439    0.05131929    -0.0115296    0.03525049    -0.05080884    -0.06306929    0.05430986    -0.06035079    -0.09815471    0.0561913    0.128129    -0.04914318    0.09997202    -0.676552    -0.05155417    1    -0.5967933
0.05025186    0.0008537819    -0.02717925    0.05679076    -0.06605082    0.03615598    -0.04166531    0.04667453    0.04605624    -0.08850135    0.02954738    -0.01748515    -0.1408994    -0.06091721    0.253015    0.0203232    0.1943159    -0.452103    -0.5967933    1
