1    -0.1750601    -0.4248295    0.2174913    0.002515153    -0.03238841    0.04783724    -0.02160848    -0.001132487    0.004781861
-0.1750601    1    -0.01491714    -0.6222392    0.2333305    -0.01114538    -0.056802    0.04319913    0.04859191    -0.01306501
-0.4248295    -0.01491714    1    0.05952327    -0.5232977    -0.02410398    -0.02140263    0.002887439    -0.02615133    0.04397876
0.2174913    -0.6222392    0.05952327    1    -0.5990358    -0.004350109    0.04695518    0.007053844    -0.04386999    -0.0358891
0.002515153    0.2333305    -0.5232977    -0.5990358    1    0.02357466    -0.006217423    0.004515984    0.02179571    -0.03559496
-0.03238841    -0.01114538    -0.02410398    -0.004350109    0.02357466    1    -0.1946423    -0.4709472    0.235111    -0.02529814
0.04783724    -0.056802    -0.02140263    0.04695518    -0.006217423    -0.1946423    1    0.005353657    -0.6506694    0.2672641
-0.02160848    0.04319913    0.002887439    0.007053844    0.004515984    -0.4709472    0.005353657    1    0.06514224    -0.5083593
-0.001132487    0.04859191    -0.02615133    -0.04386999    0.02179571    0.235111    -0.6506694    0.06514224    1    -0.6078586
0.004781861    -0.01306501    0.04397876    -0.0358891    -0.03559496    -0.02529814    0.2672641    -0.5083593    -0.6078586    1
