1    -0.1750601    -0.4248295    0.2174913    0.002515153    0.08045247    -0.07690611    -0.0909989    0.07327928    0.03840799
-0.1750601    1    -0.01491714    -0.6222392    0.2333305    -0.03606889    -0.04560146    -0.0428654    -0.03354765    0.1364674
-0.4248295    -0.01491714    1    0.05952327    -0.5232977    -0.02822615    -0.0611769    -0.0250126    -0.02210743    0.1312862
0.2174913    -0.6222392    0.05952327    1    -0.5990358    0.119538    -0.1185249    -0.09677928    0.1441567    -0.03057524
0.002515153    0.2333305    -0.5232977    -0.5990358    1    -0.0827866    0.1297842    0.129556    -0.07433294    -0.1390769
0.08045247    -0.03606889    -0.02822615    0.119538    -0.0827866    1    0.0416845    -0.7534453    -0.07856249    0.08736875
-0.07690611    -0.04560146    -0.0611769    -0.1185249    0.1297842    0.0416845    1    -0.220745    -0.7680268    0.1760315
-0.0909989    -0.0428654    -0.0250126    -0.09677928    0.129556    -0.7534453    -0.220745    1    0.05457984    -0.4539195
0.07327928    -0.03354765    -0.02210743    0.1441567    -0.07433294    -0.07856249    -0.7680268    0.05457984    1    -0.3206691
0.03840799    0.1364674    0.1312862    -0.03057524    -0.1390769    0.08736875    0.1760315    -0.4539195    -0.3206691    1
