1    -0.1750601    -0.4248295    0.2174913    0.002515153    -0.03238841    0.04783724    -0.02160848    -0.001132487    0.004781861    -0.02704097    0.02649808    -0.01492897    -0.02350755    0.01867777    0.1062739    -0.04173183    -0.06669368    0.0707084    0.03126267    0.08045247    -0.07690611    -0.0909989    0.07327928    0.03840799    0.06960626    -0.05946263    0.01124724    0.06525906    -0.0422528    0.002905021    0.03272517    0.008693927    -0.02659994    0.01414417    -0.03868388    0.02683497    0.02435256    -0.03779789    0.01498125
-0.1750601    1    -0.01491714    -0.6222392    0.2333305    -0.01114538    -0.056802    0.04319913    0.04859191    -0.01306501    -0.03742454    0.05308068    0.02446545    -0.01794528    0.007860983    -0.01884409    0.02837125    -0.05689195    -0.01663733    0.04394241    -0.03606889    -0.04560146    -0.0428654    -0.03354765    0.1364674    0.05904949    -0.003635176    -0.07226143    0.02426811    0.06971675    0.04193282    0.02093695    -0.02057569    0.004493113    0.02352604    0.02570057    0.005629873    -0.02206836    0.0267326    -0.01257761
-0.4248295    -0.01491714    1    0.05952327    -0.5232977    -0.02410398    -0.02140263    0.002887439    -0.02615133    0.04397876    -0.02309141    -0.02516572    0.05528584    0.06182433    -0.06535056    0.0492766    -0.06421367    -0.03536227    0.01248344    0.06460526    -0.02822615    -0.0611769    -0.0250126    -0.02210743    0.1312862    -0.03717377    -0.0524544    -0.01608579    0.07371991    0.07790413    -0.01153259    -0.006906097    0.003604717    0.03455539    0.03086523    0.05941823    -0.02345454    -0.03673244    -0.0009793452    0.0164058
0.2174913    -0.6222392    0.05952327    1    -0.5990358    -0.004350109    0.04695518    0.007053844    -0.04386999    -0.0358891    0.007989553    -0.03876592    -0.01755944    0.02966799    0.01332508    0.1399626    -0.08823668    -0.08628976    0.1332735    0.0390444    0.119538    -0.1185249    -0.09677928    0.1441567    -0.03057524    0.03295568    -0.03238618    -0.03195911    0.05777876    0.04540745    -0.03466217    -0.04016591    -0.007508813    0.03359659    0.05462672    0.01295194    -0.007756155    -0.01507274    -0.04536799    0.0123655
0.002515153    0.2333305    -0.5232977    -0.5990358    1    0.02357466    -0.006217423    0.004515984    0.02179571    -0.03559496    0.01251816    0.03036345    -0.04140801    -0.0420534    0.05631704    -0.171295    0.116167    0.1020139    -0.1270012    -0.03871811    -0.0827866    0.1297842    0.129556    -0.07433294    -0.1390769    -0.05598918    0.07469587    0.06070256    -0.1086727    -0.1021506    -0.01757743    0.01064569    0.03089056    -0.03496396    -0.04189368    0.01103227    0.02341695    -0.00105645    0.003877634    -0.02687516
-0.03238841    -0.01114538    -0.02410398    -0.004350109    0.02357466    1    -0.1946423    -0.4709472    0.235111    -0.02529814    0.09385781    -0.08776051    -0.1242036    0.03258501    0.0502754    0.08580155    -0.05242631    -0.007107087    0.01171587    0.01553355    0.1125817    -0.08291987    -0.0868434    0.1033577    -0.01966699    0.04370249    -0.02391211    -0.02552311    0.04000411    0.01861263    0.01165382    -0.01953328    -0.0062315    0.005046346    -0.01143562    -0.05441887    0.03259111    0.042098    -0.01144002    0.01634724
0.04783724    -0.056802    -0.02140263    0.04695518    -0.006217423    -0.1946423    1    0.005353657    -0.6506694    0.2672641    -0.1390567    0.05639625    0.068539    -0.1577087    0.1101471    -0.0895111    -0.03176213    0.03980186    -0.02105809    0.09505249    -0.05889785    -0.00170725    -0.01437208    -0.06253377    0.1102095    0.02430503    -0.06125764    -0.01451888    0.02676009    0.06309214    -0.008077062    -0.007483896    0.03566922    0.05549236    -0.04671823    0.04852323    -0.04285439    0.004806626    0.01411818    -0.07562327
-0.02160848    0.04319913    0.002887439    0.007053844    0.004515984    -0.4709472    0.005353657    1    0.06514224    -0.5083593    -0.1177488    -0.0588366    -0.038929    -0.06430305    0.1876393    0.04746799    -0.0488372    -0.09953043    0.0787147    0.094424    -0.006737235    -0.0705223    -0.09045187    -0.01487817    0.1719383    0.05158124    -0.0245993    -0.06011067    0.01643522    0.0675262    -0.01555761    -0.0006513207    -0.01489961    0.006143999    0.06532508    0.004058885    -0.009180644    -0.03947601    -0.03934062    0.04766085
-0.001132487    0.04859191    -0.02615133    -0.04386999    0.02179571    0.235111    -0.6506694    0.06514224    1    -0.6078586    0.1166931    -0.1987784    -0.2100947    0.158768    0.09811559    0.1789869    -0.07188884    -0.08701485    0.116042    -0.03253994    0.1557245    -0.128178    -0.1220098    0.1055599    0.01355246    0.04406171    -0.03355917    -0.03772896    0.08385934    0.003023485    0.03309106    -0.0007959545    -0.0509    -0.04873637    0.08804173    -0.06069623    0.03151801    0.03092303    -0.04632147    0.05767631
0.004781861    -0.01306501    0.04397876    -0.0358891    -0.03559496    -0.02529814    0.2672641    -0.5083593    -0.6078586    1    -0.04899594    0.2044164    0.2562508    -0.05158134    -0.2554506    -0.1952854    0.1296703    0.1450552    -0.1804671    -0.05279449    -0.1497256    0.1351196    0.1929388    -0.05353459    -0.1540285    -0.06877164    0.03305229    0.08397911    -0.07236744    -0.0665572    -0.01608065    0.04638846    0.06175519    0.007692531    -0.0809541    0.03167666    0.02441669    0.004928975    0.02656286    -0.09268848
-0.02704097    -0.03742454    -0.02309141    0.007989553    0.01251816    0.09385781    -0.1390567    -0.1177488    0.1166931    -0.04899594    1    -0.06179415    -0.5939001    -0.1180336    0.02355674    0.1634554    0.003167241    -0.0895068    0.1761761    -0.1818439    0.02158268    -0.007019248    -0.0387266    0.03016881    -0.0154851    0.08197752    -0.001425257    -0.03697838    0.03881304    -0.05002561    0.01634699    0.00380016    -0.004393445    0.008885326    -0.01188798    -0.03065267    -0.01769961    0.05009034    0.0559951    -0.06036414
0.02649808    0.05308068    -0.02516572    -0.03876592    0.03036345    -0.08776051    0.05639625    -0.0588366    -0.1987784    0.2044164    -0.06179415    1    -0.1008464    -0.6099681    0.04573424    -0.3052673    0.1793267    0.1450969    -0.2185411    -0.07608191    -0.0471    0.02816566    0.06474895    -0.03748152    0.02328071    0.001560001    -0.07429014    0.02348987    -0.01501669    0.07973867    0.0537893    0.005927495    -0.01351157    0.01667249    -0.05022251    0.0311435    0.02083692    -0.01284636    5.780415e-05    -0.009904912
-0.01492897    0.02446545    0.05528584    -0.01755944    -0.04140801    -0.1242036    0.068539    -0.038929    -0.2100947    0.2562508    -0.5939001    -0.1008464    1    -0.06423964    -0.3811407    -0.2913777    0.1082349    0.1933872    -0.2592305    0.04835366    -0.04286127    0.03409386    0.04611969    -0.02327391    -0.01175242    0.01210735    -0.02341492    -0.03505125    0.02170153    0.03176039    -0.0203523    0.0371417    0.02756475    -0.02537533    -0.0297098    0.02020352    0.04184439    -0.005928774    -0.01366671    -0.04291455
-0.02350755    -0.01794528    0.06182433    0.02966799    -0.0420534    0.03258501    -0.1577087    -0.06430305    0.158768    -0.05158134    -0.1180336    -0.6099681    -0.06423964    1    -0.2719001    0.2042444    -0.1049033    -0.03284362    0.1353615    -0.02617771    0.03643369    0.008530019    -0.02352048    0.007661468    -0.04851676    0.02191401    -0.0185645    -0.04593798    0.1056719    0.0109211    -0.01292824    0.008092942    0.002764414    -0.0248288    -0.0006085312    -0.03616802    0.003565345    0.0312197    -0.02646607    0.004106452
0.01867777    0.007860983    -0.06535056    0.01332508    0.05631704    0.0502754    0.1101471    0.1876393    0.09811559    -0.2554506    0.02355674    0.04573424    -0.3811407    -0.2719001    1    0.1571348    -0.07809915    -0.1983519    0.1494826    0.1391772    -0.0003821191    -0.02212775    -0.01864193    -0.01558589    0.02796451    -0.09784893    0.06749055    0.06676996    -0.0523314    -0.06221906    -0.01217325    -0.02460629    -0.009801652    0.01471605    0.04585703    0.006714172    -0.0517316    -0.02779441    0.009652567    0.05573689
0.1062739    -0.01884409    0.0492766    0.1399626    -0.171295    0.08580155    -0.0895111    0.04746799    0.1789869    -0.1952854    0.1634554    -0.3052673    -0.2913777    0.2042444    0.1571348    1    -0.3425514    -0.24755    0.1688995    0.007790085    0.01798854    -0.04065403    -0.06900619    -0.01741116    0.1195293    -0.07208635    0.1296411    0.0257668    -0.06267589    -0.06859719    -0.117645    -0.1217612    0.0457179    0.1928327    0.04987837    -0.1767803    -0.06666218    0.1860952    0.1281455    -0.04795744
-0.04173183    0.02837125    -0.06421367    -0.08823668    0.116167    -0.05242631    -0.03176213    -0.0488372    -0.07188884    0.1296703    0.003167241    0.1793267    0.1082349    -0.1049033    -0.07809915    -0.3425514    1    -0.6241456    -0.2792986    0.1218277    0.005185252    0.01868814    -0.001572928    0.01406794    -0.04648981    -0.01221896    -0.09842613    0.05058382    0.03587219    0.01075131    0.04582932    0.08810562    0.02508876    -0.02999201    0.007230208    0.0457438    0.02730782    -0.02652208    -0.009126031    0.04985198
-0.06669368    -0.05689195    -0.03536227    -0.08628976    0.1020139    -0.007107087    0.03980186    -0.09953043    -0.08701485    0.1450552    -0.0895068    0.1450969    0.1933872    -0.03284362    -0.1983519    -0.24755    -0.6241456    1    -0.2963397    -0.2330515    -0.02866228    0.03544331    0.07095481    -0.02415809    -0.0327292    0.1405388    -0.0142625    -0.1410526    0.04865965    0.06522706    -0.03037874    -0.006663493    0.05013394    0.003559211    -0.1217067    -0.03524317    -0.001486236    0.04598123    0.02887792    -0.1117265
0.0707084    -0.01663733    0.01248344    0.1332735    -0.1270012    0.01171587    -0.02105809    0.0787147    0.116042    -0.1804671    0.1761761    -0.2185411    -0.2592305    0.1353615    0.1494826    0.1688995    -0.2792986    -0.2963397    1    -0.3314129    0.0201038    -0.04794656    -0.1023507    0.02010253    0.1208491    -0.01920492    0.0355328    0.05907627    -0.03329079    -0.07680343    0.09585971    0.07331181    -0.06738785    -0.1041663    -0.04926138    0.1556508    0.1312641    -0.06975276    -0.125634    -0.06005435
0.03126267    0.04394241    0.06460526    0.0390444    -0.03871811    0.01553355    0.09505249    0.094424    -0.03253994    -0.05279449    -0.1818439    -0.07608191    0.04835366    -0.02617771    0.1391772    0.007790085    0.1218277    -0.2330515    -0.3314129    1    0.01720538    0.0003217162    0.03269436    0.003594638    -0.08398854    -0.1315544    0.0147975    0.05810587    -0.009235673    0.02932604    -0.05840315    -0.1398412    -0.02974762    0.02582762    -0.01406774    -0.05886408    -0.1385741    -0.03817062    0.003018188    0.03084064
0.08045247    -0.03606889    -0.02822615    0.119538    -0.0827866    0.1125817    -0.05889785    -0.006737235    0.1557245    -0.1497256    0.02158268    -0.0471    -0.04286127    0.03643369    -0.0003821191    0.01798854    0.005185252    -0.02866228    0.0201038    0.01720538    1    0.0416845    -0.7534453    -0.07856249    0.08736875    0.0316579    -0.05171671    -0.008127827    0.06716212    0.0193786    -0.01997675    0.01618966    0.05482572    0.02318058    -0.06281169    0.05358964    -0.09566903    0.01407236    0.07424532    -0.05939981
-0.07690611    -0.04560146    -0.0611769    -0.1185249    0.1297842    -0.08291987    -0.00170725    -0.0705223    -0.128178    0.1351196    -0.007019248    0.02816566    0.03409386    0.008530019    -0.02212775    -0.04065403    0.01868814    0.03544331    -0.04794656    0.0003217162    0.0416845    1    -0.220745    -0.7680268    0.1760315    -0.1051961    0.02387862    0.05185905    -0.07125035    0.03913429    -0.02748609    -0.01188529    0.03690346    0.003977842    -0.05994411    -0.01551211    0.003946173    -0.08642587    -0.105248    0.1961661
-0.0909989    -0.0428654    -0.0250126    -0.09677928    0.129556    -0.0868434    -0.01437208    -0.09045187    -0.1220098    0.1929388    -0.0387266    0.06474895    0.04611969    -0.02352048    -0.01864193    -0.06900619    -0.001572928    0.07095481    -0.1023507    0.03269436    -0.7534453    -0.220745    1    0.05457984    -0.4539195    -0.05979963    0.08516478    0.01064528    -0.1203532    0.001821103    0.005850223    0.006414978    -0.01875093    -0.03388629    0.02701716    -0.06272539    -0.01194206    -0.09389979    -0.03887333    0.1568439
0.07327928    -0.03354765    -0.02210743    0.1441567    -0.07433294    0.1033577    -0.06253377    -0.01487817    0.1055599    -0.05353459    0.03016881    -0.03748152    -0.02327391    0.007661468    -0.01558589    -0.01741116    0.01406794    -0.02415809    0.02010253    0.003594638    -0.07856249    -0.7680268    0.05457984    1    -0.3206691    0.05208402    0.01437357    -0.04227616    0.02363694    -0.02765765    0.04631843    0.06429644    -0.01804735    -0.04498973    0.0218028    0.03157683    -0.06082448    0.0227204    0.1370287    -0.1426721
0.03840799    0.1364674    0.1312862    -0.03057524    -0.1390769    -0.01966699    0.1102095    0.1719383    0.01355246    -0.1540285    -0.0154851    0.02328071    -0.01175242    -0.04851676    0.02796451    0.1195293    -0.04648981    -0.0327292    0.1208491    -0.08398854    0.08736875    0.1760315    -0.4539195    -0.3206691    1    0.09880376    -0.1022697    -0.000121861    0.1156254    -0.03573489    0.006484067    -0.08370725    -0.04602736    0.09322125    0.01248766    0.01528098    0.1717524    0.1637211    -0.06162261    -0.1827065
0.06960626    0.05904949    -0.03717377    0.03295568    -0.05598918    0.04370249    0.02430503    0.05158124    0.04406171    -0.06877164    0.08197752    0.001560001    0.01210735    0.02191401    -0.09784893    -0.07208635    -0.01221896    0.1405388    -0.01920492    -0.1315544    0.0316579    -0.1051961    -0.05979963    0.05208402    0.09880376    1    0.1802937    -0.5691702    -0.2002636    -0.1141258    0.002717913    0.0726633    0.06331795    -0.005620966    -0.1002672    -0.03518199    0.04406992    0.08748384    -0.006565689    -0.09400843
-0.05946263    -0.003635176    -0.0524544    -0.03238618    0.07469587    -0.02391211    -0.06125764    -0.0245993    -0.03355917    0.03305229    -0.001425257    -0.07429014    -0.02341492    -0.0185645    0.06749055    0.1296411    -0.09842613    -0.0142625    0.0355328    0.0147975    -0.05171671    0.02387862    0.08516478    0.01437357    -0.1022697    0.1802937    1    -0.712963    -0.5634511    0.2419349    -0.0122599    -0.0384917    0.02345501    0.04279476    -0.03082947    -0.004117329    -0.05887365    0.02810096    0.07208845    -0.01944009
0.01124724    -0.07226143    -0.01608579    -0.03195911    0.06070256    -0.02552311    -0.01451888    -0.06011067    -0.03772896    0.08397911    -0.03697838    0.02348987    -0.03505125    -0.04593798    0.06676996    0.0257668    0.05058382    -0.1410526    0.05907627    0.05810587    -0.008127827    0.05185905    0.01064528    -0.04227616    -0.000121861    -0.5691702    -0.712963    1    0.1600804    -0.4300399    0.0150739    0.04611262    -0.02538076    -0.04408451    0.03886084    0.004094961    0.08498085    -0.01357486    -0.04992367    0.03569054
0.06525906    0.02426811    0.07371991    0.05777876    -0.1086727    0.04000411    0.02676009    0.01643522    0.08385934    -0.07236744    0.03881304    -0.01501669    0.02170153    0.1056719    -0.0523314    -0.06267589    0.03587219    0.04865965    -0.03329079    -0.009235673    0.06716212    -0.07125035    -0.1203532    0.02363694    0.1156254    -0.2002636    -0.5634511    0.1600804    1    -0.04550196    -0.009568574    -0.007907858    0.02902816    0.0393455    -0.03276983    0.04088292    0.03016526    -0.01105948    -0.05378308    -0.03262829
-0.0422528    0.06971675    0.07790413    0.04540745    -0.1021506    0.01861263    0.06309214    0.0675262    0.003023485    -0.0665572    -0.05002561    0.07973867    0.03176039    0.0109211    -0.06221906    -0.06859719    0.01075131    0.06522706    -0.07680343    0.02932604    0.0193786    0.03913429    0.001821103    -0.02765765    -0.03573489    -0.1141258    0.2419349    -0.4300399    -0.04550196    1    -0.007593216    -0.1337202    -0.07027574    0.03494076    0.07880389    -0.01434644    -0.1607475    -0.08457745    0.04869665    0.08412436
0.002905021    0.04193282    -0.01153259    -0.03466217    -0.01757743    0.01165382    -0.008077062    -0.01555761    0.03309106    -0.01608065    0.01634699    0.0537893    -0.0203523    -0.01292824    -0.01217325    -0.117645    0.04582932    -0.03037874    0.09585971    -0.05840315    -0.01997675    -0.02748609    0.005850223    0.04631843    0.006484067    0.002717913    -0.0122599    0.0150739    -0.009568574    -0.007593216    1    0.1400241    -0.8017412    -0.2016428    0.2533022    0.0008403928    -0.01221599    0.01055408    0.02234292    -0.00882542
0.03272517    0.02093695    -0.006906097    -0.04016591    0.01064569    -0.01953328    -0.007483896    -0.0006513207    -0.0007959545    0.04638846    0.00380016    0.005927495    0.0371417    0.008092942    -0.02460629    -0.1217612    0.08810562    -0.006663493    0.07331181    -0.1398412    0.01618966    -0.01188529    0.006414978    0.06429644    -0.08370725    0.0726633    -0.0384917    0.04611262    -0.007907858    -0.1337202    0.1400241    1    0.1472722    -0.7823827    0.08175681    -0.0144742    -0.0267208    0.02725611    0.03695603    -0.05146004
0.008693927    -0.02057569    0.003604717    -0.007508813    0.03089056    -0.0062315    0.03566922    -0.01489961    -0.0509    0.06175519    -0.004393445    -0.01351157    0.02756475    0.002764414    -0.009801652    0.0457179    0.02508876    0.05013394    -0.06738785    -0.02974762    0.05482572    0.03690346    -0.01875093    -0.01804735    -0.04602736    0.06331795    0.02345501    -0.02538076    0.02902816    -0.07027574    -0.8017412    0.1472722    1    0.08810614    -0.5706687    0.007046621    0.0597377    -0.00615597    -0.03773207    -0.0142018
-0.02659994    0.004493113    0.03455539    0.03359659    -0.03496396    0.005046346    0.05549236    0.006143999    -0.04873637    0.007692531    0.008885326    0.01667249    -0.02537533    -0.0248288    0.01471605    0.1928327    -0.02999201    0.003559211    -0.1041663    0.02582762    0.02318058    0.003977842    -0.03388629    -0.04498973    0.09322125    -0.005620966    0.04279476    -0.04408451    0.0393455    0.03494076    -0.2016428    -0.7823827    0.08810614    1    -0.4619127    0.05042576    0.06165633    -0.006232039    -0.07090873    0.006224635
0.01414417    0.02352604    0.03086523    0.05462672    -0.04189368    -0.01143562    -0.04671823    0.06532508    0.08804173    -0.0809541    -0.01188798    -0.05022251    -0.0297098    -0.0006085312    0.04585703    0.04987837    0.007230208    -0.1217067    -0.04926138    -0.01406774    -0.06281169    -0.05994411    0.02701716    0.0218028    0.01248766    -0.1002672    -0.03082947    0.03886084    -0.03276983    0.07880389    0.2533022    0.08175681    -0.5706687    -0.4619127    1    -0.01820343    -0.08595736    -0.0116641    0.04677631    0.008166156
-0.03868388    0.02570057    0.05941823    0.01295194    0.01103227    -0.05441887    0.04852323    0.004058885    -0.06069623    0.03167666    -0.03065267    0.0311435    0.02020352    -0.03616802    0.006714172    -0.1767803    0.0457438    -0.03524317    0.1556508    -0.05886408    0.05358964    -0.01551211    -0.06272539    0.03157683    0.01528098    -0.03518199    -0.004117329    0.004094961    0.04088292    -0.01434644    0.0008403928    -0.0144742    0.007046621    0.05042576    -0.01820343    1    0.05016715    -0.7652618    -0.2164396    0.2527462
0.02683497    0.005629873    -0.02345454    -0.007756155    0.02341695    0.03259111    -0.04285439    -0.009180644    0.03151801    0.02441669    -0.01769961    0.02083692    0.04184439    0.003565345    -0.0517316    -0.06666218    0.02730782    -0.001486236    0.1312641    -0.1385741    -0.09566903    0.003946173    -0.01194206    -0.06082448    0.1717524    0.04406992    -0.05887365    0.08498085    0.03016526    -0.1607475    -0.01221599    -0.0267208    0.0597377    0.06165633    -0.08595736    0.05016715    1    0.07725506    -0.7808682    0.1179414
0.02435256    -0.02206836    -0.03673244    -0.01507274    -0.00105645    0.042098    0.004806626    -0.03947601    0.03092303    0.004928975    0.05009034    -0.01284636    -0.005928774    0.0312197    -0.02779441    0.1860952    -0.02652208    0.04598123    -0.06975276    -0.03817062    0.01407236    -0.08642587    -0.09389979    0.0227204    0.1637211    0.08748384    0.02810096    -0.01357486    -0.01105948    -0.08457745    0.01055408    0.02725611    -0.00615597    -0.006232039    -0.0116641    -0.7652618    0.07725506    1    0.210168    -0.6410685
-0.03779789    0.0267326    -0.0009793452    -0.04536799    0.003877634    -0.01144002    0.01411818    -0.03934062    -0.04632147    0.02656286    0.0559951    5.780415e-05    -0.01366671    -0.02646607    0.009652567    0.1281455    -0.009126031    0.02887792    -0.125634    0.003018188    0.07424532    -0.105248    -0.03887333    0.1370287    -0.06162261    -0.006565689    0.07208845    -0.04992367    -0.05378308    0.04869665    0.02234292    0.03695603    -0.03773207    -0.07090873    0.04677631    -0.2164396    -0.7808682    0.210168    1    -0.5415401
0.01498125    -0.01257761    0.0164058    0.0123655    -0.02687516    0.01634724    -0.07562327    0.04766085    0.05767631    -0.09268848    -0.06036414    -0.009904912    -0.04291455    0.004106452    0.05573689    -0.04795744    0.04985198    -0.1117265    -0.06005435    0.03084064    -0.05939981    0.1961661    0.1568439    -0.1426721    -0.1827065    -0.09400843    -0.01944009    0.03569054    -0.03262829    0.08412436    -0.00882542    -0.05146004    -0.0142018    0.006224635    0.008166156    0.2527462    0.1179414    -0.6410685    -0.5415401    1
