1    -0.1750601    -0.4248295    0.2174913    0.002515153    0.1079122    -0.1208308    -0.1016283    0.02446583    0.01695501
-0.1750601    1    -0.01491714    -0.6222392    0.2333305    -0.1610701    -0.05555202    0.06741579    -0.01584294    0.07706995
-0.4248295    -0.01491714    1    0.05952327    -0.5232977    -0.1389593    -0.03479942    -0.02128682    -0.001143197    0.1773051
0.2174913    -0.6222392    0.05952327    1    -0.5990358    0.1374584    -0.1120579    -0.1576606    0.03290222    0.0470667
0.002515153    0.2333305    -0.5232977    -0.5990358    1    0.007183483    0.1960142    0.132439    -0.05088529    -0.1721358
0.1079122    -0.1610701    -0.1389593    0.1374584    0.007183483    1    -0.0653515    -0.7025817    -0.07246449    -0.03990777
-0.1208308    -0.05555202    -0.03479942    -0.1120579    0.1960142    -0.0653515    1    -0.05452125    -0.5470611    0.1192943
-0.1016283    0.06741579    -0.02128682    -0.1576606    0.132439    -0.7025817    -0.05452125    1    0.01906412    -0.3010253
0.02446583    -0.01584294    -0.001143197    0.03290222    -0.05088529    -0.07246449    -0.5470611    0.01906412    1    -0.3474456
0.01695501    0.07706995    0.1773051    0.0470667    -0.1721358    -0.03990777    0.1192943    -0.3010253    -0.3474456    1
