1    -0.1750601    -0.4248295    0.2174913    0.002515153    -0.03238841    0.04783724    -0.02160848    -0.001132487    0.004781861    0.1062739    -0.04173183    -0.06669368    0.0707084    0.03126267    0.08045247    -0.07690611    -0.0909989    0.07327928    0.03840799    -0.03868388    0.02683497    0.02435256    -0.03779789    0.01498125    0.03027137    0.0106875    0.01018146    -0.02936846    -0.004401969
-0.1750601    1    -0.01491714    -0.6222392    0.2333305    -0.01114538    -0.056802    0.04319913    0.04859191    -0.01306501    -0.01884409    0.02837125    -0.05689195    -0.01663733    0.04394241    -0.03606889    -0.04560146    -0.0428654    -0.03354765    0.1364674    0.02570057    0.005629873    -0.02206836    0.0267326    -0.01257761    -0.07594225    0.03021444    0.07844313    -0.0445688    -0.008437232
-0.4248295    -0.01491714    1    0.05952327    -0.5232977    -0.02410398    -0.02140263    0.002887439    -0.02615133    0.04397876    0.0492766    -0.06421367    -0.03536227    0.01248344    0.06460526    -0.02822615    -0.0611769    -0.0250126    -0.02210743    0.1312862    0.05941823    -0.02345454    -0.03673244    -0.0009793452    0.0164058    -0.07887391    0.06129883    0.06021636    -0.02961888    -0.02207534
0.2174913    -0.6222392    0.05952327    1    -0.5990358    -0.004350109    0.04695518    0.007053844    -0.04386999    -0.0358891    0.1399626    -0.08823668    -0.08628976    0.1332735    0.0390444    0.119538    -0.1185249    -0.09677928    0.1441567    -0.03057524    0.01295194    -0.007756155    -0.01507274    -0.04536799    0.0123655    0.05251878    0.01880377    -0.01429509    0.005196732    -0.01783457
0.002515153    0.2333305    -0.5232977    -0.5990358    1    0.02357466    -0.006217423    0.004515984    0.02179571    -0.03559496    -0.171295    0.116167    0.1020139    -0.1270012    -0.03871811    -0.0827866    0.1297842    0.129556    -0.07433294    -0.1390769    0.01103227    0.02341695    -0.00105645    0.003877634    -0.02687516    0.0007411766    -0.08889695    -0.03457573    0.05952935    0.01823658
-0.03238841    -0.01114538    -0.02410398    -0.004350109    0.02357466    1    -0.1946423    -0.4709472    0.235111    -0.02529814    0.08580155    -0.05242631    -0.007107087    0.01171587    0.01553355    0.1125817    -0.08291987    -0.0868434    0.1033577    -0.01966699    -0.05441887    0.03259111    0.042098    -0.01144002    0.01634724    0.01421157    -0.01806661    -0.009586036    0.04470444    -0.02424171
0.04783724    -0.056802    -0.02140263    0.04695518    -0.006217423    -0.1946423    1    0.005353657    -0.6506694    0.2672641    -0.0895111    -0.03176213    0.03980186    -0.02105809    0.09505249    -0.05889785    -0.00170725    -0.01437208    -0.06253377    0.1102095    0.04852323    -0.04285439    0.004806626    0.01411818    -0.07562327    0.000680897    0.01665778    0.01038732    -0.0417626    -0.009840961
-0.02160848    0.04319913    0.002887439    0.007053844    0.004515984    -0.4709472    0.005353657    1    0.06514224    -0.5083593    0.04746799    -0.0488372    -0.09953043    0.0787147    0.094424    -0.006737235    -0.0705223    -0.09045187    -0.01487817    0.1719383    0.004058885    -0.009180644    -0.03947601    -0.03934062    0.04766085    -0.1112993    0.07801684    0.1393243    -0.03471983    -0.06748378
-0.001132487    0.04859191    -0.02615133    -0.04386999    0.02179571    0.235111    -0.6506694    0.06514224    1    -0.6078586    0.1789869    -0.07188884    -0.08701485    0.116042    -0.03253994    0.1557245    -0.128178    -0.1220098    0.1055599    0.01355246    -0.06069623    0.03151801    0.03092303    -0.04632147    0.05767631    0.01726778    0.039663    0.01902485    0.01479776    -0.04997519
0.004781861    -0.01306501    0.04397876    -0.0358891    -0.03559496    -0.02529814    0.2672641    -0.5083593    -0.6078586    1    -0.1952854    0.1296703    0.1450552    -0.1804671    -0.05279449    -0.1497256    0.1351196    0.1929388    -0.05353459    -0.1540285    0.03167666    0.02441669    0.004928975    0.02656286    -0.09268848    0.006081348    -0.08631437    -0.08713739    -0.02663768    0.1212051
0.1062739    -0.01884409    0.0492766    0.1399626    -0.171295    0.08580155    -0.0895111    0.04746799    0.1789869    -0.1952854    1    -0.3425514    -0.24755    0.1688995    0.007790085    0.01798854    -0.04065403    -0.06900619    -0.01741116    0.1195293    -0.1767803    -0.06666218    0.1860952    0.1281455    -0.04795744    0.01991444    0.1074583    0.1011165    0.05026803    -0.1597488
-0.04173183    0.02837125    -0.06421367    -0.08823668    0.116167    -0.05242631    -0.03176213    -0.0488372    -0.07188884    0.1296703    -0.3425514    1    -0.6241456    -0.2792986    0.1218277    0.005185252    0.01868814    -0.001572928    0.01406794    -0.04648981    0.0457438    0.02730782    -0.02652208    -0.009126031    0.04985198    0.005269836    -0.1026451    -0.06634488    0.07283149    0.05842964
-0.06669368    -0.05689195    -0.03536227    -0.08628976    0.1020139    -0.007107087    0.03980186    -0.09953043    -0.08701485    0.1450552    -0.24755    -0.6241456    1    -0.2963397    -0.2330515    -0.02866228    0.03544331    0.07095481    -0.02415809    -0.0327292    -0.03524317    -0.001486236    0.04598123    0.02887792    -0.1117265    0.04947341    -0.0700539    -0.1323578    -0.03547954    0.1357337
0.0707084    -0.01663733    0.01248344    0.1332735    -0.1270012    0.01171587    -0.02105809    0.0787147    0.116042    -0.1804671    0.1688995    -0.2792986    -0.2963397    1    -0.3314129    0.0201038    -0.04794656    -0.1023507    0.02010253    0.1208491    0.1556508    0.1312641    -0.06975276    -0.125634    -0.06005435    0.02461337    0.02517944    0.1110845    0.05159788    -0.1677194
0.03126267    0.04394241    0.06460526    0.0390444    -0.03871811    0.01553355    0.09505249    0.094424    -0.03253994    -0.05279449    0.007790085    0.1218277    -0.2330515    -0.3314129    1    0.01720538    0.0003217162    0.03269436    0.003594638    -0.08398854    -0.05886408    -0.1385741    -0.03817062    0.003018188    0.03084064    -0.1041209    0.1417406    0.07040575    -0.1091933    -0.004632641
0.08045247    -0.03606889    -0.02822615    0.119538    -0.0827866    0.1125817    -0.05889785    -0.006737235    0.1557245    -0.1497256    0.01798854    0.005185252    -0.02866228    0.0201038    0.01720538    1    0.0416845    -0.7534453    -0.07856249    0.08736875    0.05358964    -0.09566903    0.01407236    0.07424532    -0.05939981    0.04325026    -0.07356055    -0.004336082    0.07610667    -0.04028134
-0.07690611    -0.04560146    -0.0611769    -0.1185249    0.1297842    -0.08291987    -0.00170725    -0.0705223    -0.128178    0.1351196    -0.04065403    0.01868814    0.03544331    -0.04794656    0.0003217162    0.0416845    1    -0.220745    -0.7680268    0.1760315    -0.01551211    0.003946173    -0.08642587    -0.105248    0.1961661    -0.02930048    0.02628922    0.01667656    -0.07364815    0.02991543
-0.0909989    -0.0428654    -0.0250126    -0.09677928    0.129556    -0.0868434    -0.01437208    -0.09045187    -0.1220098    0.1929388    -0.06900619    -0.001572928    0.07095481    -0.1023507    0.03269436    -0.7534453    -0.220745    1    0.05457984    -0.4539195    -0.06272539    -0.01194206    -0.09389979    -0.03887333    0.1568439    -0.02668797    0.03804649    -0.0008269844    -0.08219046    0.04246124
0.07327928    -0.03354765    -0.02210743    0.1441567    -0.07433294    0.1033577    -0.06253377    -0.01487817    0.1055599    -0.05353459    -0.01741116    0.01406794    -0.02415809    0.02010253    0.003594638    -0.07856249    -0.7680268    0.05457984    1    -0.3206691    0.03157683    -0.06082448    0.0227204    0.1370287    -0.1426721    0.0474225    -0.06294316    -0.0605992    0.05985593    0.03056354
0.03840799    0.1364674    0.1312862    -0.03057524    -0.1390769    -0.01966699    0.1102095    0.1719383    0.01355246    -0.1540285    0.1195293    -0.04648981    -0.0327292    0.1208491    -0.08398854    0.08736875    0.1760315    -0.4539195    -0.3206691    1    0.01528098    0.1717524    0.1637211    -0.06162261    -0.1827065    0.008476712    0.04007213    0.0318435    0.04319666    -0.0567737
-0.03868388    0.02570057    0.05941823    0.01295194    0.01103227    -0.05441887    0.04852323    0.004058885    -0.06069623    0.03167666    -0.1767803    0.0457438    -0.03524317    0.1556508    -0.05886408    0.05358964    -0.01551211    -0.06272539    0.03157683    0.01528098    1    0.05016715    -0.7652618    -0.2164396    0.2527462    0.02865542    -0.1041927    0.001926955    0.08896268    -0.05682623
0.02683497    0.005629873    -0.02345454    -0.007756155    0.02341695    0.03259111    -0.04285439    -0.009180644    0.03151801    0.02441669    -0.06666218    0.02730782    -0.001486236    0.1312641    -0.1385741    -0.09566903    0.003946173    -0.01194206    -0.06082448    0.1717524    0.05016715    1    0.07725506    -0.7808682    0.1179414    -0.1065096    -0.07048928    -0.0009832096    -0.05750843    0.136834
0.02435256    -0.02206836    -0.03673244    -0.01507274    -0.00105645    0.042098    0.004806626    -0.03947601    0.03092303    0.004928975    0.1860952    -0.02652208    0.04598123    -0.06975276    -0.03817062    0.01407236    -0.08642587    -0.09389979    0.0227204    0.1637211    -0.7652618    0.07725506    1    0.210168    -0.6410685    -0.01051941    -0.05203834    -0.08998248    0.02716933    0.102095
-0.03779789    0.0267326    -0.0009793452    -0.04536799    0.003877634    -0.01144002    0.01411818    -0.03934062    -0.04632147    0.02656286    0.1281455    -0.009126031    0.02887792    -0.125634    0.003018188    0.07424532    -0.105248    -0.03887333    0.1370287    -0.06162261    -0.2164396    -0.7808682    0.210168    1    -0.5415401    0.121524    -0.03017054    -0.1021074    0.1167619    -0.03562919
0.01498125    -0.01257761    0.0164058    0.0123655    -0.02687516    0.01634724    -0.07562327    0.04766085    0.05767631    -0.09268848    -0.04795744    0.04985198    -0.1117265    -0.06005435    0.03084064    -0.05939981    0.1961661    0.1568439    -0.1426721    -0.1827065    0.2527462    0.1179414    -0.6410685    -0.5415401    1    -0.08089636    0.1697895    0.1920214    -0.1304806    -0.1036965
0.03027137    -0.07594225    -0.07887391    0.05251878    0.0007411766    0.01421157    0.000680897    -0.1112993    0.01726778    0.006081348    0.01991444    0.005269836    0.04947341    0.02461337    -0.1041209    0.04325026    -0.02930048    -0.02668797    0.0474225    0.008476712    0.02865542    -0.1065096    -0.01051941    0.121524    -0.08089636    1    0.1817067    -0.7009072    -0.08989701    0.03300119
0.0106875    0.03021444    0.06129883    0.01880377    -0.08889695    -0.01806661    0.01665778    0.07801684    0.039663    -0.08631437    0.1074583    -0.1026451    -0.0700539    0.02517944    0.1417406    -0.07356055    0.02628922    0.03804649    -0.06294316    0.04007213    -0.1041927    -0.07048928    -0.05203834    -0.03017054    0.1697895    0.1817067    1    -0.3427951    -0.6935129    0.2865004
0.01018146    0.07844313    0.06021636    -0.01429509    -0.03457573    -0.009586036    0.01038732    0.1393243    0.01902485    -0.08713739    0.1011165    -0.06634488    -0.1323578    0.1110845    0.07040575    -0.004336082    0.01667656    -0.0008269844    -0.0605992    0.0318435    0.001926955    -0.0009832096    -0.08998248    -0.1021074    0.1920214    -0.7009072    -0.3427951    1    0.168816    -0.5352536
-0.02936846    -0.0445688    -0.02961888    0.005196732    0.05952935    0.04470444    -0.0417626    -0.03471983    0.01479776    -0.02663768    0.05026803    0.07283149    -0.03547954    0.05159788    -0.1091933    0.07610667    -0.07364815    -0.08219046    0.05985593    0.04319666    0.08896268    -0.05750843    0.02716933    0.1167619    -0.1304806    -0.08989701    -0.6935129    0.168816    1    -0.3929891
-0.004401969    -0.008437232    -0.02207534    -0.01783457    0.01823658    -0.02424171    -0.009840961    -0.06748378    -0.04997519    0.1212051    -0.1597488    0.05842964    0.1357337    -0.1677194    -0.004632641    -0.04028134    0.02991543    0.04246124    0.03056354    -0.0567737    -0.05682623    0.136834    0.102095    -0.03562919    -0.1036965    0.03300119    0.2865004    -0.5352536    -0.3929891    1
